5589 7391
4609 4172 22
2654 2698 60
878 4916 82
1671 5078 75
3064 2157 67
2589 4985 82
2490 5119 86
3853 368 57
1311 3015 75
601 5186 42
1888 5429 20
3203 1604 20
2854 609 92
5393 3526 15
3590 2841 32
3494 5410 28
2506 4993 50
3236 280 41
1753 5147 22
3375 2874 96
4521 384 95
3727 1220 78
3157 111 33
1210 2367 20
3272 2588 53
80 2809 84
670 2304 63
705 3378 99
1365 2751 19
3254 5382 91
4456 21 14
2660 5117 26
2293 1214 86
917 4360 49
960 5274 68
192 2627 54
5206 4588 31
2695 22 86
3906 3999 35
3454 4327 51
1672 757 70
2469 1051 85
4818 327 99
1075 112 40
1761 3225 91
1374 2477 40
3934 2122 81
4469 1890 80
5334 3158 74
5089 1463 34
2914 3888 24
4009 3510 33
5373 1451 76
4064 5090 45
2004 4219 84
1939 2465 100
2884 2770 36
2708 3437 47
2508 4340 40
2179 2405 19
3072 2056 68
936 4069 54
3262 4367 80
3816 2609 57
2679 1161 24
2365 1965 45
1606 3765 34
2411 890 43
70 99 96
1933 5002 22
4307 1387 64
4237 3370 30
2917 5305 82
5416 1120 53
5381 5460 68
2635 993 50
1753 1183 82
210 5004 17
3091 3978 87
410 3789 63
5097 3262 75
2415 3657 69
2256 3510 65
3038 5113 15
1678 3037 50
1978 676 53
3672 5241 89
4095 4969 31
992 4880 68
3351 3378 75
310 1542 57
409 2352 90
1931 2923 26
3580 3712 65
1002 1073 44
2398 219 53
2017 1033 85
2639 2390 62
906 14 78
216 2983 98
5179 4519 69
5082 473 31
4019 2882 22
742 5432 71
5290 3627 64
3414 1388 75
5193 2239 25
629 4876 44
2004 4582 37
227 2731 22
4039 4008 55
4597 2814 19
5317 3182 30
4776 796 37
4754 4824 81
519 1951 46
3608 4825 58
1164 1985 61
2764 642 75
2600 3561 14
3938 4943 40
449 4290 34
1926 4910 95
2289 3186 68
1455 3931 100
4674 5240 16
1139 5342 58
1134 2106 55
5548 5192 21
714 927 76
5346 402 96
1926 4685 42
4530 2244 45
3491 3337 67
4708 3815 22
3303 495 53
3714 38 62
5512 3659 99
4788 1631 27
2076 1697 30
5056 5051 66
2175 3044 10
4983 4093 67
2448 366 30
1880 4479 31
3553 5086 82
4635 2662 75
4163 3660 35
2200 5551 44
1575 771 50
3348 3735 45
3838 3684 40
2176 5224 47
2482 5284 73
4830 2956 84
4245 2317 64
4600 3421 30
4177 2390 48
2209 1618 67
2580 4339 67
5559 34 59
2820 5540 10
884 2578 40
3240 2133 19
2392 4542 43
984 4256 67
5458 23 17
473 5543 62
4750 4325 64
375 3552 37
2632 2947 64
1394 3543 21
3004 4610 16
1893 3826 71
1468 136 33
1881 5577 33
5517 3609 10
1185 2108 70
3900 2206 52
240 2547 94
3606 2632 53
1016 5444 77
1635 2125 10
3868 4366 89
3150 3230 36
3530 341 32
3533 4716 79
517 3343 20
4058 5407 78
2936 1325 25
325 4218 91
101 3432 100
2646 4881 77
4944 2430 28
1934 2030 92
2 3412 78
518 1186 10
763 4944 70
2323 545 83
1050 4854 42
2691 4562 56
1718 1988 93
4596 2699 21
5323 4406 44
1938 3552 59
4061 5120 79
2198 60 27
5403 1682 77
5021 5571 95
4008 2726 17
718 4148 78
3554 3486 18
5112 1156 93
567 4934 43
1460 916 39
4161 1894 55
2910 3564 44
4344 1164 42
3460 5521 82
2061 4302 10
2208 3936 62
2288 1960 100
4072 529 68
2881 1134 77
3019 3013 60
5260 1094 100
4935 4771 84
2253 1755 90
1766 1659 37
749 2140 76
3841 2826 16
4509 4242 58
770 4368 50
4695 4053 70
1828 451 71
1331 3193 55
3722 3331 86
2666 4430 87
284 1525 33
4970 4703 26
1163 26 93
580 1415 57
289 3498 89
3217 3128 49
1122 1198 39
3830 2536 85
4249 1728 77
2078 3730 93
972 5313 22
1306 656 92
1188 5577 45
2318 2429 80
3754 3840 57
2960 5240 51
3855 3485 91
3237 1389 36
802 4603 47
1625 1963 87
406 418 10
5187 3111 95
4736 3227 21
5459 4760 25
4251 4075 97
734 2283 24
1440 4307 94
5165 2045 62
2016 4794 75
5407 4120 70
937 2366 64
1996 2092 42
881 5136 69
3685 2819 58
5124 3131 76
3309 2039 11
634 3537 51
4625 560 38
4463 991 71
2526 3896 36
4911 5195 47
3174 1014 34
4039 5449 26
1819 1485 62
4147 883 92
1774 2575 82
4304 1040 31
824 3592 15
1086 1774 10
1390 4628 88
4520 1148 94
4371 3877 69
2237 2691 31
873 3626 52
5561 2798 42
1975 466 48
93 3629 47
3644 3186 69
4420 3910 35
1502 2678 40
2529 3320 88
3566 2837 48
5094 728 94
1495 18 76
2474 861 84
2957 4646 56
897 1082 15
2920 1587 60
1389 2870 10
2360 3399 85
857 761 64
805 1970 23
4792 988 52
3356 2312 87
4834 1549 95
4672 1330 74
5505 3543 51
2093 4844 89
3005 4825 65
1265 3278 49
257 1495 81
312 4884 92
4758 87 11
3553 3525 67
2407 547 73
4026 5062 61
4385 3973 93
2553 2623 64
5390 1092 15
2508 2356 94
517 3363 90
3931 2613 47
182 4121 88
1219 5466 57
4879 4396 59
748 4392 67
129 4220 18
2949 486 52
40 3372 45
2987 1341 66
3754 3930 24
2980 5300 25
3795 4053 63
4801 4652 23
4745 1001 90
2640 4682 61
807 4755 41
5580 3739 65
5168 3552 19
4051 5225 18
4110 4706 34
3908 2334 52
2830 671 41
1770 1878 76
100 3343 44
2679 4820 71
2646 4665 25
97 3207 78
1329 450 98
1037 1601 90
2266 3311 57
3934 2428 82
1688 3118 47
5110 715 63
3112 4488 11
2895 5065 90
3457 3798 62
1505 2240 35
1131 3839 93
5455 1084 38
1238 4411 26
1551 4678 63
455 695 72
922 1104 38
2925 227 39
4042 3668 35
2838 1084 41
994 1834 99
1086 338 23
703 4037 67
1138 2722 54
2267 1784 81
5081 524 68
1590 5456 77
4209 4921 37
223 4048 44
978 4039 31
1307 4174 12
519 3147 89
1719 912 21
2207 4209 87
2213 1514 65
2628 5135 56
2378 2354 70
4687 4417 34
2070 322 20
2634 1049 64
2242 3255 70
82 2049 47
110 391 54
2781 1468 70
1775 3633 98
4945 4387 57
1790 2273 95
856 3386 30
5529 3131 66
2554 3057 65
2661 4859 100
5357 1988 41
3420 3338 56
2140 4286 25
1074 308 30
5337 908 20
502 1427 94
5369 3832 50
2748 604 26
3698 2860 50
983 1307 80
245 3791 37
124 2490 18
2341 3354 62
946 2730 69
3625 1182 76
2480 90 36
1275 4820 44
1305 4884 66
3380 174 78
506 3702 48
2209 5176 88
1030 4265 20
3309 2474 23
2534 89 57
3441 4333 45
3921 4072 77
3098 4311 89
3130 1072 61
1902 4501 63
3361 4443 21
3071 4688 42
5119 2477 76
43 2329 77
833 1685 80
5017 4593 50
1597 3 43
2195 274 89
2120 1182 47
2629 3896 26
3476 5018 43
5122 849 23
2518 2638 43
82 5412 42
4480 4039 53
1162 4776 27
1729 3919 98
3866 928 36
717 4904 25
433 1289 99
2705 4118 23
1535 2636 79
1151 4603 31
86 1720 59
372 5254 86
3499 4395 100
4960 2242 69
658 4651 11
3324 1733 59
1564 5476 93
5536 493 82
339 3110 57
104 26 60
4882 3886 84
5051 5112 87
736 2055 97
4892 5204 75
1651 4882 91
3999 3462 91
3837 4950 35
3451 2512 25
4912 5207 42
4271 1893 24
4980 4520 64
2302 4122 73
1460 2235 19
114 3119 92
3752 724 70
2834 352 84
4000 2259 59
3394 2857 16
2346 2446 21
2914 1383 79
5072 3732 68
4069 2969 84
2900 5541 85
3656 3767 35
4697 4708 12
3095 1355 24
887 3400 63
1895 1943 49
3276 583 30
4878 1734 64
5058 4380 21
3712 203 89
1763 1971 52
573 933 22
480 120 37
3966 3859 12
243 2843 16
4639 4879 30
3668 510 25
1439 4861 89
1097 5476 67
4062 754 61
1947 4641 96
879 3433 58
3088 704 64
5206 1954 71
839 2794 27
1462 5576 83
2304 3825 84
5057 5150 83
3490 4340 18
780 1003 65
691 128 51
2034 4187 33
3049 411 74
2330 583 34
1351 1232 46
924 711 54
1671 203 51
2866 3427 74
4946 1213 34
1309 2725 53
2529 371 87
2071 4975 92
885 4135 17
4570 195 12
2702 1410 74
5358 4711 66
4377 3403 69
606 3364 89
4033 1498 79
5269 4800 38
3190 3107 89
1204 918 52
1633 258 84
2597 2436 50
4180 4617 74
335 672 40
3469 2592 87
719 2976 72
907 2764 48
2363 2024 20
486 3562 82
1495 2819 36
3032 3247 97
4440 5354 48
3078 5268 27
3123 3449 98
5068 1666 77
3657 4879 49
4033 2914 87
2931 1501 66
4056 1249 31
3946 5086 34
1144 1619 10
5552 155 54
4495 3059 24
866 2779 24
2007 1821 24
4253 5479 82
3976 1500 99
2106 3498 44
3572 5391 95
5312 4146 89
2511 5555 13
3168 232 50
2500 2392 96
703 6 75
4457 3446 38
2359 154 15
4428 2194 60
978 1352 79
4509 4243 67
4411 2581 56
733 3204 66
4115 228 54
2243 5312 73
2732 4856 48
37 3407 12
2102 4404 62
2478 1865 47
4000 4987 82
5402 2957 50
4937 4723 63
1773 1146 68
5275 236 60
4335 2195 68
1507 3493 66
2209 1464 85
690 1922 54
1358 785 80
850 1861 46
2756 3923 62
1659 3451 47
3106 3813 49
2295 3705 89
4227 3725 35
442 661 91
4803 2356 18
378 539 70
1494 4302 42
2887 34 95
909 4035 38
5558 3244 86
5318 2840 16
345 1671 15
4834 1749 16
2221 3460 64
4741 4239 42
2038 5081 14
4783 1322 29
2647 1262 98
2441 2185 76
2916 2979 50
399 1766 51
2511 3541 68
88 3883 89
1453 518 64
2724 428 73
4695 3687 55
2495 1785 85
3871 3467 100
862 446 44
4831 2580 19
1452 4523 90
3517 1966 37
4770 1119 11
5154 2175 60
1756 592 46
4292 4508 33
1935 5180 78
4118 1328 41
3844 2929 17
2691 5050 19
5322 2119 20
3455 3123 16
3724 2753 59
248 4801 75
1360 2939 18
2163 3081 62
1267 1872 100
5149 384 54
3056 5148 36
1022 5115 55
5373 4677 13
2061 1586 94
929 4935 95
5016 5548 28
5336 1955 45
3434 1487 86
527 2144 68
4487 408 38
2293 5059 86
1404 2707 29
4768 184 73
3986 4995 53
2381 4266 85
493 1771 11
833 465 29
4912 4463 79
2818 4785 60
3863 2256 98
4906 4929 73
5167 1754 46
1672 123 66
5179 2578 78
2721 611 11
2064 4877 55
3830 4083 68
5008 1398 37
5531 3687 50
2898 1305 65
366 3753 11
5376 1493 15
4652 4320 32
5037 2215 96
3832 3643 83
1705 3734 41
1399 50 87
4016 3653 68
4839 2407 10
1125 2951 11
579 3128 79
2585 3913 71
1414 5415 22
302 5401 48
952 1564 51
4367 4184 29
820 1414 55
5255 5505 43
2604 3193 46
1075 4181 90
1840 4133 61
3897 5147 91
4514 3148 60
422 2164 22
3294 1189 67
3080 4422 33
4523 4025 98
1461 2985 97
890 364 63
419 1688 41
2010 2265 73
4584 843 39
691 4645 26
1681 5314 47
4650 1375 95
3900 2294 70
5295 2103 92
4574 1264 96
3794 2645 39
2425 571 76
5285 2182 85
416 1722 97
5244 3844 45
2524 294 31
140 5130 89
2170 4609 60
3851 5252 96
2142 4985 73
5437 2774 82
5410 3025 60
662 3277 52
5130 4929 73
1873 2223 100
3965 4456 30
541 1655 25
390 2386 100
564 5101 78
5456 429 25
3598 2511 13
3507 4453 22
3668 2569 12
2861 280 93
1610 2365 21
3442 784 76
253 2833 53
2887 4025 35
4064 3200 57
3625 2867 64
744 4511 43
3524 678 38
5535 1302 68
4246 475 49
3679 3470 44
3308 5425 87
4425 2503 49
976 1948 47
1946 4182 28
2464 3297 96
1945 4081 65
2293 4958 43
122 2329 35
2258 4452 93
5170 158 86
5170 5296 64
689 4118 26
3324 2018 82
2348 1119 70
2024 931 97
1951 307 59
796 1645 52
2939 2631 34
394 2721 49
5415 3308 48
5001 3015 52
2109 2306 81
1704 5023 31
211 355 11
5108 3807 87
773 4664 76
4589 4817 77
1233 949 91
1133 3777 81
5046 245 52
3024 188 36
5399 1361 30
3962 3992 78
3062 4334 48
2777 5464 93
5195 1576 99
5484 4467 13
2029 2151 24
4521 5157 42
1404 627 85
1459 715 94
1642 1930 49
4236 5154 34
4755 5032 70
2822 628 24
1135 863 69
3847 5545 59
4747 3101 77
4427 2487 74
2305 451 88
3601 5477 40
941 333 87
2452 3227 98
2029 3884 37
3647 5073 46
1609 4779 90
4571 434 43
4370 3861 57
3554 1648 17
4203 2541 66
3010 5106 12
362 5242 43
4426 3066 29
2417 4855 16
1739 3286 82
767 4311 81
4766 1751 76
484 2311 71
4167 5283 63
1641 4702 72
1738 2650 28
2798 3803 96
2275 1252 28
2671 2738 11
1960 3635 61
729 1187 96
3406 588 32
2486 3027 93
193 4608 31
5240 5238 20
3784 3789 59
2021 651 80
3950 589 98
470 3869 10
4817 3078 66
3074 433 17
1621 3003 37
2767 3948 15
2103 3628 57
5056 700 84
5098 2180 24
4003 4739 36
5324 3981 76
569 5172 43
3727 142 58
2435 3478 40
1336 4707 47
5011 1273 23
3160 649 44
256 988 36
3728 674 83
1678 3503 20
1127 2759 69
1424 2578 99
757 89 99
4638 4993 20
1394 1263 41
5130 2371 15
2756 4648 60
4404 4582 34
1859 5248 70
2061 1998 26
4581 124 69
4047 1909 77
2748 788 55
3019 4436 39
2063 2678 63
3702 579 59
1383 2122 33
3903 5351 28
2382 803 85
179 4206 59
2506 4730 76
4995 2176 88
3324 5387 13
4725 4861 93
1227 478 57
3012 5470 73
1251 2393 72
3456 3310 89
3632 884 83
3003 4593 40
4338 692 39
1984 4968 50
3501 4723 28
2586 1956 48
3743 2131 39
4905 4621 69
1899 76 97
119 327 32
5462 2036 77
157 1837 74
1446 1256 41
1470 904 48
2964 45 75
2090 5062 25
4302 3049 16
4610 1491 50
1612 1101 63
1923 4684 34
3708 787 90
3722 4115 41
3439 3450 10
3100 4452 76
1066 223 29
2212 5472 92
1987 2635 50
2584 2387 72
2296 2069 55
382 131 76
5192 4467 58
3725 3078 85
4628 2628 90
913 163 93
5303 1466 10
332 1708 97
3268 601 32
967 4020 64
4715 19 32
5064 736 46
97 1958 60
1747 322 17
2849 4164 100
152 825 55
4417 4858 31
3744 1418 12
1791 4302 87
3583 3408 62
5256 3125 27
3532 4639 71
3807 1992 56
2727 3852 56
213 2306 50
2698 2477 94
1495 5332 76
2988 584 92
186 2895 88
1952 1645 28
3113 4954 70
2679 1257 37
3446 973 94
2427 1849 83
2740 3921 36
1706 5503 28
4496 3280 65
3990 2428 97
1267 3965 59
168 466 24
3836 2598 79
4173 2304 77
5261 179 31
242 4974 24
2261 4955 77
3487 3488 55
5468 455 39
365 1765 29
323 3963 91
5352 3994 31
3892 572 73
4315 2274 90
1899 458 37
3978 5519 87
1613 4899 47
1209 286 91
1211 553 67
3200 3840 26
4774 785 83
1252 3935 95
253 5149 79
5048 1191 89
3244 1240 65
3067 217 75
3587 5560 19
583 2034 11
2310 3987 40
2312 3222 77
5101 5345 74
3024 662 39
983 2778 66
114 2905 91
2967 508 43
2572 1916 75
3081 5045 20
4594 4013 72
2268 3583 65
3895 445 64
522 3170 71
2996 4212 68
2660 738 41
2812 1821 81
64 351 21
4273 3953 98
601 4912 55
3952 505 80
4303 1749 70
1707 5499 95
4232 225 41
5137 2597 39
1711 3715 66
486 1334 32
1857 5445 72
1764 290 60
4229 3168 32
2756 638 40
588 2758 33
723 2936 15
4371 1654 24
3724 4076 72
1365 4324 20
5463 5197 82
4059 169 14
4844 4714 38
5100 4004 23
1879 5461 92
4849 5524 74
2779 720 50
1071 3867 80
1715 955 89
1620 828 98
1856 4657 14
4335 1815 49
1692 1918 77
5090 3297 42
1935 5141 97
256 2133 60
3555 1392 16
833 1784 19
2725 2571 72
4253 4018 72
5283 4247 20
3236 4455 51
2815 5466 38
3227 3266 76
2744 2813 94
11 1394 66
5200 4859 30
1315 670 75
375 4244 51
5493 4375 55
3479 1453 31
4828 1319 19
2939 3958 54
70 2207 49
3675 2918 49
2559 3333 77
2032 3783 70
3493 1750 20
3100 47 34
2195 2730 56
3168 2374 74
210 2232 42
548 3449 43
161 2200 68
4394 94 22
4303 1766 77
1109 4810 79
219 3503 62
4910 1697 31
3091 1414 54
2689 5396 81
1985 3047 87
2221 2161 98
1408 5034 76
3512 5011 16
5375 575 65
2990 1623 85
3832 933 10
281 1650 13
1453 105 39
354 4146 25
3585 5285 59
2113 1912 75
2116 2287 27
1229 3510 13
4262 172 42
444 4219 66
1921 3146 58
937 5338 95
4092 911 94
1288 4449 40
3510 4642 96
4414 4071 25
4472 4782 78
2748 3643 20
1601 3210 85
4337 4332 99
1323 4373 86
4501 272 78
3487 68 30
2737 3424 47
1429 5423 20
1824 1593 42
4814 1432 75
4270 694 100
2120 3841 88
1019 766 51
4639 4969 23
3518 2025 76
1527 4772 36
5431 4837 33
623 4431 43
4233 1879 94
974 2786 83
3187 542 67
41 226 48
5304 1765 26
3308 205 96
638 4184 30
1607 2856 40
4385 1009 35
2849 4063 78
5572 2220 70
5219 4039 58
473 302 84
2246 3276 95
2636 2219 11
4380 3008 10
2032 3958 31
1258 4546 70
5432 1572 46
1374 5586 49
635 4508 17
4224 2846 57
4466 679 60
5218 3397 33
262 893 65
1744 2801 62
4029 3025 50
4281 5419 43
486 5044 36
1314 2577 62
2835 2581 95
3521 3053 42
3173 2230 53
2729 5516 92
1725 3848 10
4189 2039 95
2828 1019 44
5422 2310 66
2419 4456 29
3466 1433 99
1496 3222 85
2612 4615 42
876 4127 27
1695 2519 65
3561 2814 48
5111 882 20
1004 2246 41
1749 3509 49
675 4361 77
1316 5443 66
2316 370 14
536 3726 57
2142 3604 87
2690 319 23
1434 3418 81
4885 2796 84
4723 609 60
5558 2906 100
745 4764 82
1950 3823 75
4584 738 22
4257 2110 74
1943 1669 96
640 3857 26
5555 147 65
1111 3973 19
4349 5062 95
655 4614 80
5493 819 71
10 1881 10
2932 2780 30
4046 2654 61
4956 4088 83
5420 1610 96
2785 1716 77
2852 4761 98
4762 2073 45
982 370 39
399 5518 87
2507 1056 28
1454 4400 34
1601 2661 90
5163 257 47
1507 1866 97
3717 3254 15
2413 5395 34
839 2347 95
1136 777 15
4425 4850 98
4393 5298 51
354 2843 92
3222 4692 39
3930 3043 99
3090 96 60
3478 847 90
3145 5568 78
4762 3317 11
1043 1608 45
5182 868 52
4344 3332 54
5147 290 34
4902 3287 68
3458 2486 10
2572 5320 10
3397 481 73
882 4462 20
4849 1505 88
3160 4683 10
476 3651 73
3211 1319 23
4486 3249 37
4009 495 67
4899 2447 33
3884 755 70
1584 2450 22
1394 4564 57
2340 2463 78
1247 4805 43
2124 2238 57
2826 4417 100
2044 1656 68
1133 895 44
3861 2199 84
2558 3507 31
2127 708 90
3383 1037 49
4389 4333 67
21 3013 33
5082 1142 31
3413 4671 13
3380 916 55
587 808 13
2201 1768 85
1651 1344 15
4453 924 84
5546 3072 72
5438 155 73
5479 403 95
5373 2862 91
3797 3725 29
787 2334 58
2598 1370 31
5305 4385 71
3301 4386 36
2905 2777 61
44 3610 44
1327 3159 44
2736 212 57
152 5478 57
1828 4624 18
9 1816 63
1528 3020 58
326 4991 66
5198 171 28
459 2056 35
4015 648 30
2140 236 64
417 2888 57
900 286 88
3976 4614 48
1633 4157 38
562 283 46
3659 505 32
2562 3887 63
1993 816 91
1353 5535 51
2478 4546 41
3698 3309 68
1275 847 99
1263 4061 70
29 570 82
5503 936 67
2722 3982 60
1823 3093 65
5002 5182 62
4665 1415 91
2776 484 56
2964 749 25
4995 1857 66
4115 4961 85
4810 2503 37
3617 4264 52
5031 1002 39
674 3444 10
4391 5314 78
4580 4443 81
5222 1757 76
3959 3509 10
1176 619 11
213 3082 27
4045 5207 36
1422 4877 35
2176 3671 90
3322 4877 76
4172 165 25
1491 2495 29
2678 614 97
314 1248 36
3699 4029 51
568 3201 37
74 5251 38
5505 3031 80
3111 811 89
3394 973 97
1671 2424 51
5296 1659 48
2040 2168 47
1138 5349 21
3184 4978 97
5253 4138 33
1365 3575 31
1630 5125 61
1789 5378 88
1804 3902 77
396 4197 77
166 3978 49
4559 4996 81
1751 1983 39
1155 859 13
5276 1579 69
4939 18 31
2225 4782 55
1026 4256 77
4708 1765 35
2421 5130 28
2354 5131 78
732 831 91
180 5420 99
2810 1207 22
4395 3534 73
339 4350 18
3319 1397 95
238 3558 94
4959 564 36
1612 2574 57
2596 32 37
520 2490 42
2701 2614 70
5395 2630 38
3823 4640 24
3928 4113 22
3487 3567 18
1896 5574 58
4242 4838 79
4277 26 37
4147 2857 66
1656 4369 57
345 4170 22
5441 193 77
2829 1887 71
5157 3690 39
1315 5223 57
2770 603 82
3114 4714 85
4740 2218 47
1062 3138 36
2682 606 44
3971 4045 29
5264 2277 32
5341 1523 80
1339 2296 69
2729 1920 94
2823 4979 35
2996 3990 97
3723 3757 67
4491 211 46
4486 380 39
2657 2114 67
881 210 75
5310 659 76
4022 4573 79
991 2951 56
4947 3723 79
230 1007 65
398 4920 90
274 857 61
2173 3978 74
4549 1687 64
4879 1068 29
5258 414 48
773 3912 99
5318 670 15
3912 4317 88
3383 5330 72
1622 795 97
2377 3045 38
2651 476 63
2890 361 86
1988 3114 58
1864 3351 82
2708 3475 33
4415 5290 72
2736 3243 94
2330 4042 50
623 587 81
1023 1057 37
411 142 77
1793 3928 41
3617 2910 17
3674 87 14
3392 1438 53
1173 2221 59
2713 4459 75
2848 1554 68
4531 5048 86
4679 1603 59
508 1969 18
5384 2553 67
1645 1187 47
3232 1536 48
4114 128 47
388 3645 24
1519 2931 74
5458 4294 32
4482 5340 96
1600 2972 34
3283 1189 67
939 1143 40
5167 2630 55
3403 3276 77
4703 1869 54
765 913 25
1474 456 48
4722 403 36
1860 4916 52
4330 4233 20
2769 4529 75
2978 3653 83
3704 2173 39
4705 1721 65
955 4285 51
1412 931 15
2173 4473 86
1682 3066 90
1147 591 74
576 1235 79
1706 414 61
89 5570 38
1679 3472 58
2786 3799 24
599 4819 31
584 3204 15
2121 3125 99
3233 3661 20
2535 1167 51
3801 1628 73
4234 516 51
4441 3934 62
2013 5435 86
700 3907 54
5089 5409 86
3698 1799 48
3889 4218 30
2726 5198 13
4331 3931 27
3521 1898 24
4821 3150 68
1465 794 17
383 3253 64
2351 1420 74
290 831 56
960 3053 64
2190 5129 54
339 1931 75
4772 5046 50
3202 2339 75
228 1209 87
4382 2491 22
5436 766 74
4128 2332 64
713 2321 19
1316 4136 14
1484 2023 41
2299 278 38
2025 4144 11
3806 3118 26
4282 2834 83
3164 2389 16
1917 1675 75
1885 301 30
3319 1256 39
3356 4925 100
1780 215 18
518 2378 82
612 3034 56
2402 784 41
181 4639 78
3097 3028 68
1997 2061 34
2091 4408 95
2593 899 78
4593 1944 81
5249 1103 75
5317 4084 13
1191 4306 33
4644 766 48
5185 2118 30
760 1914 11
3859 2948 38
2296 1992 23
5057 4455 65
1523 4148 66
3536 3238 57
2340 444 57
2228 513 18
5020 2764 21
2721 2044 36
1572 1070 87
145 3091 63
5156 3807 86
1986 2224 87
3686 933 79
1675 828 29
4225 3247 76
5428 4130 29
1832 1533 35
5388 872 41
5357 3755 82
667 501 22
56 3726 10
995 616 91
3673 402 73
1656 943 64
1678 4041 94
4796 3308 49
3410 1901 62
1500 783 64
3035 2676 73
2155 407 74
4292 1788 79
1696 5588 51
3927 4463 90
2720 3983 64
3536 2667 65
2933 3995 67
3947 2101 94
3226 5125 68
5165 2887 55
4201 782 22
2659 1292 39
1158 3036 40
3251 1723 31
4532 1364 93
4815 2154 82
2072 2482 89
3182 4780 80
4190 1670 77
3085 5249 20
2213 2462 79
4718 3562 35
508 2482 18
5001 1486 100
3878 114 52
2034 2922 96
5156 4315 11
4603 882 30
5086 4773 24
4551 476 100
1189 3680 95
5432 2980 86
2299 956 49
3402 2795 91
2515 2409 34
2298 3055 66
1468 5431 67
1192 288 13
3859 3310 36
307 5276 52
3815 2232 82
3782 226 14
4570 3222 50
3861 407 80
339 4236 28
2567 587 12
3100 3479 91
1532 4751 34
5409 244 85
3235 3030 23
5548 5251 79
2090 3107 68
2526 5577 66
4270 2932 35
1206 36 54
1829 1470 100
1033 1340 85
729 2559 63
2653 625 86
2271 5418 13
409 2796 19
5285 2308 64
3412 4464 64
1664 2857 88
1272 489 67
5571 1377 49
38 2654 13
2016 2018 62
851 1475 36
1337 3216 61
4605 4647 90
1018 1004 17
3619 4283 98
1400 2547 83
861 5249 42
3450 4250 16
1303 4357 57
4780 2581 89
3601 527 61
2049 2961 69
10 2510 86
5090 1063 48
4089 3869 15
2722 4501 80
3364 4768 25
5324 1365 22
2677 5519 86
3576 932 92
4328 5323 45
2604 4098 19
5348 4164 46
2443 2638 43
3621 4280 90
3867 3505 43
1666 1334 87
2925 4653 77
1840 1520 73
344 707 87
5427 1132 66
2156 3697 56
1236 4276 96
809 4061 33
3005 1634 94
5249 5119 73
4381 4170 22
5502 534 83
80 4313 52
2941 3099 36
2381 640 32
485 1072 25
445 3506 65
5417 2274 11
4084 449 30
545 2722 11
4242 3245 45
465 3072 83
4245 492 48
5237 4566 58
2171 4609 61
5134 4041 14
1362 4667 50
3508 2965 95
3066 251 35
4310 424 78
1910 5078 48
3921 1254 65
2656 1800 63
2324 798 30
2083 1890 10
4678 4486 69
703 2106 85
1302 4118 57
2074 2243 86
4662 5441 29
3210 4968 98
2880 2286 96
4779 2312 12
1482 4371 20
4874 4104 18
5157 1851 10
1888 947 41
252 1350 98
1376 3772 19
635 366 38
4854 4181 67
5512 3786 35
3334 3430 76
3431 1270 67
5583 3444 10
248 4519 32
5478 4119 83
3503 729 49
5424 477 91
4221 2925 11
1464 921 84
1592 591 86
1679 3429 73
3724 5438 44
74 4262 93
528 5142 14
4630 1882 10
3316 4187 70
3724 956 25
2899 1775 96
1137 4258 81
3979 325 87
3147 5528 11
1675 5053 46
2743 881 92
609 2320 91
3464 5174 68
52 3827 17
3615 3174 70
997 4358 86
3924 2518 76
2292 835 70
3272 2865 24
4047 4644 72
3785 812 77
5338 3680 86
3656 5169 46
5386 3327 18
1423 936 83
3623 683 11
3121 4625 93
1813 3159 37
1645 1037 29
2681 3218 49
11 3672 82
663 1345 44
4000 5343 25
5143 4542 38
3041 1058 75
393 3804 73
3960 4438 95
1513 5248 81
4497 2542 68
4746 3471 65
3477 5496 23
5164 1442 33
501 1194 32
3666 4386 95
2886 1275 47
3782 463 20
1680 3709 25
1510 4402 68
3798 3273 49
956 1061 55
645 3385 98
3418 217 89
4423 1824 27
430 2696 97
2227 649 71
4608 147 51
4175 1836 54
3212 2105 88
5088 4895 44
3216 1856 62
289 450 57
2179 4009 13
5585 1899 39
3682 354 98
3209 497 97
2320 3337 29
3675 2558 59
5543 1066 25
4247 3480 46
542 4264 91
113 2046 17
4070 486 81
4963 587 93
3952 971 100
1792 3018 100
1240 2226 92
2699 3787 83
3484 2634 72
2875 1837 37
3608 4675 41
5374 4257 29
4740 2596 88
711 3237 70
542 952 89
2141 3755 59
1013 5439 27
2537 3513 58
4158 1853 62
3504 3029 12
3197 1759 91
3766 718 76
4303 578 63
345 2515 35
3383 990 24
2238 3047 35
1546 2233 64
1277 3897 23
1267 4312 23
3586 1008 21
385 4002 15
401 4083 99
2398 4160 48
1508 242 97
512 3880 16
3736 4040 27
1577 186 50
5507 1986 71
1102 1528 21
3133 2842 67
2934 5033 47
4411 2682 84
1851 189 50
2823 70 43
1199 713 28
4109 3608 91
3560 4548 17
4250 3845 17
683 3785 83
4896 2520 44
3381 1138 83
3943 5059 69
1133 1270 94
1431 1252 21
222 2778 71
610 1660 41
2974 1067 80
2346 4932 29
3315 534 31
1840 3853 48
869 4487 87
4804 5114 20
3549 5409 88
5150 3497 91
2917 3564 29
597 434 21
3138 5084 27
2555 1295 19
3494 3586 68
1242 4278 65
5302 1081 97
2768 706 11
3277 4604 65
1962 1545 95
1993 2914 47
2279 4695 37
304 2445 62
3313 1532 66
4091 5242 67
161 4140 79
3420 1523 54
5581 252 72
1503 156 83
920 2584 11
4096 599 20
2614 4815 30
5420 4068 74
2888 2835 40
4115 1848 61
3190 2015 23
3606 722 59
4927 1013 27
1442 1111 79
4329 399 93
3402 3141 96
4163 5064 27
3827 1598 95
1591 3596 84
1128 117 85
3385 2870 83
2904 5134 70
3436 1704 85
4501 4123 26
2347 948 32
989 1609 76
5563 1193 46
2014 2220 53
2401 182 17
2793 710 80
103 4768 75
4625 2156 66
2323 280 43
1649 1207 64
5168 3916 98
1006 3754 60
1448 1028 31
5234 2045 74
910 1243 10
857 1718 64
3447 2079 99
4546 1453 57
4306 1000 79
1509 3165 41
5225 471 56
434 62 96
108 1636 85
1570 822 64
1647 875 44
1514 3645 87
2295 379 84
5482 4622 97
1155 3432 36
412 4238 90
1633 1935 55
3824 2719 49
5307 124 21
3847 4289 40
2131 1507 88
453 1575 56
1523 1490 11
4175 168 32
4179 3582 72
1814 1214 44
4519 3914 59
312 3956 67
627 3516 61
2266 4902 84
2521 5240 10
5062 4093 58
5145 1203 29
1988 3101 28
2406 30 50
5180 538 50
2617 626 93
889 4091 39
4885 3001 68
4786 1095 67
1738 875 20
1333 4083 72
3093 987 22
3589 1826 80
1303 2754 46
5499 3721 62
516 2067 18
4653 575 49
4488 3787 42
4107 2676 30
312 4274 79
3186 89 86
1956 1398 71
510 5196 36
535 2285 95
3434 4762 72
3120 5428 38
2387 5119 15
20 5414 79
8 3020 13
564 1303 64
5 3872 78
4324 2574 93
1480 3475 55
4754 5495 90
2027 2899 99
1956 2006 70
527 3819 39
1524 4228 30
3406 519 34
488 4299 75
5048 2797 62
4364 126 88
5325 3355 38
4813 4725 70
292 2202 46
3418 2464 69
3654 4082 12
1495 174 99
386 5475 31
1874 3883 45
1177 3123 37
2522 2872 26
3475 1894 98
5475 4939 85
4813 5553 13
4778 4252 100
2309 5262 35
1126 2412 81
1966 2841 62
755 3210 11
2542 5463 38
1875 3512 25
3478 1958 39
2975 3413 21
141 5090 95
330 4040 17
4403 4131 58
1204 3403 85
979 3171 38
4249 4573 100
4203 2171 28
3273 2154 72
4932 445 53
1010 393 13
256 1405 64
3055 3914 58
3176 689 41
4833 4965 47
4732 2613 33
4166 5369 27
1621 1893 49
3427 4427 86
4150 5273 67
33 5273 11
2220 951 95
4605 3744 96
2750 3229 67
4706 4554 12
3329 2742 34
4364 3247 63
311 2343 88
3129 1197 100
4920 3787 77
898 5524 86
5075 4977 60
1305 61 72
1516 1370 10
1508 1902 92
2626 2185 21
1860 4942 23
3033 4760 86
214 4557 33
3564 2814 62
2919 3007 31
2687 4817 99
5492 3062 31
4336 5438 47
4133 661 76
4734 306 75
5376 4259 89
4748 1488 52
1544 1837 83
2396 4069 82
4760 3657 30
4325 5388 73
1278 2700 70
5023 4556 49
1932 3220 89
730 4930 62
996 4961 28
4556 3777 81
130 2156 56
2365 1521 45
1898 1521 36
5455 4676 82
3681 79 10
4594 4708 20
5119 2535 72
2195 2259 96
2901 198 92
4267 248 81
4611 1709 22
2549 4572 91
5480 5482 32
3040 2940 63
5487 3973 69
3954 1470 33
5076 1188 33
1124 3886 84
906 662 63
5133 3108 79
1229 943 28
668 2511 14
5156 3332 78
4328 835 65
4137 2406 27
1685 3799 35
378 4073 30
1780 3851 92
5466 3951 55
5342 3550 33
2661 3614 48
3540 551 31
5574 2877 19
900 3095 90
4249 2072 23
1599 5564 30
4922 3583 40
3040 427 59
3431 4071 18
4737 3952 40
3312 4758 79
1824 1578 86
443 3997 77
484 1140 87
3875 4495 55
3452 3237 74
3378 2557 39
3917 348 46
2142 5296 68
4383 280 100
2977 4994 69
4780 525 37
2922 1153 58
267 1508 18
1540 2296 44
205 3136 68
2172 4689 15
4541 4607 48
5043 1366 81
925 3140 93
2148 2289 48
5275 4691 73
1471 209 29
4283 1812 28
409 5415 41
5024 5582 22
4303 2680 47
1310 1787 26
443 3093 90
4984 5046 90
1417 4445 20
4841 5578 89
3887 1212 29
833 2574 57
1715 1505 17
1366 2449 40
1881 1823 93
1290 4681 30
2510 4358 38
1472 2620 88
3966 3196 82
3424 5466 52
761 3948 31
2695 5103 98
1878 520 80
3022 2604 34
4131 727 29
3906 2964 85
788 2110 73
3473 3846 93
2109 4107 32
2466 2562 15
671 4459 29
254 467 29
4988 2180 58
246 3511 91
4952 5148 62
691 5051 71
2005 4465 83
3607 3044 73
5520 345 42
4915 3353 72
3991 3741 96
3481 5185 55
4472 1991 48
4086 3576 90
2185 241 76
5115 3678 51
1693 2722 69
5523 1425 10
3694 1691 56
3802 707 32
4359 5517 43
5032 2895 38
1642 4319 58
4528 1323 20
465 1467 96
3141 4039 48
1301 3696 24
4430 2260 63
3044 1359 92
821 1505 29
5418 4295 92
578 2264 23
3291 1841 69
792 1118 29
4832 5179 30
3644 4506 86
4613 3551 22
1432 2684 85
3003 5480 52
3309 1662 29
1783 4049 89
4507 4126 45
1625 4701 13
5154 5267 16
1623 3875 99
3327 2993 22
4190 1719 34
2088 1883 70
4736 565 51
1614 3901 18
1563 152 28
2732 4040 39
4446 1100 45
1831 983 55
3644 3367 92
4287 917 16
1417 3974 92
2399 3172 55
5552 5554 24
5563 255 78
1049 1986 43
5440 2016 52
5309 3280 61
3417 4836 37
1715 5551 43
3374 3972 88
113 1615 43
1017 1791 62
2781 3873 64
3509 3500 78
5540 2109 21
5331 287 22
511 1867 91
3588 1964 27
2153 4843 69
4888 864 67
1769 331 25
423 3221 76
2727 5261 96
5293 5114 36
4583 3694 38
3383 2468 40
1676 1985 98
2624 1040 52
2946 4777 84
3167 2112 96
1871 4570 76
3294 5016 90
1419 5198 20
566 2200 97
5164 83 28
4988 3753 91
2602 1922 54
3330 4534 72
2583 2931 67
4245 1528 11
4703 3965 27
2981 958 52
4428 3671 14
1056 2667 15
3102 2724 12
3509 131 57
3170 2626 29
256 3462 17
3108 4852 74
5430 2737 50
2628 5252 30
1015 1330 19
1960 1548 82
1237 1117 86
3693 3438 72
3753 934 54
933 127 11
2655 1291 21
2025 490 93
2558 3614 36
1817 4898 54
2728 2286 14
1140 5440 31
1602 3713 99
2696 4238 84
1952 3884 56
407 1000 60
4389 2510 80
2473 1985 36
4242 5453 43
4321 4850 96
4552 4548 11
3430 5174 18
2878 4031 26
2372 3898 46
1683 4542 60
4383 3068 25
3490 4011 77
4231 2341 85
481 1187 63
3701 2016 92
92 354 97
2294 3189 11
2654 802 35
2709 218 66
1629 5442 85
4066 3886 36
2296 1081 79
859 5508 64
3904 5171 31
4785 5491 91
2835 97 64
4821 747 37
4854 4398 79
5146 3688 56
4645 909 49
2424 1205 96
3710 4002 41
2263 1493 95
3541 1623 91
3933 5123 35
478 5538 76
2679 4020 42
2769 3802 95
2096 4152 12
792 2779 63
2639 1651 99
5208 3044 48
820 3449 51
1031 4482 58
1489 4258 55
4283 4381 21
5586 667 52
2098 4202 65
140 128 39
1302 4684 66
5186 1620 16
5319 453 51
498 1863 31
4836 2234 76
4302 2771 96
5140 2900 77
4001 2480 72
4701 1358 77
3870 3510 90
2941 4300 74
4789 1987 48
4658 2488 82
670 3208 39
1310 5559 39
4645 538 42
2495 113 43
4973 3648 61
4042 2935 72
2393 4169 66
2868 1999 90
134 1157 68
5354 4692 12
446 4980 28
2694 2524 76
3115 1957 81
5078 4317 26
216 1498 99
2620 3046 53
4219 4296 76
5031 1308 39
4729 1158 86
5094 5179 19
1921 1586 87
2494 4765 56
4902 1186 41
958 1466 50
3183 4714 14
5410 2562 80
4052 2352 98
1037 1124 44
2287 2913 19
479 2552 18
179 754 22
2253 2360 20
616 2289 94
4091 2491 16
4735 1435 27
4694 882 49
4082 680 44
2474 2163 10
5171 5217 38
1150 2673 44
3298 18 79
2060 5228 46
2479 4773 98
978 3156 38
1837 4372 95
4209 4991 54
4361 4527 81
5061 180 96
3737 3033 39
413 4313 85
2631 4964 73
1497 75 44
559 3562 52
1734 1395 62
5156 1598 77
592 3729 86
3879 3045 45
3958 4364 56
1628 3701 79
4991 1686 19
3136 3262 14
586 156 11
5395 3079 98
4194 5211 41
2214 3215 35
5249 2787 21
4452 4455 15
604 5284 75
2640 1401 54
43 1437 63
935 5060 48
720 3917 88
4353 2295 47
4837 4697 53
819 1537 94
2851 1970 93
896 1811 14
5243 1122 41
4539 2907 98
1014 4605 14
1092 2611 48
3626 3199 47
4237 4081 74
1041 1467 67
4662 1747 38
4665 3276 28
4390 1703 35
1995 1605 43
3618 1393 81
3469 3066 68
3895 1352 97
1608 4144 45
2005 4923 20
4830 2668 95
1838 3527 50
5424 1158 27
2930 3524 81
2090 2915 92
1033 719 71
2924 4997 60
4889 1167 90
2898 2976 78
4658 2994 96
1765 573 87
4174 4042 57
723 11 58
4869 4599 22
1232 4354 98
2241 3913 83
666 3792 38
2538 5034 30
1023 4882 46
4610 5141 72
52 256 73
3995 3306 37
4438 3548 89
2902 3683 60
3432 2718 13
5562 2216 42
5330 3710 82
4518 622 34
5160 4051 63
1487 508 73
133 1472 21
393 1699 75
2720 3770 87
3409 966 79
2657 887 99
3631 5237 32
3015 2724 92
3644 3489 85
4819 3929 86
2788 4019 42
2829 2190 48
3254 169 84
967 4371 79
1398 3780 56
2497 3023 93
4071 1187 90
4217 4609 43
1576 1870 27
2577 5080 23
3762 1764 36
3969 5302 86
1611 4250 53
2131 3811 10
2871 2256 66
4771 924 73
4725 1083 86
1881 2316 77
3221 1713 77
4452 5446 57
5320 2457 17
2881 3341 74
2605 1206 82
3539 99 39
651 4928 69
4198 3741 96
3587 3955 91
3755 4509 77
99 477 26
2537 4131 83
4506 2792 54
2343 2471 37
4053 3815 63
4332 4719 66
1572 2045 75
441 2969 62
822 3151 44
1081 2236 47
5564 1809 33
2360 4744 37
3610 3950 18
4230 5191 55
1475 2246 26
3437 1994 65
294 522 91
4638 3171 54
3681 3631 98
2139 1134 49
2698 3004 11
4918 952 40
2594 3523 19
4418 3891 71
2647 4358 61
1187 3083 72
834 4611 51
4835 2517 86
4947 3620 33
1676 3228 80
967 2417 93
2137 3671 16
5498 1169 80
4144 1214 11
3631 2876 20
1354 3103 65
734 3477 73
4514 4339 47
3189 5267 65
4689 1802 34
1538 2362 10
3180 3359 66
3175 1922 39
527 2315 30
3435 144 17
2482 3509 36
1455 3753 12
8 1677 76
4979 3900 67
3430 4167 42
3884 958 55
4682 2080 31
1911 313 57
3631 2516 61
2409 479 62
3178 638 12
4020 291 64
665 3766 82
4596 4616 83
2616 3056 21
2263 1087 83
1778 2542 20
456 1503 76
2146 1211 33
4882 3346 66
3835 3511 41
857 4474 78
3900 4503 49
1361 134 78
2378 2394 14
3544 5449 79
2765 2340 32
3818 3831 60
981 3475 16
4223 2439 97
2636 97 94
4743 379 92
4988 1407 63
937 1623 77
468 3588 15
2711 3945 43
3505 1743 80
565 3756 47
2217 3492 57
3834 5095 47
361 2789 51
4503 1685 25
67 2636 59
4620 1929 89
5265 1630 82
5029 3411 26
3736 235 25
2878 748 47
4987 217 24
4236 4801 37
3329 2772 89
1259 600 44
1099 779 60
950 3539 91
2159 4945 70
4705 3512 67
3169 3261 68
5520 4907 66
1547 2388 50
430 166 33
936 2085 17
4775 1694 88
4545 1216 51
4172 1316 34
2399 3227 85
237 5134 43
1823 2949 77
950 1493 22
3772 899 83
2090 3246 56
3437 435 37
2032 1572 60
3717 815 52
4285 4671 97
2003 5570 100
3578 3737 96
4087 2839 25
976 290 74
698 5315 61
5527 5164 33
3988 1255 42
2328 1279 63
3743 3425 78
3619 4965 94
4280 78 24
3297 1499 62
1805 2642 97
5354 4334 11
1798 1209 54
2654 2343 41
3658 219 76
4900 3159 21
5517 2905 90
7 2419 78
2196 4455 22
4757 3828 38
2649 187 85
2729 4239 39
1354 541 36
4322 2411 54
3429 2797 12
2709 2524 49
2967 5257 81
134 2208 38
4812 2013 97
1870 5399 58
1308 3894 53
2558 2386 38
3112 4959 12
5506 4610 79
2514 1621 63
1228 4443 22
1870 2450 30
5259 5089 45
5101 1251 62
2458 5165 42
304 4137 15
5027 4043 29
3152 3405 38
4936 3556 44
2591 5313 69
3876 4300 39
5111 3271 15
2721 3359 35
4659 3301 100
4856 653 50
2669 205 36
4489 5382 92
4099 3822 53
4403 4078 82
1953 639 45
3864 4605 14
1997 282 52
4397 5470 16
5144 740 95
930 4518 52
3641 3186 57
9 760 58
655 5240 77
3317 4576 20
2021 3708 41
4426 5033 56
2049 3582 87
4086 4936 85
5011 731 29
1466 4634 44
5023 2123 71
4120 261 57
2982 570 72
4783 2938 48
5245 2555 81
706 1732 21
4792 4037 92
5371 2704 18
2880 2973 71
3905 999 40
3826 291 50
2515 1375 17
4894 1711 64
492 2006 61
1390 5399 36
2630 3871 95
5079 5122 96
3612 4091 67
5432 747 67
4725 2531 79
4714 298 11
2015 1149 82
5330 2820 58
502 4522 23
3328 4749 64
4147 5175 63
5080 3225 33
3233 1697 100
2255 2494 49
1926 3284 30
3000 2238 34
263 3797 12
1756 5489 15
714 2407 33
214 4155 53
3502 3879 35
1628 3328 71
3189 5562 18
2934 3888 26
1585 2647 31
4899 1775 76
5107 3162 54
286 2549 84
5235 4705 49
4917 3778 68
2179 5539 36
3880 2162 47
2593 4813 59
4228 465 65
1071 257 96
1233 935 18
5098 3053 92
4745 5492 49
1160 2628 81
3971 3909 22
3480 3173 83
2087 2732 42
1777 4077 64
8 222 61
1912 1144 52
702 4642 24
1149 774 82
433 2982 95
3369 903 62
1535 3533 56
95 4654 22
691 4474 94
85 2407 93
296 3054 35
759 158 43
3978 206 62
3232 2761 56
2178 3917 85
2065 3595 80
535 2730 60
3866 2422 89
722 4717 87
5224 3041 11
2593 208 65
2383 2011 68
5511 1851 75
3585 1651 92
2882 1327 28
2324 85 12
494 3698 76
2991 3026 49
4646 2601 59
1530 3272 36
5300 4262 81
2802 4545 33
3545 4674 37
3357 1520 62
177 669 33
1531 1457 71
1846 1289 96
4595 3607 20
882 1884 78
3328 1520 65
1508 5042 48
1548 5504 77
5065 322 100
305 4324 42
1280 4893 49
5550 211 82
2508 550 33
4321 3621 51
4645 691 35
5198 5470 12
4672 101 60
668 3966 35
4588 4706 71
3691 5433 23
3135 2166 11
3650 3896 30
1802 1110 61
10 2851 93
4659 4059 99
2044 1929 86
4211 3616 34
887 4599 15
5246 1133 15
1618 862 75
2534 1743 15
294 770 31
4466 787 76
5191 967 33
5236 4526 94
3965 2976 25
4902 1267 68
2006 1659 69
269 248 15
4648 3219 62
381 1831 36
2213 4791 90
659 3176 84
3046 2739 20
4466 2435 33
1614 3030 86
2936 2554 76
196 4590 91
2526 1187 92
2511 2613 10
844 5111 15
2431 4511 96
5238 287 92
3266 3089 59
3634 2490 60
3482 87 91
3912 4733 12
5356 2330 18
145 4352 17
2103 5185 36
458 2472 83
1249 2476 48
1533 5053 30
348 1574 97
3029 172 82
4726 3660 10
3357 1087 93
5471 1689 83
3225 2655 61
768 4945 30
766 1397 93
3875 948 90
3729 5352 84
2216 3974 28
3461 3781 88
2650 5278 55
898 464 26
502 1280 76
5566 5195 69
1309 1063 94
992 2594 68
3367 4030 20
849 3082 78
2808 2317 37
3636 5139 67
151 1912 47
2468 3839 67
445 195 75
3198 744 100
4732 4951 59
1275 366 64
755 2234 31
600 3722 82
1213 1841 68
3996 2693 98
2023 343 79
29 4419 13
5524 2316 29
453 4194 75
3791 362 55
3757 605 29
5570 4655 37
1840 5263 35
4270 1755 18
2688 2342 61
4742 3829 54
1885 2067 17
3079 306 53
4402 1879 10
4946 3087 62
2396 397 99
4728 2880 62
4915 2251 30
3941 332 21
5057 610 58
2459 3858 58
4025 3451 12
3127 917 38
4440 754 16
4134 4474 33
2210 298 28
4079 5002 31
209 4423 19
2636 1156 54
491 3201 39
4852 2716 23
5332 3776 84
4483 718 56
5549 2502 20
544 3463 76
1799 365 39
3528 5174 30
3506 5323 73
2362 4719 15
930 4898 46
4728 999 26
1388 2694 99
2172 3510 99
3258 4289 81
3656 2369 90
2745 5481 51
573 1691 14
4819 4269 77
1321 3370 11
3686 4842 28
5546 4523 25
1645 4328 68
5560 1278 95
629 4057 21
2171 536 65
5150 2842 83
3790 3227 89
4985 4173 85
2525 2675 28
5142 1840 81
5231 3884 57
3010 2105 98
180 3510 10
3892 804 14
5412 5362 92
4639 135 89
380 2671 50
2086 1985 20
3636 4787 90
4081 3142 37
2308 5294 78
3703 636 59
2534 1345 77
4467 3216 89
5079 4543 94
394 3058 68
1700 2640 83
4074 1186 30
1888 3675 53
1279 4832 11
511 2251 75
4656 4504 13
2712 313 15
5555 1575 60
5576 3147 10
846 4819 25
1725 3795 62
2536 127 28
5198 5017 25
5143 3683 47
327 4897 81
2573 5374 88
1822 83 93
2106 2496 41
5267 548 85
1310 479 84
203 3959 26
4309 5165 84
4614 1828 79
4293 739 77
4960 859 77
4631 199 80
4398 4467 18
5249 1262 36
2626 1141 28
258 1131 24
3605 2383 19
4962 1857 56
3485 3469 40
5043 4643 18
56 63 75
1420 1944 15
2244 3559 93
3994 442 74
128 1876 89
4814 971 87
5141 3694 55
4440 5057 55
3419 2867 37
5078 3468 90
1094 4083 54
4949 4085 34
2606 2403 16
3704 5497 84
5398 3821 21
1740 4438 92
2061 2798 45
3288 996 41
2775 1865 10
3708 1599 79
1225 3441 14
1728 1191 47
268 4229 77
161 2322 71
2955 1470 72
3166 5335 19
2854 250 47
4428 1 97
4659 1553 55
4408 3361 95
1062 3729 77
4731 4232 54
3902 5309 60
4022 523 98
4593 1173 40
4385 4751 45
2986 4572 43
690 1646 27
1823 3497 15
4792 297 32
867 4740 87
4389 2311 18
4049 151 92
3553 5437 76
2929 3005 84
4813 3809 29
4149 5296 95
1046 1999 38
2694 5218 35
4859 988 33
454 86 14
3136 4204 88
2117 1504 64
2624 284 34
2389 4833 30
1110 1540 80
2492 4659 28
5113 4257 69
1085 3821 88
2433 5142 74
2455 2348 54
2294 1917 45
2490 4973 100
3132 4800 55
2057 3625 34
2732 3837 54
4173 1273 45
2995 4365 69
2466 2148 40
2766 5336 54
1814 1514 99
2362 516 90
2843 1254 75
5346 2921 81
3267 3680 42
3705 1174 58
4745 3371 50
1940 4558 40
2596 5565 46
4424 229 52
3529 2052 58
3860 5061 90
3326 3657 36
2405 5141 60
5216 217 67
1142 2283 94
4883 2844 63
4191 1709 67
3031 1882 76
2066 4614 25
116 756 51
2005 1180 54
4670 2684 33
1253 422 100
3779 1406 47
199 5407 70
2613 3563 38
854 2779 56
4256 5522 42
4614 2519 47
2043 2340 64
3672 4398 71
34 1055 61
4188 3491 45
1982 1846 80
2585 4539 50
815 4982 98
2809 4408 88
3043 5467 66
98 3149 96
3107 209 68
2916 3059 49
443 2025 54
4299 3321 85
4773 5307 33
5048 4000 78
228 2217 65
2454 3596 68
4617 3259 99
4717 5356 75
5019 2510 23
2572 1569 12
1808 1061 15
1044 2924 56
3992 1958 41
1773 3767 50
5042 767 50
1984 1331 39
5116 5001 81
1912 1128 29
4145 3404 26
4550 588 62
346 800 77
1612 4377 20
2431 2962 90
2779 1384 31
3269 4719 56
2997 1004 50
4757 3916 14
3525 5080 28
1302 2719 20
2192 1969 89
3115 2529 54
4285 532 67
1861 1254 68
3922 4982 67
3641 1512 33
1578 227 25
4665 1779 24
4525 4597 17
325 2680 43
736 145 77
1464 3792 23
3701 2742 75
3178 3008 72
4962 3126 47
2440 2031 38
4542 3685 47
988 2150 73
282 4644 90
3922 115 17
3323 4503 67
2915 1762 56
2824 2472 13
2954 3736 49
2384 5176 53
785 2096 87
4824 641 49
367 825 38
1615 5034 45
1835 254 16
2581 1871 30
2943 3234 75
4170 662 60
1046 3268 48
4296 4133 22
3492 1889 20
3616 1606 74
3957 1846 100
1532 2591 46
2 1452 58
984 4285 36
2417 2802 26
5114 3538 12
1033 4921 24
2420 4210 34
5498 3117 44
4313 5269 78
5584 4455 86
840 1817 76
3562 4735 23
3015 5015 100
4986 493 31
4796 1481 32
5349 3966 57
4509 2843 59
1917 5231 81
4254 4898 53
5046 4561 77
1855 5566 82
367 3124 30
3132 1718 17
4072 259 94
5444 3015 61
903 3477 80
4484 411 72
830 2672 80
2188 3199 81
463 4694 19
3143 5534 67
4159 4013 49
565 1751 47
3937 3513 67
2337 5538 46
3265 4383 61
3829 3271 75
4479 2376 36
5136 588 69
2995 2131 86
629 5323 39
2094 311 98
5461 5284 78
1761 334 89
3870 3915 98
3569 2697 53
4498 1824 35
3109 3391 94
1087 5292 22
1876 510 27
4717 879 67
49 2811 83
4751 5277 34
4900 864 33
1158 2539 14
2434 3386 50
2069 19 15
1949 4948 55
1063 1568 16
2935 3574 42
2940 4929 68
3923 4248 64
163 1542 47
3701 4031 85
2803 2448 100
3477 729 33
5084 1424 38
2896 5031 31
1354 3229 61
492 5218 30
2694 2581 47
4956 4053 49
3907 325 30
2262 104 48
485 2376 54
3002 3515 83
4640 1838 71
221 2135 73
2569 1399 38
5133 4420 72
5552 1276 74
1657 3820 70
2189 4347 41
5013 334 79
3608 3295 34
3915 625 73
4542 2101 20
5419 1982 86
795 2917 74
4931 4210 38
4366 4112 18
5522 2568 46
831 4156 52
1624 1027 42
4072 1278 24
2629 4145 69
5489 5051 57
1415 2161 51
2066 2535 77
5465 540 92
526 3547 53
5193 2818 81
1402 4609 57
625 4862 78
1827 2529 77
561 735 96
3992 3084 48
5024 4221 93
4586 1058 54
4386 1455 92
4654 2610 15
1117 2035 25
377 609 83
820 3975 94
3526 13 37
1176 4853 78
5364 3133 60
2828 3552 58
3935 1145 62
1828 2008 93
3108 875 68
2953 4089 31
3177 41 25
2238 4200 64
979 4249 76
863 931 75
4420 1872 23
3188 2743 96
4811 54 12
2418 5412 68
2383 3772 56
253 514 18
2440 2097 55
3331 3197 13
2725 4788 67
1683 4372 20
4854 3024 67
2752 3005 58
5461 4234 48
268 1270 72
704 2848 62
4333 5052 84
4137 1353 78
3948 4998 24
1436 1637 90
275 5323 46
3050 3483 92
2040 4402 40
5409 956 65
5028 2289 98
3089 4912 93
1623 701 71
1940 1806 68
4598 2222 83
3611 3180 29
2717 5496 85
4527 2032 75
4584 3041 11
717 5014 54
4934 4348 70
3859 1177 86
899 1434 44
1859 4220 80
1797 3886 76
2855 3215 20
5069 1802 48
5130 3819 81
3918 4401 24
1957 443 47
4627 966 75
4280 4901 20
4658 2871 74
1875 29 37
3942 965 27
2428 3224 50
2806 406 70
1438 2763 40
2565 3875 26
3192 3945 81
448 4925 78
4578 1480 94
4416 5043 93
3792 4559 41
1842 896 26
4161 508 62
1302 2994 17
3509 1465 40
2617 5062 80
4925 3496 36
2048 2077 67
3455 2673 21
2581 2322 34
2889 591 58
4727 3603 57
1250 3471 67
4611 1966 86
1851 3212 100
3770 284 92
4334 3207 80
4799 1453 45
4701 4943 73
4865 4936 83
2582 2614 78
128 2860 93
2806 5317 23
1028 4117 32
55 4898 36
2401 4077 80
331 2881 15
1878 4175 38
4492 1579 69
3491 989 55
4189 233 34
2036 4869 62
2149 2238 56
4019 4324 19
1078 4589 39
4218 2363 33
3975 3289 94
2617 77 47
4124 4800 12
1634 303 50
1095 4351 79
3415 1404 52
4649 2877 61
4857 4970 86
2931 3294 27
1788 4603 36
5049 1486 48
4574 1890 36
1218 3426 66
2193 5352 100
1301 1809 38
615 4566 89
4346 1276 80
806 379 34
2524 5340 49
5446 2397 62
3609 4699 93
3070 732 37
3487 4718 82
3835 1446 28
3701 20 21
4971 1269 21
2578 3920 63
1404 2703 98
1492 5250 26
5035 1113 48
2135 5086 74
5519 3303 38
3814 5342 75
745 1121 12
4748 772 45
4995 2745 85
3070 5403 72
469 2385 53
3040 3962 52
3950 2338 90
3139 5361 40
1536 5506 34
5421 720 97
2147 2973 40
1041 4767 82
1764 1754 69
5484 4459 90
717 4667 63
3570 1200 74
5203 3814 85
3067 3309 24
239 5484 62
2833 1064 76
3569 1257 55
5324 1072 100
3433 1983 89
1744 331 84
2506 2914 71
3219 28 94
3761 5007 38
4234 1011 12
2547 4203 12
2549 3044 93
2900 936 62
2181 1271 96
1784 2214 99
2810 2512 97
3537 3927 33
3325 4487 38
347 1930 45
1387 4103 63
4700 3020 11
3456 3638 63
953 2448 47
2235 26 95
757 5525 17
2563 2086 65
5576 21 31
3217 2223 53
3933 1125 100
1551 1893 76
2103 1330 94
2948 3220 30
1000 2635 96
2828 2725 73
1023 3411 52
3274 2409 37
3291 3236 58
202 1340 56
2317 956 75
2322 3804 82
3629 2027 23
4610 4379 79
2601 5148 95
4244 1566 25
5012 4951 46
712 2696 86
1702 4564 48
2023 2729 31
3841 953 45
1515 1393 73
1084 1817 72
4035 3265 93
4332 2163 24
4236 4328 23
2413 322 15
3336 3937 47
937 1516 68
2901 381 49
2039 5552 49
3487 1290 20
5151 4418 83
1084 5371 35
426 4611 42
2970 4790 18
200 4483 47
834 4587 99
1825 2987 47
1001 1867 13
134 91 57
1461 2977 24
5434 5264 40
4921 4213 47
3247 2322 21
726 1148 31
3817 5362 20
1474 625 25
3413 34 69
2090 720 36
2340 3171 100
4490 2009 67
3211 3009 19
2245 2832 80
4053 2610 70
4865 2715 61
2502 4292 48
1567 230 12
4358 2502 11
2385 3119 12
4571 5279 33
2463 677 50
4941 4687 45
2463 2517 79
5036 2396 10
3939 4390 46
4669 1600 95
5230 3961 68
873 3263 54
4319 5459 100
710 3114 36
2050 5586 59
4662 2362 89
3327 404 51
809 5566 82
745 4128 100
290 4401 67
4767 3949 94
1716 4567 12
4823 1015 42
2313 2605 58
1775 5315 96
3357 5376 85
3707 1526 68
3848 4464 90
3442 778 70
257 4409 92
661 2317 90
2560 4672 96
5302 3246 25
784 3250 92
4168 1966 39
470 2591 83
2015 2332 54
2598 4991 29
4751 2027 76
3508 4048 12
1326 2596 86
3957 4190 59
453 4569 21
3245 1140 58
1133 1355 56
484 3760 81
3226 1883 71
2606 4133 69
2454 2332 72
3867 4942 20
2363 2983 27
3259 5447 37
1670 3226 22
5511 1160 70
5033 940 78
214 3559 98
5459 2464 27
2903 3305 33
5204 1763 96
3542 5300 38
235 5523 27
2516 2017 91
3593 436 55
4571 4079 11
613 5504 85
865 588 10
913 3092 57
2610 813 93
646 1179 91
4114 1255 23
4430 4235 68
2226 3230 16
4808 3359 68
3113 2587 44
4227 1326 49
3721 5055 84
1417 1558 62
4810 1627 28
1476 1886 42
4688 5215 28
4474 1359 34
477 1920 92
541 810 72
3214 3399 32
799 2843 28
3085 1854 20
1533 857 22
2654 4395 64
5439 5239 69
926 1153 44
2046 5027 28
1579 5251 77
2652 1153 24
487 2719 58
300 1977 86
3768 4686 28
2915 3506 27
2454 5502 52
3872 3382 95
4107 2739 88
4484 5526 19
4815 3534 78
459 1783 95
2976 1018 81
210 3111 40
3910 4524 18
1542 4044 60
1442 2268 52
72 4199 82
1160 3420 23
328 1337 65
4783 5558 44
3818 245 11
3419 486 55
1372 5328 60
1657 1524 50
3090 1601 89
634 4116 97
3271 2015 36
3959 4281 82
4007 629 51
3483 523 94
2891 4644 14
4056 915 52
4127 5148 30
1236 947 21
412 5248 22
2046 4573 44
2029 2612 50
2123 4197 88
4436 4798 94
4440 2540 82
395 3987 79
4081 1536 44
3281 1254 82
4590 1969 95
785 3312 40
1274 3325 15
3845 2744 76
451 4641 41
2109 1621 89
2805 3194 57
1873 3046 64
3195 2020 64
3243 3705 35
3815 3492 24
5471 1264 97
4685 393 77
4933 2971 69
5081 3761 39
1913 1902 49
3914 3330 40
2060 1314 28
2446 2905 94
100 3927 72
576 1643 60
4915 2070 40
5250 3325 51
2476 2725 29
3604 3607 90
3346 6 55
3268 163 87
5508 713 42
3409 623 52
666 5099 64
5240 1885 92
5268 3728 65
646 5124 36
2448 4929 93
3038 2865 94
2331 3548 98
4086 1842 97
2464 5482 56
4749 3339 88
3913 170 28
860 3333 71
2339 2874 68
983 251 15
628 3526 86
996 254 11
845 4083 35
1664 3284 10
4081 4849 23
627 1696 70
1717 4536 58
1294 2686 17
1398 5239 80
594 2622 83
3617 1758 31
3486 3058 27
5317 659 64
204 403 75
4362 3532 78
5392 4583 31
4765 1848 44
1822 909 69
1832 1363 38
5159 2075 34
3656 5130 13
2941 5025 36
212 3164 51
2113 4929 18
929 51 71
3539 3678 91
4543 507 81
2261 4871 49
3925 2833 16
3494 1280 33
5157 4792 74
90 3718 83
1827 2083 82
2958 4555 70
1759 2293 48
3019 1347 60
4036 2309 29
1199 2828 37
1760 204 51
3511 3765 86
178 1071 48
2197 332 27
2350 461 22
1786 1243 94
3875 2096 86
2230 2084 40
968 1774 47
2453 5252 71
4534 3318 74
483 336 79
34 550 90
5179 3601 56
2321 297 48
270 263 98
4620 1082 57
5557 3151 80
4862 2865 67
2488 3792 51
77 2535 15
5055 5518 75
5456 3225 79
4988 990 98
1169 3539 57
4932 5035 46
1380 1884 45
2144 2451 56
741 2644 93
387 5370 63
3869 1832 27
2099 1881 84
944 2406 67
5202 3819 63
295 2270 95
5015 4151 80
3807 5345 89
3955 4762 99
1824 2092 69
4909 2045 16
527 3550 14
2052 2088 31
2214 1026 49
2990 4612 16
445 3605 43
1282 1607 83
757 1069 48
3567 1200 96
3434 3873 98
536 1375 45
2157 126 21
139 4885 37
4651 1562 43
1744 3666 17
719 804 33
546 244 42
4294 1624 12
4669 4535 80
3058 2644 49
4885 2604 71
4976 5394 24
225 2189 39
1901 3349 43
5358 117 95
620 2845 49
3188 2174 27
5500 1748 12
4439 5248 48
322 5582 88
5438 4203 36
5032 3116 27
3414 2987 58
4646 162 76
2485 2602 65
4280 1785 18
4063 2463 47
2769 3329 43
492 926 34
1539 3459 96
3293 4151 48
2282 434 12
4603 3637 10
5313 4128 82
1549 3007 45
2992 1354 25
1046 2914 44
326 5457 72
536 657 43
5547 1685 38
2361 5356 75
5461 4038 84
1539 5049 30
4176 3649 38
3854 2672 52
458 1450 35
3943 658 41
2981 4106 95
3327 3084 24
3846 2409 82
2024 4523 83
3347 2301 32
2089 1014 87
1184 3348 52
992 5035 31
3973 1937 49
2001 1746 73
1334 3483 60
3316 5442 85
2457 4274 34
5321 5381 86
2148 1131 24
4135 414 26
4618 3302 98
1850 2044 99
2614 778 28
4382 372 49
1122 1023 73
3822 5183 86
1894 5217 26
5054 1958 99
3276 3908 28
3400 4204 81
3736 4165 34
1752 4317 40
4920 542 67
5438 4918 74
5119 2212 25
2941 5194 67
4268 5542 25
136 4219 35
4018 3438 35
3865 2538 43
4158 810 99
2694 1924 72
5153 287 38
4663 3634 71
3807 25 33
165 5536 40
5500 1785 14
933 1881 74
457 1042 65
2624 3023 61
2727 4732 22
2994 1162 16
1783 2003 74
3219 2452 63
3138 1781 99
1575 1200 29
164 1397 68
2100 453 64
5234 2252 32
4588 5063 65
5217 1347 46
661 2931 10
1666 2122 96
3622 2035 19
1931 4595 40
5123 4173 74
3139 5254 30
3444 5183 91
5257 5474 75
5165 2368 58
631 5202 92
1436 4856 59
4173 2164 28
1952 4125 64
2717 4780 21
452 2118 16
610 165 68
3126 4635 62
2020 1658 96
1487 4696 16
1270 691 92
3803 4122 33
2345 109 84
827 1819 93
5304 4834 35
3677 4757 64
1882 5056 90
4808 58 52
2755 2052 29
5011 228 37
4127 991 67
1272 3307 35
1407 2241 13
3390 3760 81
2089 514 36
3749 476 21
3044 3709 28
1033 3927 94
404 4512 95
2033 1955 76
4806 3641 67
3730 1484 32
3702 2959 100
641 4705 50
2129 3923 37
1739 1836 72
2769 4529 56
2884 3371 23
514 4954 13
3338 3071 49
5338 4433 62
3468 381 97
2956 3545 84
539 4236 13
4550 4109 34
3192 2131 49
4924 3805 84
2431 1905 81
1053 2517 27
1996 5304 34
2937 969 10
868 205 70
3568 3389 69
523 1015 96
3235 2080 15
797 3162 43
2629 3815 62
5408 902 58
3900 1899 17
2539 2494 87
59 11 17
1653 2218 95
1464 4096 73
3696 3342 65
192 1381 91
857 4478 38
1812 3812 89
3474 4747 83
4111 5097 58
3798 2313 91
4607 313 65
4079 2854 74
4902 37 27
4684 5352 82
3920 4148 91
4504 975 57
3629 878 17
2928 4315 27
798 617 22
2961 1997 34
0 2286 30
5222 3492 40
4505 3390 74
3639 3086 76
3127 2653 72
560 1329 94
3565 3601 25
5239 5035 77
3651 1492 86
905 3770 60
3893 1290 66
929 2057 26
4339 66 56
4019 1321 29
4488 2822 81
2326 1953 80
4383 3076 59
15 3029 45
426 5385 40
3705 2789 95
931 2196 50
1731 3080 89
4279 3651 32
5475 5328 81
4806 1114 17
3837 4918 58
763 3069 59
4024 1777 51
4538 4409 92
2011 360 84
3213 5206 70
4312 2772 80
3084 3075 69
220 4833 81
4983 3402 77
436 135 89
3295 3966 18
2963 621 82
3003 3637 46
5255 2286 34
4409 3943 86
3594 2919 98
5565 1261 97
3922 5264 93
2969 1297 26
4202 555 11
2260 1425 52
824 5139 39
317 1518 69
4500 4489 12
5494 3701 41
1335 1603 92
796 610 13
3628 3673 72
3574 3734 64
2495 5567 22
3441 5324 41
666 690 93
2196 4774 81
3139 129 81
2795 3364 19
212 3590 51
3562 2086 51
5210 4335 33
2119 4823 72
5212 778 96
1588 3193 84
877 281 84
3503 28 37
5054 2279 60
2486 5386 75
3958 961 82
5470 5532 82
2530 170 37
5487 520 43
1419 5103 92
2424 3251 66
4435 2270 88
3376 1391 18
2059 2184 79
658 2788 66
5376 89 85
1529 1478 97
1771 4868 65
3972 1214 53
5284 246 55
1676 5371 95
1587 4771 10
648 4052 62
4159 1191 71
2798 2925 35
480 3375 16
3978 1531 12
4553 2845 61
3157 5030 30
326 3286 20
3470 5569 82
849 2661 37
3546 169 84
4757 1372 54
3323 2791 77
726 2136 60
4696 2573 28
2237 2124 11
5444 434 76
1928 767 34
1222 3008 73
508 2336 46
2808 666 38
2338 5146 18
706 2232 77
2753 618 23
3205 1966 88
2194 2709 47
420 386 46
4599 1324 62
1027 728 98
1773 2152 70
2916 2890 43
1730 5235 97
49 3477 55
209 4431 66
4779 3302 21
1681 1746 22
1410 3101 56
332 1293 92
2287 1654 25
4712 1848 76
3186 1585 31
3040 5070 31
4379 4543 20
3283 4282 90
3085 98 91
3810 800 15
4869 2703 28
5302 2340 96
4365 9 81
3291 1104 58
2034 5457 76
1643 340 39
2288 573 38
4125 5397 47
1469 1846 65
436 1357 72
3239 4028 76
4658 858 43
1036 5339 86
3690 3599 85
4419 1548 35
3130 445 89
2262 4214 25
2376 4763 39
4625 2459 16
5046 1751 70
4450 5308 37
3006 5210 20
1891 5407 49
269 3491 10
2234 3650 74
3491 4865 49
851 612 87
2729 4714 81
4544 5099 75
292 1452 18
1722 2950 16
5453 2980 92
3026 1890 61
1817 3800 29
295 434 98
1111 3789 31
4835 830 23
601 2654 33
2291 3923 33
700 4083 47
4242 404 94
1161 3670 27
3767 1886 46
5409 3093 27
1858 3387 29
2159 3558 43
3705 4048 51
1961 3039 35
5525 3529 93
3229 3389 76
3860 82 97
5289 503 42
1255 4686 20
4154 1314 59
1699 1583 21
2241 3592 61
1601 3146 36
4150 4046 62
4402 5010 46
3305 3642 35
1060 1712 63
138 3412 11
3064 727 66
5235 5483 90
2750 1076 30
4590 3928 40
4119 3055 91
384 1396 26
1818 595 88
3567 1603 28
5471 2643 82
3698 2337 68
2144 2652 12
2864 944 70
2642 2035 62
1539 1493 65
3826 1219 17
3208 383 29
2909 3193 36
3077 962 61
1975 2940 39
828 2529 36
2460 4016 50
1950 3082 80
2730 608 38
2408 12 36
5425 3118 42
4918 2370 47
3814 1360 21
1677 4713 99
4028 4019 37
3206 4881 76
3886 3869 44
3138 1322 85
939 1626 61
62 5203 97
175 1964 86
3810 4567 86
3918 1755 65
1196 3784 68
3114 1638 94
2176 1386 85
1668 739 87
3676 3941 90
561 5362 26
1661 4669 47
292 2456 98
3994 5367 22
734 3901 32
4991 1604 79
1833 2402 80
4522 1441 21
5212 4903 55
2172 204 47
2589 2179 57
772 1926 34
2247 4708 33
965 1078 50
1363 4729 51
4832 1429 30
4127 5042 73
685 1385 63
2517 332 12
2796 2185 64
2333 2535 74
1399 4475 69
2682 4126 93
4664 1544 88
3863 2894 96
3663 1354 25
1821 518 86
4951 2162 68
3116 4832 96
4423 5542 74
5371 2841 40
4314 60 68
3905 143 53
2274 2619 51
2161 2437 19
1406 2520 48
4384 856 17
1262 2555 59
785 3248 82
621 2018 44
1373 5474 74
1080 1756 48
5323 1929 65
1564 621 69
3712 555 65
3483 4678 48
2096 2471 47
4134 2268 88
4394 18 74
1576 1994 13
2419 2674 53
1851 3275 30
4550 194 94
929 4618 94
5114 1223 42
4050 1894 72
4356 5226 66
5015 3679 97
1147 4483 81
1513 3795 87
4765 1500 24
4439 5164 84
1499 2836 52
4503 5493 44
1037 1068 56
15 3461 70
673 2166 50
1945 3351 55
686 170 50
328 82 76
89 2110 92
4727 5337 92
23 5263 71
2996 2874 92
4210 3726 95
226 5189 56
2094 270 70
3914 4245 30
1446 143 68
2810 1976 66
5565 3769 73
5468 42 82
1324 2738 16
4907 2661 96
3085 4472 71
2697 4038 89
3696 2029 27
4814 4771 87
4341 1484 90
4781 2006 39
5259 5346 53
3091 3085 17
109 4689 45
2892 2902 37
3819 1255 33
2405 4791 22
3919 2921 83
1333 2247 85
3820 1598 60
4762 2230 29
3054 3057 51
1086 23 14
2263 4536 40
4742 2186 31
2843 1688 59
3121 696 61
4172 5505 13
1492 1286 16
4246 5438 85
4881 1562 75
3093 251 56
170 4956 88
2131 1334 63
4793 1518 94
4726 904 47
5158 2763 33
2872 2935 81
5451 2225 99
3024 343 64
216 3490 35
2823 1586 39
1228 4189 52
4230 4228 33
4043 1477 41
3051 4700 88
3593 197 44
28 1975 40
5421 10 61
383 5177 30
4380 5270 79
3612 811 81
1634 2443 87
2517 2885 78
3946 4652 89
889 5579 48
3812 5324 97
2529 3633 84
2712 4103 91
3850 516 93
4696 4330 27
1589 4219 58
2320 3442 35
5052 385 58
2074 126 99
3535 4445 90
2056 5162 76
1396 789 68
4329 3161 17
4128 5355 35
663 3555 74
637 777 59
1104 151 98
1870 2251 98
1328 1854 30
2762 224 92
11 3041 81
3601 2601 69
1926 2292 45
3176 2376 38
300 2217 74
5193 4296 43
2085 4291 89
1963 3435 12
2858 5260 39
3577 5089 71
664 4536 45
2236 2119 46
1511 3225 79
263 4526 72
4156 5208 50
4196 1705 49
974 4687 81
4358 2556 66
3013 607 46
4252 3358 14
806 2247 20
1819 3904 39
359 3777 65
2829 500 80
817 3898 76
654 964 46
944 5002 48
4435 3749 13
4218 1914 43
5233 437 89
169 1784 28
1686 4004 13
2438 1915 22
3844 1006 90
3237 4478 85
2354 2998 98
1101 1143 10
3046 372 29
74 2760 53
5470 1004 75
1791 562 83
2750 2974 20
4838 829 11
4923 5053 34
2179 2292 76
2743 518 14
1279 1570 32
2667 3494 71
3894 2188 57
5533 191 73
3696 3486 58
3124 3376 73
3077 1775 48
5178 2261 69
4776 549 34
4479 3908 19
1733 4679 35
2963 833 51
4162 4168 52
1419 283 40
2021 3281 84
1662 5308 46
5156 2718 18
3217 1925 37
4551 2931 15
2308 1061 76
4916 1359 28
641 5242 40
2292 2086 12
5213 3081 42
1198 4896 74
3004 4554 68
20 4897 77
1128 1831 87
5227 3875 82
74 1406 86
4112 536 50
4603 1164 96
4325 5422 94
1786 2929 59
2998 4570 55
1117 1668 14
4113 2013 75
1506 3098 41
4343 475 91
627 689 89
3997 2060 57
607 2109 86
3222 2069 94
2366 5536 61
1857 122 27
63 2437 89
3633 3636 51
513 4991 31
699 4326 13
5292 374 100
1180 5069 48
4865 696 35
4989 3160 40
5115 4796 38
3762 1473 12
612 4953 40
752 4680 83
4101 720 18
2933 662 68
5400 343 49
5527 5093 27
3792 2540 63
4738 5369 13
865 297 93
2668 4446 45
3309 3819 63
1598 1679 23
491 810 24
1865 4160 38
2443 1682 66
4942 1522 25
1482 3954 24
5515 3410 81
4921 1061 28
264 4226 43
4249 1861 59
3203 3013 48
210 2617 23
2817 3779 47
2101 4163 56
2413 186 94
586 4566 21
229 1342 14
79 5572 76
934 364 42
2261 2108 100
2271 1910 57
1965 4418 90
2585 80 64
2336 686 25
3787 2033 88
1415 3022 88
2312 1038 63
3386 593 64
3403 4492 61
321 1586 55
3285 4922 89
1584 1651 98
2937 4190 20
66 4872 13
642 1679 79
2957 1634 84
5368 104 73
4161 3377 31
4407 520 88
630 2116 36
4766 4697 60
4271 2536 43
702 1014 15
4144 1520 47
5416 4006 82
5006 12 26
595 3303 87
5148 2785 36
4686 2983 48
1109 737 96
2920 502 13
1758 4073 58
4685 5013 39
3163 3194 47
1545 1778 98
194 845 67
5080 3117 87
4386 224 36
12 4488 85
2451 3825 85
2664 4335 50
3640 4835 41
834 2831 29
225 1970 40
5571 4888 57
1486 3873 49
4940 370 72
4831 4849 46
975 1881 74
3274 3868 36
5480 132 57
4438 2920 88
3008 2045 65
4010 3935 82
3158 180 98
4601 1700 61
732 3896 99
807 1799 21
4227 438 16
2301 4753 10
2162 2525 59
334 3297 85
5352 1386 81
1087 1146 55
2242 4070 39
5015 1185 85
5011 3688 11
3642 5274 76
1366 4865 92
4459 3134 50
2655 2228 49
2427 3089 63
1968 3396 49
3698 647 12
248 4331 91
4900 2234 50
1038 713 65
3942 2844 29
390 276 88
4052 2957 84
2906 3535 12
936 2431 56
2618 1096 100
2994 71 73
4316 535 53
3612 1598 85
3904 3619 58
3481 4729 33
1580 3817 62
3022 4137 34
3268 4455 67
4686 1617 28
3745 137 42
3304 3134 48
605 4920 80
5368 4701 87
5192 264 57
366 506 94
2026 1303 62
307 2682 95
3343 851 40
448 929 61
3696 1704 66
46 5131 83
1719 661 79
1121 5495 68
4645 1950 56
2986 1906 100
3466 631 82
3155 5210 94
4594 3591 67
998 3531 64
5054 286 19
4992 5339 41
5005 1299 63
3104 1342 31
3102 409 23
536 4132 88
5478 1405 85
2270 3696 58
1776 2381 81
1660 4222 80
2806 3012 53
4520 457 37
430 1136 50
3188 165 94
1000 4510 100
2278 3205 15
230 1070 20
2680 1784 32
0 3947 57
1656 5160 17
1758 3045 55
711 129 65
3624 416 71
2972 4572 69
4074 595 30
3092 4027 76
1649 1398 57
5385 4134 76
3039 146 16
2544 1409 52
2432 2825 33
97 126 37
4668 5444 71
1240 1291 65
4148 3830 27
4522 173 84
3127 4182 78
4233 3776 28
2096 2345 27
5155 2557 66
685 490 91
659 1626 80
3632 5260 93
2880 4548 32
3287 5518 71
4472 3373 16
1131 3663 55
3371 464 29
246 3625 76
3025 3108 21
4324 4187 10
2070 3883 83
1420 5342 79
411 3250 94
2409 542 21
1981 3811 25
3026 2004 46
2779 4786 63
1949 2498 11
5211 610 17
2419 1687 89
3990 5260 19
3779 4233 96
1564 4157 94
1804 3338 34
2571 2080 19
3292 4432 89
3914 5148 28
5067 5333 71
1575 4864 96
1802 1523 96
5368 25 36
2691 3463 59
5077 2554 72
4368 1134 29
4548 5245 53
494 1491 20
1517 3950 24
1044 1349 94
996 2062 74
2400 4266 35
605 1889 50
3350 4044 63
1742 1970 52
5478 1004 71
4872 3655 35
2787 1474 98
5152 445 29
4029 601 93
409 2279 77
4689 2791 71
3520 4614 34
4443 1829 66
4484 5441 39
4850 4084 64
998 219 69
2476 1926 22
5568 4635 71
1483 5413 22
3812 3092 67
590 4185 11
3856 635 30
293 2660 35
2078 2981 17
4960 4376 100
5563 363 28
5552 2404 56
2997 5405 94
3331 2401 10
3717 3627 11
1878 2959 77
3516 4545 14
3393 5124 61
5151 1162 95
2473 4852 83
2716 3232 78
1689 2898 74
663 2815 92
87 4946 28
662 1327 77
4431 3570 22
2283 2871 19
4987 1392 94
1321 4512 98
4866 3260 77
868 5076 77
2492 3296 70
2152 2725 97
839 3434 35
2556 8 11
4180 5270 45
3331 5454 18
3114 2389 21
1260 1635 46
10 3835 97
5552 3896 68
3586 1691 13
3771 206 76
2811 2273 81
4128 2539 73
4710 1858 81
519 1061 99
1056 5039 21
2175 44 66
764 1621 52
1266 608 41
2113 1835 89
2032 1074 98
1688 3014 20
1794 3770 41
29 2946 79
3587 1461 77
5060 1757 45
1041 1919 64
4559 2452 54
3630 5101 18
2225 2811 87
85 1707 96
1360 288 63
4035 486 24
4542 1672 97
4815 2904 88
39 5003 44
4693 891 86
1054 808 46
4491 4559 43
4683 3603 44
4556 2751 60
1874 2260 26
1708 2992 45
2922 3776 39
5369 2784 80
3949 1629 70
104 760 62
5367 3666 72
5084 245 85
3045 389 80
3065 3712 13
2790 3268 79
959 1005 16
2387 3102 63
2915 5346 87
347 42 81
3892 3571 34
3541 4521 39
2167 2009 49
4614 862 32
449 1822 84
3692 5487 76
3815 1986 89
3763 2767 15
2432 3503 34
4511 3031 49
1129 4308 62
4625 4961 62
1345 540 73
2038 3764 16
3971 4359 44
1477 4714 81
1695 1237 94
629 2718 81
698 650 60
1555 2214 93
4122 3399 47
3777 2620 77
2337 651 49
2685 5258 71
3749 3488 32
1984 2040 72
2273 4426 88
4039 1322 43
2273 3111 87
564 1707 88
3102 1585 30
5438 3153 34
4910 722 63
1821 3553 21
782 4446 10
598 3590 72
158 2283 11
1735 4077 68
4752 3798 16
1365 2740 35
3455 1135 11
5212 2030 24
4325 4114 16
1087 2500 57
4947 2815 15
2647 4876 17
5387 1970 46
2773 4878 39
5576 189 94
3534 1694 46
2254 2822 64
1551 2321 13
4513 3054 29
3245 1023 58
1016 4491 73
4560 961 99
65 3921 76
4279 2820 49
1563 5489 20
2487 4307 17
209 3319 83
3839 416 93
3892 2516 27
4841 489 67
5057 684 19
3515 250 51
2297 3971 40
4629 2992 29
4335 2289 55
2668 4817 90
1787 2282 92
4383 3644 23
856 4269 20
47 2904 93
4486 1871 80
732 3593 63
2937 5271 92
1376 1795 16
641 3394 16
4326 1182 29
255 4080 84
4188 1040 59
4910 970 25
3180 4991 69
3540 2826 81
1985 2552 31
3710 5196 76
237 3005 89
5328 4024 83
3919 5288 22
3547 535 77
701 4525 18
3174 3683 33
2035 2177 89
4363 5129 52
2745 2405 24
218 1280 22
4768 459 99
2734 5412 82
3433 3600 57
2532 318 70
5418 3827 100
4130 1347 88
4850 4396 68
1748 4825 86
751 980 26
1111 2599 25
4020 4993 65
38 2541 15
384 3517 49
3072 5548 38
922 4977 71
924 275 23
4457 5062 77
2952 5528 60
861 3286 11
4532 4470 83
3304 4501 82
4055 4734 22
4793 272 34
5224 3544 35
1434 3705 65
5515 5177 96
4025 1239 32
4412 1458 47
317 5410 94
4882 2818 14
5214 4370 61
5483 1531 99
498 5357 48
1565 4635 23
3492 1417 95
4021 3674 84
869 4181 75
4748 5076 84
809 2555 36
1537 2852 50
397 4496 13
1658 3443 48
4093 3310 43
990 3750 46
5570 4410 83
5487 338 63
3485 2647 81
2884 1225 52
4019 1755 59
4350 2437 26
3765 1571 46
4071 2682 98
3164 591 25
2686 5461 24
3008 4664 51
2512 1902 67
3582 1343 64
1014 5031 88
5486 5561 97
2919 1203 49
5168 297 25
1602 5438 75
1478 1197 35
4682 5405 49
41 5199 24
3770 5277 23
2109 4083 72
4589 1666 95
3396 4331 32
3683 5055 42
3978 4546 68
3092 1068 11
2994 158 14
3829 5142 38
1975 2231 98
5454 3171 95
2484 2375 35
84 3730 100
2975 4190 52
5219 486 99
3930 4409 25
5362 3497 80
5215 5528 53
5147 1865 58
709 3757 83
5484 5021 22
2331 5162 57
3135 261 20
3059 1427 54
3942 5312 82
4628 4367 94
4766 3016 72
3660 1935 33
1334 3526 78
4256 2163 56
954 2259 36
853 586 93
2319 1612 71
621 4972 77
2553 2591 56
777 114 53
5385 5325 88
2867 155 90
2779 5531 91
2220 2961 32
1918 5226 89
3548 1220 22
4898 3368 10
1731 5346 42
2864 3523 65
5377 520 36
1655 1249 56
3909 3630 66
1621 2895 92
5150 2474 36
4142 1078 33
3373 3021 78
1775 575 14
5192 1147 61
1785 4830 80
481 2057 63
5406 1737 40
760 5496 31
2554 3153 51
5125 605 98
4990 4976 38
844 794 58
1970 2975 23
1878 4081 76
1424 4052 90
4662 1974 75
4116 2972 21
1761 4056 88
1353 1761 16
3672 3434 65
2368 4921 36
5276 5570 66
3244 4859 48
419 567 60
3742 2220 63
4911 3693 82
51 5473 31
4954 2110 93
4692 488 85
3000 5541 82
5133 1972 21
4108 554 59
234 2781 88
5005 3588 92
4401 1640 20
980 5233 15
1210 2755 80
4960 5309 41
116 2862 44
262 468 74
3062 139 84
621 5497 45
4571 3632 82
2357 2480 87
5218 3200 73
1672 5297 70
2033 4794 65
377 640 51
940 1257 86
4858 3842 15
3080 3942 11
5501 3598 20
54 132 87
4817 965 88
1925 2633 10
3440 3245 45
1745 4488 13
3787 3438 22
1022 2299 77
5181 2224 97
286 4366 92
3894 4001 44
3282 3087 58
3419 4484 100
3895 41 52
3287 3694 55
2853 4270 21
4135 1710 57
2668 739 54
5374 769 84
370 2206 43
3182 40 86
3471 493 68
3167 5009 39
5501 4809 16
2316 1522 21
1599 491 37
2121 2548 15
2093 715 68
5344 4525 44
5364 2404 90
1531 5492 37
4229 5147 51
1128 4852 51
513 2543 81
2296 4002 31
2943 2014 100
789 5181 11
1547 4631 37
1658 3548 12
101 1729 78
476 381 81
1616 5189 14
4742 232 13
3238 4829 72
1415 2969 90
2895 4667 41
1000 2778 53
5499 199 56
2795 4109 65
947 1468 92
4051 3259 37
1489 395 63
2828 5125 31
5320 1995 11
4701 3570 80
2278 3846 75
919 3425 26
2345 943 18
3577 3748 44
2531 965 69
2391 5588 92
4174 1118 86
1567 5421 19
5368 263 97
2922 2385 74
787 3284 10
1741 2348 13
1576 1212 81
1695 703 79
1232 3746 87
3100 338 63
2119 1564 40
904 180 64
4406 1526 38
929 4994 13
5233 4190 32
1074 642 40
4035 4746 43
1684 1944 16
833 3562 45
2439 1122 88
2237 359 19
4217 3695 90
2089 1570 26
5188 247 91
461 704 64
2990 3694 55
4741 299 33
1377 3973 83
4380 2361 12
5054 1882 34
5469 3985 62
2934 3761 26
90 499 92
3961 1603 25
1113 4063 32
3 4717 95
4620 616 99
5187 1345 55
2849 166 38
3652 2918 65
3965 2624 23
98 3015 72
1366 5066 66
3840 462 78
5048 1160 12
157 1409 62
5522 1876 74
1439 18 11
5500 451 85
502 3099 67
1865 270 54
1719 591 82
1337 1645 96
4136 658 18
5355 2160 45
4397 5312 37
4501 1504 66
2577 3066 37
2845 3572 85
2032 597 45
3154 4793 83
1782 5585 78
2098 2854 13
4754 2265 19
453 4105 99
5490 1037 11
1703 2961 92
5332 2675 51
368 4766 90
5053 2591 95
3528 3258 66
929 1198 32
2363 2775 62
5330 2953 24
4877 1723 75
92 317 24
2148 1726 47
4725 151 33
3558 2332 61
1192 4005 47
248 3857 82
2685 21 69
5184 4738 100
3598 2206 82
4599 5544 11
5425 2590 29
710 4921 14
1628 4251 45
1293 2639 48
4581 3045 24
3878 1541 48
900 1259 44
4326 2306 55
4414 1370 96
2375 5139 51
1044 3794 76
3156 3422 20
1484 5209 78
394 3563 90
1908 65 98
4267 5522 23
708 5039 98
295 4540 56
2184 491 96
3714 5386 73
2350 85 28
1843 4398 87
4874 1055 84
4112 3249 76
1178 4988 31
1383 5372 18
3469 4297 58
3949 5061 91
4883 1641 55
4168 1038 91
1966 146 72
669 4122 94
2439 3617 55
5271 2812 59
790 5160 24
2347 1957 70
441 4441 19
2419 5510 34
3895 3246 66
4670 93 62
4756 4672 80
4794 2115 63
375 811 64
1528 756 64
5201 1768 52
3235 4412 98
1799 3936 84
2789 5277 75
3305 225 85
1191 2411 26
3217 4398 22
42 947 49
4397 4661 89
2808 308 74
4979 2686 60
5509 3601 74
5509 4339 75
3786 3875 62
3283 415 77
3610 2388 97
2857 3260 77
149 2054 41
4260 43 63
3673 1994 91
5151 3909 31
1860 5254 19
3996 5271 45
4683 2606 78
5170 4758 85
556 490 89
2448 2668 64
5195 3323 25
2803 2518 17
2392 4036 39
4520 4945 33
5187 127 70
5285 2705 69
4124 558 32
3385 4234 34
532 380 33
112 1899 54
1751 2031 58
2899 1642 98
1891 1883 51
3058 1101 43
2467 5587 21
3108 1014 88
2480 4389 32
5014 1898 53
748 2632 12
5214 3568 70
2517 5553 44
1016 4958 21
1909 2269 76
924 2270 51
1263 4210 58
1066 1704 41
4404 168 51
259 2869 63
4256 2557 89
3700 4014 46
5379 1545 86
1650 3056 91
318 5147 87
3192 2154 19
587 2060 58
2079 2903 66
368 4563 82
3134 4728 59
785 3590 64
5368 341 57
916 4339 89
3014 3082 93
2120 2829 47
3618 189 84
1087 3831 10
2836 4602 86
3194 4314 39
2169 1755 89
3623 113 32
239 448 32
3340 2365 35
1698 645 64
2446 1595 67
4483 1901 59
423 1817 98
54 5141 67
3405 4136 92
5446 2454 49
2593 3989 65
4788 3984 81
1422 1415 10
4705 488 98
4971 3200 51
2091 3291 69
4302 2881 99
4652 5179 56
4904 5444 83
2897 3381 57
4268 4824 52
3154 301 88
554 2404 31
3719 1122 65
2989 2376 37
2411 522 64
2343 3126 35
2629 896 52
1749 2179 23
573 1223 94
4401 2308 67
2551 2452 37
2741 4818 94
4881 1486 59
2918 4531 35
3045 2021 99
4850 4840 96
1641 4894 81
4050 5167 59
1688 5411 95
5073 345 16
4621 1953 56
37 1145 69
1732 3212 95
843 988 20
1561 1519 54
3724 863 74
723 1934 68
1670 738 59
4460 3614 27
3765 3373 12
5526 2592 52
4237 1234 27
1946 2093 31
4361 2691 100
5556 802 42
3869 4446 80
3319 1388 27
2967 3406 63
2879 260 11
3328 4135 75
1905 5222 39
3749 4498 12
4829 821 79
3143 182 53
106 3467 69
5409 5083 47
5531 4971 26
4652 4161 83
2221 3997 71
4982 2881 56
5535 4301 65
279 3936 14
1984 5565 67
4868 890 41
3708 4552 51
3265 5492 95
1840 1708 80
4226 2448 32
5394 2535 92
4271 2504 71
1843 1209 41
4642 5324 60
242 3979 30
1091 1586 66
2137 5233 68
5017 2107 44
3430 4999 86
4169 412 96
407 4326 15
2013 537 31
2859 5529 16
1248 5389 26
4393 1722 95
3665 873 41
5403 2385 39
2913 932 24
3851 5042 87
5324 3783 11
925 3001 41
2311 4559 19
2443 3112 40
5409 835 67
1637 718 50
1026 4948 68
3635 1033 83
2595 359 53
4652 1097 26
1051 762 29
3217 4140 87
3506 4314 90
2878 146 83
2480 4228 63
2560 84 24
5001 5433 25
189 5417 62
258 4316 33
2458 4165 27
2182 100 59
3752 3330 36
4998 3318 80
1333 4670 42
4785 699 17
1562 5007 59
2317 3273 40
3883 674 49
5280 0 88
688 1882 92
990 3819 93
1317 1054 61
5565 3723 45
4217 4830 61
5173 2863 16
908 3541 28
3336 95 30
817 172 81
5049 1949 26
22 4085 92
2792 5210 100
4546 5472 45
664 71 72
5077 338 57
3941 1041 21
1429 634 80
3879 3696 90
3690 294 41
3653 166 25
2935 109 60
2604 4842 85
4495 4401 96
3485 2225 17
2427 3947 55
1699 4196 36
3573 1541 12
31 2382 95
929 3560 68
2673 1792 22
823 4655 69
1291 4588 51
2043 752 43
3759 2106 18
633 1812 26
468 2083 31
1305 4751 40
4530 4673 44
5197 1777 83
409 3812 56
5004 3042 35
1614 3842 76
1508 1068 80
3454 2515 29
1278 1979 57
154 3666 69
174 3389 12
100 673 28
4140 3124 11
3033 668 99
741 3031 79
5124 3018 18
3009 3073 35
308 1031 30
479 3188 78
2743 2944 45
5201 1814 10
951 4027 20
4195 2002 56
328 3134 95
2819 3813 38
4211 3466 51
1849 3760 76
2585 4793 84
2808 2221 16
1804 1052 18
1717 1859 95
2687 3984 36
664 4195 12
3347 706 10
5533 4086 28
3277 2465 70
4094 4950 39
4890 1734 43
4805 715 64
2962 5097 71
2602 869 96
2596 3031 42
1818 1757 74
5509 4310 34
4277 1037 44
1584 1640 73
1370 4414 88
3045 3444 32
5412 3741 86
4240 4073 12
2924 2843 80
1691 3454 11
2938 4264 50
2501 1942 52
4735 5120 27
437 159 92
1129 5561 35
5338 2259 77
623 1333 92
4877 1535 17
3485 1086 32
4839 3416 39
3431 2223 38
231 3385 38
4049 3015 36
2476 4369 91
4902 3212 89
536 968 25
3211 118 63
1312 3600 85
868 658 48
19 277 72
3734 146 36
1199 936 78
832 239 32
3161 4064 35
1545 1692 78
5239 3604 10
2546 4208 13
2126 3128 53
580 1234 10
1412 3500 94
4434 4696 36
224 5446 24
1197 4988 43
4430 3970 87
1238 1838 27
5037 1496 18
894 3189 14
999 1852 29
1045 4038 56
4797 2380 24
3995 2644 41
1040 3840 13
1586 4738 40
2470 3921 96
3230 2184 79
2379 5493 26
766 686 87
578 5493 38
908 4732 78
577 3105 39
4013 2596 37
22 1647 96
4841 1712 76
3780 1127 93
3222 2406 99
5389 4239 29
5237 3929 70
1459 3082 66
5278 376 98
3646 766 70
3541 4445 89
1012 613 16
1835 2817 15
1986 664 24
1447 3067 38
1101 2387 26
4772 3802 12
2749 827 93
2017 698 71
4100 1424 56
3792 2417 98
2242 4944 32
1881 1801 71
1093 4255 69
1226 4471 43
5302 1368 62
526 2283 76
4043 4888 73
1058 1669 17
2251 4333 37
4709 336 64
5431 2122 14
3175 2521 96
2889 882 50
1405 2678 53
5578 1859 48
2538 866 15
425 5142 38
4561 1471 20
2126 3842 85
1520 2679 54
2321 3327 56
3888 858 34
5235 5349 55
5243 419 38
4627 422 72
2980 2787 92
4163 1536 82
1264 259 95
1186 1084 17
916 1883 16
2593 2141 17
2311 1050 66
3491 2191 52
5418 683 79
3510 376 65
287 1117 87
3369 1131 23
3766 2048 98
77 723 10
1425 347 75
5107 4234 66
3314 760 85
4630 4481 87
254 2346 56
295 20 45
4493 3550 59
1354 39 96
5227 5571 35
4571 3740 65
526 1345 77
2607 5194 62
2893 5002 82
2384 4553 50
4798 393 73
2505 3165 65
2773 1806 59
1420 293 69
1248 2050 16
2881 575 31
4360 506 43
1574 2213 95
4721 3824 55
3034 2597 41
2381 1063 38
3343 3678 39
43 149 54
4250 4948 52
78 3544 29
2493 286 13
994 3188 80
961 1690 43
3728 669 87
4836 1651 43
2262 5350 90
5459 4462 25
1171 3901 36
5093 4448 82
21 449 16
3679 1165 46
2205 1518 49
3371 3871 70
5352 3697 27
202 1590 91
3155 4683 99
2818 1292 91
4794 3809 10
3550 3086 70
4480 307 22
1614 1878 46
4047 1748 69
4312 3188 26
5203 67 72
1760 4935 34
2444 1910 34
5100 2366 81
996 3057 41
422 2232 33
1287 971 43
5334 4209 32
2476 1403 67
3036 2682 10
444 2654 23
1524 2281 80
658 774 28
165 1484 68
1454 2171 49
694 3469 10
3535 739 61
3635 819 93
5169 1397 69
4774 3493 54
4080 1105 33
3638 2153 17
3386 600 92
3960 1383 14
4320 3453 71
4538 4303 12
4155 1772 33
2912 588 41
3539 1810 93
1034 3993 79
5530 3560 32
5077 5522 29
4606 2687 53
4969 4993 83
2799 1274 76
218 2760 44
3809 1859 50
1428 2714 56
5141 1623 74
5574 332 56
2020 2892 20
4071 2153 67
5196 1121 88
3510 4290 80
1257 1760 10
1898 3032 34
111 2302 94
2547 3787 36
82 2606 49
2296 2212 40
1773 5345 26
438 1852 32
1642 3520 37
1344 3842 13
883 476 100
5133 1000 74
5008 3120 95
5456 2525 78
3129 3430 16
1145 4522 61
5296 5507 49
4758 3554 54
1688 411 68
48 245 64
5454 1200 63
1054 4642 12
3735 2236 19
1755 2739 70
3676 3830 10
1241 4186 88
3987 686 89
2884 3138 97
2770 2252 81
1535 645 43
1728 1582 50
1984 3704 13
26 1421 47
2215 3701 87
372 2925 86
4397 1698 49
5433 2899 95
4439 5392 75
936 1533 80
2591 3386 42
4294 4073 52
5024 2844 21
316 5137 24
3315 818 52
2133 2128 39
10 1488 12
2255 1174 95
3625 877 70
1676 4545 30
4932 2262 67
628 240 33
698 2671 60
2892 2141 91
3623 3995 57
4290 2621 12
5367 3037 97
2638 4673 39
4061 1935 30
4557 917 36
1258 3031 41
2288 5331 26
1959 2005 37
2120 5430 97
758 1632 45
237 1692 32
3263 11 92
624 2617 16
982 3812 55
4688 5492 42
321 4851 66
2455 2225 68
1058 1284 66
648 4511 15
3156 4831 30
470 1992 65
4407 3489 18
4065 2372 48
5531 4189 95
5493 4914 74
5274 3474 84
1581 3946 95
191 5329 41
3626 3134 30
57 5001 100
4026 3821 91
4837 1689 61
4414 1511 18
1667 905 59
770 2924 11
2379 3330 57
206 806 85
4827 4792 36
1115 2537 75
1538 1375 39
4611 5140 87
165 4768 80
182 1235 92
5284 768 52
2103 1499 35
1328 3620 47
2321 663 70
1169 1885 18
4552 394 35
4460 800 23
1223 2389 99
4356 1182 15
5246 2995 38
4524 5110 67
1764 5002 34
3997 2668 53
4170 839 62
4679 1660 96
1764 3434 50
4277 2936 23
2802 771 82
3745 2034 16
1748 2274 11
1957 626 13
2578 4505 97
3964 4258 18
345 2610 78
3463 2932 60
1636 54 27
1775 1880 46
5520 1466 77
3288 20 16
1151 2197 17
4824 2331 84
2570 1378 83
3556 2221 38
177 2935 35
61 2924 54
4455 754 92
2896 3211 91
5560 2828 61
2578 1678 14
3317 2544 44
3189 3869 63
3085 4267 87
4645 1659 73
3652 2217 35
5104 3084 82
2500 437 28
2341 1056 97
2689 3106 89
5251 5567 33
4214 2237 51
2031 537 15
1152 4412 53
2867 3948 23
4416 1597 70
295 1659 49
4810 4559 94
1972 3909 99
4109 2278 52
1868 2194 79
2887 4239 60
452 239 74
5150 3967 40
3388 2273 48
2026 3318 68
1304 5288 60
1497 622 30
2752 4484 17
2620 1864 69
2860 4337 59
5449 2403 27
1172 1094 39
100 2209 12
3620 3400 64
4325 3469 30
4370 5035 28
2724 4776 26
4157 4706 100
5205 5491 17
204 611 43
2754 1435 25
4211 1308 77
2638 2486 55
2915 550 65
3887 4124 64
3634 384 90
5373 2630 78
2761 2176 38
5310 370 31
610 4648 73
3165 5487 50
2006 5510 72
4 1236 70
1802 1574 23
3086 2535 82
923 3773 10
2053 1909 52
3113 5583 72
2411 1471 59
4960 5355 26
5403 34 49
3568 1408 83
3457 2162 78
1509 1708 57
4926 3641 89
908 3940 15
5357 5094 21
3351 1004 23
3935 1457 66
2175 2468 54
133 442 86
4217 870 30
5380 4938 59
614 200 100
2343 1844 34
4264 3990 91
2872 4004 77
40 2031 14
1335 5336 28
4936 5104 76
1503 3911 99
3607 4083 16
1661 5296 39
878 2847 43
1524 4903 28
2418 348 32
4383 4778 55
1991 702 56
4487 2473 31
2850 1213 82
3351 3987 66
1336 579 23
175 1072 63
3779 4399 42
3118 201 15
1521 2181 86
4473 1996 60
3839 3845 100
4417 4197 32
5437 2363 66
776 3835 61
1910 3854 51
385 5493 60
2963 4443 66
4111 3118 97
3064 4367 10
1447 5316 48
2071 2025 67
4762 5237 57
4868 2299 89
3347 578 42
4639 4230 45
2910 1469 74
4139 5399 70
4192 2143 55
1142 1752 77
2273 4766 16
1614 2569 21
3253 4214 16
1291 5388 36
5540 3144 53
253 3438 11
3208 3027 50
511 4853 48
3256 5382 57
1480 5415 74
1148 5442 15
3501 2734 27
3915 3983 22
5466 3607 41
958 4710 77
2538 3281 30
4579 4274 25
3898 2105 45
4083 2205 45
2302 3149 73
2051 4299 89
1095 1863 77
263 825 10
2690 5451 45
3610 4183 19
4859 5183 32
5510 3752 85
4940 225 58
4680 2855 20
4976 5446 65
3357 683 13
1024 5388 21
1073 5450 10
4396 4849 14
1114 108 21
2538 3275 51
4700 66 50
2627 3988 99
849 5250 81
2453 4714 36
4131 3908 11
2620 5291 77
5190 2318 46
3956 716 57
1625 131 44
4837 3213 14
869 3948 91
3966 913 54
3498 5315 66
4936 3766 43
3349 2056 68
406 1717 72
4776 4277 50
1000 112 23
5519 1608 44
3588 2999 23
3924 2186 76
774 1772 65
803 5489 72
4072 2852 21
5008 3268 31
4240 3476 22
3367 559 64
1203 1663 91
3316 108 56
4939 579 91
1734 1454 46
1439 370 57
1490 5578 56
5445 4233 51
4389 3155 63
2343 2069 18
5117 268 29
3312 897 13
4019 1519 94
1701 5017 69
39 2966 81
4641 210 67
228 5408 39
3453 3989 94
5270 163 81
4138 655 72
5063 5510 29
2932 577 41
2535 3262 91
4641 830 85
4631 5368 52
3107 3731 36
5030 5127 63
4254 953 91
3752 786 15
2161 3612 63
1676 2109 22
644 3296 53
1236 2438 80
5280 815 65
3788 2190 45
2313 78 48
4760 1220 85
1952 515 67
1640 3197 14
988 3142 30
3423 1070 31
3960 1012 71
5560 3108 89
4309 1903 93
4309 2311 58
4525 1920 33
1214 2598 30
4659 3186 38
3203 4228 51
1747 5399 41
4770 1324 48
5125 2670 88
571 2557 39
1833 4208 35
4157 1585 97
2909 3886 96
782 1340 58
3662 704 88
3254 1966 94
1128 2822 52
817 2710 15
1739 3850 65
3543 690 56
5003 5028 27
96 5062 85
3962 3724 53
2615 1968 25
3817 1556 23
990 2354 27
995 4922 76
3744 2895 70
131 2379 62
4013 3013 70
2626 5262 38
1991 1002 59
376 3011 40
2738 191 73
3628 2326 100
676 1709 95
4315 2294 90
998 1122 10
4416 5195 100
2875 4990 93
3073 2045 21
2360 3483 40
3348 4806 42
3829 4049 28
1031 650 56
2715 125 61
1543 710 77
3931 981 100
3692 2351 95
3350 1300 94
4148 1933 94
2785 118 16
340 2006 68
3688 437 97
1697 4587 72
4644 5012 26
311 5073 13
4976 1455 73
3336 876 22
2161 876 15
4816 1946 25
4996 3083 41
5062 4836 77
2194 2932 95
161 2779 63
3714 1302 57
2862 4575 31
3838 778 61
498 1694 33
2618 5386 20
5238 2105 87
4776 2688 30
895 408 80
3339 410 21
5360 3037 84
648 3396 32
4080 187 19
2497 5084 56
2623 314 39
2178 463 65
4514 4417 31
1390 1689 71
4238 3792 91
3525 5119 67
3633 1508 30
2960 233 31
4856 4952 61
4039 4286 50
585 4006 17
5170 4702 67
3687 1184 31
3227 164 74
2713 3214 19
4220 5331 86
3293 1645 69
2084 3654 89
5249 442 37
4914 5544 79
4393 1662 72
2297 150 45
1848 4948 88
2890 4897 21
5033 1930 89
3055 1877 51
1070 643 72
1481 3051 38
5198 3595 64
627 186 39
4785 1356 34
2650 887 89
1612 3298 32
371 5395 11
1188 1491 83
948 1835 81
4034 2280 34
3137 1526 70
2619 5211 73
3731 3536 56
3128 2584 19
2444 2611 37
4903 4699 16
1533 3819 26
2971 1559 19
1826 1699 62
4835 2848 72
38 553 48
1514 1262 45
5332 542 66
3848 4897 56
676 5136 53
4454 4103 29
647 3721 97
2653 4582 82
3900 2544 71
4547 2004 47
1521 4372 87
2639 3528 80
2961 4360 37
1528 4538 49
4066 902 21
4361 444 32
3130 1189 25
1046 2412 32
866 414 47
1750 1099 11
4104 5481 97
912 3319 32
3944 2071 50
531 1417 94
4594 1944 37
462 3417 77
4369 1930 42
4037 23 39
521 3033 79
5453 3911 28
98 1778 100
2791 4235 52
1971 1052 15
2239 4485 15
2526 428 65
5534 5284 19
3501 3942 88
1770 303 97
2454 695 60
2926 1255 75
760 4843 20
5010 5566 85
1451 3826 33
1437 5026 67
3015 5044 49
1057 4545 54
4548 3767 53
3014 1114 68
4499 2387 20
1276 1819 89
1885 2993 36
4793 66 33
3391 1413 13
2113 3033 44
4293 625 79
2070 3142 46
3447 3361 93
638 64 56
4538 2758 36
787 4123 69
1805 478 92
4630 2463 24
2031 4351 65
2162 3216 47
2383 4902 39
1232 4379 10
1760 5268 91
2273 4556 48
107 1595 83
4001 532 57
3468 3957 33
3436 4551 36
3827 3432 86
52 4573 10
991 3955 13
3226 3223 54
4817 1326 37
59 3776 34
192 1381 33
36 1334 13
4836 309 71
4916 4208 40
1121 1149 39
426 2410 56
3885 1020 25
2059 843 68
3618 3890 96
1306 1366 95
2980 5141 26
4320 4394 55
2231 5201 83
1634 3373 40
4915 2936 81
5514 3491 48
784 905 26
363 3033 99
2576 5045 96
3739 582 57
1289 219 46
5099 3115 48
3131 3987 18
3214 559 72
3691 5044 81
2039 2972 73
3792 2521 23
2872 2001 91
802 278 58
4384 523 54
190 2566 61
4964 2611 59
5348 3526 86
4296 2234 10
1120 3658 37
3460 5062 79
3749 2586 30
1644 2205 50
2989 3385 92
1874 4100 26
4344 4722 24
2187 2378 77
3099 1446 68
3502 352 81
4126 2859 84
1867 974 42
253 1142 84
1429 515 92
2646 2185 30
3366 3224 76
4947 2514 10
3179 1619 86
5277 3135 68
4403 196 81
4028 3065 11
4545 1848 44
5390 3557 78
1686 3381 45
458 2057 22
3474 2414 45
1569 2104 35
2445 3402 95
62 2191 10
723 3031 92
2778 4856 11
2244 3342 53
594 4553 64
4355 2256 34
4084 4212 57
1004 1132 13
4045 839 45
3963 5238 57
4197 2815 100
4239 75 77
1873 1793 59
5088 787 38
2237 133 62
4631 1025 90
3988 252 33
5035 954 97
5513 1407 71
1810 1500 43
3858 2823 29
4742 4116 38
2361 360 69
2069 2260 59
5198 1358 88
1726 2602 37
2381 1880 83
3762 1938 85
1972 3237 53
5329 3605 59
1801 3768 26
4098 1023 25
2605 133 45
977 2283 42
1234 1941 85
3557 2626 82
4669 465 90
3251 1271 26
5005 4960 96
3127 321 72
4403 2899 72
3723 766 27
2642 1983 15
129 1385 41
4721 519 74
2810 3769 92
2898 1831 22
3551 785 90
4303 1121 21
1583 2638 49
2097 4295 94
974 1503 45
4575 4237 10
455 1796 55
3189 3626 69
1819 3375 26
3085 412 73
738 3572 27
4851 2924 55
5118 1957 24
5340 3636 20
3638 332 84
4280 2588 61
4829 4308 84
1375 214 97
3782 1808 85
1224 3717 89
1895 2346 53
1197 2801 28
873 958 54
30 5151 46
3972 3275 77
5428 4588 55
490 1688 92
4028 5037 15
1668 4835 81
5298 887 45
4272 1015 61
1474 1504 10
3970 3152 21
1113 1248 61
2772 4839 33
4721 1787 89
2935 2143 99
22 3286 74
4840 3682 46
3792 795 45
1494 1248 23
564 3514 17
79 3439 20
4613 1479 73
2789 1666 97
1678 3496 82
4259 1901 84
5129 1990 82
95 252 38
4325 240 94
5371 1599 49
4166 2049 30
3982 5523 38
3023 5151 28
4904 5359 100
4688 1006 29
2479 2309 22
3981 1079 21
1458 5553 97
629 1479 52
754 3764 68
974 3078 25
1445 3886 51
3953 4993 55
155 1306 32
2207 3850 36
4050 2876 52
737 5227 37
2154 2935 68
804 3505 43
4169 2229 85
730 4295 17
1570 2018 77
3993 867 97
3824 3554 84
5436 4583 49
284 765 64
2586 1986 89
636 3640 36
3781 2016 33
3633 2018 23
2145 4308 20
2408 4951 44
1501 3826 10
4937 2856 91
5117 1779 58
3660 3833 86
5286 3038 46
2797 1457 74
4415 3149 87
3566 4650 17
2139 2221 14
1967 5050 56
2190 1043 19
2243 3936 35
5265 2578 59
4493 1048 60
2150 1534 26
3039 5344 93
743 5491 15
1454 1554 89
3964 2479 51
4009 4160 76
5089 4569 99
3715 4098 22
4505 4195 81
2650 827 71
3936 2379 35
962 1024 20
2719 3564 54
2580 2127 96
1868 3113 14
4668 1128 87
2831 945 96
4466 2699 70
3376 111 42
2561 745 67
3857 5096 34
2478 3217 26
1526 182 36
3813 4343 96
1214 3766 85
3675 1786 64
1612 933 73
4917 4880 98
110 3831 35
5189 2060 75
1880 2681 34
5422 673 13
189 743 23
2911 2100 31
1739 1977 54
4791 2865 53
4019 3931 24
2614 2981 88
2244 4803 93
3585 5196 16
5256 4521 99
2468 2928 79
1821 1533 41
2999 1004 95
118 4725 16
5568 2898 83
3746 1836 43
2176 986 93
954 3305 35
4925 848 28
1511 2584 39
2418 4807 79
3581 4337 27
152 3916 70
926 3166 57
2521 105 87
5224 1371 34
3489 18 51
3372 5124 25
2537 1500 60
3913 485 25
2341 4467 98
2036 5134 40
1853 4973 10
5449 570 44
1331 5347 84
3776 5118 94
2121 2874 90
208 2530 46
1663 3377 77
5294 4319 89
1072 4455 18
91 3343 100
790 2268 43
2578 3368 60
3263 3374 71
827 962 52
2318 4304 65
2680 539 59
4033 1200 69
735 4526 62
1568 1700 76
4463 5156 12
1624 2452 40
1080 4835 31
2873 3713 61
728 966 95
1805 2465 30
691 1536 44
2206 5561 70
144 4326 31
2485 5555 91
4448 4769 76
1951 4139 17
2644 1567 56
2236 5048 69
1036 4279 41
1506 1639 39
2485 2204 70
3183 1103 23
243 5281 92
1818 953 49
4688 4082 61
5142 519 94
2697 1576 94
4234 241 32
588 4012 13
2049 4278 77
5414 816 55
1243 2143 80
1646 2501 18
3681 1748 29
866 5448 48
4254 3347 98
3612 3291 88
254 4291 72
476 1140 14
3065 5203 98
4020 677 43
1809 4980 93
1065 4075 58
1926 4116 53
4795 2956 85
880 2685 15
1402 3103 100
2567 2306 16
2235 3727 10
1657 2337 20
3463 3558 86
4098 5117 14
2642 3634 89
2428 3938 82
2445 3621 87
5134 4885 82
4510 3796 36
5478 1144 100
633 4400 53
4581 2671 23
5326 2882 65
1403 704 61
4266 2397 96
2624 4172 28
1789 647 27
5342 4084 85
1570 3260 55
3226 4925 60
3824 4325 89
61 2019 60
2235 2433 10
607 5096 75
3303 3353 47
4331 4951 26
4925 1531 61
5145 1739 87
4058 739 15
5076 3664 21
1898 866 45
3803 2439 57
3113 4967 97
1820 3705 68
3457 174 96
5374 5419 46
1308 2008 35
3156 2103 32
4277 3039 87
686 578 36
899 3639 32
717 5306 93
3154 828 25
2272 2786 28
853 4871 77
3757 3337 39
4193 1380 75
4028 3718 49
4931 5092 85
3858 2368 45
5338 2390 15
774 1928 66
2315 134 55
559 2970 39
387 4922 44
4462 177 44
1370 3564 73
4795 4285 39
2580 1180 84
4777 363 31
1108 4279 45
498 2270 46
3480 4734 68
316 1697 92
860 3734 45
1696 1046 64
4764 1611 92
1851 5297 61
1749 4973 55
2168 4591 83
5496 5537 44
1401 297 43
2430 5322 30
5204 4753 43
3441 4951 18
4690 3186 59
2598 978 77
3442 4857 99
2168 1475 82
4699 2298 33
5005 4413 39
3148 284 49
1668 777 12
5145 2809 57
5310 4683 28
5309 1002 45
1864 2502 80
770 3793 60
1582 503 56
2485 3438 97
1229 3046 67
4135 1483 48
1591 4570 74
46 2681 45
5472 2072 37
3404 4471 47
5440 4054 53
5247 3459 16
2057 2557 32
2950 3031 27
509 5237 33
4964 2178 95
2927 2590 49
3869 632 19
2201 5166 66
3666 996 86
1973 3767 92
114 2981 49
5057 484 69
2480 4032 89
2781 1563 74
2812 2341 86
4371 5040 100
3734 2288 32
481 2297 27
4680 3882 48
1954 2747 60
3559 4017 93
825 3318 18
5398 2343 31
2115 334 91
4288 2463 48
2321 3214 17
5490 3589 75
4853 623 63
5464 5427 10
4378 204 61
5442 3658 78
596 5172 13
4339 5073 31
3641 1863 30
204 3239 96
1872 734 72
933 5576 17
3454 434 33
3888 4507 22
5368 3462 15
4433 2789 27
3301 764 70
5107 673 79
3723 2983 57
514 3265 55
3588 1183 21
3951 4741 76
4431 2417 40
3979 897 74
1022 1734 59
2308 1210 60
683 3703 56
1407 2331 81
1625 4204 47
10 4364 91
1805 2689 40
3065 3221 84
4929 1144 31
3136 4863 70
92 403 77
81 3009 34
355 1803 30
67 3830 59
1918 2617 63
1076 4723 61
3010 999 81
4184 88 89
1481 1894 90
2430 52 60
865 1213 18
2946 5201 19
1388 1150 90
922 641 12
3620 5201 75
456 2577 35
3489 2344 71
4511 4612 34
2183 5206 17
2042 3742 15
1323 5012 95
1787 5115 74
1714 1123 45
3751 455 97
3939 4705 18
5414 4501 66
2711 4569 94
3784 2733 85
932 223 78
4530 1212 51
3458 4343 12
381 3264 46
1605 2059 25
4416 4942 41
5552 4118 24
903 4937 100
2374 75 65
5159 1470 66
1494 2846 95
5316 1309 26
2776 356 49
1640 4397 98
3568 2072 15
2114 4409 75
2691 5575 28
2486 5122 30
1328 4295 10
788 1389 81
1196 265 58
1949 2163 48
342 1980 51
1138 4305 11
2416 5431 42
4422 867 14
2268 433 61
433 1701 87
2600 3940 29
5434 4070 54
1222 2820 33
3806 453 46
2605 1620 27
4978 50 41
5432 215 81
2213 3300 56
4766 976 89
1790 4854 94
456 4430 79
5155 4842 88
270 4373 27
4661 1964 62
2479 4418 94
3320 671 29
2218 3397 56
5059 225 39
4141 3254 30
22 468 33
1193 2121 99
2352 891 91
4150 620 39
1916 5000 17
3007 572 90
3188 1002 90
709 3030 26
1858 2046 55
3518 3673 17
1095 4895 26
2576 3023 87
4392 4591 25
2339 2398 11
48 1701 28
2511 1083 28
1771 1285 83
2425 5466 41
3953 196 21
1821 1389 94
4490 3951 71
3277 1444 68
3980 1698 18
60 144 14
5505 2398 86
4635 5106 89
1 2924 16
4458 733 10
4006 3134 40
2283 956 90
3068 238 54
5361 4779 60
3694 326 56
1352 3211 74
4280 3646 50
1940 3033 55
5428 3352 38
586 1566 62
2444 4413 38
554 3971 60
4899 3828 70
2233 1278 41
4075 2492 26
4153 4302 85
5426 5560 73
2982 5067 14
3366 2585 93
1850 195 12
1248 1768 15
1101 4585 31
3866 3687 20
5537 2512 12
3148 3745 56
519 2063 99
3642 348 34
90 5042 29
1877 3302 20
3357 2320 48
339 4206 56
2206 4436 78
1020 4594 85
3529 4319 41
2316 2678 53
4829 1661 90
713 3109 59
5479 4462 20
1841 4678 58
5425 4216 90
5207 166 23
112 3726 59
2882 5486 95
1132 3519 22
1558 4273 18
1761 2179 73
2099 5407 48
4001 2718 11
4543 5099 42
4928 3094 13
133 3061 85
2815 3162 91
4700 3269 94
471 1658 23
1621 5200 63
1923 588 26
1001 3044 98
3396 3601 44
1320 4835 83
5286 1372 76
1632 2894 97
1002 3130 69
753 1316 16
535 4813 55
4285 349 16
3501 1001 27
2940 1281 43
3066 1414 31
5190 4582 63
2233 3753 56
530 1393 43
5030 1519 29
1422 368 50
1301 2146 75
152 2147 54
2589 4303 85
4038 2753 55
3990 1748 54
5543 769 99
78 5119 85
1043 4618 88
490 2046 33
5349 2806 51
2622 1347 19
4395 3767 78
5358 5172 40
543 3971 79
593 3961 100
5381 2374 33
4512 1587 93
1804 3213 21
3738 253 10
1788 29 96
1385 5445 69
3368 2572 52
4602 3137 95
1292 584 63
1053 2034 55
4189 5083 11
2502 4430 51
3405 4531 11
3086 90 15
3676 880 38
4682 5497 85
3684 1986 23
3636 2756 94
5552 1067 86
3290 4538 47
1112 971 79
49 4025 24
3536 1645 31
2863 2367 21
1629 4303 98
205 4072 54
4398 4644 31
4023 4255 20
805 5154 57
3233 3127 14
2251 2059 47
5033 4232 99
1183 3189 82
2909 1184 54
705 59 22
2878 757 24
4208 4844 26
2154 4746 36
4093 4245 72
422 4706 47
5456 688 93
3160 3241 30
1363 876 56
3592 4083 53
1024 4246 75
2129 2616 64
1005 52 88
1789 1603 49
372 3252 71
2267 4384 99
2355 4982 80
745 5379 86
3862 3923 53
987 5132 45
776 681 82
664 2939 94
4429 1923 22
2811 149 62
4185 3645 40
3922 1752 53
1857 3550 36
375 908 97
2243 1113 45
420 4792 31
5060 4332 24
2673 20 62
3114 2207 47
5052 1233 88
2890 4580 71
219 1107 48
1132 1521 76
132 3921 57
4691 3114 50
2910 1831 52
4672 4127 45
1397 4700 85
3512 2408 30
3290 775 32
839 3511 33
1477 4164 99
780 4787 91
3207 5131 96
755 71 99
4326 2841 33
18 3408 67
2655 5578 69
1416 3723 19
4579 2531 51
4865 1139 35
1246 1127 83
2649 292 40
4193 2702 32
4258 2307 82
1235 4084 55
207 3310 86
3819 38 60
4896 929 32
4316 4131 48
3984 1084 88
4914 2729 89
3321 2969 37
4224 69 86
1400 1279 33
5148 2334 38
5015 5250 59
4693 700 36
4716 2241 36
2360 1242 48
4721 4679 86
2638 2733 42
2579 160 87
2634 4713 48
5028 3567 14
1682 3245 56
5401 4986 16
3628 1873 68
4139 5115 52
3133 4278 98
3804 3527 77
3016 5175 51
399 2327 62
4813 790 71
3106 4010 46
3571 628 15
3832 2635 91
653 2123 63
2144 3966 96
3858 557 49
2958 1866 25
2158 1925 17
5310 2590 38
5526 5482 17
2227 3654 26
4283 3479 83
4525 3780 46
1969 56 76
108 783 90
4333 2943 98
5117 3584 77
2963 1691 83
478 1077 62
3324 3377 54
943 4055 89
4996 527 14
826 4497 42
2132 4295 37
2943 3292 100
3621 4008 73
4318 2405 81
4848 709 72
328 2570 74
36 3605 10
4168 5288 50
1805 1145 66
3757 5233 93
1812 5315 98
1779 4132 79
3470 301 27
1561 4906 28
2804 3765 26
5271 4631 91
3315 3368 19
3103 725 86
5104 1315 91
810 3132 27
5356 4287 23
2774 4200 83
2103 1405 64
1485 2425 47
10 2407 63
528 5553 55
4807 5203 11
1840 4080 51
523 3790 100
5271 779 81
3569 4987 68
1750 1953 94
1722 1912 41
293 4444 23
811 4912 27
1103 688 88
1096 4581 98
3092 1409 24
3269 131 93
2132 948 86
1561 759 47
1757 4542 16
799 383 50
5171 1297 16
4912 5146 53
1811 4341 71
3116 3852 29
3787 277 77
1670 4730 20
2725 1305 81
4591 4357 11
4729 4014 52
5124 5021 27
1136 1480 57
4812 5274 30
3481 4056 35
349 4814 15
866 3301 92
2756 5136 79
697 3328 65
1221 2899 47
4620 5162 52
2496 1454 39
3861 41 16
2902 2528 52
2089 3335 51
2590 4454 36
2644 4901 15
3674 5484 38
1868 4386 51
453 2465 77
3840 3952 81
3134 2224 74
2002 4564 15
1506 509 91
1183 778 11
5382 3254 72
2049 141 41
2272 3966 18
4835 1573 80
865 1064 52
5273 613 13
5572 483 100
3453 5164 54
3019 2877 52
3566 3058 26
3820 5579 48
1589 429 26
5376 1291 47
565 4788 65
3554 4267 80
5375 3055 49
3888 4669 87
4345 5367 51
2322 670 34
1849 4778 29
2079 2398 87
2487 3453 82
4188 1053 92
5510 1691 97
4981 4703 19
311 1703 42
3992 356 25
1760 186 50
452 5555 67
1348 2537 86
3323 2149 37
3811 713 14
2792 1254 20
3586 4025 47
3306 996 45
430 1911 58
4527 2145 82
492 45 67
1605 5420 93
2002 804 33
2818 1939 43
4760 474 70
3753 2756 48
3712 5451 30
4857 3862 16
4342 3369 15
1273 4584 58
2788 5123 38
2183 1459 17
3953 5538 37
4410 1306 13
2305 2731 48
1216 2849 36
1247 5148 88
3760 1456 85
1100 5127 33
4109 1229 24
4852 1843 78
3399 4461 15
3104 3844 11
3352 1813 53
5325 3469 43
4829 5257 65
787 1619 14
2531 590 31
3455 2627 57
1869 4512 67
2447 2834 69
5027 2548 22
2865 1140 28
1499 4417 85
3581 315 97
3998 3375 48
1475 908 37
628 3348 94
1348 210 81
4864 1243 36
4630 2665 42
183 4380 19
1585 1248 95
4430 4850 52
5545 4235 25
279 5167 54
5482 1718 45
771 4684 53
1138 362 15
2655 5039 94
4903 2638 98
3866 2239 89
2435 1060 26
4830 385 40
3217 4581 83
5485 404 21
2617 4066 20
2751 265 75
2870 2806 93
3558 976 45
5181 356 29
4522 2327 21
2353 3717 78
601 4775 40
4274 3779 39
3517 394 87
2559 3611 64
1098 1999 43
4335 1458 79
2591 3407 86
1295 3941 11
1386 4713 92
3826 3314 40
5097 2579 63
956 5128 52
4108 5374 93
4776 722 96
1873 2958 97
3275 3502 51
5106 3484 15
268 793 24
5240 2836 42
5516 3243 81
2332 3306 92
3944 3927 12
5566 4085 57
2639 3994 76
1643 3266 41
1228 3910 100
182 4782 92
3450 1865 71
3728 2115 33
3369 5487 18
1544 3147 83
5521 5065 70
4702 869 26
3724 2073 19
3118 3710 74
4818 5000 37
5564 3572 100
2647 2780 59
4758 4343 49
4162 4649 95
2200 1512 54
4790 2170 20
3422 4064 86
1315 1238 76
5067 816 84
5222 2690 70
5571 2467 89
3960 2333 71
2930 2289 86
879 211 77
3371 1739 92
4109 2596 18
4214 3891 17
3649 3487 74
4756 3239 19
1392 4024 88
1541 3344 13
5122 2927 30
4818 5134 84
692 1662 82
3417 2937 19
1373 1623 33
4515 4734 12
2626 3155 80
1303 4149 41
5545 5425 24
2638 4008 88
1114 5411 44
5248 5537 77
2539 61 23
4493 871 21
99 4706 69
2449 638 25
2511 52 42
4465 643 33
3001 4226 68
3693 1578 68
3552 1783 22
1629 5125 69
3343 935 44
221 1927 13
450 2323 55
5127 3371 87
704 5438 34
3685 4807 55
2561 217 32
1526 1585 77
1266 4123 91
5373 2605 73
1882 5529 98
3108 487 92
3545 4193 45
5316 1237 55
478 3176 42
4879 5440 78
4455 2464 69
4389 3054 92
2212 492 79
2790 4492 72
3493 2099 49
5204 3006 22
446 921 95
3077 2121 24
1113 2735 48
3068 967 16
4262 4462 29
2313 2268 28
2154 557 79
3631 2884 34
778 3942 10
2463 2815 50
4851 2025 76
4940 4388 59
5225 5329 33
4013 4579 28
4717 5228 21
5554 2207 94
244 4192 15
3452 4594 74
