1394 5984
1293 1036 87
1109 613 94
1171 1178 64
1350 184 55
1361 238 79
502 1031 75
1238 445 34
1366 311 60
321 256 13
1049 939 31
1052 675 17
1179 1198 44
385 1373 71
515 932 35
353 846 72
458 1116 68
314 1196 57
546 955 27
900 1284 40
167 857 92
804 273 86
122 497 90
1133 404 28
30 588 73
972 51 38
711 979 95
493 27 33
216 287 79
1122 399 90
477 991 60
835 656 38
1278 60 29
1284 975 30
591 1144 30
1375 769 98
886 297 79
903 893 76
22 1322 13
1190 727 57
206 1094 43
528 1024 49
289 1204 95
1125 249 17
1295 1139 73
334 1028 32
564 196 83
111 548 72
360 234 75
336 400 42
410 177 11
952 1023 76
164 231 11
736 648 74
120 1011 52
1133 1373 59
59 931 19
950 794 68
823 210 92
892 961 25
178 497 69
1350 133 57
616 940 68
586 325 78
115 274 81
39 957 82
284 1162 13
1064 812 19
976 28 94
1307 226 64
392 1313 50
702 506 73
1143 561 87
173 264 14
826 794 59
1384 270 23
365 882 11
360 459 78
972 1145 63
803 566 74
706 229 91
919 1276 76
646 1157 60
473 18 44
1165 385 86
1046 1220 51
794 344 92
511 943 14
6 709 46
97 334 85
1354 751 73
309 779 30
1089 718 62
172 428 19
240 199 95
268 1163 56
185 749 49
960 238 59
36 625 78
568 242 34
1014 80 11
719 143 37
942 511 47
455 1357 24
164 860 46
592 513 64
957 962 34
387 384 66
121 645 91
701 349 80
135 481 60
599 992 76
1280 567 99
1345 52 33
1163 579 61
231 834 31
362 904 46
947 942 12
867 742 27
332 1178 41
1076 1179 42
1273 635 69
325 615 35
116 1372 50
480 690 73
461 64 92
687 1087 50
1131 812 78
44 40 91
539 1314 51
713 280 97
316 1211 49
911 1037 54
1262 263 24
934 904 42
866 1117 69
220 0 17
935 1045 58
702 59 100
325 1276 60
134 577 56
490 178 93
535 442 87
1037 1014 22
1192 858 91
260 495 52
656 224 47
431 933 56
476 626 82
187 929 74
545 570 85
1333 1145 14
1325 296 61
1071 741 41
47 568 65
172 514 94
875 1265 95
908 380 41
813 731 40
949 1161 96
255 211 90
441 568 23
1265 146 37
862 777 70
1385 314 36
140 517 43
713 1382 99
95 263 37
1258 185 96
902 1063 38
870 82 64
755 328 39
1212 1328 39
252 1013 74
1248 1218 72
1293 339 52
529 877 48
935 621 28
719 1227 98
818 787 95
909 872 98
538 103 100
1093 133 33
746 465 53
1179 1034 36
884 952 60
1194 259 94
549 824 79
354 919 66
799 1383 82
266 328 21
1212 21 15
979 574 88
414 476 76
283 791 48
408 1360 20
226 381 36
408 259 90
1085 370 76
124 55 71
274 870 63
1292 503 33
972 1293 65
804 206 89
467 804 98
777 403 45
176 876 90
1381 1187 25
1347 100 93
173 1208 15
125 900 58
587 104 24
415 1370 99
877 975 58
403 1391 27
451 335 34
143 285 20
966 1003 98
715 1244 97
51 5 89
1246 3 86
606 1379 36
1380 809 34
1268 767 89
942 856 63
1184 1214 74
626 586 22
709 966 21
1042 883 90
464 350 70
1296 392 76
849 702 70
686 563 98
493 249 19
982 1298 82
590 1064 98
366 783 63
628 699 14
911 495 80
277 671 32
188 679 50
1082 7 35
573 154 46
160 1135 15
437 431 88
1121 635 40
744 1062 22
824 1034 89
140 324 87
613 637 46
1368 1357 77
75 992 50
1125 733 85
570 461 34
1097 1197 32
66 1324 37
1125 73 46
1379 1141 19
1340 671 29
672 362 22
836 312 83
921 531 97
401 154 28
46 1301 82
254 1087 80
901 1182 82
1332 962 47
606 582 46
17 1283 84
1329 860 92
49 499 21
445 375 93
936 119 64
222 1174 36
1120 706 54
1372 944 68
771 335 79
666 650 26
1366 933 48
1253 597 48
879 474 32
696 994 47
265 796 75
454 1223 29
389 1214 61
286 298 69
1186 724 60
923 50 95
145 253 64
359 1255 15
687 1180 33
202 1176 19
76 341 98
852 829 30
184 951 30
443 457 59
871 1205 81
73 176 86
1229 456 61
330 87 68
837 1097 66
1283 64 95
369 256 72
1128 195 79
928 829 78
988 1235 83
315 574 95
1007 1220 37
1157 344 33
1175 369 97
420 1282 78
613 152 89
429 362 21
93 30 67
426 1107 65
789 593 58
1243 792 85
1276 738 58
131 761 65
1279 484 86
735 281 16
696 1320 71
455 466 64
274 612 83
780 782 48
921 300 43
1314 690 72
1172 973 25
323 510 36
1306 595 98
477 976 89
45 813 80
536 15 80
1051 459 62
932 808 22
78 179 76
413 506 49
882 1090 42
959 364 23
860 22 44
1250 1076 49
391 1183 64
1219 444 97
1129 834 48
1212 34 75
40 61 65
1267 990 33
479 752 91
863 1154 71
385 492 88
842 954 83
595 757 44
563 414 39
274 1287 50
527 758 46
382 376 39
15 1393 93
1301 1194 91
861 741 11
1030 49 47
192 723 55
744 633 68
681 776 91
1 982 76
6 1224 67
645 976 47
1339 976 16
76 979 76
1116 1140 18
1089 1266 99
911 125 70
577 167 35
618 1242 16
262 98 18
789 1201 86
963 446 61
773 991 90
834 69 81
523 706 33
902 301 37
417 702 76
1101 541 33
142 215 50
1161 648 18
1276 535 32
1080 512 25
1318 517 38
150 1060 18
719 848 61
406 217 82
1271 80 60
280 932 62
655 915 31
979 1153 16
96 1312 21
1299 1220 99
979 1063 19
141 850 93
182 523 100
1062 825 47
663 890 24
589 835 41
1043 1258 72
443 1093 86
987 433 58
254 967 81
378 575 96
1258 250 53
525 883 85
716 717 82
48 1368 81
291 421 58
1385 1117 94
1351 237 13
528 1201 24
629 1014 42
1374 297 100
327 559 61
506 189 68
411 591 45
1346 357 97
224 230 65
1284 223 33
984 568 63
923 1225 55
925 635 48
1256 1048 12
524 1389 72
1099 342 50
180 1104 91
958 1355 92
261 304 27
1035 473 80
856 565 80
56 67 28
991 239 32
1273 739 23
1114 393 16
213 7 38
359 1099 55
818 46 11
620 605 10
997 939 67
1014 176 73
980 936 20
114 1183 11
356 68 82
398 442 98
1266 624 14
144 1220 82
1101 886 68
1263 89 10
621 266 73
70 245 49
1213 1045 29
639 913 66
835 988 78
867 37 66
90 688 91
777 566 36
997 310 85
51 1383 99
431 543 75
973 363 43
1354 228 11
1327 229 64
1281 1277 58
912 1273 21
217 1146 94
467 456 78
1141 1206 25
424 581 43
367 357 94
1280 381 24
319 993 93
856 1179 46
475 1049 51
1170 802 41
581 1163 54
1326 1100 55
1085 225 69
986 1000 26
890 217 49
770 424 55
84 1145 68
1059 130 77
296 587 81
401 437 88
1387 691 97
1262 980 70
454 1239 68
1191 989 24
897 436 87
1243 165 100
695 487 39
154 92 95
305 1193 50
43 147 100
838 1141 93
867 1336 10
67 1318 28
99 357 59
100 920 20
320 159 73
719 1200 44
1117 322 69
176 400 25
73 375 20
737 1282 32
1238 970 81
705 1185 81
500 143 38
333 1092 70
760 994 62
955 499 84
1315 714 35
971 870 99
462 922 25
530 851 69
391 1008 68
412 1192 13
1116 166 75
1206 376 87
965 650 61
646 994 91
1182 75 92
420 805 82
246 1185 16
801 622 78
390 1141 36
100 1091 60
543 42 65
1145 239 53
407 1053 19
1019 1137 36
335 977 84
60 125 25
327 518 70
649 869 13
70 238 86
1238 423 86
754 16 38
1389 999 96
204 164 100
1146 318 96
1188 201 86
160 507 59
564 289 70
691 571 80
1121 1144 68
175 496 58
1059 349 57
497 960 14
293 1151 69
181 1320 12
102 821 82
1222 1256 80
1066 605 80
1332 1214 53
1034 269 36
252 1356 84
222 1356 42
317 249 46
865 1364 95
176 608 42
268 212 83
183 316 89
635 449 42
425 593 25
1169 922 33
110 1392 82
543 906 11
37 1182 75
250 55 11
857 10 90
1222 1125 34
1148 1138 38
376 945 19
511 895 58
694 879 62
142 1062 41
1092 947 35
415 1346 71
638 408 99
1376 345 82
1242 1010 87
872 335 65
1113 926 46
1381 1306 56
22 1238 57
945 1244 16
325 1222 98
30 644 66
1352 506 96
639 194 88
748 462 44
1124 956 81
684 871 74
1130 1315 20
1121 142 69
723 445 72
1015 66 79
183 1056 100
561 1056 43
37 991 15
529 1276 88
1322 509 22
516 1218 16
1313 865 66
1051 1311 84
423 877 49
420 467 62
776 745 59
709 542 63
1177 715 70
1384 1292 84
1026 394 58
780 193 66
267 1007 32
1201 729 59
636 427 92
1265 1163 13
106 1260 45
15 847 75
97 743 95
573 770 80
875 531 64
697 624 82
113 80 67
341 561 36
1214 1343 76
1346 336 25
1348 433 61
854 799 61
1374 54 18
655 628 39
834 279 34
903 711 23
136 962 84
686 320 94
445 770 28
1198 604 12
1378 664 11
241 1066 54
1245 1305 88
459 833 42
892 948 76
670 515 52
363 1248 93
1222 351 37
264 8 82
13 844 51
200 1285 20
822 1328 64
1251 1353 56
269 1363 38
512 1289 63
826 61 76
518 251 50
420 713 38
594 1241 71
1106 818 30
470 849 69
104 1179 58
41 562 97
683 455 97
1012 857 17
279 956 45
15 230 15
276 910 13
545 1248 35
751 294 76
1373 910 22
898 621 49
643 856 30
575 440 43
476 1392 25
695 209 50
555 179 63
340 479 29
833 1031 52
874 495 79
15 652 63
848 610 26
406 1156 56
1310 405 17
542 1049 41
372 1179 49
31 711 22
509 613 47
782 649 42
522 498 90
63 697 99
315 296 34
710 219 36
1284 1392 72
494 297 94
603 837 81
1187 22 58
707 720 85
916 487 73
1275 215 82
1176 1201 62
142 1099 60
962 91 23
261 1209 64
276 266 72
523 294 35
579 654 55
629 1057 21
415 1219 99
791 1112 64
761 1310 72
739 502 25
1029 901 76
110 1183 32
461 145 53
982 143 45
346 1009 54
159 822 21
1284 33 54
40 948 19
144 1176 48
128 248 20
847 109 64
1277 242 88
1168 411 32
756 447 80
145 42 96
208 1187 96
1247 706 97
1115 1378 14
666 1265 93
851 993 17
177 1054 52
180 589 23
1125 1179 95
689 1128 13
1273 846 97
1185 948 74
337 136 26
767 130 63
1082 994 14
295 860 46
1294 1273 62
185 569 71
719 686 48
419 1352 73
682 1083 100
893 644 81
190 1027 87
702 733 68
550 504 29
857 671 31
96 431 48
1056 527 19
1202 1140 26
589 1257 84
326 651 45
1135 543 10
1149 510 84
890 1063 80
494 476 50
68 262 44
770 1347 10
724 38 25
544 517 68
15 971 37
829 1168 41
848 1269 43
139 946 72
40 1143 12
572 207 64
911 190 98
1044 75 22
120 595 93
474 563 22
1238 1349 64
683 771 49
1177 487 57
859 719 80
1355 1186 87
125 795 32
1363 695 15
1216 1096 64
669 68 51
964 832 87
45 1313 62
605 1255 46
1293 898 63
483 670 39
1303 245 83
388 1215 53
827 983 35
1331 812 43
1060 199 66
454 704 10
610 836 84
277 1038 25
1230 1182 84
505 408 30
137 410 20
611 332 59
1118 678 30
261 710 25
162 228 25
136 1221 13
505 203 98
1195 528 32
1093 665 100
651 1381 79
211 190 91
819 639 15
125 432 33
916 134 79
892 944 57
257 958 94
120 645 43
939 788 39
1215 83 16
1066 634 53
104 886 21
1351 690 82
531 593 18
708 295 27
52 1171 39
629 490 23
1224 590 97
235 345 70
32 1374 87
643 672 32
385 76 15
1281 1302 47
1349 325 48
667 885 78
1217 31 46
795 764 79
316 1233 47
691 895 22
857 494 38
602 950 37
976 50 71
757 478 50
873 380 73
650 782 48
1208 946 100
878 274 52
669 644 86
403 133 65
460 2 16
226 697 10
50 1189 92
589 1124 69
1325 1309 100
526 375 36
829 884 51
440 198 40
688 1289 32
609 1041 29
1225 505 94
1115 903 54
909 515 24
1140 227 72
528 523 61
195 1372 37
508 284 47
168 1334 60
657 150 89
1110 601 15
429 108 23
1209 128 90
482 1307 83
316 613 49
119 36 23
1363 436 36
461 1263 61
538 63 61
940 864 51
833 815 93
677 925 15
315 151 22
236 425 68
1115 352 58
330 783 94
506 1088 36
480 180 22
46 1259 15
1102 528 53
532 1210 84
962 1255 89
1391 694 57
409 1357 38
648 266 83
342 356 56
274 181 57
54 1264 19
1029 454 82
278 1333 62
181 276 38
1226 1112 49
720 1180 86
115 794 40
254 983 36
3 275 42
777 1125 55
629 1235 36
433 351 32
997 247 63
544 513 93
604 691 29
1212 677 92
1102 588 83
51 176 58
1176 434 68
948 430 11
1025 516 50
135 360 20
794 909 35
53 688 70
519 251 57
121 1333 11
210 809 20
257 876 26
894 304 46
1251 939 11
812 1019 30
196 1116 41
1032 344 44
487 554 58
103 1196 84
1028 303 42
1107 368 31
189 835 52
800 572 59
653 485 10
191 10 83
269 639 77
454 667 91
466 686 15
899 877 77
848 949 71
679 1390 96
964 735 33
155 1232 62
195 500 75
330 1345 23
520 1377 36
1226 579 69
642 288 12
210 1329 65
1086 716 91
1054 351 29
644 1022 32
760 1074 33
1301 1102 20
1339 1304 59
1134 685 59
1175 885 86
1298 441 53
794 407 12
1308 733 91
587 901 27
315 1381 64
1024 292 40
401 272 32
896 1289 71
0 1124 79
683 1262 98
57 1175 31
364 585 79
600 192 36
421 894 42
1015 581 89
118 1144 28
436 257 66
143 450 22
446 1325 72
83 484 18
870 1026 57
37 1154 93
473 155 32
1324 2 49
40 303 74
1314 274 99
1070 955 72
970 1262 54
1345 718 26
822 700 99
674 785 95
461 294 22
920 181 19
591 478 24
449 803 39
1009 830 98
835 755 41
1072 370 69
402 167 87
1199 430 78
1033 466 74
516 52 73
1056 805 99
316 678 52
360 1302 93
110 1096 62
381 842 42
315 178 62
283 225 12
1343 505 74
738 302 48
729 323 60
1247 60 83
1300 1005 95
1158 1351 76
707 713 83
498 184 24
1232 416 34
281 1280 11
913 74 40
1011 1055 63
913 1188 98
3 782 75
1245 17 14
730 296 33
972 264 63
1041 1177 73
309 193 77
977 1135 62
48 1323 49
946 812 10
1113 306 60
59 144 46
41 1157 98
403 715 39
984 224 52
1173 772 35
4 843 37
1260 157 76
902 1206 79
1094 416 77
910 1153 22
579 859 66
1168 1382 10
697 686 78
1231 561 23
405 359 16
928 306 84
409 558 19
359 1368 34
1245 1263 97
78 864 33
1346 506 29
554 467 45
245 80 50
567 790 52
162 214 62
1110 287 74
220 578 63
1336 29 100
1237 705 57
485 615 18
875 586 57
268 784 61
405 1218 55
794 42 93
368 787 80
518 816 89
993 330 43
849 624 42
196 821 99
627 134 79
1268 28 20
238 1304 93
1172 310 77
115 907 81
1090 1100 83
822 972 84
332 478 96
949 121 93
697 1102 37
630 1147 70
181 506 77
32 647 12
482 931 74
1027 669 83
238 394 52
363 446 100
486 801 65
828 271 99
467 1127 65
8 127 66
726 935 72
776 922 61
985 571 32
1254 213 21
217 577 60
268 395 14
632 462 43
381 376 45
829 1183 36
328 344 54
261 25 64
832 219 56
500 277 84
990 968 74
262 272 18
602 147 90
147 891 82
732 613 26
363 892 51
533 277 61
644 1176 48
1238 20 72
1072 1150 45
1315 447 54
1274 566 56
1266 1144 78
248 457 40
507 120 94
208 1031 55
1095 911 29
464 189 78
1349 947 73
563 995 39
943 1243 69
177 464 87
651 1289 68
67 19 94
388 1218 42
1161 124 58
1001 1264 55
579 1091 15
1166 325 51
569 707 67
862 611 46
887 836 22
201 1152 16
254 299 66
315 1160 57
1079 754 52
201 1256 70
173 294 92
1091 684 63
1015 664 18
1030 619 89
793 241 10
39 303 21
1195 664 70
469 137 56
195 502 86
874 1009 49
993 1317 85
1385 848 84
506 136 46
685 1096 17
224 343 45
761 64 21
546 370 76
528 19 61
698 146 96
393 712 74
502 525 12
124 1366 11
298 1104 100
1167 589 47
126 558 66
604 1002 41
593 969 50
1292 989 66
699 1172 62
1359 265 73
171 101 58
683 1269 57
422 800 63
173 290 20
992 1066 24
952 806 33
923 1193 16
534 18 89
91 1167 13
1 827 24
690 910 83
47 614 97
840 791 49
763 78 57
781 827 33
1156 1370 86
225 477 26
106 995 87
1334 1355 66
87 219 20
187 119 26
1114 710 85
587 763 81
975 710 20
127 430 26
334 459 28
842 779 75
778 183 75
213 1388 60
454 1286 20
452 1104 30
56 876 53
569 619 47
1192 471 69
417 1168 52
618 1105 90
151 0 21
665 853 16
254 252 40
893 150 61
923 677 68
1352 416 25
297 616 26
901 186 77
1050 867 81
914 934 12
368 984 54
1281 820 77
771 1003 22
277 870 89
506 988 10
752 278 67
920 836 49
1375 710 31
57 132 49
492 1205 49
1223 331 84
641 1047 24
956 1269 52
989 834 88
993 812 63
905 1019 43
82 1027 68
1010 1224 32
95 441 100
178 181 76
950 1243 61
713 455 79
157 253 93
1100 167 36
264 676 71
1106 1147 80
739 880 64
1172 1118 49
705 86 26
614 276 58
440 182 24
687 644 95
907 15 15
325 288 19
417 1351 36
1170 911 53
986 19 25
414 946 83
715 235 94
965 1371 95
1069 828 33
733 1165 64
265 73 83
1002 173 48
100 63 85
81 1360 70
205 607 82
1064 836 58
1345 409 27
368 169 30
396 901 79
592 267 57
850 1230 64
915 559 71
350 727 85
1193 1032 74
348 846 26
507 471 37
809 596 81
979 1188 27
728 297 39
95 97 90
581 748 21
33 1188 61
1064 19 72
210 427 29
653 809 100
124 238 27
1018 1002 74
1122 726 26
830 826 99
1201 63 77
368 975 95
445 1329 93
959 104 76
882 1008 58
553 47 69
1011 350 97
952 377 87
408 735 99
842 837 55
156 209 46
1370 1114 80
1224 661 100
433 505 85
664 1169 98
820 486 94
1045 600 64
903 728 94
263 1100 90
497 1253 31
259 622 91
610 216 18
573 0 79
1213 823 68
62 1092 42
164 458 35
38 873 24
1293 527 44
338 760 78
1075 104 29
188 396 33
1388 179 38
110 822 79
394 80 52
858 905 33
977 642 30
1309 601 97
259 54 66
1086 781 89
1103 816 54
1236 140 75
977 552 32
346 430 54
954 1031 15
429 266 96
746 1011 89
764 9 79
1197 769 94
584 1287 45
108 736 90
330 122 25
435 153 48
445 504 21
224 276 55
466 209 70
627 442 98
1087 757 85
840 557 19
1191 876 16
1362 889 98
1194 209 22
769 1120 95
151 60 22
336 1293 17
1341 1016 22
963 811 63
662 286 51
17 943 50
354 814 26
379 880 61
487 1369 90
154 271 36
1203 795 72
443 432 18
106 48 44
1311 124 61
782 914 30
498 975 43
561 406 72
387 392 36
1024 1364 15
369 574 44
1298 281 80
477 44 84
755 791 95
208 262 64
321 1369 18
821 573 63
1381 1312 10
995 437 57
1351 750 28
1325 512 48
1180 567 20
597 610 13
932 651 64
466 891 72
1067 353 90
724 1116 99
467 486 45
758 607 23
766 49 55
979 1163 58
407 20 54
975 734 92
727 787 59
934 1172 29
387 643 39
1295 850 27
714 18 94
1321 62 81
1082 799 38
820 474 41
540 295 78
253 718 68
46 869 65
1002 1296 84
393 368 52
279 892 90
1009 130 47
233 94 17
739 172 29
120 714 25
815 1027 86
119 719 75
1342 1307 40
923 331 53
10 995 86
454 1199 91
903 1305 62
1190 472 48
113 1320 59
336 90 19
933 1066 64
884 411 61
1128 915 83
375 1135 33
1073 924 52
909 685 62
29 539 14
891 524 85
616 90 19
169 971 23
655 45 25
827 721 87
1085 0 43
278 863 82
692 256 98
235 1029 21
463 367 48
58 1369 52
548 543 79
270 650 12
1116 1276 88
1149 650 56
351 839 20
752 472 72
1230 115 73
1099 54 75
794 648 86
288 9 64
1277 54 41
1015 1079 33
1217 480 22
76 986 66
605 10 68
803 406 72
1086 97 92
392 541 51
1058 597 13
368 77 33
606 358 15
449 605 25
656 714 92
860 489 96
132 840 88
860 1353 20
327 432 72
834 172 84
1078 331 68
432 765 53
474 808 86
533 1040 44
1297 746 76
160 1389 11
1115 1364 73
178 944 39
792 1332 32
142 476 25
561 1241 16
579 374 38
552 4 85
1051 265 71
657 720 40
787 1357 32
848 38 23
965 1281 90
363 1194 55
950 789 45
420 1389 55
1162 814 50
1269 731 91
457 1317 13
663 200 79
1242 701 98
369 911 69
1026 134 42
980 81 100
1269 113 95
1373 1358 21
820 473 59
117 1146 72
1297 705 80
268 606 98
885 1120 56
1135 296 72
176 743 85
1230 461 92
784 308 17
380 592 66
1198 443 44
901 834 56
1247 2 59
1154 1261 57
294 239 28
221 63 100
805 542 80
590 238 64
339 89 70
775 1286 59
722 848 84
222 350 90
842 641 52
899 348 63
783 610 87
22 639 51
900 547 18
1039 200 16
409 1235 99
1176 790 78
90 333 48
634 727 69
814 870 13
677 788 72
866 377 75
810 658 12
483 598 31
1226 1241 100
1139 74 28
1128 1261 16
10 856 71
411 151 54
453 942 71
444 1139 28
423 37 95
899 1342 18
141 766 37
860 1024 10
1052 670 98
1255 1295 100
472 731 16
1351 582 42
806 372 66
308 1252 52
711 808 65
1286 1190 62
362 934 77
685 1245 93
6 4 30
156 1261 71
419 983 76
791 731 97
1056 1123 52
295 1215 34
726 937 61
886 1009 11
507 767 23
485 923 89
803 832 15
297 1144 69
1068 755 63
318 249 31
35 1064 51
192 315 52
1218 628 84
782 1251 91
904 481 94
566 1059 86
578 1104 31
62 829 44
165 243 48
109 97 36
415 1043 68
329 867 82
786 1388 16
1142 695 22
853 1283 96
97 698 68
676 1329 37
1329 36 72
117 52 72
1057 402 43
1081 1069 75
96 1185 40
1072 1331 12
801 330 88
419 79 79
1192 704 64
354 1182 64
996 1258 17
897 797 43
293 915 36
650 1295 84
204 354 65
453 66 46
299 1075 64
501 574 14
866 1015 54
850 887 58
886 438 81
1198 225 44
1122 907 51
940 1005 97
886 175 89
547 1229 98
189 1122 22
268 1193 70
1213 660 91
694 844 66
245 1091 54
4 1021 76
134 1382 91
995 312 50
800 1028 60
130 1208 76
583 1286 66
680 1191 89
573 166 34
148 984 48
919 79 99
1140 189 35
490 934 88
163 752 63
965 481 93
1174 709 82
578 762 96
575 610 12
310 621 67
122 650 34
14 729 52
1136 1344 45
1176 278 51
936 1212 17
995 693 54
1052 175 75
153 6 46
236 174 56
609 1373 72
159 1239 70
1318 952 48
758 1293 17
611 744 39
27 294 66
774 234 46
57 1365 61
572 975 51
598 224 31
59 544 41
49 1274 79
993 1359 53
1002 1201 18
432 1262 90
68 1334 57
207 235 53
149 1272 89
1011 355 31
1380 607 56
629 121 65
1021 624 59
161 1328 11
924 859 77
62 1299 42
162 1381 46
320 1166 60
258 211 31
242 223 90
239 139 13
1145 1220 26
821 453 59
422 268 12
234 1031 41
1148 220 19
1104 49 27
1072 429 64
158 1187 62
1090 216 39
331 219 74
332 49 80
1176 766 95
1 1184 33
525 517 17
80 405 13
1086 606 45
638 1084 15
216 436 54
186 1165 41
464 1162 10
626 792 85
782 743 16
1185 1184 36
1326 169 71
165 372 96
628 46 91
1174 31 60
224 273 59
1047 313 88
854 1353 61
626 877 84
574 315 57
1329 312 10
885 726 67
1156 673 29
503 1061 98
321 188 96
403 841 93
1233 548 82
814 1184 96
98 1081 13
447 979 46
501 1279 71
815 145 10
329 731 45
444 1219 37
957 921 32
880 37 13
1229 1125 24
300 298 49
23 322 87
1173 656 27
13 915 21
1164 581 68
407 316 41
204 865 71
790 296 48
106 1047 60
1360 1287 69
607 745 70
1036 169 96
172 558 23
877 970 59
147 1235 94
635 185 80
618 588 79
923 917 94
1212 95 15
110 273 45
1027 985 69
919 1002 95
1123 1145 31
882 24 79
94 488 51
906 734 71
699 956 78
801 54 77
211 932 74
233 69 52
799 69 27
281 908 18
982 533 88
1326 1200 30
60 813 52
948 875 61
1286 1368 65
1378 488 78
1068 108 54
1208 28 38
428 827 22
903 428 52
25 1143 94
51 1013 53
567 252 72
340 157 68
101 877 37
1201 423 95
772 790 73
243 1129 30
1083 273 92
808 676 48
1098 1104 38
1178 92 39
478 988 92
560 311 81
1129 216 64
1195 64 37
275 556 41
398 1014 33
409 1354 75
183 894 53
483 69 68
1018 161 32
414 1260 82
221 1131 59
700 797 29
610 25 73
244 1115 89
1156 1188 24
471 495 96
770 179 69
1191 1007 46
742 1288 100
1127 1154 78
452 728 72
362 898 12
395 570 51
739 524 97
233 930 60
1204 473 64
1324 893 38
1153 422 82
721 96 56
9 283 80
1213 664 48
1279 595 98
1007 975 99
395 998 91
659 149 70
1007 1364 35
1028 1125 66
158 297 78
1202 719 100
463 3 63
1264 52 56
412 37 93
157 1071 95
74 1116 22
859 754 90
342 1135 56
768 250 91
78 165 41
160 526 76
612 808 52
75 379 17
874 1333 80
852 1267 13
1075 1071 83
796 1112 93
374 964 77
1040 1110 56
947 1092 72
1155 323 59
1110 526 54
36 1047 96
663 787 97
1165 1248 99
85 917 97
161 401 57
294 1239 57
650 424 23
883 178 34
631 20 71
142 1157 26
548 310 94
1272 1374 95
1114 1035 66
713 294 32
990 549 28
520 248 72
1238 1203 63
29 672 16
96 1221 14
818 312 45
6 451 69
667 342 14
1003 130 28
1128 756 30
883 490 23
1128 1236 44
1085 112 14
925 525 86
1351 423 15
1019 1389 84
300 1246 59
913 891 29
848 1080 97
1158 1178 52
250 1246 17
1184 908 70
1048 1035 44
1252 3 39
1248 547 86
107 1367 96
1387 897 28
476 674 92
348 314 33
597 1178 83
97 971 42
756 1110 57
1161 607 86
1145 1071 74
630 1196 40
1353 456 94
740 422 67
240 765 40
1105 1180 69
1385 1291 94
1360 656 99
104 703 54
1215 1103 87
994 972 11
1029 580 89
563 1161 63
1035 92 98
720 250 70
955 5 86
58 1002 71
901 223 97
242 482 27
163 218 71
553 936 85
1317 219 79
1205 1203 42
47 1250 46
1147 58 78
1213 813 94
130 850 65
1361 1243 34
1002 1194 61
1249 844 43
863 46 90
405 583 100
129 14 84
588 62 100
728 245 36
1174 623 18
577 1254 60
323 945 11
1313 1048 10
675 1041 61
1237 1137 63
1254 545 53
726 988 33
302 870 41
73 710 85
634 246 24
423 1218 40
390 1016 72
1314 512 64
604 653 89
745 1221 57
166 408 89
766 963 11
1142 743 68
635 542 68
1393 508 59
613 163 13
520 299 14
942 388 81
437 503 62
94 386 34
1080 193 12
440 1275 68
1137 42 49
1002 451 87
499 1133 73
387 791 75
450 1040 16
336 496 53
566 1224 41
599 585 59
72 159 80
699 832 39
858 1173 94
1366 529 87
138 711 27
60 659 56
362 369 49
1387 867 34
1141 1295 62
1119 35 22
692 189 49
874 710 80
39 1371 10
1020 141 97
169 137 72
1388 356 66
219 916 90
843 134 79
197 600 76
975 1272 52
156 1162 19
1126 519 30
612 620 52
988 8 64
534 1161 41
304 1351 49
1101 834 68
296 1025 55
1131 425 60
454 559 35
597 1009 89
163 920 97
18 1079 76
1038 629 26
965 408 91
1200 983 20
480 946 23
783 670 26
1227 1326 20
171 1265 33
247 1222 94
1017 115 23
411 896 60
1190 179 57
560 246 14
179 1161 68
1021 1269 92
617 400 17
1331 516 85
415 674 70
434 554 91
988 356 65
1303 706 89
35 758 93
435 727 41
494 131 48
614 796 70
196 669 28
281 427 74
143 1379 71
979 8 61
1274 20 84
480 464 88
758 1015 10
314 357 51
341 1001 82
1349 861 10
1150 946 73
377 845 78
1036 1049 64
1048 524 87
911 98 98
72 470 53
818 146 75
710 363 17
675 94 79
1105 925 92
1166 1013 53
940 93 77
620 239 50
87 570 28
705 1071 50
200 284 90
21 1013 17
248 727 23
53 273 85
788 370 57
1129 1227 39
1180 443 13
1226 713 62
284 1119 55
242 943 54
979 99 97
1379 1192 61
171 1334 40
33 1015 45
148 1067 89
451 678 52
1228 1392 47
501 747 17
1283 765 37
1046 350 22
45 719 46
1195 779 57
401 822 88
1328 519 73
1158 1366 98
377 424 78
255 988 51
1146 689 74
402 378 12
878 686 75
417 287 78
1129 38 100
682 681 31
948 1105 71
1052 438 75
392 538 77
693 1266 28
899 762 40
86 310 79
295 210 29
484 271 29
329 426 52
720 1063 26
117 643 49
272 108 44
284 753 100
48 970 52
254 669 45
1020 687 71
440 248 92
86 494 21
667 691 65
524 788 91
303 861 16
389 1182 73
375 1161 54
1373 926 20
719 75 44
830 1245 31
1268 75 93
1190 329 10
1306 608 16
877 653 55
1385 928 36
1005 1002 76
579 114 11
250 1368 71
103 640 45
116 833 41
390 785 80
1196 1132 16
99 400 72
399 74 52
106 994 75
137 391 43
585 573 42
1254 1352 73
464 740 13
961 887 77
1354 1393 92
1195 651 30
973 538 56
648 493 76
256 131 78
468 319 13
167 529 94
725 902 10
511 170 95
1168 1035 25
908 1344 48
1129 1044 86
711 693 35
854 44 34
810 755 53
570 35 62
1263 519 35
707 368 83
455 1031 90
146 978 87
1347 906 39
1074 676 32
1079 1147 52
659 734 57
304 1367 76
170 342 77
710 980 62
631 1075 42
1131 760 54
1183 680 23
370 64 71
1336 191 81
1325 186 80
545 149 94
119 592 85
1271 700 45
676 524 41
1342 254 87
1201 255 50
526 1392 69
774 1194 37
1236 1343 80
267 532 15
645 516 85
1123 723 78
556 813 67
1039 1258 71
621 452 53
1140 1349 37
846 716 44
512 214 57
726 965 25
1308 75 12
684 178 28
1082 665 63
570 160 30
1157 508 24
179 573 58
94 577 48
1389 87 86
460 134 92
1004 840 35
1004 812 26
603 1225 29
94 255 69
746 548 13
641 1250 10
578 722 16
936 1375 20
656 680 94
666 179 67
439 267 19
152 784 97
1228 397 48
1159 380 61
817 246 69
500 518 83
150 846 51
271 1142 71
881 1047 98
1107 1102 33
555 1116 76
999 476 10
594 516 44
37 92 36
209 796 61
534 1164 56
1012 257 66
1362 11 23
314 1309 85
1260 1309 24
1244 315 78
112 413 55
887 1077 33
1189 718 63
77 1237 75
633 436 64
908 1018 67
247 888 57
305 1232 15
401 1382 65
963 754 20
969 1216 99
310 985 21
764 1178 43
84 965 90
413 610 30
495 273 19
434 223 12
1142 697 84
662 353 79
430 949 98
1274 653 74
480 98 69
855 274 85
117 505 62
912 1339 86
307 1255 96
329 715 41
297 910 54
1227 172 64
552 1292 60
623 100 65
1305 656 50
476 1265 57
409 938 32
993 1166 22
550 797 72
349 967 81
124 1137 33
1233 784 22
1336 1117 27
1331 1198 17
1112 540 26
1122 557 97
357 1106 42
617 1185 11
238 363 84
480 534 52
415 1130 70
667 236 15
819 553 86
155 738 25
669 1171 61
343 620 44
1344 616 10
14 1130 26
1109 52 35
1055 173 32
564 752 44
1323 183 94
1352 1162 29
116 19 15
407 168 37
1311 1180 81
1213 503 21
44 1253 59
964 667 57
1297 1077 16
681 315 26
472 648 58
284 1279 84
787 1288 22
341 209 83
772 901 35
129 540 99
810 1234 88
715 247 67
524 928 14
1371 1272 93
1128 456 18
725 380 98
358 732 98
1019 1384 62
225 11 38
1356 714 93
764 1374 46
52 1336 36
996 792 63
595 922 18
1017 1292 34
1010 1034 59
632 1171 79
1265 505 98
714 17 32
461 111 85
626 1308 25
314 1300 31
731 567 15
684 1 86
702 606 55
1190 184 24
797 926 55
666 1132 94
1059 978 21
1159 346 26
1356 1275 93
74 1284 25
668 530 70
74 8 16
129 986 60
470 1114 76
1135 540 91
1296 246 60
1308 896 55
418 1364 30
666 579 41
475 1033 64
930 263 44
735 988 65
1342 558 56
1344 460 66
971 705 26
1017 540 13
1102 874 60
1342 997 60
582 1345 15
401 1146 43
170 877 17
132 1134 10
1389 856 55
909 184 26
676 498 17
471 39 63
1379 130 30
901 991 90
13 652 46
81 1077 25
230 133 21
597 43 31
26 1083 40
868 60 53
1201 1089 31
1194 1324 100
632 374 87
1325 50 55
1141 350 85
1104 820 45
408 630 55
1289 988 21
1347 1386 12
500 1279 41
1190 952 10
200 466 45
273 1372 33
1209 223 98
109 917 35
399 1235 91
17 283 16
486 185 78
621 1141 45
1342 259 19
1381 602 26
1025 901 67
212 296 34
775 59 62
459 784 27
829 810 81
378 940 65
153 1039 94
730 806 11
690 771 53
723 662 94
128 769 26
1305 171 41
727 1162 18
1235 1369 88
1319 863 56
666 872 42
391 121 98
1082 614 59
388 217 88
948 831 72
122 1307 13
1014 179 65
694 246 82
707 843 100
638 710 23
1149 1241 16
271 1305 67
822 1238 77
551 894 35
1258 103 51
1233 938 19
394 1323 62
310 1180 71
193 572 35
981 490 50
49 100 54
292 1273 48
771 992 12
1358 1204 26
456 76 73
1086 835 17
1104 783 91
242 829 17
166 153 17
1115 1074 10
126 739 53
508 389 61
277 590 50
129 13 24
1281 762 28
773 209 23
148 137 41
109 1192 55
1236 766 76
558 626 85
1053 361 81
1090 1384 52
414 1003 38
1271 309 35
633 525 97
1234 570 34
924 1183 53
1171 370 35
120 1160 20
1214 1370 32
954 697 43
743 1390 93
234 776 78
217 882 11
904 59 83
1103 279 71
25 1307 58
233 954 44
259 900 98
799 1258 42
1333 516 12
1025 197 38
684 159 97
762 1277 53
448 1299 81
22 665 19
1020 724 51
1056 994 36
1282 781 99
696 492 42
371 389 25
1233 384 43
487 1 44
984 203 40
970 1252 17
201 677 26
367 336 45
242 460 34
729 224 87
774 877 78
1249 751 45
293 782 78
545 677 47
659 527 29
216 850 25
1289 21 65
699 1376 83
192 315 64
1291 737 42
1006 1304 34
485 500 67
661 1232 31
277 790 63
532 885 79
336 974 38
96 86 19
610 1062 40
402 266 28
1240 318 36
1283 633 23
185 1321 42
1097 839 61
355 1111 32
887 553 57
48 323 27
1063 796 58
707 842 16
779 816 25
183 791 42
671 954 21
53 608 40
1013 144 84
140 499 82
59 208 56
28 1375 56
302 255 20
787 280 93
787 778 21
676 1381 35
432 311 86
1206 907 26
1393 1218 86
807 830 31
944 1156 10
47 381 78
155 302 93
1295 1044 65
459 1306 24
341 351 50
325 869 83
1387 23 99
413 68 87
345 1044 45
119 1382 30
594 449 35
494 2 43
882 1213 46
537 1192 71
597 924 100
200 17 67
1020 419 19
906 399 12
282 708 33
347 608 63
1129 805 68
576 653 57
1375 430 56
1350 1327 16
1169 825 48
534 190 24
1019 669 21
63 1004 72
1158 952 99
194 378 93
189 151 27
375 940 45
455 87 84
317 1268 14
1184 300 66
1193 555 24
226 570 81
1039 1333 80
458 1272 28
725 867 80
145 718 41
1218 659 41
807 1249 75
60 828 29
283 370 17
1205 143 16
484 966 58
110 67 54
803 721 99
1175 659 40
292 1090 12
1345 284 30
140 1043 29
1208 226 52
1253 1095 74
725 1338 16
1289 677 95
1209 681 63
845 552 73
935 506 77
145 668 79
708 268 27
1076 1014 51
1153 369 37
74 1108 10
792 247 11
440 795 53
66 239 18
1176 498 69
818 527 69
250 834 47
1251 765 96
302 493 66
863 1382 40
630 358 58
190 623 78
861 782 38
1228 674 68
676 1207 18
1323 1262 47
472 721 71
861 732 36
638 720 64
903 704 72
833 43 68
1207 384 48
1158 1174 83
380 13 86
729 461 24
803 459 68
4 1322 58
630 249 93
703 535 45
149 610 83
7 8 88
1346 303 21
965 26 54
148 165 25
982 123 54
1171 912 66
413 512 16
420 761 17
331 822 54
1023 644 29
161 796 55
53 1301 43
179 134 78
721 284 42
676 40 24
164 1361 91
276 493 26
234 265 74
600 1337 87
511 1367 60
1140 852 66
387 1117 95
170 897 84
1053 1122 84
188 710 12
708 54 93
1132 16 85
672 1018 94
346 634 25
86 874 38
0 510 31
370 426 77
108 162 28
580 1156 20
30 452 25
1190 1018 12
731 1072 66
89 837 54
61 1354 34
10 736 79
628 1053 77
848 792 16
693 312 10
527 754 92
443 863 67
574 1236 42
357 294 86
1190 272 77
944 1297 21
64 821 63
1016 968 91
818 364 47
1024 194 38
1084 216 95
521 1188 73
721 686 41
1278 350 97
27 457 18
782 654 71
719 1176 87
660 86 64
141 290 50
69 126 45
518 469 89
1222 1088 66
406 315 98
926 873 34
623 1143 75
583 788 15
1176 127 24
779 46 46
120 609 29
1322 1232 46
634 453 91
1148 1048 12
173 577 50
1200 1191 20
818 812 25
464 714 32
314 163 66
1184 1079 51
683 1160 90
39 1387 49
1052 681 45
815 1322 25
63 943 96
1367 418 25
511 901 29
561 5 56
379 466 20
1161 16 25
886 988 43
1000 433 36
1240 962 45
1072 1279 41
1391 859 37
874 36 47
1296 194 76
115 823 14
908 1116 25
582 1333 74
1189 439 85
543 906 79
1313 347 11
755 1211 99
1297 375 71
179 980 43
789 521 75
524 1188 47
1255 848 69
977 1233 86
658 324 59
763 295 14
119 546 81
246 25 12
1213 448 11
237 234 93
883 743 36
398 403 24
46 673 65
1112 737 23
477 388 96
527 825 55
782 564 39
369 885 79
108 19 99
111 1169 81
44 825 46
321 141 54
369 65 30
935 306 77
723 1315 52
1312 823 38
133 1310 56
765 1339 35
909 595 35
240 175 83
770 771 72
45 498 93
18 354 43
298 134 46
472 456 69
1120 594 43
1274 444 46
290 236 48
423 989 65
74 336 46
1380 1035 72
889 184 33
326 1309 58
945 571 33
1384 1270 48
1198 1370 40
1127 1036 44
759 1191 32
1175 972 82
825 498 18
1164 553 30
764 480 83
594 34 87
1018 1196 84
383 168 88
844 228 90
93 1246 30
329 546 95
1310 896 67
583 936 97
211 465 87
830 720 62
232 880 92
707 287 29
1133 552 83
1194 1055 26
945 980 50
497 295 77
758 377 21
30 1293 78
452 453 83
805 778 28
1204 1210 19
181 1200 59
746 915 45
671 172 87
536 434 39
1011 1263 26
317 29 15
1237 854 93
934 1028 44
1166 464 16
776 741 39
867 153 27
1227 155 26
43 1068 18
152 10 100
1258 1263 41
701 633 28
620 863 19
725 545 33
461 579 94
109 598 17
659 279 94
91 1078 92
12 1206 95
434 756 58
70 773 49
509 1197 60
725 1086 88
1008 1124 24
951 245 92
1108 743 20
136 314 72
1349 501 76
45 851 85
479 1052 62
643 688 14
1224 75 92
47 453 25
465 609 22
16 127 38
21 608 14
173 1333 15
1110 472 55
131 371 48
633 711 51
344 643 11
421 1221 54
320 861 47
984 877 67
1291 1121 31
858 1201 16
1353 22 70
380 1031 43
62 1052 78
871 1013 87
856 114 84
373 1029 12
586 96 80
341 1055 88
992 214 90
590 1030 55
234 1335 90
381 336 89
1284 877 37
1121 1095 13
995 615 24
116 751 47
57 100 73
1294 332 80
39 45 31
995 1132 79
865 351 91
718 1305 69
161 1393 98
996 798 53
598 1326 48
1214 1228 90
1342 444 44
113 363 22
398 309 32
648 1152 54
552 66 57
255 1376 89
1018 1140 25
331 975 87
404 578 30
729 123 22
384 559 91
1115 1189 18
1087 332 69
1101 952 52
1170 413 14
956 1084 13
404 206 84
268 566 36
321 1042 71
459 598 90
237 1201 43
611 1277 50
296 966 41
972 907 74
1226 1274 34
103 866 77
475 976 36
694 95 32
3 0 82
475 304 33
112 784 23
636 465 43
1180 886 40
962 1361 45
1131 766 30
910 1084 95
924 671 15
1188 1070 59
752 1129 71
566 687 34
13 1365 38
665 990 73
36 389 38
755 821 89
206 491 51
448 181 31
581 926 86
1136 1183 64
565 557 32
1131 546 70
683 435 26
362 1346 73
284 777 10
102 622 39
378 654 64
831 493 30
313 82 94
317 148 57
232 1040 14
405 600 24
1082 315 55
1064 715 60
197 82 87
676 699 33
37 678 63
412 575 87
230 180 100
730 477 32
905 1308 69
1331 1377 55
87 215 95
961 1169 95
1360 770 78
713 391 84
1330 641 23
1120 565 43
712 1107 84
3 91 43
1103 1033 82
354 1381 36
1158 322 15
1340 1003 46
903 994 33
1081 342 53
481 74 32
1219 602 40
1319 745 59
1246 1169 37
477 1011 76
1095 1022 45
693 382 21
867 1354 23
1081 32 22
1262 141 16
73 537 41
353 1321 17
180 0 16
1334 810 83
682 1223 67
737 914 52
864 900 14
1124 992 61
685 717 36
656 1102 13
116 1229 53
948 492 93
162 590 62
340 59 40
351 512 69
502 1354 60
452 1254 91
918 1239 51
1076 1291 45
380 1022 19
751 1100 64
1108 834 23
498 1324 78
1237 223 82
429 1118 96
592 977 27
760 950 40
145 1176 81
1199 487 65
61 1273 54
799 714 31
1125 488 84
637 146 56
1151 918 82
47 599 71
1224 1354 72
578 166 94
686 489 32
435 917 18
224 225 11
560 130 65
971 481 100
520 93 76
119 33 23
742 238 76
434 1088 66
1343 680 52
657 597 17
209 340 13
1334 876 32
1096 1365 94
175 605 77
364 1309 71
636 977 52
187 1208 76
598 1234 38
1381 331 12
682 1386 25
1361 1386 49
887 735 54
549 1309 93
900 250 23
1152 349 86
207 955 17
325 792 98
851 142 15
1110 1153 29
124 825 76
108 908 43
30 747 46
980 50 84
1060 434 59
1191 228 90
418 489 79
992 889 91
812 655 92
133 1347 55
506 354 44
1364 1052 57
185 341 99
1240 767 12
1171 391 97
548 995 13
595 316 37
1213 598 17
1093 282 98
1158 975 61
122 779 88
871 200 53
184 726 45
189 508 77
1159 473 61
440 839 81
1346 1365 36
1326 813 20
1032 508 46
1351 1334 79
922 622 54
994 1035 35
319 901 62
781 418 30
844 339 92
547 61 62
310 72 34
138 429 57
191 569 78
1222 1130 89
439 1160 78
1225 476 26
445 476 65
409 984 96
320 173 28
1143 412 37
1235 137 58
978 958 35
1164 1323 63
618 16 50
1005 471 34
1189 999 85
1146 978 41
62 859 55
128 1021 65
996 1362 53
468 1316 66
1119 562 67
1145 268 50
328 55 14
772 739 79
867 276 67
2 1021 100
445 322 48
1382 786 76
308 1368 46
542 183 66
416 620 13
352 320 36
1045 636 29
359 261 18
1390 583 36
399 114 71
1069 1246 14
833 1181 80
961 203 50
463 1230 55
170 40 57
557 274 69
913 1344 49
554 1299 12
518 35 86
405 78 23
697 1275 15
351 290 67
1078 823 28
1004 154 90
937 81 45
1090 1253 40
773 1122 62
1068 533 88
78 1059 41
599 1028 19
923 146 18
1082 1304 77
1223 1323 96
445 437 33
306 886 20
685 215 21
901 415 46
1275 619 43
532 789 59
1019 932 72
887 25 30
418 88 57
314 393 11
879 371 69
1375 1172 81
665 864 75
159 1307 93
195 45 54
1055 564 91
607 1056 89
249 574 59
259 262 83
546 446 18
878 250 10
623 1153 100
1279 38 79
61 940 61
573 248 13
1232 763 96
1311 684 31
433 934 23
534 1073 67
334 1131 94
446 288 44
458 197 29
40 422 28
1296 723 90
437 302 47
1176 934 77
220 357 50
445 871 100
1235 235 71
241 195 76
547 629 11
592 604 86
1156 1038 30
55 731 88
96 516 72
1339 995 28
960 1314 95
254 605 33
220 1050 25
1117 127 57
23 929 23
1197 1344 47
1238 531 19
558 31 79
630 1203 96
562 64 61
176 203 61
947 1026 67
156 321 23
503 733 73
887 327 80
748 604 84
1048 1305 86
777 352 14
324 306 22
764 770 46
1115 524 43
176 763 94
398 109 21
756 1335 31
1200 961 44
576 345 24
316 912 76
604 568 63
791 1161 18
1303 589 61
115 670 74
224 1086 50
406 1165 75
182 560 37
1145 246 25
987 1241 66
64 1024 40
1220 557 17
932 534 88
43 189 36
331 745 75
793 471 60
170 1275 41
171 50 69
684 188 45
1250 382 66
31 510 86
771 836 36
601 260 14
421 335 47
789 461 63
987 1221 32
276 33 49
114 532 55
39 1002 89
1254 603 89
540 653 64
1347 255 42
475 301 69
894 1089 67
175 764 70
1353 501 50
1274 151 90
346 961 30
835 670 80
1124 1141 64
1082 448 54
810 592 79
1127 92 95
1247 90 79
829 293 45
348 464 22
493 796 70
1127 1284 57
17 602 18
1366 526 100
517 950 93
105 903 54
245 1116 15
931 1360 53
1065 661 100
523 1146 15
999 1349 24
981 760 92
377 705 68
662 1067 56
393 610 11
1203 281 86
1238 866 66
1283 630 79
571 1219 66
1168 699 17
653 1317 48
1173 43 69
1144 316 38
65 127 61
1027 987 28
79 132 87
90 1262 34
758 599 36
321 1166 82
566 490 47
1140 610 50
1321 532 75
756 541 18
390 1119 42
1231 360 35
1325 970 23
254 261 79
484 680 50
531 36 14
714 123 17
1201 446 55
971 98 93
414 1291 90
1070 700 17
970 92 97
110 228 35
853 330 66
875 93 68
1056 787 48
1199 70 80
991 567 73
832 1267 87
172 716 98
1106 403 52
844 773 13
605 440 41
643 1103 84
948 1338 37
711 1163 80
1101 109 54
1371 1231 33
879 843 96
491 532 99
1184 67 34
1210 1259 61
931 901 96
48 681 76
1301 844 12
289 979 95
39 905 53
872 955 51
54 991 99
707 1383 31
6 1372 48
1040 657 74
210 316 28
1284 580 52
207 167 25
1070 187 90
510 752 54
909 256 68
262 415 76
1259 601 80
102 1066 91
983 377 74
618 879 43
18 1063 97
179 1382 28
1326 718 97
1297 780 33
1367 445 91
1267 1314 85
380 1265 26
1146 379 22
1177 1352 58
1181 34 83
1182 438 61
351 1183 60
1121 416 15
173 467 63
499 727 29
1190 398 87
1171 931 94
1161 612 81
683 336 17
925 96 65
166 45 63
669 1247 96
292 616 91
1351 727 70
310 702 28
1048 900 85
1087 22 90
934 892 50
173 740 44
1187 854 100
1241 194 20
221 327 55
902 201 80
1375 253 81
101 421 78
149 345 21
628 850 41
232 1315 65
1289 207 30
879 740 55
595 1335 56
198 1292 27
1374 534 53
1034 1348 71
1189 713 44
946 509 34
12 283 89
1045 1001 83
66 1151 38
1284 243 20
271 1126 31
466 259 39
985 1337 37
48 1271 18
1093 266 51
1113 1214 91
982 201 12
570 679 65
640 822 28
1303 457 81
564 1343 32
981 1046 72
1123 294 25
974 708 23
285 938 83
1348 358 23
819 357 87
1293 1054 94
1242 1235 95
748 880 79
526 453 61
637 579 68
927 374 51
36 1047 61
421 403 83
1085 127 14
186 890 39
353 629 37
1017 635 45
229 1016 87
971 504 16
243 307 72
781 167 52
1188 161 27
176 123 60
1013 526 97
723 1216 41
343 1091 100
160 610 88
1204 351 75
1324 838 79
342 911 69
1372 727 76
223 479 67
1208 483 62
1295 147 82
1290 1384 63
431 966 22
686 1122 29
299 475 16
735 844 29
1090 165 21
862 387 74
939 1224 39
1207 73 53
435 619 50
705 430 15
973 204 52
1060 1100 61
901 48 35
1345 655 57
305 61 72
1099 747 56
1188 232 27
641 468 54
30 542 10
390 356 39
221 795 86
268 1176 58
403 872 57
1175 558 64
578 562 27
613 439 50
995 515 23
332 408 31
206 865 57
950 1325 91
1217 652 73
21 618 20
207 1159 16
884 1009 17
1252 612 34
1147 831 71
446 565 91
689 329 67
1063 598 11
1184 1209 11
883 269 92
878 452 93
550 192 96
340 15 22
540 260 25
159 647 99
819 821 50
679 330 51
1368 1346 51
818 476 19
144 661 88
65 1277 91
303 249 30
1073 456 21
742 182 98
738 887 20
330 2 33
683 1174 63
1326 170 22
234 108 63
1375 972 91
884 296 63
990 172 77
719 195 23
244 1145 61
1303 1211 40
473 664 44
983 1318 44
1153 1049 60
700 603 99
983 1311 83
17 1363 61
1360 88 19
518 1311 63
495 75 60
1096 1289 25
987 1280 25
656 1037 83
1179 718 32
313 132 68
149 1281 67
700 303 63
949 831 91
1 1226 24
303 1196 78
913 545 23
1052 625 38
163 553 28
844 304 81
950 422 22
213 1171 34
4 333 67
297 1059 28
168 1042 27
398 458 12
522 1185 92
991 379 47
266 1323 66
273 1148 15
244 1152 25
128 306 80
89 1222 19
1362 844 81
125 1269 43
202 228 81
835 369 27
529 628 90
396 85 30
1379 767 64
1335 1263 89
111 1071 34
1215 394 68
730 52 59
212 1338 45
56 767 82
139 793 50
226 158 44
1337 117 14
1085 1316 29
872 772 43
1017 230 13
194 1134 78
651 353 41
133 558 90
1228 151 31
577 174 87
1296 764 65
707 1291 28
280 1026 88
664 916 50
690 623 98
441 648 53
528 276 65
1047 1154 86
363 837 41
710 569 13
1370 387 67
943 299 41
229 1062 19
8 945 54
995 731 23
1329 1037 60
925 1016 31
6 478 45
1 1086 81
752 411 78
1220 376 51
491 968 57
212 385 40
490 342 95
339 1098 53
494 577 64
77 38 53
359 309 83
913 670 72
966 1022 74
641 1304 32
1225 268 74
260 849 36
67 1188 70
78 1356 58
837 909 57
668 1049 52
81 1037 93
1384 1297 12
416 653 63
418 776 99
200 248 82
918 1364 56
363 283 77
1061 576 52
1004 1047 21
108 1196 10
723 898 39
418 774 56
1303 877 93
1214 709 77
36 332 88
129 703 74
1115 277 64
1179 467 63
24 144 54
1085 1291 100
282 713 42
1051 1271 82
99 1284 34
78 240 66
551 394 35
1253 503 21
1137 588 54
60 1045 78
1326 948 69
1264 867 15
210 23 35
1181 589 64
391 1103 72
1044 351 11
41 1075 22
14 1243 65
1004 536 42
718 455 33
685 1157 78
503 756 100
130 874 21
698 373 80
1060 375 92
894 1095 71
748 182 74
695 885 92
233 1051 80
75 511 17
576 1215 56
1235 474 25
303 47 95
689 1269 94
420 623 43
890 681 68
1379 477 31
1244 1055 43
618 166 91
1325 593 61
1340 894 24
246 89 37
921 758 80
66 499 74
513 986 89
394 145 97
335 593 59
1061 274 55
1002 783 28
916 940 65
623 337 17
64 450 83
114 583 20
359 887 68
20 12 92
1378 235 83
996 625 23
417 903 88
454 451 65
45 1307 46
1213 922 67
1382 1381 38
196 229 80
550 157 67
1250 636 10
543 488 94
1333 1023 29
763 152 45
1085 1223 72
476 451 57
646 1045 76
1332 1328 10
570 873 93
1007 858 26
583 1098 58
567 952 49
217 710 47
509 766 94
1052 598 21
1110 351 36
407 480 39
1135 1146 37
1127 917 23
1102 853 73
508 872 82
184 1229 11
1113 963 42
96 26 68
234 711 32
281 97 69
1311 1161 24
476 296 78
1250 119 91
342 552 48
294 668 19
841 95 92
177 239 33
706 1290 94
48 1199 47
1136 274 73
595 1320 53
849 40 51
182 108 20
762 303 83
627 883 35
882 97 76
1001 320 85
760 813 12
317 493 11
1374 948 50
496 987 76
1242 1006 48
684 8 23
672 917 47
656 1330 79
662 26 84
1066 574 66
642 816 78
47 753 88
487 736 39
337 447 20
695 604 11
1303 184 96
636 312 47
1017 557 54
195 290 15
884 381 66
30 1315 48
1106 777 23
713 199 45
1285 668 31
701 718 10
1350 910 76
750 800 16
1147 284 90
1000 1289 77
25 224 51
414 1220 90
617 190 35
122 1376 32
1380 1240 24
152 641 53
845 350 95
512 1098 32
1033 1244 60
803 551 41
652 685 100
1052 448 62
1020 956 89
1313 1181 68
271 501 78
1024 308 76
202 258 51
206 356 73
1243 900 50
561 1343 93
1106 83 60
785 197 76
603 28 91
694 28 46
937 1288 39
1109 478 82
1300 1320 81
17 862 19
1037 801 92
255 950 20
1368 873 47
157 716 58
1183 403 30
1227 615 32
946 888 35
949 277 61
813 1018 72
163 1190 85
1051 1096 41
1263 1141 92
315 726 31
0 1281 66
453 49 89
1026 1151 43
723 1218 50
987 553 75
545 103 61
808 1199 86
1059 290 27
774 336 16
984 1190 32
469 749 19
840 1376 95
546 855 63
687 966 93
881 1287 33
1046 276 33
262 665 51
430 78 32
858 1254 50
654 653 80
964 480 71
675 607 52
1163 878 30
702 616 57
71 88 47
346 711 37
416 119 24
1114 1353 71
308 1182 45
1046 918 83
1078 64 23
1363 466 26
1117 890 39
541 715 80
1338 609 40
864 294 27
163 1005 38
779 26 59
322 13 23
564 739 33
797 108 94
309 346 64
359 1290 12
592 411 69
1033 940 21
235 1086 93
1279 79 24
782 176 32
1384 881 63
210 1145 21
1014 886 65
230 1133 100
1106 433 53
1090 837 52
74 1323 52
275 223 91
634 295 30
88 469 12
644 831 95
876 650 60
62 709 63
1369 242 95
277 950 30
449 596 16
1336 1064 29
627 601 11
1363 467 64
292 547 93
1362 143 95
410 990 41
1137 24 81
333 388 57
57 721 83
769 112 75
236 728 14
951 120 20
306 327 11
1020 332 41
190 1146 26
1095 1258 62
804 450 14
779 635 91
1319 963 55
1076 558 27
391 431 91
912 679 75
1103 924 93
268 489 33
754 819 61
619 401 42
1015 607 13
335 1056 98
1304 1314 71
253 579 76
1272 976 68
894 116 16
364 1258 19
1239 441 53
78 713 91
713 0 26
1161 210 41
322 1016 77
376 1050 87
190 413 19
1382 1088 44
928 119 17
886 832 72
1249 731 15
158 223 77
1301 739 72
1183 15 84
353 1084 61
773 286 93
1233 791 54
59 245 79
1033 1028 52
1094 1212 15
856 1069 43
15 850 46
1174 20 40
937 1182 80
1038 1378 63
43 1071 55
221 1251 55
1353 441 70
758 1354 55
858 191 100
454 449 21
97 1215 48
421 1216 20
875 445 32
1100 863 88
675 936 14
256 617 70
1189 254 49
232 572 81
629 718 10
651 286 35
315 54 48
387 542 97
1283 600 23
298 1267 70
189 741 90
1276 419 26
45 69 26
374 623 89
272 652 85
242 631 71
313 890 87
84 875 97
116 416 67
867 574 50
174 551 64
472 93 48
928 593 10
629 639 45
963 245 75
1389 95 80
362 395 23
283 915 49
402 836 94
840 893 64
668 998 26
782 1217 69
44 429 99
818 93 27
364 439 62
19 608 79
576 424 57
1273 972 54
726 950 89
610 761 47
620 1385 76
449 774 97
62 1236 66
1332 819 51
1191 110 94
1058 1118 35
913 349 43
1143 838 43
507 825 84
593 333 35
1147 322 16
58 224 78
739 579 95
137 496 67
401 37 97
1233 291 56
82 1178 99
977 1325 96
693 126 24
649 700 26
625 1080 94
853 771 29
762 206 57
36 1169 13
1280 666 84
1380 60 56
965 900 46
1065 1393 37
274 1118 54
1186 730 32
106 453 62
1143 700 76
1184 32 30
128 963 86
238 625 50
735 137 94
205 798 62
96 482 88
32 432 45
1365 1138 27
1391 451 91
750 235 73
987 1229 82
1342 1303 46
393 1049 43
1233 216 70
449 32 39
710 1088 72
1355 74 44
553 718 80
819 599 84
683 307 70
1007 886 46
62 799 22
882 931 92
827 1185 76
386 1347 28
1370 130 85
635 865 81
77 871 22
945 911 58
599 759 88
1156 1017 91
249 64 35
42 76 42
911 814 44
1375 295 80
649 729 60
141 1002 30
1354 36 22
480 11 59
27 17 66
344 967 33
1356 499 66
1262 948 16
691 931 35
858 203 58
967 272 65
798 392 87
1272 696 93
76 1222 100
955 492 58
1152 945 29
1355 878 23
622 53 96
402 1065 85
1118 1220 86
319 143 99
1333 933 72
798 119 53
1136 399 59
570 93 44
755 696 15
169 734 78
383 539 33
440 773 42
1066 651 13
1087 154 91
1165 1026 65
27 131 61
387 923 73
1124 1022 53
671 315 37
538 716 15
404 1201 74
807 877 18
769 87 16
94 280 61
742 848 35
4 913 63
76 1348 47
765 92 84
79 1206 40
1055 641 98
759 927 79
1321 947 62
479 443 11
330 517 11
1260 933 73
163 732 63
230 609 99
735 1349 41
469 1135 74
466 840 63
503 913 96
658 1075 64
228 1257 57
719 878 92
1330 932 11
699 813 27
964 559 29
1367 1254 95
476 142 70
129 260 88
1311 1342 18
999 1181 46
231 933 48
55 397 29
738 1383 45
1004 347 28
302 615 49
1071 587 10
691 1014 19
704 484 22
203 306 62
305 499 95
389 710 20
773 1154 20
129 439 50
519 250 83
146 576 53
442 533 42
1267 819 87
981 396 45
641 989 38
292 787 49
379 249 13
93 1193 78
1239 131 35
815 640 63
1199 1106 90
551 1329 87
1371 1097 43
1315 382 40
188 1026 65
768 1247 87
791 1090 25
100 1029 63
71 161 85
1168 77 66
873 1033 74
561 322 72
180 325 69
126 1208 41
1248 708 76
1031 946 36
420 580 96
352 1072 47
562 1266 84
359 333 82
948 164 47
519 471 19
1211 127 74
327 306 18
545 707 81
387 83 93
1198 536 73
968 523 93
1262 586 33
973 974 12
817 653 77
563 615 70
1050 1063 63
1235 122 37
1076 1251 90
1184 1324 12
1148 423 79
647 816 17
1231 1328 17
804 1055 30
368 181 17
1043 775 14
252 89 45
1087 640 54
673 263 93
996 717 53
1212 469 41
761 766 11
1273 644 29
236 1038 79
384 532 96
812 28 83
1260 1035 70
45 1299 30
938 1063 10
565 424 60
295 486 18
511 107 100
1046 1303 69
1377 386 52
681 1181 34
446 375 86
382 1153 47
964 264 62
761 1271 35
821 36 90
64 65 79
603 477 30
1284 434 71
1369 558 30
130 1360 37
81 995 11
1303 512 29
496 551 69
997 558 50
814 798 18
838 782 53
512 973 41
301 1359 31
1078 236 65
1098 572 96
1073 681 19
1341 393 41
1189 78 15
973 351 93
416 448 68
233 1144 10
1301 1114 85
992 714 63
467 258 97
1368 1062 70
839 156 35
276 6 25
713 212 17
68 838 37
714 295 96
322 541 56
351 17 52
1278 133 97
564 1243 12
932 234 49
553 976 76
722 640 12
941 1208 29
283 104 95
411 1071 52
546 17 12
308 679 14
1203 347 61
1222 71 65
140 400 92
1023 986 33
881 318 94
1362 367 43
13 1173 97
818 161 29
751 282 95
1016 803 72
322 1032 89
175 224 92
552 1313 30
90 1051 51
1235 620 57
1387 1105 34
744 1205 66
1179 1290 65
715 930 62
544 195 80
52 579 36
442 1029 74
956 367 80
932 1336 48
1080 1167 26
787 851 52
749 569 55
984 629 14
217 1325 96
1011 118 41
684 955 64
1142 1050 33
922 1102 69
870 342 18
846 704 71
560 1091 34
1027 672 37
568 484 15
1248 515 17
763 107 69
1069 721 80
1111 719 44
772 1017 42
858 726 63
1167 54 33
717 154 61
486 999 50
289 1001 67
276 1076 83
61 1099 33
920 1057 30
387 1345 89
287 1217 28
1246 847 21
50 678 52
78 1242 70
565 354 84
514 486 73
339 1047 41
525 1268 72
83 1191 31
546 458 29
762 1086 28
780 612 52
882 591 39
448 240 59
409 619 63
250 525 75
35 318 62
124 73 74
639 1085 33
1266 770 35
609 876 80
1321 351 77
750 940 86
129 1309 56
344 237 73
22 1106 85
921 409 91
703 13 52
196 61 68
516 235 23
86 1304 49
593 845 84
459 184 26
977 158 73
80 580 18
820 789 11
383 121 54
497 1172 12
502 521 98
127 473 98
1238 955 28
516 573 88
184 58 19
1164 1127 41
672 164 94
591 426 75
1368 261 80
122 1239 35
1068 1089 80
1207 3 89
778 1332 77
405 324 66
1277 735 28
379 1330 98
1143 161 60
936 729 94
802 587 54
1193 590 65
954 249 95
925 568 76
954 65 58
1372 1353 47
705 902 40
454 1157 86
383 884 81
13 610 81
1251 195 27
263 623 61
701 498 37
41 1085 99
565 146 82
1115 1108 46
40 1342 33
940 82 88
854 754 81
877 1149 53
537 393 67
796 961 74
118 887 65
31 390 19
1326 1161 84
596 926 59
588 1283 92
925 625 98
884 1121 12
1373 200 59
291 793 18
239 88 49
233 691 28
710 786 88
1121 1279 67
1319 1060 83
218 840 55
558 39 16
914 508 40
988 149 20
953 71 63
666 742 61
1014 61 75
1242 403 80
1084 1377 97
1196 1333 99
576 205 37
136 1022 74
399 932 44
1390 492 99
1057 799 92
857 492 21
142 610 30
607 1068 47
728 303 38
580 721 35
759 183 66
67 86 56
878 504 39
1376 1027 61
1243 426 40
1183 1336 48
930 873 52
976 372 36
1362 207 68
1136 249 21
431 562 42
1027 622 64
1306 725 56
1366 1285 22
425 1343 32
789 1085 72
569 1108 17
188 439 93
1004 409 78
1344 1343 66
187 768 33
705 433 34
608 802 80
1117 155 84
871 804 26
1071 478 20
533 1215 89
729 1371 31
226 72 39
1362 534 42
829 602 63
1363 151 27
461 1389 89
1025 1040 49
687 913 36
1187 967 93
583 1296 68
1096 379 36
1228 764 82
803 138 43
290 261 21
935 1190 76
1275 443 90
1178 17 40
129 917 50
844 1348 43
1170 27 79
203 480 99
685 852 25
475 563 60
465 267 75
54 1077 62
994 722 73
944 703 33
819 683 87
66 99 44
256 727 75
678 1310 66
723 469 68
1019 462 73
1306 213 65
63 1290 61
241 663 76
56 1000 74
500 537 74
974 1355 76
1372 440 84
283 613 51
1337 830 29
1062 146 40
47 351 95
434 1222 82
570 734 82
936 504 59
1180 282 44
265 258 20
989 213 60
1044 1368 20
1273 411 69
1258 6 91
333 1364 44
979 139 17
97 759 43
266 1300 74
371 809 77
307 186 58
651 33 84
1340 725 35
9 409 10
532 375 66
503 378 26
767 1247 80
1300 361 20
930 229 63
55 1086 19
614 395 96
592 231 26
198 1348 99
787 707 49
989 1200 34
740 1359 18
993 365 77
725 975 82
1067 399 24
1226 936 80
521 1275 28
1393 1275 23
438 195 55
462 674 88
351 675 36
57 840 98
1100 1346 38
367 153 65
334 216 63
865 324 92
1082 1098 35
1196 12 40
1010 993 57
106 678 31
740 1069 53
750 640 38
1358 1030 44
862 1261 74
1038 420 73
1031 513 21
62 358 76
28 110 33
178 924 55
342 1217 78
601 631 93
133 1116 77
1212 1134 84
1189 1310 59
314 134 90
146 41 16
453 571 21
1282 631 98
673 84 51
1291 30 39
897 405 84
347 1120 23
731 732 70
678 96 29
307 859 34
1364 1031 28
702 149 96
536 4 25
1003 968 94
951 344 87
789 99 50
8 1354 27
188 519 36
1069 658 48
1069 571 61
892 1063 64
832 1258 34
958 73 46
1335 328 68
594 876 68
1314 739 47
669 462 13
820 162 15
592 1136 89
904 806 68
986 1045 50
1222 295 55
704 621 60
516 1345 29
1019 1128 20
1046 178 45
907 886 45
598 1051 70
787 351 75
1123 139 17
675 584 38
1246 256 18
991 1381 33
400 388 12
771 630 97
481 3 64
218 186 84
66 265 76
1347 44 97
664 1366 69
175 492 77
635 396 16
396 822 94
1393 1171 79
945 847 56
987 856 35
246 1257 35
1095 625 89
893 1167 13
940 1122 68
1185 1165 30
561 314 19
242 49 38
749 1053 60
99 1028 61
10 1030 54
777 77 48
1102 549 49
694 69 42
869 1385 91
967 392 91
241 102 67
792 591 56
98 492 71
1168 1277 15
1158 579 57
1025 324 77
382 483 86
650 604 94
562 968 93
237 375 18
318 685 96
375 592 59
549 279 84
944 1089 51
1062 130 55
1210 219 31
78 1245 52
1175 1090 16
46 680 99
1026 131 64
969 1292 67
1258 753 54
1068 874 17
967 739 50
70 1233 16
7 736 33
56 337 79
9 1026 81
424 595 91
781 415 87
837 658 62
241 110 72
337 1070 96
901 688 52
649 192 53
757 596 56
375 1054 74
1382 468 67
27 982 69
936 699 59
613 589 75
1310 265 76
1098 715 79
587 1032 55
242 406 85
251 466 92
213 1003 95
860 755 33
220 167 86
173 15 90
144 257 78
863 508 24
65 1356 51
1084 824 37
865 1108 27
258 1085 78
985 169 75
1270 411 33
33 766 30
1287 756 24
568 139 34
677 728 92
1222 100 68
1103 522 53
373 1212 65
527 918 98
94 117 93
29 1304 44
368 1194 70
458 92 34
740 302 35
303 630 89
1081 5 53
141 449 11
1121 697 33
123 195 22
293 1383 70
9 461 73
114 1069 63
1140 69 29
309 1235 41
517 175 43
447 2 96
842 183 72
1211 1087 70
1198 303 73
1178 884 28
1032 1372 88
288 1132 37
747 499 45
1028 1158 60
1091 1135 62
838 20 69
347 1240 57
790 347 94
521 1191 93
158 744 19
532 652 35
1059 556 96
317 213 67
748 592 59
860 1179 67
717 11 30
915 631 28
620 405 43
1028 76 42
644 1212 42
544 1071 77
225 187 65
983 1156 50
808 212 55
794 535 96
450 346 22
243 161 48
900 1152 55
765 39 52
777 1105 96
811 1092 93
846 1102 44
533 1373 60
1304 770 64
258 946 60
941 1004 84
958 575 73
117 834 86
1152 1376 29
1228 155 69
658 1343 15
358 542 76
1243 1129 60
29 286 46
369 1264 46
328 791 23
33 198 74
125 431 74
826 1217 78
1370 513 35
180 557 60
744 1065 23
1220 92 99
392 1244 46
1224 364 35
439 298 19
872 1321 41
827 953 58
433 896 85
408 1349 12
783 972 84
895 432 83
1121 796 95
1191 1338 50
889 144 23
1367 237 63
1378 319 20
1325 29 55
520 888 76
804 1177 75
804 723 78
1080 421 45
1178 368 34
1282 871 45
1313 1131 73
551 97 54
1081 807 46
1252 968 63
56 57 50
246 644 85
511 1371 83
796 1170 99
1305 13 65
107 24 30
21 265 37
203 311 26
243 1177 77
351 799 95
771 770 14
300 1021 57
1295 1105 54
1099 362 56
403 1380 33
400 680 33
900 1356 63
655 1150 78
163 106 72
1126 204 74
1329 804 20
997 95 45
388 1207 67
699 518 80
790 329 14
93 871 22
985 1069 82
714 983 77
148 1345 98
1016 389 55
711 196 39
1265 93 28
131 1296 71
800 636 56
599 601 79
1352 482 100
136 805 90
340 486 23
494 554 97
687 621 32
147 1111 26
957 1361 99
1322 444 47
363 1187 41
429 543 24
1214 254 71
501 1159 10
480 941 62
562 189 60
702 572 75
914 142 63
266 767 84
134 1380 76
271 1180 13
457 753 78
934 1250 44
526 353 30
551 166 82
425 1305 16
1182 182 92
762 878 99
1322 1179 26
672 741 61
578 818 76
1209 1267 72
900 975 84
1226 308 84
282 397 93
615 531 97
228 1067 44
570 459 52
745 870 61
1097 608 62
333 942 95
672 73 100
136 764 76
413 362 76
1069 1120 75
1055 861 55
1016 75 64
1083 982 32
747 800 93
1333 914 19
27 1047 19
1093 1048 60
684 1217 20
1338 471 100
1352 592 57
377 400 91
1074 578 97
135 923 24
883 935 66
1011 231 27
352 309 16
579 1277 29
741 255 51
515 654 90
1298 121 11
1278 247 76
44 422 36
1187 1102 69
547 786 43
299 1323 99
884 521 25
212 1268 51
255 1008 86
1001 2 66
1062 3 94
1165 737 41
515 449 25
170 487 99
1392 1158 98
476 1353 70
908 468 10
674 39 100
1259 1302 74
285 1298 27
829 1181 40
136 809 90
215 1376 72
901 552 55
849 658 23
325 1108 37
1143 579 14
1341 1349 37
769 719 65
856 486 55
215 27 19
276 280 81
190 520 42
968 1260 67
33 1212 21
655 303 62
772 1359 13
937 728 78
476 736 35
193 324 48
1173 729 49
971 1352 79
925 1207 72
393 711 26
537 116 64
624 50 56
1263 1348 53
1022 665 20
765 1389 66
1043 952 12
1347 82 98
1387 1093 66
1028 81 81
850 979 71
866 46 14
719 740 66
21 14 23
1256 414 71
832 954 14
1302 126 15
695 208 46
75 776 75
1072 739 52
30 915 74
709 821 75
1191 250 67
957 1195 53
169 633 95
1358 1095 96
1183 484 78
266 1307 92
419 980 65
776 577 89
723 1291 11
513 362 80
737 1371 65
846 756 89
321 946 96
438 1241 61
876 842 53
1167 933 91
687 305 61
223 518 35
1387 354 48
28 944 94
330 103 56
510 993 17
372 1 31
675 459 53
342 1232 19
30 1252 35
712 77 24
811 712 58
669 78 49
14 70 46
1164 1303 21
923 828 71
479 1322 68
1007 281 50
837 267 26
272 1170 27
201 1312 75
373 436 93
876 796 52
259 1262 86
1230 1254 97
584 1225 30
1105 248 19
805 558 13
940 892 27
967 760 94
1155 1108 61
912 39 64
433 1275 98
699 501 62
465 316 90
1032 1290 45
824 1248 27
447 1068 84
451 797 25
1264 1141 83
1228 15 46
205 820 55
155 495 17
328 1248 44
140 892 69
190 956 74
698 1340 23
846 624 87
49 905 25
664 307 50
1215 585 92
1264 127 14
1283 650 59
50 915 56
1001 388 65
829 1346 71
1355 622 17
678 0 66
1381 622 85
1178 667 60
878 403 94
1275 1183 86
1196 325 36
990 1295 87
1081 1235 58
1267 875 80
811 60 59
634 429 83
550 1091 76
824 986 64
305 492 90
1307 444 90
511 541 84
61 351 19
1201 1215 53
654 847 49
778 679 90
765 835 88
1387 192 78
308 105 17
120 101 83
541 345 68
443 982 70
1050 1334 50
164 1150 97
840 468 55
898 1126 35
786 504 73
1384 974 55
421 109 57
1051 158 35
1266 1033 29
745 136 87
531 35 86
349 640 54
641 506 19
1303 396 79
267 598 54
19 33 72
1127 1248 29
284 527 63
1236 293 84
617 874 73
1025 504 14
161 1175 24
606 901 62
61 790 73
980 576 79
215 719 45
331 1061 23
992 536 78
164 658 82
410 767 43
231 375 63
27 153 46
524 794 80
497 1315 77
860 794 18
154 294 49
44 1296 41
769 1021 62
794 413 97
795 823 46
1123 75 78
1031 191 80
650 1181 20
1227 95 71
756 656 69
271 88 31
725 845 20
1361 414 19
1282 110 78
270 497 66
1028 685 81
398 225 25
238 109 45
1183 932 63
701 872 12
572 1256 10
403 1290 23
171 1095 46
536 1168 71
585 452 35
1228 509 79
589 792 65
336 576 30
861 165 38
399 1048 89
1072 1107 75
197 194 35
417 826 19
563 1197 62
427 655 54
1189 981 75
1143 544 56
960 1141 79
333 258 90
825 353 31
794 1158 93
60 1304 84
299 1322 47
72 586 17
191 729 82
570 1278 59
742 377 27
449 1249 99
735 648 97
1138 558 21
989 666 19
376 584 16
1342 1160 46
259 1346 65
1332 1170 64
1237 840 69
936 862 99
818 358 85
142 1302 14
783 455 91
1325 271 55
601 1141 60
599 1146 91
607 721 65
1072 867 32
358 411 70
579 20 89
1250 201 52
854 144 58
1300 1284 12
1187 843 84
1233 465 82
704 933 30
945 549 60
455 231 77
702 188 25
1106 1125 27
81 318 43
1087 703 59
15 986 30
1141 1319 54
422 61 88
1235 108 92
1101 886 40
812 1327 25
1095 747 92
70 867 30
72 1236 10
572 954 15
1217 113 51
4 1260 82
496 138 23
901 1228 21
246 724 45
1245 176 81
511 627 56
402 1125 45
492 199 40
361 571 72
229 555 90
330 1031 69
1283 348 95
630 1389 54
179 704 63
1124 948 49
1115 39 23
412 1321 16
85 851 18
1375 215 72
1350 1231 31
961 1167 23
827 328 100
779 502 85
862 685 64
392 381 51
119 1061 74
608 34 38
508 1194 17
686 162 51
597 312 46
929 460 70
151 600 72
75 308 27
645 527 59
684 652 55
495 1128 95
428 1363 91
202 528 93
1250 628 30
292 1337 93
1079 1317 92
1284 748 96
840 146 64
608 1322 46
668 378 44
25 919 35
210 860 11
192 750 54
689 1277 81
821 1161 11
958 70 81
530 434 35
38 1211 37
1111 243 23
652 1199 78
1255 823 73
1225 1349 58
602 1107 58
165 10 93
883 120 35
1233 833 46
335 735 98
1287 487 43
0 391 63
810 141 94
1318 47 62
295 698 72
1151 896 53
483 132 85
56 177 32
92 1205 93
796 126 67
340 807 36
682 296 96
637 324 46
444 924 21
347 54 74
790 764 75
1340 332 38
114 434 100
848 705 79
892 703 38
916 743 100
205 18 24
467 737 36
1173 1238 60
488 986 31
1289 523 41
969 683 95
625 200 44
853 435 26
692 732 26
434 617 60
584 1114 96
159 315 20
87 622 33
518 782 32
1180 1314 55
1202 1353 52
649 250 84
861 608 29
1238 526 40
1040 275 16
796 707 97
233 886 31
783 345 30
977 386 21
252 301 36
608 474 79
905 1108 84
963 244 65
880 579 34
45 60 88
581 142 93
378 1356 22
1054 503 32
731 637 57
16 696 32
56 298 27
884 1273 59
978 900 19
74 996 45
399 510 65
30 927 20
704 28 18
481 1291 75
1032 194 74
730 1105 50
991 1180 88
741 1288 51
136 488 13
37 270 37
53 211 65
1057 166 50
47 1196 73
102 538 90
166 276 15
1047 328 41
1107 379 61
164 1027 21
340 904 46
983 1098 15
726 683 33
424 547 92
461 22 56
260 256 41
938 644 84
272 85 30
186 1200 28
579 1007 51
404 579 74
1147 1029 90
568 960 36
900 1196 26
349 562 70
874 357 84
420 360 100
1030 157 85
1041 766 26
139 1284 59
997 550 63
626 1178 84
887 914 41
812 97 29
888 1073 44
908 1224 90
1194 725 24
236 333 22
382 329 65
870 384 23
34 586 19
725 85 95
1193 212 10
214 350 77
266 1206 18
1322 1386 36
801 1387 58
733 937 78
967 454 50
1213 563 75
966 692 59
590 636 65
933 1193 42
774 271 65
732 666 64
146 615 91
1269 1374 92
174 1211 61
948 564 30
676 612 60
330 377 35
1089 785 25
1275 1086 86
606 1063 41
443 1245 87
1377 501 55
969 334 69
72 960 57
862 414 83
645 1088 78
950 1356 13
828 1295 69
1258 1159 51
1070 398 29
639 1323 80
125 424 87
282 931 66
611 419 32
1268 773 73
908 964 65
737 87 31
1198 197 95
85 90 75
242 546 15
733 700 29
333 641 50
1061 719 60
1378 15 90
1155 299 35
295 993 35
136 1390 44
676 1002 88
792 815 63
616 790 56
928 422 79
124 743 56
243 416 33
278 456 22
405 1364 11
808 601 31
1042 104 29
281 709 85
1362 1207 98
353 1271 49
1191 941 51
291 1305 23
345 245 49
730 497 30
437 155 21
415 851 16
416 703 63
679 47 87
738 334 21
376 791 11
1366 96 18
304 635 84
5 942 50
168 1287 73
1064 718 12
55 790 29
519 1258 55
662 894 77
989 48 56
46 13 31
252 109 11
552 985 86
70 221 85
1189 542 62
1119 164 96
202 1321 79
257 1076 85
1021 547 70
612 555 51
1096 1198 42
1180 994 41
786 16 39
787 1245 63
577 1253 20
267 724 73
1163 36 33
506 1053 46
524 658 81
1181 1234 54
1039 726 34
392 1369 83
153 855 80
1168 1306 24
111 537 80
532 1034 19
1261 1047 83
491 115 67
1080 567 59
1249 1358 53
3 1262 26
164 390 49
889 161 89
75 1313 64
263 1353 13
1263 1237 30
803 565 62
1200 38 14
1128 348 14
338 1273 22
911 87 68
348 1358 33
755 1270 53
411 836 68
285 997 25
1213 111 24
1147 424 90
591 1020 43
439 993 17
93 501 13
107 127 23
869 905 49
1074 843 17
259 793 65
477 1010 95
1218 527 43
839 31 71
168 1117 93
1289 104 25
60 925 94
423 791 48
827 334 22
674 391 62
358 499 75
898 745 85
139 162 41
508 1182 33
664 1314 46
1140 746 24
611 1209 22
784 652 64
694 1361 12
1367 1366 74
956 1248 85
1366 53 48
471 289 65
1231 1291 75
175 1340 76
1082 162 31
1274 1228 64
287 245 63
1233 187 57
43 657 63
1162 808 64
934 783 50
1027 112 74
476 285 71
74 1047 28
882 258 28
1140 461 40
1171 893 29
911 805 56
1206 296 42
628 71 10
816 751 26
1241 1355 69
475 1135 77
547 1323 15
375 1281 67
844 823 36
1120 574 65
1101 395 71
88 1115 27
173 823 66
248 571 45
781 947 27
1371 274 95
763 837 75
228 910 80
1332 1108 50
262 40 46
747 178 29
318 1025 71
1073 725 78
1018 515 39
761 615 41
286 227 41
968 815 76
446 982 75
1077 679 48
580 43 15
784 1063 81
979 1099 72
899 358 95
60 748 86
1336 835 93
697 76 48
1100 1299 38
1269 1302 30
5 1035 72
760 161 30
1280 28 49
757 1183 42
45 1237 64
1153 964 49
966 714 31
9 872 39
841 536 34
667 908 99
814 1045 56
100 119 85
1062 1188 21
1123 182 44
102 364 87
1280 273 56
393 982 35
463 776 28
605 1026 87
1390 791 44
81 175 22
945 612 30
246 221 14
316 103 75
836 103 85
1194 695 68
6 543 94
600 6 80
109 531 85
589 858 80
735 1169 54
1243 689 45
988 952 57
262 1356 70
25 177 20
605 1058 45
33 975 60
58 28 50
1347 158 16
734 1336 92
21 1375 37
1292 860 51
678 1318 26
872 529 42
1260 1010 14
1000 702 60
1216 822 68
831 1280 21
158 1155 47
1216 734 36
1184 1255 99
1149 608 49
468 307 88
726 873 75
87 1261 22
890 1247 58
842 184 19
36 1384 78
438 273 64
630 1003 13
496 378 14
1141 402 18
1276 33 61
277 5 30
580 754 70
921 1350 45
1324 928 20
759 913 42
1333 298 85
1330 145 30
811 1315 61
456 536 53
516 476 87
1299 142 58
696 1284 88
1369 38 35
101 789 39
103 969 23
1372 232 33
140 1198 23
1384 878 81
299 1140 65
872 835 43
899 1138 14
292 127 61
1368 97 22
1102 821 53
1073 234 84
603 751 54
588 45 52
672 1263 21
992 1001 77
554 980 61
1234 1004 54
631 1045 50
157 762 81
989 566 31
217 67 18
673 224 21
206 956 19
1367 269 38
1244 611 11
5 25 63
925 90 95
910 382 44
1156 797 30
71 945 45
991 508 43
1306 409 41
94 1347 86
1283 997 89
340 917 45
937 1211 71
1264 371 58
739 905 10
574 559 95
1002 485 88
1064 1126 23
219 897 24
1034 343 80
327 814 93
1156 77 72
103 1260 41
979 1120 10
944 704 72
1083 186 73
818 985 17
920 127 22
477 937 94
638 510 37
957 1369 64
528 1373 70
1284 618 51
1063 644 21
286 393 18
963 1270 12
958 909 50
546 82 18
765 340 83
184 497 26
789 1019 86
1184 98 75
739 724 86
996 930 95
377 1267 57
471 560 83
691 92 32
1098 168 68
1249 726 41
310 802 88
260 831 42
173 982 80
1036 1378 31
943 585 55
470 1247 56
1164 62 91
701 352 52
389 694 38
960 277 72
192 117 33
1242 1019 24
443 1107 68
1185 945 91
57 452 72
268 333 55
376 208 57
934 464 81
171 121 28
964 421 55
403 686 33
1361 45 99
1254 569 58
565 750 84
57 64 90
251 1071 41
535 1120 16
907 1088 76
954 168 50
48 1346 37
625 1187 55
854 969 42
281 301 47
428 1173 16
1313 935 14
323 353 93
1087 1063 43
736 1222 55
441 73 40
988 622 74
604 612 32
1160 387 33
1276 168 39
601 790 46
1125 1381 41
1285 649 61
230 982 39
1187 1171 43
212 784 29
395 558 44
792 1227 36
1121 373 95
1027 656 22
16 662 46
1388 1114 14
776 1096 36
264 1009 22
670 94 45
1075 569 90
123 770 94
155 538 60
1232 172 56
608 584 30
999 1296 81
896 874 73
615 329 22
276 979 73
3 513 86
530 588 95
1391 644 86
1130 1056 49
220 1283 44
1332 0 29
1055 789 84
197 970 90
362 799 79
948 1167 94
244 250 23
291 868 10
488 921 13
94 1168 42
1075 960 71
189 228 27
1135 258 87
562 878 71
824 447 61
1293 201 88
50 705 98
1242 86 75
16 1362 37
1045 1190 33
698 304 99
1030 446 40
1021 1038 20
316 1149 24
1183 274 63
86 887 71
842 820 25
700 396 35
1222 835 57
1182 927 27
1135 333 71
420 758 76
1127 758 28
1344 419 88
243 687 11
601 1340 97
1270 154 98
212 842 52
73 738 91
973 714 52
630 483 95
299 14 70
891 363 88
892 1118 94
185 520 16
645 1023 90
1228 44 67
201 763 27
699 1288 76
182 1019 98
1251 1320 74
1045 238 63
1355 73 20
493 457 46
85 327 10
698 167 55
658 882 58
1282 12 62
403 508 70
30 960 70
1073 239 29
853 566 82
427 797 49
381 326 63
794 116 75
518 885 67
1254 79 61
253 1270 57
1156 63 60
780 250 64
546 977 37
1048 938 60
1039 312 99
262 674 34
69 761 22
437 752 33
642 1187 50
1108 816 23
551 268 94
916 994 91
192 1036 92
829 570 31
1015 80 64
624 1320 91
269 505 44
0 196 29
394 23 34
1025 1126 35
266 672 18
385 1192 61
682 348 12
427 627 31
34 454 27
181 1340 39
397 1389 28
933 284 51
768 207 21
762 900 48
846 227 89
1261 1386 47
797 439 87
767 1144 50
608 480 67
152 938 31
125 3 11
533 22 67
545 109 93
1169 349 95
1046 110 28
350 446 43
492 855 24
1069 1210 35
181 807 77
442 523 28
462 36 97
1151 998 23
1007 502 30
927 1154 58
924 1203 22
1291 1308 72
1049 1071 92
957 1150 96
1342 539 50
614 712 10
1053 616 36
180 1373 62
325 803 80
825 1380 58
574 1199 66
381 830 51
360 358 25
763 370 20
335 599 33
71 662 39
1296 985 50
128 502 10
574 1092 73
647 316 65
617 732 85
830 535 16
1122 1046 14
654 460 43
859 1291 19
77 43 47
772 1303 82
94 772 24
366 557 29
45 1007 72
1092 370 23
1270 1073 76
486 633 57
1272 322 71
1005 1365 24
378 576 77
1131 881 84
948 547 63
1059 602 39
73 19 82
1277 290 65
850 779 25
441 1098 78
893 1072 30
995 385 35
866 136 29
1063 684 97
124 498 97
1292 1172 79
319 254 66
225 702 78
31 45 23
731 1123 73
649 650 78
369 863 28
1280 959 19
349 187 49
1245 686 71
647 378 82
307 504 87
1009 1349 38
710 1195 91
882 606 20
462 895 77
481 966 12
464 950 15
956 1340 10
1203 1032 77
743 127 30
150 806 48
600 1093 94
824 258 78
1320 1246 95
471 110 87
1028 275 31
282 1330 80
972 404 66
1030 409 49
239 370 30
465 474 54
344 1284 58
287 1207 52
775 1355 18
332 538 95
1084 86 26
341 1383 68
133 320 78
887 1235 40
558 472 64
141 783 12
59 384 95
433 146 40
547 673 45
909 423 17
759 523 83
467 857 24
49 169 69
302 1132 62
1350 608 68
69 224 42
214 312 87
1106 858 31
616 2 71
304 1174 56
43 107 27
1296 1183 66
280 274 35
253 895 92
574 1288 28
1290 97 32
1258 1131 15
262 985 84
423 1061 17
726 600 98
661 48 89
1386 1217 95
1374 92 91
689 1024 98
993 798 64
606 844 29
905 880 89
778 1160 64
1025 1336 73
1020 98 17
460 515 89
425 472 100
1133 551 42
286 23 14
55 402 60
672 70 46
319 1130 76
