1622 4272
1145 596 41
1455 416 54
649 404 90
171 766 81
171 78 26
428 757 60
341 24 12
18 385 13
1332 1014 40
1387 1179 25
1536 489 12
130 384 38
1617 736 53
8 1448 62
767 1044 50
468 649 76
1485 321 16
455 533 80
813 707 75
1426 491 65
199 77 80
1560 175 44
545 395 47
663 644 37
434 535 69
818 883 23
923 1492 63
387 1207 69
1369 357 44
1071 369 91
785 396 67
522 724 93
1441 1201 91
289 1474 62
500 876 89
778 1555 43
1524 399 43
1073 1385 41
1615 528 50
1591 454 85
1518 166 65
231 1218 64
883 1447 58
1047 1265 27
443 1362 75
260 1133 42
763 1096 26
1061 896 91
696 529 79
1303 801 75
616 805 83
1372 229 15
84 327 32
406 1304 17
1087 1203 67
1496 920 94
1183 539 43
641 1270 51
1508 1341 19
1544 1187 82
886 970 35
1379 744 18
801 1278 58
433 1498 94
1327 862 34
992 1118 28
356 978 65
621 333 99
1023 200 56
395 1300 53
1222 1370 38
264 651 90
1547 846 73
589 1279 81
1010 1296 66
563 1052 44
58 1542 34
313 1371 73
1039 386 25
962 1321 56
1258 8 33
1173 342 93
88 452 100
879 202 60
44 1333 46
1290 1375 20
1526 492 80
798 899 20
1396 628 42
945 1233 29
510 350 53
1095 411 50
1408 1280 37
197 1260 77
1320 898 99
1087 1147 13
483 1436 61
1195 1609 63
399 1188 36
413 940 10
1372 1226 71
429 130 10
1044 668 97
381 898 60
586 871 49
1248 567 59
250 702 75
140 309 27
878 541 57
110 120 25
1597 1523 45
421 1587 32
786 944 99
248 808 24
1181 1060 83
881 813 52
289 1572 38
522 1286 92
23 1539 32
1373 1342 19
96 1108 63
1620 1292 24
1267 58 23
1253 1027 40
1145 1031 65
750 228 22
1213 914 71
1514 916 70
480 376 28
496 1471 61
1357 1558 24
1365 1110 12
823 232 77
55 564 79
374 333 48
142 1305 49
1546 1253 25
536 558 38
1073 1474 68
114 39 89
1607 267 63
33 1257 72
1352 1052 77
1128 1109 30
621 243 39
121 1555 64
1374 334 83
1146 1141 68
1583 305 92
489 760 18
1131 387 63
342 1034 56
1595 1493 36
993 489 53
806 1599 41
1130 825 49
441 263 95
620 425 74
1492 1587 51
967 369 93
250 1594 69
1542 1312 32
207 1430 23
29 541 95
374 1046 13
324 827 17
1605 253 38
923 953 34
1273 1387 58
1598 788 68
1353 968 28
239 1161 56
43 64 33
1437 685 84
383 281 94
1212 390 59
1108 125 62
429 1139 67
253 65 58
1151 1058 77
1260 565 95
335 1483 85
138 1367 59
867 175 63
905 744 94
285 818 67
1574 344 77
1090 79 46
858 1542 70
722 1289 22
318 217 12
764 246 29
316 1190 99
594 1271 26
660 458 15
425 205 82
1177 1519 48
618 807 43
1433 115 85
354 1294 53
604 628 20
916 1353 99
825 247 79
319 1293 99
694 89 74
1464 1353 16
1507 140 82
540 1362 28
248 861 28
163 672 96
652 1585 27
273 28 42
8 1009 98
88 1315 17
419 1059 67
192 257 54
1081 230 80
1067 1165 72
597 1303 72
1533 287 69
1369 1201 45
1160 391 67
1376 345 24
49 815 89
444 1345 50
1601 920 20
145 300 60
1384 1592 62
46 209 37
1555 1552 33
465 677 76
214 346 79
318 1218 59
995 1021 74
1101 857 95
604 808 91
539 84 64
423 1455 86
1590 340 66
618 1135 98
354 1500 58
889 277 35
1566 468 61
18 633 95
1220 1597 30
1112 329 10
7 27 37
933 354 27
63 884 96
882 740 56
363 97 89
1125 1355 95
776 545 19
856 512 10
1104 670 22
1101 662 39
277 1260 94
1414 918 40
806 830 14
617 1416 95
725 1152 59
1319 213 60
1490 718 19
828 1539 18
1404 1330 53
1318 135 14
1071 260 47
633 1235 28
1418 1455 37
865 596 86
1483 594 68
1206 152 28
394 636 46
1158 756 85
729 306 67
1103 595 57
746 372 52
798 1498 24
316 1356 10
468 647 54
834 844 44
823 842 51
216 602 85
1390 1474 83
1379 1196 86
530 1327 96
1603 809 89
1203 552 33
1340 706 44
688 182 47
579 614 48
670 295 53
287 7 25
301 422 31
37 1203 84
753 684 69
1197 249 94
656 495 94
749 152 17
585 558 47
557 290 39
814 668 88
891 677 45
1220 1573 60
547 143 42
790 683 62
1041 849 44
231 444 15
578 676 45
1366 620 15
1315 404 47
975 176 59
762 322 81
935 563 74
1472 400 33
491 242 35
532 224 10
1593 335 74
386 1478 68
1153 224 72
1239 533 18
16 749 37
1396 1080 23
684 1049 68
174 222 61
991 316 67
713 43 27
996 667 78
631 1335 69
143 289 24
107 1479 26
1586 220 93
842 1129 95
407 679 90
452 1271 16
301 1043 74
1052 383 35
754 1146 77
1606 1470 18
946 642 83
1436 331 83
795 1254 53
61 1149 56
120 877 36
1567 465 75
1591 1247 68
144 579 67
930 233 26
275 1512 89
1401 1610 37
1386 175 66
387 262 30
1299 133 64
561 1148 30
220 56 36
218 968 21
1532 118 85
1384 806 68
628 57 78
656 1590 40
669 508 77
522 819 17
1488 581 53
972 1534 92
741 1528 32
397 1093 41
1271 206 16
212 984 77
1524 1166 44
1058 693 74
333 1592 42
1420 1515 26
532 38 95
404 835 92
562 92 65
761 867 28
757 166 76
296 1511 18
170 1135 76
412 858 27
895 345 97
1503 909 41
174 889 86
638 40 55
703 525 30
768 97 24
840 550 28
447 0 60
1216 1043 36
463 272 77
373 1196 52
933 682 26
1277 747 89
166 563 35
1579 620 82
39 411 79
121 691 94
626 695 93
774 1153 47
409 480 49
488 586 72
169 1067 32
451 845 16
364 561 65
66 526 26
1233 345 83
839 1045 85
1354 1060 66
1243 562 10
1563 814 31
1597 1154 29
1078 56 65
1474 1409 60
433 1247 90
1180 983 34
10 440 59
32 540 100
364 1193 95
1603 542 74
1506 971 75
326 365 19
1040 627 65
1054 947 57
462 1369 17
1543 652 67
236 474 63
956 818 48
1319 943 15
524 581 21
60 1299 63
652 968 35
642 1566 29
1154 148 70
453 1126 86
1173 72 71
763 1389 87
319 1333 61
1082 1320 65
761 1235 60
65 534 47
517 833 92
521 568 11
325 920 14
238 1093 74
316 542 37
1436 1140 78
1568 1211 82
795 312 90
267 306 36
334 902 97
117 95 86
694 245 28
27 173 37
311 565 41
1134 137 95
87 540 23
1583 414 56
1444 370 59
1113 629 82
1026 489 23
1150 131 36
582 1178 25
396 1410 67
1224 1503 80
845 172 34
142 270 39
1453 140 23
1323 557 97
1355 41 95
1317 1034 87
447 1302 74
1610 1365 77
738 123 17
629 1606 30
842 746 77
1095 836 25
905 808 61
312 741 14
683 1071 94
1032 1405 22
1564 66 64
506 246 64
746 113 56
118 117 61
1081 816 29
358 688 99
30 1203 15
1178 775 43
921 896 39
756 1335 61
1216 419 41
815 62 73
715 992 76
1603 144 90
523 72 14
807 1368 97
644 1601 15
939 1521 82
1153 1363 79
795 1051 86
159 1309 13
1415 1009 18
541 92 26
8 194 23
297 541 98
866 1608 42
1581 960 21
1053 830 29
401 882 53
68 204 11
988 1488 52
54 145 20
286 759 81
1216 1421 32
910 845 60
693 785 11
1410 310 30
1155 1600 70
1508 54 80
1032 1342 87
278 1420 68
1031 687 38
641 458 61
1131 704 52
435 951 14
469 897 33
780 914 78
537 1164 84
1389 1212 49
703 943 88
61 1218 62
396 574 50
644 461 78
1153 1581 31
705 968 100
1311 960 70
979 1582 19
1470 1454 82
612 1063 90
290 1008 66
394 687 72
1478 232 15
1518 1079 93
295 1532 43
137 1110 76
923 376 64
1215 1101 72
873 129 71
824 435 16
1504 1047 64
1021 1619 50
1021 1571 34
1314 761 23
494 1516 13
835 1287 50
444 1040 82
1479 929 85
548 990 48
487 464 100
598 1078 28
1487 1455 94
991 1343 80
962 1091 34
1274 339 98
1261 583 12
604 1507 92
339 650 17
699 1498 40
50 550 50
1544 799 70
281 997 26
1232 41 73
1363 1383 50
1280 1345 33
774 373 90
429 99 41
277 1250 89
117 325 62
162 960 39
1400 84 56
976 96 68
1381 1360 53
532 1064 81
162 1506 77
1258 1495 32
1008 1061 93
1499 1276 10
300 85 77
1477 902 61
188 929 38
795 963 42
610 457 53
1194 57 26
906 1275 100
1023 226 47
1029 1346 47
434 1602 38
1615 70 94
1028 516 51
119 854 42
983 673 90
882 797 92
538 918 57
103 1431 80
894 1470 47
106 1071 96
296 1476 70
383 1040 33
480 750 17
1135 1032 76
1587 1496 48
440 85 48
26 345 33
1572 697 50
1236 952 51
891 1452 71
1603 285 83
1156 850 53
355 1444 30
87 1325 37
1098 1193 57
756 1527 66
983 158 18
1065 280 28
1569 785 23
1545 503 99
1267 317 68
1598 478 60
1143 1527 70
1408 594 85
1262 371 86
764 823 63
1495 834 97
146 1009 94
496 53 76
1031 1508 53
1597 379 19
1111 446 26
127 181 93
1031 1364 65
700 571 68
286 215 37
1110 345 68
166 48 79
321 1575 68
657 561 20
53 63 38
646 1377 37
1005 1022 42
12 743 62
419 17 85
349 1017 96
513 1364 20
358 866 66
969 368 64
1033 278 63
114 1297 73
347 241 100
468 292 58
80 1560 11
844 798 57
1287 1301 44
497 1110 66
356 1302 30
895 494 84
179 726 24
533 436 67
1371 407 15
188 1214 33
437 1191 76
1104 1262 42
1504 861 74
1006 1390 47
658 1342 65
968 553 64
271 1166 79
141 1386 54
341 409 44
256 972 19
1140 1400 44
1079 938 23
768 1266 55
1285 1290 72
90 830 11
461 663 100
1277 738 68
93 290 22
35 911 83
1314 1139 60
454 1149 48
850 377 62
349 1599 80
659 1357 49
1552 540 94
458 682 68
1615 1115 11
958 989 17
401 1532 83
321 1070 59
1420 879 55
149 95 44
1539 1156 85
199 554 33
630 787 78
596 69 10
1024 340 60
822 114 42
456 484 34
1090 582 82
419 1448 54
330 987 99
1366 601 21
750 79 77
229 1041 55
1565 541 35
1089 596 58
998 1505 93
907 224 64
1106 601 99
150 643 59
942 710 63
896 764 98
1187 1166 63
264 1062 35
1474 59 83
108 1237 45
1082 680 87
1155 868 55
107 830 10
134 729 40
1541 260 23
963 933 60
233 1015 97
1267 454 31
486 1061 40
633 1429 78
1129 748 53
152 1409 83
1536 770 62
1041 1121 41
1027 1428 52
533 307 65
915 941 58
1138 630 62
1279 420 72
450 432 90
1262 642 40
72 90 87
1299 1078 56
1267 166 17
438 1474 47
321 310 64
428 1013 45
532 604 68
1465 513 59
268 27 78
959 280 97
1607 5 91
238 1262 55
409 1034 23
27 850 84
467 56 77
141 170 95
1196 1280 71
1128 65 23
1324 642 22
434 1382 49
984 364 97
970 407 41
835 542 10
241 187 35
696 1328 43
1228 205 90
264 408 81
1230 1046 50
834 1140 62
1007 1584 82
1130 1455 89
34 1067 64
530 1055 30
1048 1427 43
951 7 97
153 1473 27
1581 463 59
1079 918 18
184 941 19
109 638 95
413 734 20
47 922 56
86 359 42
510 1269 88
684 236 60
772 1339 49
609 1013 93
119 314 56
1141 782 21
1542 1605 90
256 301 43
1419 782 49
38 565 62
1262 865 71
1302 1242 75
1058 97 80
1063 607 24
91 555 48
952 1514 73
1172 0 24
883 71 74
269 1051 36
259 1277 30
215 97 92
974 353 77
1419 891 16
797 1519 26
1203 1436 47
955 69 98
676 1543 19
747 235 31
134 131 92
321 1334 74
258 1600 11
161 1321 100
1351 1333 84
828 895 55
1211 1317 45
35 1326 18
1475 1106 56
43 107 100
493 559 87
533 33 34
1609 902 53
1209 621 86
1388 719 26
938 1198 19
266 554 93
1238 1492 83
1588 596 22
132 322 88
491 1116 20
699 819 63
178 302 82
1522 1604 51
1462 89 83
108 593 91
1456 609 69
599 989 30
1552 876 73
921 1509 71
698 241 68
403 632 57
1482 426 21
1361 346 48
740 277 58
1423 554 50
1554 1381 39
165 298 16
531 133 26
1562 229 54
1234 1268 90
1148 336 92
823 60 51
461 1073 72
52 1463 20
19 857 30
1394 1256 64
942 1011 75
833 982 25
435 1380 31
1587 1545 20
566 619 26
1460 793 37
35 1136 46
938 288 99
3 242 49
1275 235 27
1147 190 21
1128 30 19
421 1524 98
138 623 54
1169 1285 23
970 671 15
1043 438 30
1011 365 55
706 1481 34
555 1549 24
1580 1307 67
1229 1072 73
1204 508 49
1182 696 84
1065 1184 68
9 690 70
1555 1419 62
219 890 97
1138 942 69
1540 108 35
577 288 97
139 1423 17
388 553 94
517 365 74
729 1109 45
380 1102 12
1597 1026 81
974 564 42
915 119 49
416 105 73
853 1190 55
128 1579 54
1162 632 34
1069 1529 31
401 1352 52
3 174 10
446 1215 88
1486 1333 25
605 610 58
517 1586 72
1196 540 31
327 1470 88
1526 1161 96
459 64 33
1098 450 25
1473 1346 60
415 1619 51
904 28 60
667 190 95
1097 516 39
472 1073 56
665 1446 52
969 578 87
46 996 16
142 1 87
1528 272 96
1104 1407 97
1139 1599 12
1353 415 86
941 1038 75
565 4 13
447 1317 55
942 574 86
1460 924 61
665 432 21
64 1270 69
1511 412 85
1267 1027 82
215 1479 19
887 32 51
606 408 76
1118 1391 59
1274 915 79
1583 1223 63
509 1203 56
767 140 62
1467 176 95
48 1478 47
1388 1293 25
631 590 88
202 133 21
1600 1189 62
673 119 80
837 428 20
516 53 57
492 713 88
627 563 25
1316 1297 79
1477 1428 78
463 791 74
1300 837 95
1354 564 41
88 613 11
327 727 32
1351 175 98
1329 1409 69
400 821 49
675 639 60
395 423 87
316 723 61
606 1584 35
1197 1179 26
205 60 25
1467 1253 61
1068 1219 58
439 978 87
381 1310 82
1124 634 81
1301 1072 19
152 611 22
31 1538 91
536 1414 51
95 1413 58
39 56 88
1029 857 67
302 929 89
340 478 50
428 1582 98
431 1155 49
300 7 20
1205 1549 50
1606 953 55
1056 1149 28
466 1533 82
1503 457 47
167 1370 83
1305 605 32
1119 1402 16
1592 750 28
852 1592 37
877 1556 36
1264 1380 70
1321 1172 28
1510 1218 40
1597 150 15
670 1280 70
1238 1395 27
1171 1254 31
400 1315 14
472 124 13
524 1295 30
1555 721 82
326 760 82
915 1449 35
1560 875 85
427 190 69
1016 646 44
1314 1616 91
337 87 42
590 1054 30
22 605 28
257 1450 35
1544 541 29
1036 161 43
1489 22 89
501 1135 77
398 380 94
809 1564 57
1189 994 89
1025 237 83
953 1562 17
1036 1131 50
1147 184 15
455 115 98
765 245 80
578 662 23
931 566 96
177 491 95
1532 863 11
1083 1611 74
608 752 19
311 1147 44
167 1297 22
773 1266 14
1342 447 39
1562 1258 18
180 1046 34
171 966 15
1111 1358 73
17 1308 71
1276 607 20
191 1394 71
995 319 26
595 1051 35
1125 799 64
267 971 83
307 1049 63
1600 894 69
1619 74 97
1034 1224 64
648 1086 42
527 838 26
1068 869 83
647 978 37
303 1584 78
873 257 90
236 936 42
911 1291 79
796 219 81
131 1497 92
822 147 90
1029 1407 65
627 634 29
726 464 85
1451 787 86
189 559 25
1449 943 65
556 1573 93
687 1536 59
345 1278 25
957 182 91
927 417 89
269 974 35
344 1389 61
118 510 15
844 718 19
641 1463 72
1151 14 15
746 672 90
210 167 66
317 1136 50
1574 265 39
1409 606 92
1191 596 100
368 611 77
220 643 18
646 213 31
690 987 39
402 1561 83
82 1179 17
69 337 51
10 456 48
216 318 54
104 1295 51
997 50 88
227 940 55
656 899 88
479 1083 40
1016 631 58
846 795 39
193 448 65
418 1014 92
164 501 53
107 582 62
881 1256 92
860 755 61
1524 1098 46
676 933 24
54 1318 63
803 1530 83
1396 974 87
326 902 69
1136 310 41
1597 29 92
217 1556 49
840 1123 37
167 1431 38
1197 895 86
78 1393 78
1554 118 60
1574 1296 72
387 1034 11
11 462 35
834 811 70
430 1154 93
34 594 93
36 734 89
34 1376 49
392 447 21
367 280 50
933 1613 63
28 307 23
654 1463 100
956 116 78
1153 913 65
377 497 76
509 304 82
982 408 41
647 731 62
723 1144 43
808 1351 85
43 961 27
189 414 10
997 678 39
621 1490 92
984 1420 30
741 787 52
342 1506 35
1524 1500 37
366 860 30
232 895 29
84 1461 21
275 214 23
225 148 34
1155 458 68
302 1601 78
160 971 97
668 1028 34
1404 1535 100
1213 805 46
492 776 67
834 789 67
1339 1557 12
390 21 68
681 769 29
1466 356 63
1268 1587 36
197 1333 27
501 872 31
748 221 11
847 227 89
210 983 82
350 910 59
1223 147 17
715 159 90
1201 705 23
126 823 81
1515 1543 83
1398 1211 91
1621 753 26
201 261 64
1473 700 85
1002 550 78
766 49 11
851 423 95
1597 941 27
884 343 59
342 268 46
644 831 50
151 811 16
203 1565 19
795 308 16
338 1352 14
1325 1438 72
1036 1329 74
976 1110 99
727 1153 13
960 1464 78
1584 57 59
90 188 40
487 520 10
53 145 35
1003 1095 27
1519 1064 41
1544 60 17
117 1254 41
1221 980 70
288 1142 85
937 759 62
715 79 49
474 762 54
136 1473 92
1267 995 92
31 562 19
459 1076 58
764 131 98
566 289 73
47 1020 16
603 1162 40
1514 926 36
357 508 51
1520 22 11
1075 143 56
867 842 48
1224 1115 25
1242 1056 59
863 1317 21
139 710 47
697 1586 53
1095 912 26
969 1319 24
931 1245 37
1013 1174 77
160 1209 50
411 827 54
120 351 29
1375 1376 63
1357 1261 40
583 888 42
291 523 58
203 402 58
1146 1430 48
74 109 38
1321 1614 69
1419 970 88
1276 294 10
77 1334 44
945 1292 14
293 41 24
350 274 21
120 1509 19
189 363 35
819 804 56
1207 635 84
239 1009 35
1538 872 30
1008 1215 42
675 1476 73
1273 58 93
337 247 90
1344 130 81
282 696 83
0 389 73
918 1376 13
516 672 59
1246 497 22
35 492 37
1446 1320 14
1020 238 56
812 579 39
1516 825 41
301 191 76
1366 1421 60
1298 649 99
764 990 69
840 1182 39
795 1248 32
17 846 11
1465 744 78
680 513 98
1406 513 42
1152 301 28
604 556 46
1271 441 67
313 1355 11
1307 441 14
429 613 53
1354 149 39
1016 176 88
1241 206 99
1123 1182 58
1070 911 67
1596 1274 70
1125 829 74
1491 899 10
1238 1159 67
659 891 18
212 49 30
266 1099 91
1595 25 43
137 1475 33
588 217 12
596 862 19
1529 181 18
709 954 20
1420 464 78
305 1191 100
705 603 12
799 524 55
831 412 39
594 985 10
1 1285 78
1242 1365 79
949 1185 73
587 439 84
654 616 59
830 95 84
1468 806 76
1290 488 13
540 48 46
1414 837 55
808 1040 72
1066 798 47
33 186 20
936 1579 77
1608 344 14
1312 120 76
1146 1075 51
578 1100 65
1306 158 79
737 1475 38
1266 1048 77
1517 1306 34
1511 1206 19
1364 1548 28
181 348 88
173 1145 93
1292 1499 54
113 684 28
360 1147 64
1206 1122 91
1619 476 84
82 219 43
585 1514 14
1497 1501 53
1316 1242 66
1200 94 60
1613 532 79
1468 1536 34
615 1506 67
1481 908 89
399 529 16
950 37 39
980 1513 46
1005 83 63
1316 1128 24
1506 932 87
1107 1484 60
1257 460 32
1223 934 70
99 853 88
453 505 29
1341 1573 12
1051 471 50
1320 993 23
459 638 29
712 188 71
642 657 41
32 1460 52
1077 522 16
1619 1161 61
674 744 41
511 1464 31
165 494 41
1307 1036 66
1335 179 96
371 802 43
430 1260 13
543 1374 22
372 1590 77
645 386 30
493 442 83
1270 35 91
559 945 14
1620 1384 17
670 1436 76
21 48 51
1115 1509 37
1537 1587 71
70 102 54
348 1316 83
1476 744 89
942 1538 12
386 396 41
445 249 51
1234 674 33
835 545 49
908 857 77
133 1545 64
1223 1345 51
204 1101 40
1009 865 81
1535 1014 48
1036 1140 81
480 1282 95
1532 1033 72
925 737 10
18 1242 38
1459 144 71
233 879 93
693 81 10
243 1405 48
1436 1471 19
1552 1466 18
1490 1118 71
1253 324 11
1186 1088 61
202 697 19
705 1264 48
398 523 90
764 578 34
1040 859 34
1141 515 95
1077 999 78
1280 1397 53
402 751 26
951 1324 25
63 305 39
617 1227 90
753 1178 59
838 1269 38
1532 1025 96
785 874 95
965 1590 77
140 1099 48
294 1219 61
1476 1285 92
804 407 52
116 204 84
3 1284 65
1576 3 29
593 406 25
450 1338 53
357 683 37
992 1409 33
1365 1021 44
396 1390 57
1522 481 68
866 1077 35
13 1573 44
1210 1531 27
460 618 10
57 183 84
925 1485 24
956 254 82
492 673 100
1370 1014 20
292 481 82
1376 1026 66
38 1427 97
1002 633 76
394 475 46
1175 325 83
1210 1254 46
716 145 93
594 1495 50
1616 1027 37
528 497 45
356 862 29
1125 1176 60
1612 427 40
1516 29 75
800 1190 21
602 460 21
212 766 50
1002 333 58
1383 1353 55
491 398 36
1524 489 95
469 840 34
142 1267 52
1429 648 96
1596 804 24
643 328 37
217 1371 66
1521 571 51
1353 1226 100
38 1523 21
652 42 69
943 495 85
1030 439 73
202 1058 80
1270 976 73
557 896 45
1148 2 27
1342 985 47
1467 159 73
1310 1434 16
950 716 31
1076 292 46
342 1434 71
255 1134 69
495 1007 10
1481 386 23
415 929 81
937 865 86
286 910 44
1404 1173 74
268 1376 71
34 1455 23
356 257 29
1540 48 32
1037 663 89
259 361 12
576 147 42
1105 631 71
455 1402 82
1262 593 11
910 791 53
64 1119 23
198 1357 77
1376 983 25
290 3 99
492 857 68
1380 1127 55
212 202 29
1113 759 34
1129 571 72
525 1525 37
992 863 78
457 1388 47
874 871 86
40 1009 61
1116 694 27
1200 233 84
1305 1422 14
1186 806 60
357 111 59
849 1619 18
169 1076 86
242 970 44
1204 1094 36
632 887 55
685 606 96
413 317 29
404 63 58
478 283 14
647 76 78
1261 1280 54
403 1299 26
265 528 38
293 1209 66
941 219 74
1577 1516 38
928 563 62
14 1406 87
1185 1408 50
195 739 74
534 1007 13
277 1129 35
657 1416 46
517 843 49
182 780 37
1235 1186 67
1527 816 37
833 35 76
1110 1003 53
87 814 41
175 774 82
1492 651 25
1468 683 48
540 480 78
601 1470 92
1000 1541 34
546 729 17
1530 209 89
502 23 86
1282 122 27
1085 1492 41
251 343 17
1233 1190 84
100 808 62
244 382 43
338 512 79
610 69 64
1263 291 60
73 411 11
734 1450 76
757 348 87
128 745 28
141 1001 22
145 79 17
1066 609 15
1038 1222 97
86 1387 48
874 1084 58
376 972 36
176 729 40
1033 1541 65
1034 125 54
298 319 99
1386 622 16
602 371 68
311 1532 72
491 250 70
81 473 59
1192 89 72
1458 252 11
369 1116 55
1570 641 48
675 1209 68
1024 1541 39
821 521 40
627 151 37
952 1138 70
495 245 60
637 759 78
123 1224 79
243 1307 30
728 293 27
217 1360 54
186 1234 38
294 581 76
1290 126 75
411 717 60
620 533 90
596 33 19
1005 223 98
1189 615 71
1324 1139 54
652 560 73
1125 1612 10
694 1197 57
647 75 37
488 1107 64
1424 198 68
989 1531 18
257 1365 72
1620 631 34
781 1602 49
183 426 59
1083 848 27
995 1137 19
1350 888 38
594 310 35
1052 1324 16
1289 635 14
305 1489 23
1480 1412 47
945 567 99
83 615 81
2 187 39
1328 1081 62
981 994 100
1180 510 77
1280 646 76
35 239 69
528 905 92
1301 17 86
400 1482 92
873 1162 33
432 1419 50
235 1332 34
574 306 60
1456 649 82
1178 1228 29
253 835 31
308 338 94
778 1238 51
251 785 84
377 1162 19
219 1160 15
612 480 16
476 55 30
1493 1430 75
25 1199 82
592 1608 15
977 219 58
814 941 18
1258 1348 49
1434 848 11
1398 781 39
767 925 55
529 1020 66
894 718 35
523 759 11
884 285 65
467 226 85
1352 1348 16
635 1556 71
245 425 82
1281 337 72
309 1066 82
463 299 50
907 1555 42
908 116 70
1484 383 13
184 1031 95
951 1150 24
535 924 99
36 162 85
937 1541 29
80 388 85
435 1291 59
1284 100 52
804 448 41
427 868 68
963 610 10
637 1505 26
1415 35 67
758 1059 40
309 1471 82
533 29 20
343 443 84
1116 68 84
711 1593 29
1129 69 50
1026 938 73
576 60 43
1440 1068 44
762 1613 90
17 36 46
989 1525 36
1376 989 10
1615 787 99
1071 924 25
836 1034 46
652 265 42
1578 307 70
453 1521 99
286 615 83
1011 258 49
1112 1116 68
1240 1561 94
893 300 91
1582 476 48
1579 758 10
348 1203 23
728 1557 74
1442 678 99
1583 735 84
535 260 47
1445 130 42
371 727 92
1495 1501 26
115 863 77
171 1309 34
743 1311 14
1084 0 85
56 1415 46
1221 1326 97
217 779 92
670 644 75
1479 500 30
413 1272 35
856 1469 46
89 1286 84
1605 1328 81
319 25 52
200 832 65
1319 727 90
239 123 81
845 358 95
1349 1516 89
1135 126 58
1048 458 22
1027 411 61
1307 1192 23
988 764 65
19 1342 94
1114 1319 30
1333 1138 81
115 225 58
1401 492 80
48 321 67
1528 285 88
767 1232 38
1023 596 76
593 466 82
103 1299 95
74 20 94
1308 932 15
822 237 25
1378 575 59
451 311 30
626 1547 99
398 902 59
661 1437 56
320 376 23
731 1206 27
100 743 58
997 478 79
1437 1162 14
261 327 55
758 66 67
1385 1282 67
1441 138 90
546 999 43
1309 132 46
324 636 20
1250 1116 43
953 1500 23
215 183 76
17 206 54
257 1218 61
260 1588 39
1418 689 60
1464 455 39
176 155 69
386 1543 40
967 1038 35
1197 68 43
1125 458 72
660 681 71
1543 836 82
143 1024 89
1231 511 41
972 1331 25
802 667 24
911 971 11
923 481 87
1524 69 53
1391 148 43
1044 600 95
1386 975 63
1275 845 56
252 163 48
497 844 14
1536 923 32
27 420 12
355 1219 16
352 1260 18
1563 493 83
101 1566 50
940 1617 66
1068 204 46
842 1225 66
1204 669 44
95 1371 86
451 1115 43
670 953 31
1279 620 33
1454 214 11
915 622 50
470 901 70
916 1387 92
219 1415 61
718 1009 79
800 876 27
112 185 74
762 1321 51
935 897 23
1318 614 95
249 593 59
440 1553 25
821 1215 85
1597 1089 32
909 1286 80
977 1232 65
232 688 63
387 40 97
93 1027 88
438 1133 77
1068 603 82
945 1102 27
46 482 25
858 1445 78
613 1082 86
1507 1263 78
22 525 44
753 580 24
581 74 89
1561 1392 31
1328 411 91
423 556 89
1621 1603 46
1437 500 16
772 51 56
1524 1380 93
1133 67 69
374 1335 75
911 1446 62
1562 1620 95
657 253 61
1009 434 47
24 562 78
923 221 90
719 133 81
1093 1594 16
589 247 35
902 551 86
858 872 24
857 914 76
1094 565 96
1232 852 56
822 1345 48
213 831 66
1162 324 57
701 1217 96
743 1396 18
880 1266 72
20 4 81
236 304 51
700 257 85
716 1586 64
1056 273 67
1291 479 34
427 1617 82
1320 1583 32
1216 1511 98
646 104 43
796 1195 51
1432 946 16
760 784 15
1357 108 55
1273 613 87
1231 930 47
166 702 65
1262 1274 30
1295 931 53
1348 321 45
718 1519 79
1585 717 30
1077 871 67
1346 42 18
337 1055 46
1621 512 19
117 1613 62
316 563 11
552 380 50
556 1096 70
363 664 81
769 289 41
53 1090 92
780 1415 87
794 1381 80
861 707 88
326 1507 18
1117 970 74
175 115 57
1569 1091 41
1100 1076 30
1483 1233 23
509 260 88
717 9 95
1484 1201 75
529 417 33
282 395 71
1381 1320 33
1140 754 71
637 1301 53
1567 661 93
642 293 65
186 78 16
27 1349 71
1593 885 15
970 726 44
950 1405 61
67 945 18
1204 341 46
1294 1197 54
582 876 39
951 1036 52
557 1068 79
1021 713 61
1204 48 29
695 587 53
1047 459 61
1564 1143 97
253 835 69
706 289 25
84 1614 15
1404 332 82
63 544 27
1613 260 37
817 763 56
909 996 53
4 258 39
1031 830 90
1016 1609 48
106 1046 68
812 1050 80
192 1257 28
132 291 78
88 456 97
1408 1590 19
859 501 75
337 1161 72
454 1220 43
1172 1339 87
362 883 58
804 572 25
1445 456 82
232 1428 80
605 1490 64
415 1308 93
1291 1312 100
685 583 83
467 339 57
1039 515 20
1350 1089 12
864 994 94
1385 128 80
799 216 53
1531 65 71
311 1507 22
1080 1277 87
410 609 19
1062 1257 89
819 896 98
200 339 100
819 607 41
1200 1478 22
564 480 89
1343 1367 90
1171 294 14
662 1062 60
679 870 18
634 533 19
1377 1047 36
1459 533 41
272 459 61
886 319 95
1101 1360 45
821 1216 96
1269 1 89
27 1059 37
481 806 40
687 1523 46
6 577 43
360 931 72
260 145 75
390 1017 66
373 751 63
582 1389 36
856 1160 63
88 1343 34
426 1440 20
454 1536 87
70 988 14
991 919 97
15 471 86
647 1426 71
152 1460 15
1105 807 19
1403 22 30
1110 1468 61
418 588 68
593 36 98
1454 31 88
671 180 34
287 870 18
1278 393 74
409 108 51
551 455 32
1386 1144 23
165 659 95
968 1250 80
1022 1076 33
366 59 93
1082 1581 13
1146 580 30
566 510 45
822 322 27
1458 718 76
1615 526 15
1088 60 16
975 324 44
821 1356 79
213 476 65
51 1178 43
324 1296 45
125 1493 12
221 36 92
685 659 66
131 913 48
1134 247 25
1472 1344 74
511 589 95
1046 823 27
1002 35 32
975 293 23
1579 1472 100
424 1526 15
195 694 31
986 617 62
721 624 93
1495 514 95
328 13 76
941 535 23
1104 1448 38
1239 1359 23
1142 366 65
5 429 79
862 1383 12
709 1357 96
874 1086 72
621 1423 46
1237 686 70
15 1374 15
480 613 55
1223 1281 51
391 339 66
1205 1078 74
522 1123 31
936 496 76
223 335 73
978 446 89
688 490 93
1227 972 61
353 853 84
1014 1260 69
1148 1238 94
439 1146 60
1147 262 45
1058 1370 75
170 462 54
1207 648 10
1512 619 77
1039 233 25
366 195 52
1138 428 66
278 85 61
1423 701 30
1588 1429 20
899 39 58
1135 1335 89
527 847 10
219 1355 50
1164 959 17
36 345 15
1237 1196 100
390 1175 85
406 151 39
1130 844 78
529 1422 18
1612 163 68
959 723 73
1186 1002 97
860 28 60
861 451 51
355 1089 88
1516 1546 79
84 460 86
1360 1560 98
1428 134 84
774 1536 64
446 651 79
1584 1245 40
1123 277 13
764 1419 98
1373 278 21
1035 1154 13
521 814 81
52 728 44
676 529 49
1367 1181 74
824 528 30
573 905 44
320 1186 64
991 458 18
243 1211 19
1349 1615 46
1111 457 51
439 607 84
1155 1421 26
516 759 25
1117 1123 33
833 1211 20
865 839 24
1355 264 94
909 587 93
81 657 24
323 1193 21
1155 43 44
1007 1570 76
1525 1522 88
1554 441 43
667 908 42
1160 447 97
886 361 41
1296 299 97
213 521 84
855 616 64
430 1057 84
569 346 14
1488 1349 72
301 1352 100
45 914 90
78 444 91
183 314 51
172 1437 95
106 1443 84
550 27 29
647 1272 90
952 801 79
524 357 69
186 1103 49
521 1533 77
24 1319 32
1094 971 97
404 1019 55
1081 1269 56
453 750 79
292 1525 24
1147 1058 43
994 1447 32
1140 1125 23
198 221 45
200 821 75
439 1434 39
1230 1054 77
1007 942 38
1246 57 28
1463 1539 17
759 876 11
1005 556 60
1443 293 33
79 68 18
597 564 33
789 881 76
41 1453 38
845 750 35
1566 1306 41
282 608 20
420 132 19
273 19 31
945 811 47
1126 972 49
1485 1171 11
27 493 11
29 1143 16
208 1616 33
869 1608 48
1187 1419 15
1157 1581 51
858 358 12
704 1289 49
1400 474 18
1437 1446 68
622 1465 90
1329 967 96
1399 1463 65
1414 1452 25
1027 1215 35
1547 857 12
945 870 24
1145 640 99
8 1304 15
997 1181 78
1483 453 79
1534 1113 36
253 1595 75
244 456 85
1453 526 100
202 931 75
1147 717 16
918 1236 89
918 370 53
367 151 70
609 1565 35
1285 1298 73
631 803 98
1113 1389 91
837 946 40
93 488 94
872 599 50
1323 1433 51
289 916 13
1136 1192 60
299 1597 96
603 1610 40
714 1300 13
295 934 93
657 1354 91
118 1371 88
742 469 13
899 667 94
1233 685 52
663 752 30
1193 1348 46
1047 1326 46
12 931 30
1030 699 49
1619 102 84
1455 554 78
588 1567 19
668 955 28
1565 272 43
203 929 15
1349 1070 19
130 195 91
1275 254 34
1122 1373 64
97 742 59
54 210 97
279 1344 60
639 323 56
234 378 70
121 826 10
268 1276 30
570 613 50
130 230 72
39 857 40
686 1297 52
1381 1510 16
554 1347 11
1043 631 17
1309 1137 11
1157 1297 92
322 566 39
737 1005 45
12 1146 28
809 729 50
1131 976 52
93 1168 54
1206 1025 21
1102 573 13
1234 1151 96
1379 352 61
1508 378 28
210 161 10
805 1020 40
720 722 25
889 422 33
75 670 99
1018 593 90
824 1195 46
6 964 30
778 632 46
104 512 32
793 182 94
676 1220 47
140 1384 24
330 99 56
1544 184 54
1073 40 28
1540 263 45
690 194 47
1536 680 81
1274 448 78
243 876 81
1358 1324 50
499 955 60
459 1090 18
760 1283 25
853 818 13
93 717 100
1271 1453 91
147 907 56
304 1323 100
1474 1172 48
538 182 25
1621 726 37
263 655 27
1389 896 86
966 622 37
1607 1465 90
632 669 63
214 389 79
567 1604 27
1450 856 34
1188 582 48
981 687 25
1386 1587 29
368 169 58
1389 123 40
1111 165 22
1224 1106 57
863 1561 95
302 63 42
1173 1122 100
1106 798 82
713 1099 22
132 81 18
393 366 27
1158 876 60
1403 32 17
967 1621 97
110 379 29
480 179 79
1511 728 89
1181 1564 95
844 809 98
1190 77 64
356 30 99
344 105 50
174 720 27
1090 686 61
84 1144 22
115 386 80
451 751 91
721 424 83
118 645 71
1103 937 49
999 759 53
810 11 15
972 937 23
1347 640 37
651 1525 72
1061 386 91
1578 817 28
232 1465 10
13 828 34
1331 45 42
726 565 59
16 743 18
105 198 33
674 1335 99
283 325 58
521 1365 45
1079 1464 30
275 92 40
1406 1398 25
1610 732 87
993 971 64
1170 976 79
834 878 34
1265 1079 66
912 1112 41
1001 220 62
1352 1153 57
1498 1272 79
458 1110 10
897 741 10
1484 139 60
439 15 24
1598 501 36
691 1568 52
768 480 69
73 457 47
1156 765 58
697 448 22
878 1453 56
300 878 85
762 621 60
1495 776 53
101 373 71
1297 465 55
1534 1301 32
395 1386 97
656 383 43
1167 887 17
894 1409 44
539 1481 36
1334 102 33
756 924 55
504 1344 88
328 203 89
241 216 69
1031 1563 68
1616 1601 100
988 420 69
456 824 58
615 202 47
831 1118 86
56 403 74
1114 1590 72
467 1177 70
1180 933 57
953 272 88
7 1041 12
1199 1547 21
1401 1109 14
285 1374 66
686 1083 93
913 947 66
839 1181 41
1528 349 33
1205 687 57
80 776 67
990 661 36
1364 1603 30
937 206 84
953 1404 35
1126 1315 79
93 1386 54
775 1004 39
1229 881 10
1058 926 81
1330 1194 42
458 1070 95
502 607 54
516 1489 18
1208 881 27
1128 1029 11
1396 808 43
841 839 72
342 894 66
101 1267 65
1104 289 89
83 501 49
93 62 62
1545 677 35
353 248 25
1432 389 15
226 877 67
1245 1086 23
411 831 25
1345 259 23
964 944 22
732 882 64
1135 929 82
607 1136 37
1073 852 83
458 301 66
1139 1561 41
303 45 52
631 1310 88
1415 708 100
1610 982 11
962 937 89
965 560 43
1379 167 68
1438 1378 66
1187 39 52
1433 1018 89
1294 248 16
926 37 29
389 603 32
1503 517 28
1356 503 51
1206 858 42
170 142 19
1326 699 34
344 1119 80
196 14 31
426 1293 43
123 923 92
1147 428 94
1470 1582 14
1122 43 27
1029 1384 74
438 230 34
773 1100 46
131 1502 29
123 1265 43
299 830 72
1311 1134 42
201 1594 19
211 699 45
1221 909 92
1413 1139 10
1555 1359 99
1199 745 78
1210 1384 88
905 831 91
915 304 56
1043 1082 14
397 150 95
668 1328 59
1256 812 76
310 523 100
42 1427 25
1041 199 17
787 476 31
1570 724 87
923 753 90
1127 1270 91
1399 1025 17
1255 1216 29
476 554 42
1242 1183 16
717 792 36
1254 291 32
1295 632 92
594 390 87
253 1333 69
781 1058 74
112 957 62
523 408 11
240 1111 35
1229 850 25
798 877 73
329 1561 84
897 822 14
1486 307 68
1368 1005 35
1404 1108 54
583 1318 14
1606 1170 53
800 234 74
1296 167 87
1429 608 73
742 316 95
1571 507 70
41 600 48
517 1217 16
1178 684 91
449 1470 39
116 931 67
60 735 45
1003 1578 11
1067 929 10
54 1362 20
324 1583 39
17 224 64
883 495 73
805 433 59
1447 726 43
1288 1553 47
1590 1 63
185 123 61
1306 454 49
338 613 47
1062 1212 38
498 774 84
937 386 41
885 224 71
1297 1209 25
163 601 17
1100 674 19
1203 1359 31
1053 329 65
515 986 25
200 956 18
1417 1286 26
1325 274 35
80 1325 51
1492 46 73
575 1296 35
988 883 51
1141 260 38
762 877 73
864 414 84
845 1413 80
1318 851 60
331 1441 35
666 861 39
1532 949 26
1089 1468 51
433 833 62
754 350 67
1088 634 98
561 1389 61
366 378 52
634 293 12
621 152 85
112 936 58
1 1495 24
184 246 11
982 241 78
1552 765 27
1162 106 25
500 600 21
926 827 55
435 1362 87
592 54 62
1185 1481 95
149 1025 93
839 114 96
434 1288 41
1309 205 13
1435 190 66
948 793 52
110 972 35
974 1064 83
895 397 89
132 1339 47
1415 479 76
1496 816 12
130 1484 48
1581 460 43
886 1304 57
1577 27 49
1259 820 53
686 197 54
1446 1459 60
1139 647 60
1202 1508 93
284 964 95
272 274 26
916 1188 15
1074 515 38
353 654 53
286 830 59
679 434 55
751 1484 13
1106 774 32
1131 596 89
1180 1547 11
473 1472 76
1000 858 88
262 1461 40
1105 964 85
1434 649 48
376 1458 42
1227 1330 11
1301 801 93
1391 1560 74
1018 933 22
660 812 48
28 298 89
1245 1434 10
541 43 40
807 1389 40
1151 1160 55
691 452 95
462 805 57
1295 211 93
336 950 54
19 1560 26
770 461 26
28 1345 57
721 1426 41
1445 394 83
566 151 75
221 1393 65
87 877 55
1573 1358 82
983 280 44
1458 354 21
1616 845 79
144 508 34
951 1528 38
1320 1147 77
388 795 26
119 434 70
1270 1598 15
1450 1355 23
1244 1099 73
425 716 41
470 413 26
747 434 92
95 57 89
1363 1227 17
354 1565 20
614 74 30
165 737 70
682 45 88
791 548 76
1140 942 43
774 1335 27
1376 1384 29
639 24 61
928 1064 88
1069 948 75
1156 213 22
1372 266 24
217 1430 14
483 772 51
627 1026 41
1427 853 84
1241 1550 19
466 1236 79
1195 778 43
482 238 88
1165 1532 90
568 1155 60
1275 1349 70
1452 984 57
342 1389 32
934 1162 37
946 1148 84
1481 1303 54
626 512 25
639 605 48
1018 1268 90
991 997 22
209 1342 16
743 1247 45
1521 1293 100
18 26 91
7 1094 57
1366 1307 15
1128 1063 62
1387 279 33
618 368 15
626 322 12
1257 1091 28
796 1213 43
682 1559 87
800 505 62
699 449 93
152 1348 19
461 1367 17
1025 1460 14
62 1095 95
1075 1584 68
236 731 16
1324 440 80
1564 663 63
64 1377 50
806 330 44
387 1412 21
1603 75 56
1449 1532 83
835 715 59
441 856 99
890 182 51
1145 670 61
209 281 92
1565 932 25
244 1603 80
1232 765 40
773 536 67
1401 1221 79
770 579 22
1513 858 14
1394 1395 43
532 1043 74
243 150 51
522 251 73
1590 464 38
1521 411 28
773 786 70
113 911 37
956 801 68
624 838 40
238 1359 45
45 1583 62
151 553 67
1221 873 29
875 1518 56
501 1221 62
1163 331 81
8 378 66
710 702 92
140 1364 53
582 1430 29
740 1518 11
926 271 59
1525 718 40
646 1271 51
766 1263 65
1068 1507 65
1421 1406 15
513 1534 72
1527 790 58
1270 1608 47
1592 1134 67
1489 1512 14
1602 1549 68
488 719 38
801 1343 53
563 1077 62
1436 684 90
1020 909 17
999 720 55
474 468 10
1469 117 42
1447 624 56
180 1527 27
1312 1414 65
1469 56 36
1475 865 12
365 1064 64
355 1348 89
972 20 65
1452 832 99
1620 1485 79
254 548 66
1068 1364 12
1318 522 84
774 472 89
38 1418 90
228 180 14
1386 1118 38
68 778 35
965 381 66
1339 1115 93
228 571 80
312 1404 91
307 1484 37
615 948 82
1421 503 24
458 1361 32
1522 1555 21
701 69 86
1544 1456 99
91 224 52
1196 216 84
1294 695 11
1188 1288 55
218 1090 25
1597 1098 90
545 772 59
390 824 57
851 81 100
1205 1293 19
912 155 77
203 119 16
1619 1584 30
653 887 62
526 1538 55
8 126 90
992 532 78
204 1546 44
219 1294 50
78 1317 60
997 1065 28
169 1478 77
384 657 18
1067 1144 16
1514 61 52
364 368 51
681 1160 12
927 308 85
371 1137 13
856 197 21
33 929 79
357 1557 88
1568 1434 32
43 1452 49
1485 63 29
760 1518 47
483 1401 54
36 1569 45
738 940 62
692 1389 89
762 1599 94
807 1604 35
502 145 76
117 99 78
799 926 55
518 888 68
343 970 44
675 230 51
1476 765 91
480 993 88
788 487 65
43 8 56
605 1183 11
459 1440 44
18 1517 69
663 853 81
1443 331 22
355 71 35
622 91 40
1342 255 80
189 616 93
1355 327 67
835 823 25
1235 818 37
261 216 51
536 1264 42
247 1143 42
1517 220 44
551 695 49
1067 296 44
71 1201 26
1319 379 31
232 502 63
1118 521 51
372 1088 100
1542 561 17
715 427 59
501 1310 63
1278 549 97
1028 46 63
641 82 37
933 500 53
1267 1506 60
1349 46 14
228 441 29
1385 1176 97
221 745 64
1013 103 61
1506 430 86
609 1045 29
1164 404 75
1069 391 99
649 1416 15
450 933 13
1400 1558 89
488 1128 52
766 131 47
1528 97 57
89 161 53
1295 90 78
267 1302 53
614 958 22
1576 474 70
1190 1088 78
1198 374 29
240 603 38
1362 177 71
262 764 26
1355 181 29
1272 74 64
1493 1020 20
1309 1530 89
156 767 35
1013 665 98
1010 894 73
1193 1446 100
65 575 67
268 1424 34
1420 918 59
420 1110 26
224 1599 90
421 1119 20
995 753 78
302 1354 15
311 1189 96
854 1349 19
1199 41 18
1122 1250 41
720 292 75
1610 1228 70
958 1279 32
983 955 73
1465 948 32
721 515 65
1504 318 23
609 1342 46
79 852 67
612 1114 88
1549 604 45
497 129 79
1385 1283 37
327 921 69
164 934 51
1316 758 27
1490 1102 48
101 526 16
1422 1347 100
229 1557 54
813 214 86
543 1377 94
1373 942 37
998 132 15
960 12 44
1588 563 12
1018 391 70
1209 611 13
1065 264 89
839 1554 35
1144 407 60
771 868 96
1421 1015 70
813 85 87
450 593 33
1236 1486 56
1013 666 68
286 1135 85
724 1572 97
682 1041 89
1038 937 95
686 1448 90
7 718 19
80 1096 78
35 1029 30
257 539 95
1166 943 78
655 243 96
1481 1156 58
31 1399 100
661 1421 17
967 556 24
1222 658 90
1084 1386 55
1266 1356 47
665 814 64
1526 1334 22
630 657 88
1449 1444 25
1127 165 44
1531 596 98
1122 671 49
1588 849 34
1534 312 35
1365 770 90
1311 1484 38
1569 1249 74
966 1486 70
441 69 25
104 1613 84
18 1289 95
239 1404 63
308 1105 47
110 735 61
386 345 44
532 148 70
971 253 67
664 811 24
189 332 29
1249 93 62
1458 1230 82
792 446 35
993 674 19
1281 1269 23
1512 1491 40
1511 1055 84
1035 42 25
1617 1472 28
687 440 18
848 339 94
1607 731 37
83 756 12
1509 773 89
921 778 50
826 1218 12
530 352 77
60 476 93
1560 720 86
841 611 46
1236 747 39
751 911 62
730 741 26
671 192 24
1414 491 50
484 693 27
1517 423 84
791 398 49
218 876 73
1186 1519 92
1443 638 46
515 1178 58
1117 1192 42
1284 1000 65
1453 502 69
1258 226 39
512 1488 14
38 872 76
406 1621 85
1228 261 34
741 762 54
1586 870 51
1008 899 94
280 1404 83
1436 1341 57
1264 561 58
438 563 83
1510 1545 46
1446 1580 14
198 926 29
1469 1451 72
356 1553 83
580 396 83
381 34 68
834 1350 42
878 1302 94
851 408 64
31 824 47
952 965 36
310 799 99
536 306 63
1450 601 38
101 981 22
6 1440 29
1097 1357 23
422 1607 83
1461 411 97
217 145 11
136 1252 32
281 1426 90
176 824 12
425 483 66
577 1609 61
1310 159 13
769 1304 33
524 657 73
1446 999 65
1576 603 92
158 959 53
684 1259 91
153 1123 75
1301 514 39
1494 1527 81
567 1071 18
152 522 74
46 1105 97
9 1255 17
227 688 39
487 1152 25
287 1188 52
686 163 95
311 208 11
6 757 59
1509 1589 80
328 827 53
1239 442 42
1425 430 60
1253 1442 91
471 287 31
316 971 42
187 1196 94
575 839 27
1227 228 38
958 1406 48
639 1081 69
1248 191 54
1029 912 27
28 996 91
1165 1136 59
847 1211 83
499 798 78
363 837 21
1118 1357 52
1022 988 44
148 518 10
339 1047 25
292 231 60
344 636 18
57 88 45
855 818 18
1620 105 22
313 545 10
86 1529 48
1397 647 51
1334 1108 22
231 13 21
532 1509 66
801 1052 93
816 275 31
6 155 79
1234 1244 10
1255 94 54
133 1573 56
1433 1431 72
1069 228 30
929 183 74
975 176 67
1254 169 80
439 969 88
808 1437 33
1113 837 33
1599 715 68
448 1347 83
57 750 11
313 352 76
54 889 13
801 732 64
1129 537 68
325 1378 81
299 635 26
1610 638 99
119 715 94
912 937 79
962 98 56
1111 385 41
48 454 88
555 156 97
12 431 10
813 1443 98
417 1323 67
609 829 37
415 1484 28
429 1282 36
297 1236 58
325 1522 67
361 337 44
5 1455 46
510 741 59
1351 608 88
1229 1267 20
477 529 84
934 1364 58
1298 793 97
1047 518 49
459 443 87
562 714 15
1106 135 28
1539 0 100
1230 581 83
215 1595 89
690 956 79
136 623 12
581 118 64
511 1327 78
1412 1081 36
1216 246 20
1142 1061 92
1458 643 18
1006 721 23
1427 763 25
41 1300 16
279 1406 60
1173 336 81
1511 272 16
1303 344 61
432 1504 18
1250 929 17
970 1145 26
965 1589 88
1517 1561 14
133 1490 81
1044 1258 94
652 884 80
502 1599 42
0 1378 26
243 1493 37
1604 294 93
1598 138 16
350 1044 89
797 711 43
1421 1004 80
825 423 63
694 1542 82
1088 1178 36
696 227 68
590 63 53
224 477 83
1458 419 38
1555 129 67
518 762 41
612 40 53
70 563 93
1588 1311 62
720 974 81
1191 156 26
579 186 80
773 68 26
1258 871 57
1391 1168 84
1584 761 20
810 1152 75
1366 672 79
322 1410 99
846 913 91
84 109 74
596 1562 60
1176 1191 52
24 594 96
101 869 20
35 353 86
6 1089 45
9 23 91
263 389 56
471 115 25
256 1284 62
1363 1173 46
504 1152 56
1247 1045 85
1372 913 59
224 1260 49
832 980 82
340 657 26
1416 538 22
594 1255 48
1262 854 30
697 362 17
980 824 44
468 784 25
1022 632 26
1160 545 96
996 226 75
1324 128 63
1180 335 52
1337 762 75
1138 1530 64
310 996 100
118 430 77
275 1493 45
262 501 93
1495 609 40
1120 405 32
821 1540 29
1274 703 82
1327 855 78
767 362 98
1360 164 27
992 266 59
10 1443 53
67 482 79
1489 88 41
1568 1128 92
1086 356 44
848 1592 31
402 752 65
584 183 96
1568 974 45
1023 1477 52
860 1146 15
210 1166 25
1243 427 22
423 414 21
1112 377 19
1565 1305 13
1355 149 67
1591 114 53
430 1289 91
1459 1599 50
1363 78 19
1355 1285 44
988 1478 55
1559 489 62
825 511 36
1352 627 29
244 29 58
538 1094 96
1052 1335 45
716 1304 21
321 914 90
1047 109 11
1191 917 86
1143 1300 24
1452 244 85
676 302 63
1113 1523 59
712 1369 84
1138 334 25
258 1596 28
1501 740 64
593 991 12
186 544 71
780 326 76
654 1527 66
1510 448 46
672 1491 11
653 95 19
1521 1088 66
1323 215 77
1017 352 94
1601 1297 34
381 1389 20
34 1066 45
559 113 49
118 1208 89
425 16 35
1595 472 12
1080 569 35
873 548 31
1267 604 72
1331 522 59
195 654 35
717 277 41
396 744 94
634 350 39
1014 203 58
112 1223 15
292 1419 25
763 943 40
1473 1186 49
1110 301 68
297 505 82
1419 542 12
1464 1543 11
1104 920 92
1608 889 76
802 237 24
1223 962 58
77 1280 52
688 1163 51
794 305 100
1201 1034 76
415 990 53
1445 1039 16
636 717 58
478 1171 91
189 816 74
607 1001 78
76 1223 73
1436 1542 70
271 38 67
240 734 53
653 1168 69
144 1113 16
55 90 85
373 501 42
590 1153 56
568 168 27
163 693 42
547 711 85
1109 1124 100
1391 624 16
761 383 66
901 1222 89
332 1329 75
149 50 22
666 405 61
614 268 35
1159 495 78
1303 886 72
1386 701 90
93 243 23
370 822 54
878 1308 39
514 865 14
258 981 19
666 702 67
525 192 53
646 1231 80
384 1603 17
681 1107 67
1076 1187 78
1610 140 83
1554 1207 23
75 1175 99
1540 7 21
764 274 15
781 1208 67
1343 1154 16
742 1081 90
1197 93 40
480 978 11
987 795 94
1260 1373 72
122 75 100
1613 186 99
1556 607 97
927 150 33
862 296 43
1499 356 28
1120 584 25
1370 774 54
742 497 53
162 156 52
387 171 68
478 418 57
994 565 29
1060 1616 35
36 130 65
417 629 55
1426 1369 63
547 338 68
1302 684 69
285 1138 83
1438 131 16
1203 768 38
587 803 28
323 397 88
954 1466 48
937 300 44
1090 1611 48
838 609 32
1157 114 26
1440 893 12
902 1443 88
463 198 26
889 282 24
295 1334 35
663 187 66
51 434 58
1526 1140 95
892 141 46
658 886 76
1604 263 74
241 1282 13
152 552 65
516 485 84
27 536 76
293 374 89
251 1214 67
45 994 23
1244 1087 89
390 1613 23
1196 828 44
453 1415 46
1217 1277 69
1599 1471 10
932 131 17
710 1185 76
158 565 47
1255 700 45
21 1206 59
451 765 40
572 119 54
1283 509 82
1446 550 30
541 151 55
845 1508 68
819 154 64
827 1098 15
398 180 42
46 1366 14
1335 1448 85
464 315 90
171 591 63
1520 1543 38
1595 1364 83
1611 562 38
1032 665 16
831 1011 90
411 877 65
1360 274 54
797 234 67
310 570 94
1154 1439 84
559 1377 28
379 837 90
1256 668 39
1361 1319 41
1620 1176 23
528 1148 63
194 1573 14
870 1391 28
1038 1086 63
414 1063 39
1560 336 32
450 1588 86
1507 1196 29
1018 16 83
1063 664 43
1318 1359 13
468 28 26
790 1181 14
233 999 38
774 802 43
774 506 19
1547 337 18
844 1224 69
1320 151 63
203 1618 64
1098 1079 36
861 1064 46
702 866 61
1393 1315 42
248 1499 100
435 943 54
1533 1617 87
1619 49 47
1012 750 10
73 1047 28
102 1511 66
1276 108 48
700 1558 88
1583 748 32
555 156 27
388 861 71
361 1412 77
1232 756 21
1392 112 17
1235 220 84
639 255 17
596 1174 67
612 1530 29
303 1390 89
676 825 59
576 1547 77
58 1232 52
1463 1288 45
27 930 85
868 536 59
1059 320 27
303 630 67
1092 989 91
1107 1239 51
316 61 49
852 95 37
1262 1313 31
651 435 66
1335 1190 61
485 189 29
545 706 97
1425 981 57
1429 1451 47
1083 1288 72
14 1215 63
1535 1199 55
1185 718 90
203 1458 73
6 1213 87
890 1496 62
1313 689 33
1444 1495 89
1172 779 98
1050 843 22
1149 1558 65
1065 978 84
1487 1401 26
44 195 41
277 1209 83
464 1168 62
275 825 52
812 8 18
1314 1447 93
198 893 14
579 278 95
134 1381 69
1303 698 74
1223 1263 86
610 98 29
1154 841 74
1148 1232 54
74 1154 42
414 635 87
1536 332 69
900 177 64
1487 1511 95
1384 1600 83
758 1323 30
1397 72 13
1007 505 97
785 96 85
281 1386 35
972 694 86
675 546 49
68 35 31
927 1147 51
244 559 62
1004 713 64
689 959 46
393 337 22
55 1200 25
529 1267 98
751 1117 10
1278 1055 28
1088 329 46
461 1395 71
256 315 43
511 417 35
844 828 92
830 1588 38
1160 1518 65
962 976 93
1081 368 60
726 1202 53
441 1138 60
345 99 51
1461 991 88
956 659 18
738 340 61
698 86 16
1233 527 19
650 1190 21
1033 1380 30
1525 524 16
197 354 92
1151 157 36
1055 1360 77
1235 855 50
336 1613 39
484 828 28
613 496 28
595 553 57
586 775 80
251 1439 36
597 1504 50
654 574 72
338 738 91
543 166 83
4 736 13
1385 1318 44
658 1251 78
104 1478 47
1066 1267 63
931 228 43
555 118 76
174 1149 34
1455 1000 42
1026 1173 93
1274 158 100
1562 589 96
42 565 42
511 409 41
568 492 18
469 577 22
214 1404 31
1528 1519 67
890 1163 54
38 605 49
1099 1070 53
528 154 36
659 909 78
54 476 39
1273 1222 52
469 1285 34
354 543 53
1593 1085 65
133 26 81
700 502 12
584 599 57
1206 1482 71
1518 579 16
1609 671 11
1284 420 42
201 1010 68
734 1517 68
35 786 96
1443 995 37
1066 507 31
1351 784 44
942 1113 69
1208 1027 67
605 652 42
1489 769 98
1328 292 36
965 1406 27
1498 834 28
1141 1498 47
1467 1210 36
1318 92 55
984 1594 56
1223 1451 92
228 281 64
1582 514 12
1550 620 96
1427 479 91
1466 445 99
1422 1475 58
701 82 13
652 156 82
569 1106 86
919 1104 93
1081 1394 48
1015 133 60
1066 1113 90
692 623 14
941 244 30
893 325 31
390 939 90
426 471 97
584 717 49
396 689 11
774 1367 42
1180 1002 21
902 1257 75
723 1535 84
239 1288 94
5 975 48
1332 449 84
348 560 39
1587 176 36
479 467 84
899 979 87
1367 676 13
728 1401 19
761 1303 21
157 1263 49
1554 1361 52
1351 902 13
709 597 18
1465 917 46
24 1058 95
165 573 82
1513 612 16
1134 1001 79
1325 1513 66
658 425 90
969 872 91
80 1464 21
163 368 74
188 25 63
1284 622 61
1129 1406 28
712 1067 52
1248 891 72
884 1560 100
314 1558 76
154 1148 100
767 631 52
374 183 37
1545 529 95
537 1190 18
359 1436 33
1278 1369 72
871 1501 52
714 115 63
628 1279 69
802 665 58
916 931 21
502 464 97
70 753 66
230 1374 88
1447 1469 77
1298 1562 31
1173 125 64
436 815 60
888 1427 31
1045 1108 47
59 125 13
250 530 97
1501 1183 43
887 1155 35
684 1112 97
1266 1378 16
430 942 27
742 89 65
1548 296 16
645 883 24
171 1240 61
146 1266 31
483 403 53
653 158 39
843 557 25
696 898 17
312 613 30
1305 1348 10
340 1369 78
701 32 100
1402 466 16
614 708 20
1407 909 77
1064 1537 95
496 760 22
78 80 25
150 1337 38
1427 637 19
981 58 77
895 507 56
1109 181 93
172 310 23
91 1348 51
1552 618 43
967 632 22
1390 1357 68
1127 1205 33
1393 571 87
633 566 88
978 1486 93
130 1550 62
150 644 96
1075 1043 82
447 811 48
881 1588 88
535 1540 14
915 933 66
823 636 43
787 295 46
1468 523 12
1476 410 75
1246 996 24
1179 1162 97
643 1590 34
234 1353 64
1516 678 23
1377 341 87
1346 802 99
1046 862 78
674 205 73
36 237 50
223 1226 57
766 1139 13
961 760 69
1461 506 36
677 392 45
477 162 62
746 44 39
375 933 92
378 1146 32
181 545 42
728 1327 65
1410 1516 69
399 1208 64
1533 313 23
1073 137 70
1066 647 57
1256 741 29
1491 1439 45
764 1282 16
566 1148 53
1309 1267 16
337 1159 96
225 1373 97
866 1279 39
612 316 15
1012 1505 66
548 538 10
901 1467 43
138 622 44
438 520 68
461 588 90
22 1481 34
775 258 90
574 1397 49
1162 1251 97
423 471 37
969 627 45
317 1412 32
1297 1478 91
744 118 35
564 243 68
1102 399 74
953 410 90
1344 80 26
577 1512 79
1530 585 78
1539 743 89
253 1257 13
1039 1222 23
221 1417 74
1114 1460 81
1264 842 56
1238 430 30
1071 831 67
1043 526 12
1329 1357 76
219 144 34
491 711 46
1580 933 61
1098 1144 52
1499 1187 43
530 1382 81
1504 1543 61
1598 266 35
512 110 93
442 1238 81
499 218 70
796 1089 75
1444 1162 62
1428 1239 15
1245 1293 97
263 640 43
534 27 42
286 607 69
745 883 83
601 894 70
1520 138 74
1076 1188 83
1096 595 77
337 839 21
214 53 76
1506 935 63
978 1291 96
840 1082 56
39 1525 81
186 934 95
673 1212 35
1433 662 61
1391 416 82
1006 1272 20
1378 628 90
917 402 50
135 668 92
1132 398 18
920 1119 10
222 1437 67
329 1234 94
1406 1437 76
713 872 93
329 881 48
120 221 66
1599 790 59
1498 145 67
1533 677 10
719 475 81
1532 606 16
783 649 49
1217 587 81
72 139 45
42 794 38
1508 657 20
675 1416 45
271 548 56
1354 146 45
1401 91 17
1418 432 44
196 825 81
612 691 50
299 981 79
1276 1242 94
819 422 29
85 314 42
1106 604 49
270 1047 38
418 63 67
190 1517 92
167 391 17
878 139 19
855 319 34
100 1090 32
603 679 75
686 840 13
1486 972 17
800 302 21
1454 825 30
792 89 18
1452 1502 31
788 354 88
468 1599 68
572 188 36
823 1112 16
531 111 73
441 742 91
544 1190 50
667 1257 47
817 1147 97
1449 1230 41
1070 1566 33
589 427 44
575 457 48
437 109 96
304 1198 69
1480 618 40
596 576 64
1451 139 69
1357 19 60
32 685 51
293 861 16
347 1259 61
1457 62 37
1050 1183 63
74 395 70
245 256 45
63 1568 40
341 436 83
1508 324 11
495 449 38
1187 1154 28
993 617 24
228 1568 92
1592 1584 75
636 1017 79
1563 198 18
291 1360 32
1592 486 62
1206 59 17
1445 76 50
1166 1104 55
1430 245 88
987 12 72
552 140 83
875 899 16
265 255 60
1187 227 66
1469 1501 56
832 26 31
323 510 21
1154 184 51
1555 1336 25
1486 150 11
695 573 40
796 852 49
659 202 13
953 326 57
768 580 49
19 224 28
47 1263 33
288 125 17
774 794 53
365 1263 47
749 372 32
937 1078 12
1170 271 75
39 1338 14
1280 502 49
367 1220 26
780 447 83
1212 1055 98
348 317 71
787 224 56
993 487 36
570 966 59
683 121 82
562 1276 42
786 1198 85
1063 1378 86
753 1064 71
1281 1559 15
31 1206 46
1043 961 90
1111 1320 83
874 1463 97
598 399 88
675 850 53
1332 217 44
130 1376 57
777 439 91
1270 442 12
488 1540 56
1270 397 94
1120 512 54
1062 1604 74
638 0 100
713 1143 45
1191 598 45
1410 400 18
1598 412 20
1430 646 33
23 416 25
1035 1397 48
111 1480 82
788 444 96
59 611 96
745 542 64
1430 1189 94
759 1189 63
345 1237 47
1363 745 41
793 689 14
569 865 47
190 262 10
53 914 62
702 867 25
77 372 77
1604 428 57
1355 321 79
748 1054 78
1150 1161 10
1526 1258 41
660 246 92
696 364 79
1119 1361 41
342 1353 12
516 872 25
21 795 53
136 629 44
547 842 66
377 1619 29
953 1437 67
541 92 79
1029 227 62
290 1156 23
1579 1210 64
354 122 18
1123 639 33
641 847 86
1518 834 65
1163 1379 81
60 565 90
1267 498 71
42 257 15
1032 924 98
1282 1552 80
888 349 35
1412 1155 70
1524 135 38
997 1595 41
135 1563 41
1621 1177 21
311 432 74
1483 264 87
1085 147 34
1230 570 95
62 973 28
1429 616 22
1517 1100 79
686 283 14
716 1471 74
584 1306 15
220 833 53
349 334 95
1538 755 79
622 176 70
580 1333 40
567 971 80
1579 1577 88
291 842 12
250 75 10
389 897 77
876 1351 18
1347 267 10
1324 568 33
101 376 43
1235 1470 59
384 1309 44
270 625 35
165 873 27
1410 1091 45
1184 1063 11
238 943 49
790 346 52
678 339 74
809 1307 83
283 539 18
288 604 76
670 388 73
734 697 35
451 602 62
858 1312 26
1232 1321 91
937 390 17
1603 425 64
140 322 23
4 1367 52
599 1296 69
1487 288 78
1209 589 23
551 1613 33
1285 1259 80
909 1314 100
336 191 79
1193 1120 52
1153 438 65
1183 135 56
