2725 3757
1414 2589 65
2132 646 47
1933 878 49
1559 1474 35
2207 1824 74
2723 1852 96
1407 1816 23
938 2520 62
223 1821 27
1624 662 82
1613 2568 98
609 1329 63
299 604 39
1314 2197 11
785 287 27
2568 2210 94
2602 2182 38
66 1098 38
2545 385 92
2230 435 61
2038 335 25
2660 2144 93
810 2140 96
586 1780 43
2012 483 100
2262 211 48
2562 40 39
2252 828 30
2481 631 71
1944 2028 14
168 1112 92
1296 1627 57
1935 2697 31
2398 596 16
2348 800 33
2369 2337 69
1714 2515 73
1783 1381 22
427 1850 72
1930 19 43
2189 2121 88
2653 1649 79
1810 1691 72
982 259 33
2589 1171 24
159 246 23
1066 2647 45
1760 2415 86
1309 1387 60
2175 1388 44
456 2377 73
1635 402 67
1517 2402 52
1472 1066 37
185 100 25
557 2330 53
1181 1778 42
1654 1260 83
1154 1240 81
252 2464 72
2256 892 44
2289 24 13
396 1002 68
1336 408 72
788 2295 57
2689 1184 29
1029 582 20
2393 1587 80
2376 751 40
1095 1296 94
2186 2535 99
2617 2061 20
2551 41 92
39 891 48
1517 1361 94
527 518 80
1922 532 84
2707 1689 19
2025 1545 55
54 2180 60
1294 560 83
2024 1113 38
434 1157 35
2066 652 90
2006 1107 43
2505 39 42
2701 2066 36
739 36 59
2666 378 97
714 2296 82
191 440 12
314 813 10
765 782 67
914 1297 55
2385 287 92
68 929 15
2467 248 54
317 218 88
1500 1396 40
1284 2364 13
527 1408 89
2466 1667 87
1890 42 55
208 2085 18
1478 0 77
408 2621 20
422 2623 95
331 885 24
1294 603 15
218 1980 91
1573 1585 52
2387 2471 38
2486 2188 87
619 2214 72
14 826 69
2697 1990 13
1659 1894 41
2351 2099 94
1191 1877 67
2228 747 57
348 442 74
45 296 90
1788 1044 54
575 1743 95
830 1801 54
1225 1488 79
778 2005 51
1759 2155 81
1972 1002 78
1224 264 81
2429 1178 81
104 48 32
2332 2711 41
1346 1034 41
234 416 86
2538 1910 51
1147 1384 14
1816 990 61
2409 2438 33
227 1610 51
449 1509 72
397 1400 78
1327 1945 32
2471 1148 69
679 888 64
529 2248 72
945 1679 30
1131 194 26
2307 678 56
1088 1359 65
915 94 64
2469 1161 51
1062 2154 67
1597 1755 47
1029 207 24
804 2186 10
1773 707 57
2199 2027 39
208 2439 40
2037 1044 20
2045 912 19
1975 1587 61
1913 2250 73
2442 2130 13
2115 882 98
2517 1272 64
9 711 54
1452 2690 65
1145 1219 84
2134 1809 70
427 711 75
2275 443 28
254 596 98
1092 970 57
2047 1430 31
1932 2653 92
2268 1893 43
591 40 82
876 2391 25
1498 1754 25
270 2280 14
1228 988 97
2701 1959 80
1089 2423 82
804 811 79
190 1417 28
111 1086 72
2204 34 48
1062 998 46
341 314 11
734 2507 43
1933 120 85
1938 85 95
1194 226 28
1089 317 67
1257 930 42
1670 2625 69
2226 1502 36
1464 801 16
527 2371 55
747 1071 26
1456 2037 90
1409 2580 100
2510 2357 99
149 1762 12
1692 1035 55
1106 1503 15
1809 1424 84
1842 2313 32
2283 316 89
1294 1849 91
1504 2443 79
2214 463 95
1270 1803 51
2588 2603 20
1942 1847 84
1931 1435 76
1590 2407 53
2073 868 96
201 2201 46
1453 1762 87
688 2315 34
1256 1033 33
769 1499 49
2240 2096 34
1381 1882 85
1122 2339 93
1475 373 65
1034 962 66
2403 206 86
1197 877 10
1834 2458 57
2464 2044 38
834 592 58
1701 1267 100
1119 2252 56
1086 2254 50
857 35 52
1439 1766 75
487 1385 53
434 793 21
294 1326 38
2071 1016 85
1699 2032 46
740 2163 76
1688 1630 61
2517 1035 23
868 2021 60
496 2353 51
1735 1786 21
1374 477 47
521 1293 69
58 671 13
1690 163 86
2499 201 15
216 1130 13
875 326 97
294 66 67
16 1424 87
482 1805 42
13 2600 74
1639 1985 91
2094 2205 15
561 657 27
2400 1864 74
811 1345 98
2201 435 73
1967 922 40
479 365 80
1817 1567 64
2382 32 55
1137 2045 35
1007 2152 67
2544 1507 76
2351 2295 57
2359 333 25
38 769 86
1458 2610 24
2018 1381 68
1866 1261 85
438 2467 64
864 574 25
470 2435 59
2666 2219 58
1395 1668 58
276 581 26
2397 1644 100
833 2522 17
1201 2290 39
1285 929 89
2043 1718 19
823 1100 91
2378 2699 33
2394 400 21
2446 168 97
1436 503 26
290 2525 64
1901 35 68
1514 1180 48
2219 1684 48
1213 1889 64
2520 1397 19
738 1272 50
501 2606 54
1486 714 48
618 1773 32
1177 755 68
1785 1404 85
1928 767 78
667 376 93
1606 1364 35
2057 1362 94
1216 1438 22
1086 1166 59
2010 1670 23
2207 975 61
815 1782 99
30 1377 75
364 1091 47
428 397 20
635 1544 48
394 64 16
644 914 73
2352 446 30
853 356 26
2646 970 80
1075 812 87
1624 2312 72
1716 1350 16
490 2420 88
2055 1363 48
1292 468 56
1944 2558 35
936 2332 57
664 1018 56
1786 1652 25
371 64 49
1512 2239 64
660 2328 78
379 1377 58
1015 1772 70
282 660 42
1282 909 12
1927 2233 44
1816 781 42
1600 1800 35
1846 2633 63
2424 987 37
2472 2299 51
169 674 37
1482 1886 83
276 70 22
2014 1522 15
168 2021 87
2360 454 31
2139 1132 56
598 722 50
2202 514 59
534 2336 33
1965 2630 69
2604 2452 93
723 2663 76
706 528 87
2129 169 48
300 2191 76
906 1621 69
420 1343 66
903 2216 46
1049 2339 23
2460 1675 87
1702 514 36
602 2050 39
1253 559 29
635 918 57
356 619 43
1029 783 53
1725 2651 74
1649 2449 36
1931 1932 85
763 617 36
987 2355 21
672 711 73
1832 2057 42
1675 1244 62
2362 1241 90
2459 1617 42
2525 2163 21
1657 362 49
2428 600 64
966 2439 46
808 1738 14
2517 1088 52
1724 780 60
1251 375 17
2638 1144 69
1168 1531 83
151 106 97
118 1579 72
2144 463 72
528 2277 91
1522 575 91
2378 138 10
1847 1358 32
660 92 87
1902 1604 66
2190 2204 97
620 2299 64
1631 1046 24
2517 2523 73
2607 165 99
1058 2411 43
2548 1214 26
1452 2193 93
1837 1188 18
492 817 96
1596 269 88
1079 824 34
537 363 37
1316 2115 55
2082 1343 20
2576 978 31
465 1827 47
1988 1256 20
999 890 41
1509 2266 98
684 277 65
1370 1973 36
1771 376 83
916 1104 73
2405 1584 53
545 308 21
1796 1853 88
1743 2195 16
644 551 96
1960 4 54
498 1753 16
1675 2698 72
79 760 16
2589 95 38
1212 2057 76
207 2445 87
1850 2370 20
2203 1819 53
2323 209 13
2630 1303 23
999 1467 21
783 429 25
485 1804 71
2466 918 97
1049 2198 27
2703 821 96
829 245 68
729 2544 74
2212 614 87
750 1396 32
74 1111 23
378 1440 27
1194 970 84
498 1967 23
563 2650 94
1745 2630 90
775 331 10
251 1415 37
1613 495 70
251 1143 85
2445 314 18
910 2540 37
1522 230 85
2581 1946 38
1642 922 71
1378 1919 78
325 180 64
841 2405 40
229 1280 85
2241 1615 36
803 2434 31
2230 2438 64
519 901 81
98 1326 33
485 82 34
21 794 97
2102 571 14
1401 984 43
1899 2619 32
1826 1469 53
1237 653 80
1666 2349 61
432 2182 54
1697 1499 27
934 1664 60
1388 2065 90
460 233 61
1767 2257 58
1782 1089 33
2243 1596 14
300 2195 62
1972 1208 35
1049 368 66
2211 1741 31
2288 1995 75
502 1725 63
1153 1482 75
87 1028 17
1055 659 48
2174 792 59
79 2690 21
163 2341 22
261 1132 88
143 1835 52
1460 2080 55
2676 1249 95
2181 1769 99
2464 1745 59
703 1552 27
120 189 90
202 2065 80
1931 213 25
2538 204 48
2257 165 76
738 2541 42
40 1765 86
1118 336 60
2420 1917 71
2635 988 97
210 217 44
301 2200 67
273 1986 49
1640 2445 21
2597 2702 40
673 2723 80
2403 1397 75
2523 2639 17
1719 2480 99
428 2707 23
2675 19 61
1266 1245 17
715 145 95
1963 1355 98
2039 949 66
593 808 16
1868 1083 97
1013 1385 61
905 302 70
354 1333 70
254 2549 43
2144 1478 50
1277 2217 24
248 2566 83
1317 2235 25
1662 1576 37
2705 2301 51
799 2597 55
1021 422 82
514 2076 10
2095 1615 49
1143 1483 40
79 784 21
609 1482 97
1542 1674 70
459 1788 25
1724 201 80
1817 1489 36
388 2059 84
2125 1940 42
2559 995 28
1477 2566 67
884 998 14
2231 333 76
2032 2009 17
1539 744 47
2040 1717 93
669 1507 82
2 828 76
2120 2033 48
194 1161 58
308 1974 31
910 1967 99
2517 1854 73
598 1072 90
1482 760 83
1043 2337 52
1247 1398 53
207 275 52
31 2012 83
1089 1555 25
965 371 72
1132 896 35
659 2633 62
1885 1602 74
1002 69 56
1115 877 70
774 443 16
747 611 65
607 436 68
1634 1189 23
2560 2140 66
1598 2528 68
1363 672 41
1281 1426 48
1160 2691 59
1344 2617 69
768 696 87
742 1694 99
267 906 95
423 1418 75
1999 1788 45
411 602 78
256 458 35
1111 1490 71
2650 1998 16
2581 2707 16
1372 560 60
474 458 16
2101 872 30
2454 414 20
312 1571 72
1208 1543 97
2061 1935 72
427 142 30
375 1806 81
1515 1105 65
94 1089 46
1503 198 38
1816 2574 80
1515 2255 24
1396 1188 71
1052 1448 76
1985 1337 27
0 2085 81
2615 999 42
2561 2550 87
2143 151 32
1142 1055 32
655 2359 35
1475 1623 42
2343 2102 74
2017 1241 97
2509 1681 66
830 129 35
2538 1162 49
269 1981 65
129 2100 53
2504 2292 41
1150 184 15
1271 2434 72
1919 1290 14
1801 2379 18
906 2656 20
2484 1564 33
1134 1933 68
2214 1748 55
2676 590 74
1515 2477 41
35 1170 70
506 926 27
2643 2046 93
1467 1471 64
2319 2176 37
2368 1286 11
2686 745 45
809 2266 98
2481 846 90
16 2613 37
2573 590 87
170 733 21
1982 938 27
1936 317 79
107 2043 62
366 769 35
594 216 49
2260 1878 95
1969 52 91
1175 566 98
1182 2031 17
2685 91 33
574 1217 35
1405 1761 56
1645 1635 19
2429 2020 99
418 2160 45
737 1182 10
1648 1758 28
2287 1624 70
1991 1976 48
512 2001 90
183 811 33
1340 172 11
2377 1946 80
1340 366 48
229 1989 63
1131 1920 84
263 277 19
2155 1479 72
1623 1783 67
139 99 82
2455 744 36
2595 2612 50
50 1337 25
2302 1381 19
1113 936 63
728 658 22
1630 2551 45
1307 2504 23
523 19 59
164 504 10
2549 245 66
2554 536 78
1198 2048 97
1096 2249 76
657 417 36
512 463 29
1720 1829 58
1165 2599 19
1813 1324 31
1709 1811 100
1323 518 67
2481 2116 10
2474 2131 12
2114 264 24
120 799 76
1182 1366 96
1781 941 21
918 817 85
247 485 33
2545 2385 84
1384 1303 86
2511 737 79
1 879 83
190 909 58
1927 878 55
2264 3 37
1045 2709 66
1462 1671 43
874 1715 91
1970 2054 19
1561 1593 49
2597 1149 67
326 315 15
1088 699 72
898 1775 70
2089 2604 57
2551 2409 96
1516 1268 46
1116 2074 43
345 460 100
338 374 65
2465 1418 66
1866 2105 26
1346 2585 21
2469 962 73
798 2572 33
1728 87 78
354 117 12
2029 1091 63
1843 1743 92
360 2255 75
229 2604 21
853 1351 94
8 777 37
1936 1351 79
1282 1681 50
1467 298 16
2097 168 92
1704 1010 46
1846 2379 62
2522 1296 35
2276 2405 42
1494 499 94
117 2048 10
2563 888 47
227 2012 38
624 806 36
2406 2243 63
2332 1213 64
2071 462 33
52 2286 33
1439 895 33
1407 1230 36
893 2469 48
2110 218 28
1941 1997 80
2244 673 86
1516 2545 90
163 1250 43
940 113 18
2709 592 91
1536 332 83
531 2178 85
1680 2419 96
1078 24 66
46 2343 57
1773 732 20
2344 2030 21
1858 2701 13
1725 1050 96
1079 1941 80
2499 2643 62
261 1496 54
726 378 56
604 2040 11
298 2253 98
48 1692 48
680 1973 99
2071 2335 55
795 175 96
2201 584 83
1299 1626 25
401 639 24
1608 2083 73
1369 2560 100
978 114 24
273 2525 30
2601 262 28
873 589 94
331 724 40
2590 2190 71
2185 2218 14
430 1770 88
1212 247 65
1522 1717 38
1939 1858 66
902 1220 57
2381 187 57
1352 1422 85
223 1259 33
59 1810 15
599 1854 96
1263 1931 46
1020 1490 50
2693 1727 72
403 307 69
2240 864 40
815 784 38
964 1393 33
679 1989 10
481 1840 19
1696 825 16
898 2247 50
567 810 89
1731 899 36
1170 1252 19
411 440 52
1472 2025 10
21 336 84
2630 785 87
1379 2527 27
579 1917 92
1580 356 54
1480 563 24
992 1069 14
173 2480 81
338 1145 26
826 1718 33
2677 2682 86
1989 1019 74
24 1635 34
1113 1646 23
2672 1538 22
1194 2414 30
1345 692 55
2615 1434 14
1512 2408 93
275 1297 21
39 2087 69
649 2646 40
285 2656 45
1416 744 62
583 15 85
908 628 17
507 2003 85
1244 1142 98
2300 1054 17
2455 354 54
1808 2408 74
1734 1522 62
1099 1442 16
386 2399 91
1147 8 80
283 2022 84
2212 2673 78
165 1475 11
83 2469 28
1938 2041 90
169 3 98
758 1478 91
837 325 73
1433 1267 41
931 731 44
1953 1937 17
978 2310 15
1590 2183 12
1293 870 65
1595 1652 90
2720 1499 64
1753 1137 48
2469 1281 70
1066 893 98
1965 1469 53
2387 1482 87
2138 1892 82
1178 870 58
177 1877 91
709 314 23
1455 1158 15
2001 605 24
162 2313 42
2682 127 34
363 2595 17
1464 1547 64
2189 1846 53
192 1176 15
1047 1347 20
1595 720 75
84 1282 65
117 2031 52
2682 16 40
550 175 66
1086 1437 77
2155 2703 24
1681 2480 24
602 1099 51
110 2350 24
2239 2663 43
631 2464 31
2697 250 60
1585 1715 21
1117 2062 13
2479 859 16
21 1969 33
76 1094 56
2246 2656 85
767 2330 63
1473 410 67
383 1733 41
2049 2389 39
797 2418 34
1937 1 75
1463 2105 30
2534 1746 45
2063 2500 76
1634 1077 98
1482 2019 86
1973 1239 24
777 1187 75
2540 1205 30
1004 848 26
1441 272 58
2693 1802 63
1547 1261 44
146 736 13
129 204 91
1795 639 52
0 2482 20
1536 2472 89
1242 462 62
1839 1372 66
1398 337 44
1478 2160 92
1654 641 71
242 2329 65
381 2335 55
597 1517 39
980 261 12
1179 880 72
314 1598 43
2188 1980 24
1860 837 87
2468 975 59
2720 331 86
2093 360 91
1196 2372 91
1720 103 40
1188 2027 62
669 2480 95
1938 204 56
1262 251 60
1543 2618 48
468 1584 65
957 1989 25
35 322 91
1475 690 11
1485 2453 74
2557 941 97
826 1495 76
559 403 79
940 2628 70
2653 1285 80
1199 1295 53
1411 1068 51
652 2294 54
858 650 17
383 2178 86
1652 2593 16
1644 2230 34
68 217 69
2486 782 71
707 1350 59
696 2669 65
1650 1179 67
2397 2230 91
2517 992 11
810 2062 37
2160 1624 79
294 1370 51
151 1444 43
1937 1155 47
23 1999 59
150 209 86
2098 2711 77
1907 141 82
64 1327 69
360 1377 26
1032 1938 48
365 329 82
285 176 63
2017 662 14
2312 2649 93
1025 473 47
1320 41 13
1284 2500 68
1406 1084 44
2093 2693 34
471 1316 10
222 1681 74
2301 1794 86
745 1060 56
84 2301 97
700 1832 58
68 2696 83
346 2696 34
1058 1795 61
1311 1222 85
149 558 18
129 665 38
1429 954 11
211 2589 14
212 2104 13
1213 863 73
500 2483 88
772 6 40
666 401 13
274 801 12
1998 1227 25
752 268 48
1762 1302 90
2709 1312 48
655 791 53
1181 1554 15
817 2047 97
1559 1925 50
1480 1537 68
1815 2214 16
1405 795 37
466 1886 88
2566 1619 56
2045 353 22
1457 669 90
348 2527 45
1734 972 30
2221 344 43
905 2555 83
1853 441 67
1629 644 47
388 139 99
1048 2499 75
906 2034 38
1516 2573 58
139 2321 52
1139 513 40
2139 1985 27
1688 168 42
2121 162 48
56 786 36
2718 2464 82
1098 735 13
1521 75 56
1132 447 55
1828 901 21
221 2305 30
2180 646 23
1094 2525 41
1533 2025 89
497 2329 58
521 867 57
2608 2202 27
2634 2706 34
2304 2164 24
112 535 24
2435 2722 28
1147 59 92
1112 1438 10
2147 481 73
1210 1321 52
2396 2024 54
1159 2095 100
2701 2457 93
1757 577 50
2150 1695 45
1659 314 21
930 2430 44
1858 2580 43
2671 1686 31
2002 472 56
1307 1776 93
550 753 24
678 685 76
1794 1017 81
586 2425 99
203 1869 19
929 2519 91
887 2005 61
1930 1460 93
1186 1342 33
1116 2317 36
1893 1676 92
1839 2539 74
1699 1609 35
1729 1328 78
2557 2478 82
372 395 97
2508 704 66
1161 826 70
1945 1999 67
2317 2047 63
891 1049 23
2308 1103 97
1236 1854 43
2609 2264 19
2211 1995 71
2722 1234 77
648 287 78
574 97 40
883 2218 36
805 2168 10
2593 1767 17
1543 471 22
542 273 49
1224 2374 66
248 2667 60
814 392 38
1652 1146 39
1165 2238 28
925 1726 51
528 214 90
286 1787 69
1832 1836 31
125 1573 54
1350 355 23
1955 1095 34
1816 110 65
1030 2400 32
1289 1537 76
1943 1340 58
2365 2058 76
1974 1860 54
2512 805 39
725 1421 95
2141 62 16
1639 1902 91
1486 1238 58
2267 1245 96
751 2352 84
787 1844 19
1886 135 34
740 1403 83
2492 2510 80
2469 955 67
81 1139 45
1743 1071 99
235 2698 43
164 11 78
697 362 50
2625 2392 34
1114 1188 72
514 313 91
1377 1090 22
2256 703 82
2337 2323 99
1766 871 12
2589 1595 86
913 1406 39
970 485 19
2703 2107 44
1926 83 60
15 991 66
1274 1486 12
546 413 17
1908 1175 34
2654 1914 48
684 430 51
1899 714 82
1174 1906 20
408 2276 62
2348 2592 45
133 1558 12
1110 1193 84
1031 2409 40
623 2259 32
857 93 95
2241 2527 76
2529 917 46
127 1236 96
2256 467 62
634 1442 53
1482 2670 75
2589 157 73
2302 669 14
510 699 93
1584 866 19
1661 2724 59
2486 2004 73
1236 16 97
1942 721 14
261 3 10
555 293 10
1605 349 49
208 2379 30
2276 1539 65
161 114 77
282 2235 47
771 87 98
2041 588 83
1615 2675 80
2060 1795 39
481 2261 72
982 518 72
962 1457 98
739 685 26
2490 2611 63
951 1094 29
961 1413 71
1257 1047 54
2368 1394 91
2357 2307 24
2511 1688 74
137 2352 71
2268 2342 29
1881 739 69
1394 245 55
933 1012 37
1909 1982 36
2427 1493 73
109 1986 44
1363 1420 65
2462 2333 34
2450 378 87
2354 1979 73
1396 779 82
921 259 18
1283 842 51
1312 2462 20
1541 564 24
993 2423 41
1767 692 60
1575 1209 65
2635 1535 39
630 565 30
2627 1643 10
1153 1863 55
2503 2106 82
2324 933 58
2078 481 41
324 2719 87
1649 1918 52
589 2115 28
1796 2103 50
869 1352 22
2472 1525 21
2349 2371 34
854 1554 32
913 2056 82
1299 1130 46
539 2679 56
1886 2283 22
2033 302 27
1696 1480 12
2509 46 56
2156 619 28
610 835 39
240 166 48
1376 2604 39
1558 361 86
1031 1064 45
2051 1150 32
375 2073 80
1628 1339 71
2379 1667 23
561 125 57
1 2173 35
195 1364 21
1713 1870 18
1372 2179 84
146 2402 97
750 2065 14
247 429 69
2467 2309 98
535 2388 81
2617 1952 92
696 2391 82
482 1987 80
2378 1468 23
2330 1266 53
1700 2624 78
433 1939 98
2319 2003 95
2403 695 83
2666 2634 77
1306 2607 90
1678 1973 100
1164 347 16
1152 1786 77
2224 144 53
1625 1268 27
1257 411 92
665 2153 49
2604 955 98
1221 2340 65
1951 610 57
87 1653 49
91 856 74
688 573 31
2085 772 74
609 2437 63
437 614 77
544 583 44
2229 135 73
500 1667 66
1104 795 34
1106 733 40
453 875 98
1160 1737 32
889 1356 36
2664 1915 39
2617 1379 25
1834 1026 58
632 898 39
76 1659 52
861 1834 24
1307 436 81
580 992 35
550 2398 92
412 1477 13
2463 1286 83
578 2379 19
420 855 54
178 2056 95
1492 150 70
2042 2445 69
352 457 75
120 801 52
1824 2450 47
1903 2431 68
784 1927 33
2323 1031 76
1090 600 81
219 2250 80
1233 2204 34
589 2689 23
1526 395 71
2228 1522 43
1880 2416 87
439 1132 35
563 759 13
796 2711 77
137 2093 87
1930 140 53
751 716 50
724 1949 35
674 834 43
1548 253 100
190 434 48
724 2453 52
667 2122 65
364 1096 90
2097 10 40
568 382 26
718 1528 56
1767 1693 99
1989 2574 17
724 2568 65
878 849 34
2671 1559 17
166 88 60
2615 548 11
1834 1931 98
2521 1241 11
690 1822 80
103 1521 79
1210 1924 94
1650 746 25
606 166 20
468 352 33
2057 2547 48
1532 587 26
1889 794 72
113 2090 91
539 1654 71
566 1906 33
1780 1738 55
943 1441 38
314 1421 37
2019 1025 98
2596 1163 55
292 197 37
1631 2291 68
2596 882 25
588 2396 10
1190 2431 41
173 895 77
2538 2334 12
2415 2310 46
1600 2203 17
1274 2220 55
2089 2442 24
117 1 19
2212 2448 66
112 1823 14
1270 1042 40
2587 1417 27
197 1742 10
17 443 53
1542 2101 82
2704 1411 81
340 1461 63
1085 1136 92
280 2600 37
421 2362 37
2012 1145 13
1819 1497 25
495 284 72
222 1734 90
2529 2131 38
2538 2028 72
2610 2219 84
1624 1162 47
559 1536 30
964 1470 45
1498 447 67
2636 518 43
1885 1877 19
406 357 24
1355 720 58
2453 1372 57
221 2715 82
2404 1742 50
1043 408 73
66 925 34
19 311 58
1727 1106 18
1405 1830 95
2089 627 74
2539 2016 83
586 2570 29
904 2004 63
1157 91 83
1663 1637 59
1293 2386 42
84 1748 17
240 1619 18
260 1787 97
1997 1101 18
311 2418 33
1373 390 69
469 574 43
1518 1889 11
1229 2155 58
1142 795 45
818 1321 85
1910 716 91
487 2346 21
1582 227 88
600 292 20
939 1057 75
1084 476 50
1315 2342 23
939 584 96
952 73 44
179 2586 33
901 723 94
1236 2281 89
1898 521 57
1556 581 33
2503 1516 33
2148 1547 55
543 2642 17
382 2436 65
1044 932 81
1169 495 83
62 1276 13
2342 632 46
816 2211 20
1570 1637 25
1604 1568 35
2116 1192 76
150 2680 47
36 339 26
1347 2 14
2217 668 51
1225 2452 49
2615 1035 70
1874 2390 52
92 2083 71
207 915 48
266 1853 28
418 1821 68
1699 2665 50
1621 1998 96
1231 1680 36
954 270 24
1809 1596 23
2041 1521 79
1189 1461 99
1594 151 58
1943 2591 14
769 1585 54
2029 472 13
2281 1012 71
1213 20 41
1825 2698 36
2454 1993 70
25 777 33
2601 518 42
1590 1174 13
968 2349 18
286 1147 39
291 1881 13
2719 1771 82
2357 1439 74
1768 456 81
1078 147 32
495 2540 50
1089 197 34
603 1951 82
220 1352 12
886 1421 32
583 864 75
1505 645 39
950 1647 72
640 1928 78
2039 1171 33
1003 928 68
17 928 10
861 2329 93
800 1534 36
2632 336 27
2453 2309 31
2473 573 70
2171 2239 37
611 2038 43
1152 470 50
939 956 81
1328 1748 69
1618 512 62
205 1015 78
2326 1040 98
272 904 54
780 2501 55
2424 1509 30
881 2679 48
1805 799 84
1343 1093 14
1770 1641 29
2171 1203 64
2673 227 16
2708 1636 36
552 735 77
2072 51 34
1710 807 18
835 903 36
864 294 52
2643 1584 35
2350 1479 24
1786 2204 70
2366 303 35
172 1874 63
1909 2330 65
342 1930 79
358 2655 78
1665 362 64
1099 540 49
1221 2666 29
1665 857 78
451 280 64
1889 1568 39
2680 686 46
2375 23 95
1132 2521 46
2635 2435 57
1275 2054 15
502 935 34
2185 966 22
2714 561 26
1887 2722 94
2439 2402 60
1682 348 73
1671 195 34
145 1940 98
2407 278 24
2619 2219 75
768 1497 49
978 1708 32
2064 704 34
201 1723 43
1126 2312 46
1765 2350 37
611 215 87
507 2134 37
706 2540 80
931 1207 89
373 684 23
960 1216 57
331 1644 34
863 749 33
1640 478 47
2192 503 94
1388 1605 53
717 504 98
1178 1964 27
1471 33 14
2125 2332 94
1589 809 66
2592 120 58
313 2692 32
1822 1753 54
49 2007 48
2564 2204 74
1931 2637 54
1018 1237 67
214 1927 87
317 1489 62
2288 1320 62
1232 928 79
2271 316 75
2678 2039 83
2123 1937 56
2374 1169 69
1218 2180 41
88 803 19
1141 2344 61
77 611 71
485 2183 79
2147 1020 85
911 551 97
2714 1215 54
1077 2144 45
796 185 24
1158 517 78
942 2311 38
483 2028 45
492 690 20
990 720 39
75 2006 58
2018 66 94
569 1507 89
946 1225 40
132 2078 35
1127 2677 27
1578 1592 48
798 1433 57
2498 706 62
413 1202 64
907 285 57
255 1831 97
1686 1227 64
2271 1744 41
1177 1197 28
839 131 66
1155 18 57
938 1204 92
2585 2311 69
511 724 33
1724 1394 85
742 1204 33
1082 2723 50
1742 1480 45
1368 2492 28
1061 1126 50
1984 1661 52
855 142 98
1398 2416 51
853 261 24
903 1886 76
1882 97 22
712 2523 16
490 693 14
1143 635 54
139 1165 43
1144 1436 63
546 2549 86
993 2554 97
1997 1193 48
588 2491 18
2041 2224 85
2180 935 23
1700 183 83
1838 1379 24
775 135 47
2560 203 82
2458 474 66
386 1396 70
1126 2594 13
2044 2198 32
1582 1049 31
190 655 23
443 2503 53
936 635 99
2102 527 97
2065 594 68
716 46 42
2718 275 49
475 2031 59
2163 1024 90
1047 2625 80
16 910 25
2492 1910 42
264 2585 31
2689 1911 59
2194 2038 24
157 1362 38
1904 514 26
2349 794 97
2118 139 64
313 977 41
2007 2562 90
1366 2621 28
267 2366 77
1167 284 83
784 598 93
2710 512 90
1632 1566 20
402 1408 14
1404 2422 100
1464 828 21
802 939 18
266 95 67
173 614 52
1989 1726 11
2188 1782 45
112 2628 50
1446 1485 19
749 493 57
135 1590 63
1869 1910 10
377 2413 28
2176 2126 19
1719 208 78
628 2207 78
2246 388 65
1916 2469 85
685 749 48
1112 1586 70
1575 2314 87
1383 495 85
1508 684 15
2261 1891 43
411 904 76
971 404 12
2083 1263 36
272 1501 76
720 2330 19
2469 1897 22
434 2176 99
2534 1958 56
1538 2672 16
2042 869 27
523 1657 38
1826 1741 47
2223 1111 18
542 508 57
1598 1751 57
1993 2081 82
1977 2621 74
2629 666 23
2680 313 97
1063 1148 35
248 1247 90
719 560 78
71 668 61
86 1778 31
2700 1650 51
1250 2086 37
464 559 30
1332 916 90
15 1290 57
2094 2542 28
2068 1837 35
882 20 52
654 77 78
232 2394 18
2358 1215 57
450 68 11
1166 1406 19
1152 2308 77
854 271 71
884 73 28
1856 310 53
424 943 86
1098 453 14
999 1617 42
493 912 46
1954 1319 86
238 2624 22
1530 781 17
2236 407 45
2307 1742 82
1793 1888 10
1072 551 56
836 2633 81
1843 2165 99
2208 2076 63
796 1472 97
2358 871 92
2617 1809 18
456 359 99
1271 2523 22
1477 1619 23
348 1432 10
93 765 14
1163 2632 18
1678 359 61
1178 2361 39
1017 2650 98
1139 702 83
1457 653 71
1266 1211 91
520 1033 59
1141 2660 94
623 1996 52
2124 2071 64
2658 1205 73
20 550 96
902 1563 41
28 1988 100
2570 394 63
1554 324 97
1721 950 16
2356 215 92
2688 1171 11
488 316 10
28 2257 25
1372 1327 92
1083 1456 22
1685 1180 96
1052 899 64
763 426 11
167 1726 24
291 1333 48
1641 23 18
878 145 73
2242 1728 29
918 2213 92
1949 420 33
1009 1689 71
1106 563 29
2489 1503 81
754 2308 15
1312 2383 31
2518 1891 45
1512 2305 26
1880 903 56
1130 2336 69
1759 743 26
282 2275 76
2303 568 11
2518 2035 39
620 723 80
555 518 55
1631 1639 32
956 1878 82
2573 1512 18
1311 2170 75
1990 2614 64
1553 692 46
619 437 68
208 365 18
1799 1996 79
1199 2273 62
1256 2490 42
2524 1541 48
1653 132 89
2623 837 88
1852 1132 67
228 2095 33
1433 2260 82
2127 318 27
252 2242 46
1534 293 89
1451 1804 88
859 766 63
2121 1548 10
1955 1271 88
577 1206 13
2645 1634 10
175 1967 65
2322 631 86
523 1902 75
2323 425 56
1302 2606 93
1335 2316 97
2260 52 35
1530 2198 73
623 1415 14
729 2647 93
1748 2363 64
13 944 30
2499 1406 40
43 1689 33
2492 318 50
1667 1921 31
1983 1 99
2480 1633 23
2174 2707 96
39 325 83
139 850 54
219 908 90
2011 542 73
1494 1150 35
2565 2010 13
1064 1414 82
1357 627 85
134 1359 11
2221 697 55
100 282 67
1147 283 70
1771 327 68
2248 2541 90
1333 2713 20
350 491 68
2466 349 70
1532 559 85
649 147 47
2213 2508 26
697 1296 43
1404 1691 94
1965 2095 50
2387 464 89
1533 2324 26
1676 70 16
2678 312 80
2641 2138 34
1386 2327 59
372 1093 32
947 276 48
423 1221 75
2514 2335 98
1429 1836 77
0 1450 98
542 1618 54
2612 263 56
1018 2721 13
1469 2336 84
1817 979 92
368 2286 97
232 2021 11
2592 735 72
756 624 59
24 1448 74
2555 2447 78
249 1382 83
1337 2599 85
1877 373 24
853 1446 45
132 2605 53
2501 1063 14
364 516 83
1813 1750 28
1083 2087 28
1383 211 66
283 2599 68
17 2633 94
1438 2479 84
2343 1239 22
1648 1919 74
1540 1049 53
1306 1577 11
1751 883 25
2039 285 44
1335 1892 95
1356 1843 99
1262 358 29
1461 1899 51
1575 955 36
583 140 55
2462 186 88
1772 815 58
2624 1787 61
593 1009 24
2272 584 13
1154 2256 85
283 1324 66
848 495 20
133 617 33
2417 384 100
1002 710 43
2191 1261 83
564 868 50
1838 1732 99
1614 2680 88
2090 2216 75
2033 2429 36
730 2224 100
502 985 28
459 2613 54
191 369 69
2642 617 50
1634 1295 68
627 999 19
2399 1377 39
2256 606 12
1992 475 48
2267 1189 50
1510 1385 63
1258 589 28
472 146 27
2587 1008 72
428 2512 44
1879 51 66
28 2538 60
2145 1492 10
2061 1717 26
312 2075 76
603 2434 95
455 877 93
2146 608 62
1156 440 20
2453 238 72
2653 1606 20
2059 266 44
1120 1615 36
2366 1441 16
1398 2 68
2432 2295 77
752 590 31
1141 2235 21
1175 502 48
1014 741 73
2373 889 67
1531 1454 74
897 711 63
1495 413 91
1530 997 89
2711 2301 81
498 1228 76
2486 2386 44
923 864 16
1994 201 91
399 43 83
1793 728 33
2326 2585 50
2671 526 23
1039 820 31
579 85 55
226 462 64
1975 60 10
1185 2694 96
1171 935 14
587 1188 36
2245 2563 19
1977 1444 70
358 2425 53
2398 1759 67
2687 851 77
2243 570 18
1058 2653 79
953 2674 26
1158 484 56
526 369 76
746 1333 13
548 2220 39
441 1416 63
502 1617 17
2406 889 26
1583 2032 80
2513 1147 64
1292 192 50
847 124 32
1552 623 61
386 1931 55
1231 1178 95
1564 1199 26
2369 1504 89
1456 1255 23
144 1987 13
2480 986 28
661 2326 16
2493 1943 80
6 2171 94
1145 792 87
462 77 62
1533 1704 47
2666 2030 97
482 2432 72
1414 2386 41
2647 1269 58
677 2698 76
43 2626 45
1787 1018 32
285 2035 14
2196 657 99
701 406 13
2590 1352 14
1860 2189 56
1289 2535 83
1791 1685 26
602 1520 40
2522 681 29
612 1576 90
1461 2130 20
2443 1861 56
123 269 21
2007 2449 86
910 710 25
1426 1378 86
1505 127 41
1960 2566 61
2359 903 89
1451 1582 12
2140 630 83
675 1569 44
2554 269 29
207 2113 94
2426 2262 42
2035 102 71
2000 2445 70
251 432 87
30 2625 32
369 170 48
2094 2152 20
1280 2457 71
2063 1836 57
663 374 52
708 559 68
1119 220 43
988 1580 24
1426 1154 72
2271 168 60
2666 925 75
1148 213 75
2631 2718 82
260 1630 22
1025 237 63
2369 317 88
1344 809 69
38 372 90
2557 2520 80
1913 1824 36
2280 830 69
480 1540 14
1908 2625 26
2043 579 30
1709 1368 78
2559 1748 27
556 1964 15
768 577 54
2388 925 47
2494 1638 84
2311 2327 58
766 1852 96
2286 1268 22
732 1381 21
1202 1185 84
1095 1562 53
663 1108 96
765 2615 45
734 1667 93
2585 2200 73
618 2226 72
917 882 93
756 2709 89
1297 1622 72
1871 442 86
1706 2256 25
2218 1423 95
2636 1692 64
1864 1938 85
2717 1171 95
353 755 38
567 677 85
1758 681 66
1249 412 76
932 1928 90
1948 2034 20
1762 439 23
1817 1930 100
2225 172 92
1655 1234 11
1279 1414 68
115 1502 32
642 129 85
1004 2152 44
1958 580 65
1418 1379 33
1380 543 10
1058 2377 94
802 9 39
789 1068 82
622 294 85
1626 674 37
279 1109 83
2508 924 18
1089 1406 27
2495 2596 33
0 2029 66
2652 2354 39
2565 1689 24
947 2077 14
16 2682 12
831 1152 55
818 670 46
826 183 16
2190 1930 47
1038 885 78
1682 367 59
1388 605 30
121 697 74
2048 2031 55
1973 2113 85
820 1893 36
1327 1540 97
1113 1375 84
2457 2323 76
1926 2058 100
757 978 61
1395 191 59
301 2275 50
2288 441 51
515 316 37
710 2134 93
1397 891 17
1580 2387 39
299 389 58
2412 1078 84
983 703 84
1341 1041 98
2141 1631 90
2052 1661 59
1217 130 87
336 1108 97
2138 1041 87
1533 2669 59
731 1531 34
1816 1190 29
378 854 59
1035 2568 86
2151 680 66
2534 415 73
978 2164 44
1233 1437 69
2153 2184 55
1246 117 88
2431 263 88
187 735 82
1237 626 44
419 1031 35
1482 1538 41
1081 2683 56
46 2074 29
733 2020 61
165 718 16
1226 2318 48
1380 1952 51
943 1988 100
2236 2436 93
356 2070 53
274 485 57
411 685 24
859 591 67
1103 2430 31
1781 1227 95
1412 89 70
1292 2078 39
2397 537 16
55 214 72
916 1483 54
2707 1217 34
2433 1004 78
2370 1880 86
2371 2096 87
350 1695 38
25 430 49
791 2339 96
1157 2279 79
1805 1906 11
2307 2712 40
1551 1873 45
1259 2450 90
2022 783 21
2667 1379 69
1419 1058 83
2140 875 93
372 109 39
1259 1234 96
1836 2061 85
1529 504 88
938 441 52
240 628 65
791 1788 84
1855 13 50
1836 382 57
243 2122 38
2053 1731 80
2189 2058 43
557 2223 19
2648 2460 92
1913 1825 57
658 854 43
1480 553 78
1118 2389 47
1228 1769 14
516 2695 12
146 425 10
417 2653 22
530 86 10
408 2522 64
699 2195 19
2173 825 32
2114 1188 24
112 931 34
2218 2371 60
1866 2539 30
417 1157 32
203 1435 31
1669 422 30
2031 539 82
9 2155 78
301 595 42
1576 1202 11
877 249 90
2131 2682 69
880 2455 35
1880 1712 43
301 1517 87
1204 2159 51
100 2710 72
1478 815 50
2512 63 25
779 2655 83
1556 1667 51
115 2346 28
2112 772 93
1827 1183 84
732 396 39
1088 1279 29
1024 873 34
2479 2249 20
956 978 45
1347 421 24
1253 1290 14
1249 2490 46
25 2375 18
718 177 70
2462 2504 87
677 1247 86
1582 2682 49
2315 576 57
644 2104 53
2579 947 20
2382 1997 91
657 66 12
2348 126 75
1926 2005 86
907 2413 43
1354 2510 78
988 593 14
302 1440 53
1238 347 13
822 853 57
1827 2579 10
2646 2549 18
435 838 62
1248 1175 65
2133 2483 41
509 1146 33
1010 1829 92
1470 71 46
2449 1463 26
1000 335 35
1361 1439 53
1847 22 50
2697 230 100
1881 343 74
2113 1265 39
2220 12 77
2614 1856 75
1656 1216 92
1747 2048 63
148 1299 48
191 475 15
2402 1323 15
1412 2365 39
2294 1667 57
459 1752 64
1174 2107 80
2439 2349 14
162 511 45
321 252 61
1782 1745 65
343 228 57
1455 802 49
1387 2569 60
1297 2238 27
2594 2011 94
1274 354 76
1567 999 21
23 1849 40
535 1659 69
1108 863 31
97 395 56
407 2309 68
1158 554 66
1092 1025 12
1792 254 42
785 1953 13
2326 2006 47
2241 1826 11
1409 1796 26
1546 1657 75
1834 2227 93
277 495 10
137 2565 24
690 78 54
2649 1522 77
1660 1565 81
1290 956 45
2484 1278 62
636 1750 69
811 7 40
1224 1966 52
609 494 38
1199 2272 86
1636 398 22
1311 1238 54
2494 604 72
2303 1899 91
548 2533 33
2568 671 76
12 1461 47
1423 1095 52
1065 1052 19
1191 88 67
2613 2607 23
1395 1415 14
220 467 56
128 1593 19
399 367 85
2379 813 85
191 2198 34
1610 766 21
2274 264 44
686 1250 64
1211 1952 99
1561 106 81
2382 1837 22
445 1856 45
1473 137 57
2530 1987 38
434 1297 47
1203 2630 12
570 2550 92
2533 1871 53
1059 806 42
676 2659 34
2230 1880 70
1740 379 63
208 284 95
101 279 71
1604 511 35
62 232 47
1310 563 100
2657 2063 93
53 1111 37
922 2466 92
2000 292 15
834 653 62
1325 2688 54
1685 2625 22
1432 1758 98
501 747 97
380 1818 19
2589 1698 66
1318 1776 58
153 838 29
2113 1310 82
184 1364 52
1791 2030 98
777 1717 64
1784 1902 63
269 31 33
2499 2260 98
797 359 77
1519 255 45
1231 1286 49
170 1221 84
1788 489 79
2081 2009 84
2620 1819 55
2189 1310 50
1963 668 79
1083 1709 26
1412 2212 98
1517 2301 37
2570 2642 73
2302 518 98
1867 1831 76
871 2277 95
963 1415 51
2597 1594 91
411 2625 20
105 2520 68
638 1583 60
2596 2368 94
530 2573 31
1964 598 91
1522 819 30
2026 1549 58
2038 1570 37
323 1738 24
2289 2065 89
897 2255 79
1978 1612 49
952 646 68
526 2598 56
447 2593 59
2378 281 43
1188 1270 89
1210 2654 87
1062 581 54
2505 2295 83
1786 363 22
853 471 17
2534 1566 48
831 126 100
176 1053 84
473 874 32
1958 976 77
1874 2572 43
2626 1771 95
1136 599 75
2535 1115 16
433 2675 36
2285 1119 90
2144 771 35
773 724 67
2099 426 51
627 1072 57
1915 762 12
736 786 89
1304 659 14
2091 827 69
660 1487 61
1812 2239 95
2670 2626 22
130 754 50
1484 1929 25
2175 1965 92
2691 2300 45
704 1289 39
1036 0 66
2694 1787 53
1577 144 22
1504 2512 35
1668 2114 44
2118 2487 86
2614 1321 45
759 2161 55
2537 2633 86
1406 1031 63
1602 1199 56
2661 5 56
2021 2375 34
2577 1779 86
14 2187 70
2370 2447 73
2466 1030 73
791 1369 74
212 2347 87
217 932 74
2695 1384 23
195 2650 92
1358 12 81
2693 1163 44
1202 1321 73
898 1568 68
40 1444 80
1096 556 84
2154 1031 79
585 1250 39
2546 515 89
916 658 77
836 489 46
1465 2506 45
1284 2449 32
234 493 46
2466 1671 26
2287 1871 89
182 2652 76
1852 1609 13
719 1210 96
2084 1455 70
1415 1288 48
1668 1624 62
1332 1672 76
1609 1355 45
1621 1016 30
764 291 77
969 713 72
360 120 37
930 141 34
1647 1184 31
261 124 74
2136 458 99
386 2318 37
158 1739 95
1776 322 84
571 2099 38
30 113 22
1874 1246 66
1305 2046 27
1740 1760 92
393 2645 86
443 996 47
1008 377 12
1440 1434 82
1094 1887 88
2658 2392 37
1672 1870 76
2243 1902 31
2293 2316 37
21 1971 100
1528 844 91
555 1434 45
2660 114 54
873 1075 14
10 2540 26
2619 1918 80
1335 170 35
2058 521 64
2704 2105 25
1841 2166 20
394 2026 23
640 1465 37
993 1767 92
380 978 31
872 200 74
1201 1738 11
2500 1975 79
997 1523 14
854 918 72
1489 2105 74
772 429 16
1579 2067 88
2367 2670 25
1116 373 83
1121 1572 53
414 520 29
287 1021 15
93 1773 33
2268 2009 13
2098 308 74
2692 2585 53
1617 763 87
341 1059 31
1094 5 50
269 344 56
610 1298 22
2511 2351 51
2552 100 16
833 1005 61
1682 2001 100
1431 2671 22
2418 1923 84
824 489 61
2005 1011 39
2142 1269 92
2533 1760 78
186 1974 14
1086 374 70
1645 1124 79
2085 2546 50
1212 950 61
1489 1055 84
433 1282 88
254 2484 48
1357 1242 86
323 977 90
135 1360 55
1060 977 52
420 844 63
1250 169 76
2330 1845 14
1882 580 33
2693 1375 70
2313 707 52
2000 2582 61
334 2577 49
243 2166 56
2627 1363 75
532 883 68
1812 522 56
773 1185 87
1636 1209 19
416 268 24
612 2405 44
684 820 75
2709 2696 69
1666 878 98
1622 1536 96
159 756 43
1495 1863 69
236 2323 89
2094 810 86
589 2003 11
951 1266 57
1747 1034 26
2085 2246 67
1325 2462 87
329 2585 36
1120 2548 57
168 510 31
2589 100 62
165 2402 31
550 1966 84
57 510 30
737 1390 50
2021 1316 69
674 235 70
890 491 24
2598 2491 88
2023 2041 88
1221 1909 46
952 1432 57
1964 2361 84
1650 2472 16
1897 378 20
1209 1942 99
1608 328 23
1488 1877 61
1596 1593 33
473 2328 34
1980 849 35
102 2150 20
2160 1637 69
2077 1264 94
470 2724 33
2598 1728 48
18 278 56
2537 1532 41
1011 2 35
1174 583 90
249 1590 67
915 1897 68
489 2127 86
1475 2094 79
577 2535 48
2080 2007 100
130 999 33
92 1567 27
134 1780 40
440 1333 60
2670 1906 66
1005 554 39
101 2353 14
2213 465 32
2233 1560 96
2094 2447 76
561 2050 18
1998 845 22
1210 1483 29
2043 1173 24
1280 1099 79
2653 1035 84
7 1188 93
1479 1813 28
704 1831 42
2472 1977 14
2247 1876 50
2659 2375 56
72 945 63
1855 878 18
2407 1674 37
45 2490 74
2100 933 86
676 2629 83
312 695 29
2197 117 38
358 1562 37
2447 2290 85
1495 1615 61
1691 2067 45
1881 1551 36
2098 335 79
9 2365 61
2440 36 58
1602 1938 19
2549 1436 90
2644 143 31
1786 1852 76
1428 1553 18
78 936 30
1761 2007 97
78 1386 41
676 970 25
1469 552 68
1196 1714 70
691 149 79
1873 1899 22
331 1426 12
847 25 68
1572 541 42
201 2675 44
676 2222 77
332 1317 40
1490 2363 45
236 1317 76
784 1349 69
1182 2334 73
1856 1675 83
2686 387 18
657 1397 40
443 1185 73
2479 2290 44
2648 2399 100
155 1362 44
1422 2135 53
1784 2558 58
2488 2717 43
2485 699 35
2307 1533 65
1622 1933 18
2438 831 53
2015 2228 21
2101 2532 38
497 2585 41
1294 2257 32
358 2108 100
432 79 41
196 909 80
451 2559 75
1403 2057 31
1153 2617 70
1664 1204 42
2151 1860 31
2564 1970 17
2235 1273 16
2060 725 56
1438 1705 38
1408 1708 67
1689 2069 15
1161 2232 19
1416 2173 11
1561 580 70
606 294 34
739 1181 12
2184 1678 73
2478 1785 67
1885 142 21
260 1263 53
1007 2013 69
432 1551 46
976 814 49
1522 932 13
1859 2202 12
1135 564 78
1450 375 79
1028 896 66
2139 1181 63
2517 876 73
1037 804 81
1176 198 42
438 1949 39
2306 2645 78
1150 243 48
1219 81 21
852 1941 41
2580 1874 59
273 98 77
322 1519 48
100 1880 45
1705 405 64
2546 434 55
1455 2185 84
932 2243 44
78 487 28
1155 2155 13
1434 1585 70
2665 35 50
1526 349 41
1885 2452 19
2609 1721 65
2616 1652 21
1763 1508 72
64 1750 71
2544 2446 33
2185 1759 46
1108 1575 18
88 2616 66
1634 1988 42
1164 465 67
291 1436 42
1097 2367 83
1906 1305 48
782 12 77
266 282 24
2326 1990 49
637 819 65
201 2427 82
189 627 13
697 1297 26
1622 1244 75
403 600 18
2598 1946 90
2066 730 18
135 1648 84
2138 1986 74
1496 1219 24
844 1092 55
1959 50 85
1301 736 45
2248 1543 15
561 491 26
2087 1029 82
2553 1546 62
295 1108 99
372 1899 49
253 2580 29
1209 1211 91
1882 2220 51
1110 1841 99
2132 1933 14
2704 1033 68
2026 601 31
1344 2118 82
40 1786 36
2619 2505 26
30 2001 80
1505 234 30
1591 489 39
1974 1893 55
97 41 85
1315 2241 79
2389 1452 65
2540 2135 70
863 1826 42
1805 569 51
641 600 91
1781 1641 52
1126 446 88
1723 2476 36
1367 99 41
1232 2002 89
1243 2175 74
1329 1025 81
2048 423 51
1985 2448 46
54 2505 66
68 1582 99
2153 465 29
2369 2077 53
1849 788 73
1948 1164 84
2661 2186 93
2336 1334 13
686 412 19
1896 2585 74
1352 1613 66
1867 4 88
453 921 89
2330 1150 35
1427 2668 86
1307 925 66
1272 2103 10
1729 1807 41
228 2342 27
2185 1757 83
2532 1875 31
1967 1986 62
2479 1434 80
1570 709 40
1093 1066 41
803 2511 46
2279 2622 76
1582 1082 22
2159 1698 52
1405 718 27
907 1313 21
2063 80 53
1845 34 92
180 786 92
1713 1191 17
381 1975 26
1084 1081 72
1096 751 98
1766 2434 90
274 2555 99
847 2615 48
2060 2395 37
1340 1588 38
1262 1851 13
1217 1590 69
2643 1786 33
216 43 74
393 2695 25
2612 1125 45
2439 154 36
2144 2477 98
1496 2645 76
765 1709 84
1355 889 49
2589 2679 52
2312 1193 86
125 2310 29
725 2526 43
1911 1729 72
2506 1097 31
1344 26 44
904 2458 77
1807 489 47
2651 988 94
790 40 48
612 249 77
1459 571 29
1428 2161 100
683 1450 34
1695 932 10
2696 2290 60
2586 2298 60
496 697 78
1381 484 23
1133 2002 62
1148 1671 79
448 686 32
451 1787 100
907 2454 79
2152 2574 56
1603 1704 87
811 2533 48
1245 1302 69
2412 1846 59
198 1617 72
224 688 89
289 738 46
78 1792 47
1474 1306 56
601 2189 64
230 2082 16
1368 2451 91
2140 2417 31
1872 947 19
1751 362 16
1933 2605 28
1932 1460 58
274 1883 15
1754 634 89
619 1228 34
1503 1545 18
2577 259 25
314 2163 49
578 920 88
564 2444 99
22 288 28
40 808 74
1619 557 23
747 552 63
2535 2158 48
1815 192 92
242 2634 21
1111 2209 73
922 629 24
701 194 54
1393 125 66
574 548 87
74 2048 40
2404 48 81
1815 115 100
858 50 70
913 2283 73
1105 55 15
1673 224 44
2324 1943 87
1290 731 92
2488 883 36
1179 1475 54
1644 718 62
292 1409 32
1807 930 84
2607 300 12
1156 365 62
297 645 20
402 581 14
925 544 28
2723 2585 13
2554 458 91
1101 882 42
744 460 31
499 487 11
454 2597 93
287 546 85
2550 1153 45
904 1443 41
785 855 77
2313 863 84
2215 1523 81
2559 1233 55
816 1867 54
1757 2358 17
2032 1205 27
2362 368 69
2378 1614 30
2349 1156 57
173 493 26
1183 75 64
2259 1841 55
111 1615 56
2210 37 79
725 2700 100
2254 2705 78
68 1310 81
1288 1820 84
2472 2274 20
2067 436 60
437 361 43
605 1375 48
1458 1230 84
2581 2405 25
1464 1435 39
2502 1914 39
2350 1786 38
1870 1126 56
776 532 100
1804 721 10
2687 1870 96
1465 1286 80
2612 50 17
1060 1787 79
257 669 50
2639 175 59
2498 1380 14
2478 1487 20
1223 496 36
2352 1326 12
885 1780 54
192 1181 13
549 2701 44
2389 1030 96
1266 271 46
1362 785 100
141 2131 81
2260 2562 57
1402 921 97
1502 2415 49
544 2265 97
49 1670 32
441 327 39
1021 1263 47
496 1876 13
1804 2307 95
1864 2397 22
1311 1276 72
2671 189 10
617 1056 35
714 2063 89
2219 1346 96
2078 1675 73
1247 936 81
2034 656 15
146 617 36
291 1781 49
792 1560 48
1951 1056 17
2623 722 49
1197 457 45
1630 444 37
508 777 18
1130 664 99
1687 837 22
1357 1411 76
838 248 57
1657 1538 68
798 1990 18
161 870 94
1839 919 99
1961 1221 88
242 1066 70
2390 2046 47
567 2479 62
450 1730 50
1136 127 45
611 1019 88
1926 1117 87
2360 2209 49
1813 2663 50
2011 21 65
951 210 22
186 2508 26
226 313 29
1459 686 85
2569 2409 46
181 1457 93
252 1763 96
1916 484 99
305 2710 60
1010 1279 97
2673 223 78
1687 1823 64
1667 370 97
2057 1793 27
2420 2581 60
955 1857 15
856 992 57
1410 2292 48
2145 2328 14
1468 2608 99
844 1157 68
1682 2304 92
1089 1559 76
8 2643 74
1439 1411 70
1489 1388 61
223 2689 39
2534 2073 95
1438 1963 14
2099 588 19
569 1448 10
1432 47 100
1265 1850 34
2015 1267 15
543 487 89
1563 2213 90
2611 612 43
41 176 90
1971 2182 16
1820 2410 36
511 1688 14
1690 2392 37
604 1793 41
1994 965 12
1349 893 25
560 2389 80
2654 620 33
2583 83 81
114 597 80
469 455 65
1581 1683 73
8 3 67
2547 1919 60
358 824 35
369 1362 45
2593 1920 54
2607 1726 76
127 1361 41
918 2138 23
2036 586 54
1818 2468 43
824 1894 95
2384 341 17
480 767 59
1677 730 70
1166 149 85
1213 2399 56
1599 127 38
1594 437 96
386 193 60
1487 136 91
1082 172 18
2340 860 44
1629 725 79
339 847 85
2469 1104 26
1653 1305 16
391 2370 65
1143 1386 82
1439 2326 79
995 466 26
2536 474 69
463 2097 83
1810 1407 24
485 950 38
2067 2595 68
764 2220 49
1599 2422 72
2199 866 89
220 1312 62
1385 1627 50
548 1048 74
2396 1691 14
1009 2545 32
1444 2052 25
1257 545 35
415 1739 88
1612 1259 90
568 943 51
1993 1680 100
2497 2393 29
955 1120 36
895 1679 96
10 2422 25
2243 2487 15
123 447 84
656 2374 94
2619 1417 91
153 456 11
2150 655 21
1476 1159 18
2279 970 42
1864 1884 12
2255 949 36
1993 1122 72
836 1783 17
189 1721 82
296 1800 31
881 527 28
979 863 58
138 2485 47
264 956 51
333 1390 35
1280 744 89
862 2071 39
1239 895 91
1536 1298 93
646 2531 69
398 1756 12
541 265 81
1540 2346 49
1140 2032 80
1002 934 79
1629 2385 11
15 431 27
1624 1868 25
1836 1658 40
418 2120 52
1058 942 16
1116 2573 83
995 1583 54
209 2590 74
639 1610 88
238 2688 81
1139 867 63
272 2662 33
20 1556 70
809 982 12
259 731 15
825 1838 52
2116 2097 80
2646 83 27
894 2424 58
1848 2000 54
368 2400 41
1813 250 78
9 540 20
918 1410 59
473 1900 43
961 1480 30
1385 1224 19
2057 462 64
74 2547 59
1500 1199 70
2092 167 28
2135 1085 84
2421 340 41
2577 315 86
2358 225 12
1961 2598 19
1710 633 84
2295 2028 88
1270 41 56
243 1465 34
1579 1028 60
2705 2316 49
1629 1679 93
1227 612 38
1669 79 35
1528 127 86
2705 2627 68
1711 445 74
136 978 16
1703 344 91
162 2104 85
157 1365 32
1114 1974 12
2721 35 64
1040 621 78
1058 1360 73
1744 224 15
846 2652 54
240 942 74
1879 1523 34
944 46 68
1657 15 89
2569 1731 48
223 537 27
237 1496 46
1350 981 34
158 1980 68
627 2537 20
1691 1262 56
2363 440 69
182 1514 89
2041 1103 82
1231 1036 26
88 316 36
363 1363 61
2062 1921 23
2156 622 36
2207 1030 72
2243 2074 91
421 2001 54
964 1656 94
1569 2418 79
2108 864 96
2673 1190 99
1553 817 74
1073 601 84
1118 1243 89
247 2719 95
1870 2457 90
1557 2492 85
718 2005 14
1467 2551 30
112 1135 45
195 2436 58
1596 699 41
2452 1580 68
1432 1680 77
2146 2703 90
2017 1659 66
1791 482 60
1963 1483 36
617 155 64
2557 1585 60
868 2543 40
914 555 76
1570 72 96
7 1613 80
1185 995 98
618 132 89
605 730 66
735 536 68
1655 1791 46
870 360 70
2197 420 60
1646 1519 28
2677 1444 23
868 2193 36
2451 2110 94
2583 426 80
2303 1150 89
1291 2274 86
1098 148 19
1976 794 76
2718 2606 31
510 1291 18
568 1060 33
27 2450 52
823 103 47
2279 1751 29
558 1718 66
1033 449 64
1155 1176 24
293 704 92
1677 1691 22
165 324 73
1989 921 43
350 1783 19
2247 879 95
1465 1500 85
819 2351 70
654 1785 35
1404 458 76
2565 2189 36
368 1345 88
28 1003 81
507 1795 83
1489 1057 93
1761 571 31
260 1888 62
843 286 65
1713 788 82
1186 1747 92
107 1013 34
2572 2475 16
1556 2709 91
1795 91 64
2460 824 35
1362 1868 26
926 829 18
172 2354 86
96 855 35
846 789 56
1494 2266 10
724 1607 16
1528 2289 61
1455 2017 92
2601 1517 89
2558 1934 90
927 867 40
2135 1894 59
978 2334 11
2635 789 55
1852 1749 54
2305 2536 16
1466 167 41
1091 1083 50
1455 785 24
588 2613 88
171 2565 12
1174 1032 20
44 1673 75
2147 2442 12
1295 522 38
2701 2205 98
512 223 51
735 112 70
460 2230 15
1582 1342 30
351 71 82
2079 464 69
197 1803 33
1089 2286 10
182 1820 94
1448 878 10
670 1610 85
1865 521 13
2589 1774 77
1610 1910 15
1571 2249 22
1856 22 60
1423 337 40
405 1120 49
1282 308 44
2593 386 63
1705 1087 73
1595 2305 19
1800 1790 51
379 2249 20
25 1363 100
2657 1497 24
230 990 88
235 1164 81
1104 2334 93
767 1213 80
2165 1471 21
2153 534 65
1847 787 56
12 2579 80
902 872 35
1476 168 41
1931 437 31
1509 2402 55
1690 220 23
317 1210 45
863 838 79
630 84 35
1851 662 15
2297 1614 63
1387 2546 48
158 1810 37
507 482 64
1852 173 48
1322 1851 21
2503 1729 63
2142 1288 96
2363 1241 81
1470 543 88
766 512 74
2706 2362 22
1765 353 98
289 2550 70
390 2633 50
2149 2497 75
817 1194 92
2454 2699 41
2554 1711 12
2209 451 18
2676 2218 73
439 106 42
1563 1696 65
2434 2607 84
1437 278 97
1332 264 48
630 2209 39
1193 2077 39
2261 1378 19
77 1303 22
1987 1389 26
734 2268 96
2545 1960 14
2349 361 56
900 970 24
780 2071 74
2345 781 69
2365 2292 35
446 108 98
1655 422 69
2607 28 70
620 397 66
117 2560 37
1593 1568 87
2026 450 37
999 1772 70
2595 847 18
866 249 81
1229 1500 34
683 431 40
2652 178 20
416 966 53
1401 1885 14
810 1636 49
1739 46 45
411 1698 80
291 1810 80
1721 1987 10
1979 1529 78
838 1953 46
1633 2236 13
2260 2339 42
2518 1322 14
575 457 98
2520 784 56
1772 510 53
901 216 76
1313 1760 37
1611 554 26
1104 1542 12
1503 1567 21
964 1144 91
2516 1810 94
778 460 13
2703 147 14
313 1640 36
688 475 75
838 2231 42
1730 1264 33
1890 882 60
546 1497 95
1188 735 12
186 2597 95
805 496 70
2184 2087 86
2191 2504 77
788 1274 64
912 838 26
1189 527 61
183 2649 65
2081 2323 38
2324 1811 95
1253 8 14
131 179 90
1103 1311 84
2592 2509 58
1544 663 19
1732 2351 57
261 1478 88
1854 124 13
395 1985 14
1901 1325 76
985 2492 43
2713 415 94
701 2645 78
2039 361 68
1450 2439 78
2257 2631 27
1414 217 23
1911 1877 21
1785 1222 86
1850 131 92
2325 427 99
1899 2625 47
649 1428 76
1425 487 46
625 1621 10
2266 580 42
746 294 13
1502 1798 49
432 815 34
515 654 52
1560 2109 40
1633 5 72
401 2327 49
1290 1235 79
55 362 67
2669 482 10
724 574 97
787 1877 18
1412 1768 50
1324 1005 72
1576 1136 86
197 356 85
865 75 30
541 631 90
273 2522 96
1083 455 24
36 2068 29
1820 2072 62
967 2296 75
1652 768 20
923 559 99
614 1466 37
2023 586 35
191 1859 40
1779 2353 83
1381 2075 89
357 1231 16
2648 185 53
2677 2295 94
921 623 70
2024 1641 31
226 1736 74
1297 252 13
1128 2172 92
323 1200 46
2447 2345 41
973 1093 53
2045 555 46
920 1688 42
2231 1677 64
1640 2340 15
2540 1788 59
132 2479 24
939 1776 65
247 2347 14
461 1403 85
494 573 10
1842 1456 69
2325 1245 38
1781 581 45
835 705 59
575 114 76
965 1338 87
1868 1471 71
791 2558 72
1760 1005 85
829 1232 33
869 1715 50
2290 1893 82
1364 1914 98
1768 685 91
1285 832 65
1298 26 79
487 2267 38
2145 862 77
444 1238 96
526 1236 22
1542 1701 98
1097 1557 43
2499 192 10
342 2290 13
1297 478 38
322 409 48
379 1343 79
1477 217 19
1314 1216 43
2683 388 15
907 572 55
1955 2609 45
2436 2473 19
2467 348 56
2485 2521 64
