3497 6223
2362 337 84
1392 598 21
2885 2324 97
3074 3461 58
480 2524 63
1968 2438 40
3043 3112 29
762 315 36
1527 51 66
2280 522 86
819 2308 67
2130 2868 49
1560 3333 48
3269 2589 77
2265 3437 54
3234 427 84
2109 2 35
2758 30 41
609 2271 71
69 1542 100
678 3148 17
3442 1236 90
2310 3206 65
2952 2368 74
1386 3153 39
1222 1410 81
1682 3455 77
1313 400 57
1292 2160 100
738 1280 38
2282 157 75
3485 874 18
1491 3434 31
1022 676 91
1157 3392 15
825 3111 80
620 532 76
388 1107 72
3322 1335 86
276 502 58
1246 1600 92
1722 3068 31
265 897 45
2785 2894 98
2798 2286 45
3171 877 76
1747 895 98
270 1076 88
2808 335 40
2583 3450 98
1933 1402 58
259 2870 61
1208 1206 44
3437 1063 80
1189 1588 48
2335 3034 78
1784 1301 96
425 828 84
833 3023 33
510 2409 58
2617 2402 42
3399 537 39
3173 2020 58
1545 1480 45
2928 148 74
3185 942 62
687 3273 93
2726 374 60
2477 1858 87
622 2381 22
396 1289 23
1507 1273 35
1599 772 20
2418 1698 87
3054 3131 56
2777 1539 64
2680 1314 53
746 2696 95
19 1678 33
137 819 80
732 2550 70
2498 2539 95
1578 1935 10
1872 1075 43
2972 2914 86
1383 1056 13
1398 1888 82
2504 2399 55
774 2571 74
1040 1118 28
1969 1459 73
2701 1013 61
1172 2166 42
2282 725 50
2599 3223 43
981 2369 71
493 400 76
3337 2730 58
3482 3102 51
2574 1207 95
2740 1270 94
2302 279 96
1016 1820 78
2512 2167 11
1783 1116 66
532 3177 15
1148 3371 66
2335 2831 96
2353 652 17
195 2663 52
2410 1979 34
1732 1186 43
1594 2813 86
2043 157 44
3144 2080 89
223 1681 34
1511 114 18
1864 1745 78
1293 1775 27
3283 172 79
31 3156 96
2061 2899 66
3326 585 19
1565 1815 84
2108 3112 35
2010 2685 51
1141 1988 40
8 2621 23
3263 2523 14
39 136 15
2812 2544 45
894 237 51
2101 681 48
1968 129 74
334 2621 16
2228 268 68
2294 916 91
2711 722 77
347 2541 62
2284 2498 47
2717 3041 80
351 676 85
71 203 50
826 2374 52
1495 1446 41
432 1263 16
2828 2797 71
2266 2076 95
3100 3484 90
1464 809 99
2870 661 36
1066 3226 71
3158 229 50
1757 449 39
902 2762 22
1503 472 37
417 546 67
3057 163 33
3001 50 15
987 1606 71
2917 453 40
1670 1417 98
1845 3184 61
1445 3236 10
1890 238 84
970 128 96
3161 1335 24
2177 1832 36
621 3465 71
780 3209 57
3081 3157 95
721 3399 99
488 1301 61
2241 1575 97
2484 2749 10
2201 1776 54
19 2172 25
410 2899 59
2618 780 92
1206 2477 30
249 2684 94
1027 1136 79
1100 3161 74
105 1538 69
2288 3356 60
2275 653 23
3146 2280 70
1636 2909 46
2869 293 98
2355 142 40
19 2643 37
194 94 50
1594 1563 90
856 2968 66
1505 2768 22
1950 2670 62
1414 426 51
3401 3280 70
289 2266 68
2482 2177 58
369 2817 45
1813 1346 10
2686 379 73
55 69 58
2962 3338 23
2376 2493 17
2832 1551 10
2023 44 58
623 2537 51
1432 2987 42
3414 904 27
2572 3110 40
1960 158 13
2099 3316 68
2904 2498 22
404 2139 90
743 2504 22
3330 1708 22
2105 2659 23
556 2722 53
2653 1494 91
1089 2359 41
2045 2561 47
488 3417 70
2963 1568 43
1925 2992 11
800 3489 63
2461 238 42
968 1459 43
2916 155 52
1874 1639 91
139 1107 89
2575 546 78
2969 1303 81
2092 2013 52
2951 1590 82
3296 3403 57
2224 3221 87
3223 1233 93
1709 2006 86
1733 880 81
3188 2458 12
3252 2928 39
888 2436 65
508 310 81
840 1516 10
2945 2147 37
1395 327 20
1135 1884 15
2852 545 32
2341 2576 29
1174 810 13
3471 1771 83
2601 3483 96
2508 1695 72
3055 738 33
2986 2827 14
122 2718 11
72 1141 54
1115 1413 79
1637 2759 30
3173 3094 90
3031 3490 82
1814 232 10
3103 1480 99
2939 1876 36
516 2074 64
147 26 30
245 2221 56
2049 2147 54
1196 111 46
2094 635 11
2684 1037 17
1017 1795 53
2574 1185 94
28 2151 42
1344 2814 84
2886 2764 14
2626 438 28
1073 1881 26
1629 411 97
2924 3252 11
1457 2070 97
1270 32 14
606 1155 31
861 2437 28
1339 948 97
1003 1902 40
1284 643 87
2760 2776 58
1879 2738 71
3108 940 74
2489 2792 46
43 1256 87
1286 3232 97
2910 1549 36
2690 2398 30
2764 1486 26
881 1714 86
42 743 86
1111 1258 99
433 1121 40
2810 3337 79
685 42 76
1732 2472 77
13 460 91
95 2276 42
2080 22 11
2147 2980 37
2752 221 59
2521 3263 67
3141 1818 48
2178 305 22
2900 1772 15
2555 1762 97
780 628 75
183 757 13
2795 1983 18
3186 163 55
635 3054 78
275 2968 24
3422 695 31
294 3074 71
2113 2428 49
196 3271 86
3226 3443 58
3122 58 65
2298 2922 98
386 3460 97
1305 1257 42
3413 1116 61
3084 916 74
2354 905 75
945 332 92
1438 799 57
3336 1758 74
2771 1352 47
1329 1307 19
1447 3216 20
80 1849 92
959 2749 11
3194 2625 13
2208 2034 88
1890 1871 42
2290 345 78
528 1198 38
2432 181 46
1424 1289 87
1118 1551 17
416 446 48
49 2162 76
2528 288 77
2648 1821 96
391 1806 60
2892 2038 76
2566 2712 75
2245 2524 11
1572 1853 31
2733 308 13
645 2245 14
1510 2109 16
1910 1515 72
3418 1220 81
2995 1106 17
1011 277 92
863 2033 23
1075 2492 75
1743 3492 58
125 1025 98
601 2025 76
1353 717 49
1323 1994 87
2854 759 99
2887 2453 95
988 2355 49
2032 1135 27
2271 2935 70
3380 2002 65
2921 1504 76
1073 2617 91
3316 2682 78
2739 1196 98
946 1902 96
1251 802 99
1454 2253 97
32 1158 20
1324 1420 72
2110 165 28
1466 3130 86
3362 2970 76
1041 201 92
3014 2342 32
1849 1345 51
182 1864 18
1083 45 74
3087 2124 13
2974 1855 76
2313 435 34
478 2911 63
487 932 14
1738 1969 81
2323 1713 62
2194 2465 10
827 12 54
88 2677 45
3071 170 62
380 2330 83
2958 1824 53
2074 964 46
1540 1816 87
3179 2129 84
2383 1046 37
1851 3477 16
3420 2627 48
1728 3443 40
1096 1491 32
451 2589 74
13 2123 97
1701 936 77
1342 1972 34
492 1314 63
86 1223 97
3138 647 54
705 2804 26
11 475 49
1359 3039 63
2232 1822 51
1836 926 63
65 685 54
2472 2282 40
919 3174 53
1891 2794 57
3397 366 41
3021 615 83
2628 946 33
216 1280 37
2893 120 93
156 966 66
2724 521 32
1409 457 84
2328 2444 97
1266 1096 14
2926 2238 62
463 3492 10
386 2244 41
341 3257 97
2864 35 28
295 16 14
1220 2798 18
457 1415 100
1349 2574 78
3061 1973 71
938 3374 100
2111 1946 56
2524 3123 94
1051 1260 20
1284 316 15
1656 2195 26
1005 2394 76
3179 1061 83
3415 1973 93
2609 2035 28
36 2937 22
2039 972 31
2203 3175 40
2648 3067 44
2459 1222 66
2071 2046 59
924 1306 75
3282 2849 56
555 2932 36
2751 223 83
2556 2273 12
1143 1225 80
2399 1749 46
2722 2272 92
1294 986 31
2515 2671 64
214 2658 85
1314 1022 10
3041 2778 22
2786 2691 62
2257 1959 53
1546 2071 20
1920 2396 38
2785 3229 10
2797 1890 21
1043 3416 91
710 852 41
2375 1400 87
732 3199 20
2485 1163 91
1887 1473 37
1481 3187 70
2365 1580 58
2772 2814 44
396 737 82
2273 195 47
2470 2901 35
2549 867 46
2833 3172 96
220 1753 23
2356 1119 45
2479 2725 90
1064 478 85
1666 3082 15
2690 266 43
556 90 38
2473 1711 14
3221 2662 77
2700 2841 83
1320 935 42
682 275 43
1862 2188 66
2796 670 81
1682 1556 98
52 259 61
713 3028 28
1813 3090 28
2785 574 16
1826 2010 76
1447 1625 32
1385 2374 63
2174 635 18
433 1611 90
2352 2362 28
1564 2208 23
2795 1862 81
2117 2697 70
221 1206 37
2167 3451 95
1353 261 24
2130 389 68
2980 1635 15
1812 2644 21
1815 757 94
1306 1186 71
1484 1889 26
1944 783 43
408 2205 36
1396 2939 92
1696 2511 99
707 2629 46
2752 2364 90
1419 1839 90
3096 1507 77
1571 3004 38
985 1609 95
3043 1925 22
1287 1484 43
434 2558 58
1679 1878 67
129 1653 35
2483 3040 74
751 886 27
1236 358 51
548 2264 19
2507 358 40
655 188 56
1411 2112 55
1379 768 60
1202 2471 71
410 1026 99
3120 3194 40
3269 3131 74
2790 1767 49
3240 2464 17
2160 1563 75
2354 2214 92
816 9 96
2513 1950 35
1463 2795 41
2785 3070 27
3261 518 62
281 2530 18
60 2054 88
150 1168 42
1300 2318 71
1969 1293 67
540 3127 51
3331 1140 85
2025 1735 68
948 232 32
1517 2496 59
590 712 15
3041 348 11
214 2832 91
400 3193 71
1214 143 84
470 2672 23
97 3318 36
1001 2393 25
2368 1451 19
2487 3061 26
3018 2422 80
2327 1917 70
1143 2187 64
848 361 80
2633 1872 76
2675 2683 59
626 2910 25
2441 1265 34
2463 2023 17
663 2303 11
3413 537 43
2913 2038 98
2416 1086 70
2239 842 24
89 1023 11
275 401 46
783 766 53
2899 3434 16
1126 425 78
1344 3029 30
3382 3402 37
604 2174 99
1505 1520 95
1175 1066 36
638 2292 16
1331 1651 88
23 450 47
478 3216 90
1970 119 87
3273 2964 85
689 12 59
3128 3461 48
2704 2727 83
379 2824 80
1947 1335 99
3126 372 34
824 3362 88
3325 487 38
3431 478 90
3310 3002 49
2977 3147 57
2169 1841 13
2713 312 93
1524 2636 40
3028 2662 74
143 734 49
673 320 11
719 2818 85
223 2417 13
1350 2109 59
207 1654 76
1197 514 73
1551 1813 52
346 399 96
1487 1512 74
1841 803 74
2513 2548 50
3493 1531 18
456 3017 19
2337 2973 72
840 2752 50
1273 134 68
3162 291 49
1493 1423 82
1044 1502 31
2272 2559 28
3177 566 93
3009 2296 98
1693 2289 28
1080 3172 92
3280 2347 22
1568 1134 48
2673 1141 16
2121 3400 18
1158 562 21
1577 3086 83
2326 105 49
3202 2666 78
3006 2184 82
3452 1679 34
2798 2576 73
251 2269 33
591 3296 67
1600 115 39
1052 2905 55
2867 1697 87
1787 3340 91
1319 1182 96
2175 286 82
2105 906 72
1779 302 57
1658 66 23
2504 2652 83
1416 3082 35
1565 3389 35
239 1543 72
1342 1915 92
3417 1420 72
2788 1608 74
1504 2220 89
1293 844 86
2401 1373 62
2577 2028 67
3052 2233 51
2532 3155 20
1810 526 54
1611 1521 74
966 419 81
3046 3305 40
3002 1778 85
2289 1001 99
1598 1834 37
2899 1309 96
2250 766 71
1646 998 62
1806 752 26
235 448 53
45 2811 69
1819 2764 79
2121 455 39
1162 2163 47
1681 645 57
3452 524 38
1672 2506 73
2711 194 80
1446 2459 46
542 2866 43
3084 2281 37
1201 1107 76
1566 1189 18
2378 1405 97
3436 1773 14
2279 2207 27
1430 1837 91
2639 1796 79
1591 2131 38
2681 138 65
163 1492 93
1501 490 85
3097 2037 30
2579 2380 98
1500 1294 38
2133 2797 22
1991 979 20
915 3389 83
3036 960 85
3357 1475 25
2072 276 58
621 1098 24
1812 2218 58
1962 480 92
2413 1860 26
1067 2092 25
892 1410 57
421 2433 54
958 989 61
429 556 95
1145 3158 64
905 2054 67
2305 2053 92
99 194 87
3251 169 61
215 2620 18
1392 127 83
2122 1160 43
2858 1150 60
1915 1350 87
740 29 35
3058 522 38
1070 1903 83
1194 1708 76
2272 3246 47
1668 1156 95
2771 1229 91
3170 1844 85
2783 1852 72
1928 1482 10
2271 2207 16
2182 2057 10
220 888 85
1626 971 85
1207 1168 79
3054 3063 31
2281 3028 83
2820 865 38
2659 1489 29
352 2996 33
3160 3352 90
2471 961 42
2579 3144 37
2132 2556 57
2228 189 86
2324 3194 100
2372 1828 69
202 2095 83
2105 2839 21
1060 425 63
2568 1536 22
3141 2670 13
1047 2337 34
867 3353 97
2586 1065 34
3455 3145 27
2869 3118 14
854 702 11
3374 61 70
821 1934 94
3351 1151 40
1121 3077 38
3287 3141 31
3217 2381 44
643 2205 60
329 3084 54
3253 2142 91
2586 2382 100
882 825 12
2395 3135 12
337 3022 24
788 456 55
2703 949 97
1928 2636 97
1551 1487 44
344 3434 98
1189 2889 17
3432 1218 30
1041 1448 100
1907 2917 22
3395 814 49
2193 701 86
1274 484 79
854 1061 11
342 2054 32
199 2465 13
638 1135 77
854 2517 12
2028 1195 87
2074 2845 39
77 411 53
2910 960 98
2296 2356 63
2993 3223 59
2787 1794 14
84 2803 52
198 1311 41
1742 1028 45
1500 2770 79
2957 86 44
203 3181 95
573 1206 20
2772 2427 60
2990 1919 52
2898 2039 96
2143 1087 46
922 1920 21
1644 1357 37
3262 2790 32
45 1884 67
801 2162 89
2094 1279 75
71 2355 91
1454 1911 65
1604 2664 67
2762 1532 95
1527 2550 52
3088 966 58
1639 1841 97
938 2989 94
420 765 22
220 2543 23
110 1927 82
3475 2518 41
2418 1781 47
399 1589 82
1623 2098 73
908 1114 94
2230 241 24
3073 2981 14
830 2437 63
287 925 79
1931 2949 78
357 2625 98
3477 1000 78
2860 1316 73
2635 601 23
997 1101 33
2513 2620 24
2104 3136 15
2454 1927 38
2445 2877 43
1039 137 92
3241 957 12
184 2747 69
3073 1522 16
653 2602 76
2207 371 57
1844 1629 23
3173 303 19
1076 3402 67
2659 2713 33
3222 1179 48
2109 837 57
2396 2608 92
985 1464 95
2843 2008 54
374 230 59
2950 1443 29
674 175 11
2715 1015 41
3410 3282 20
3278 1346 69
912 899 53
2732 644 65
100 3477 75
444 2007 93
3188 1381 10
699 2951 28
187 3492 58
3386 1804 64
3157 839 26
1527 2505 59
2195 2115 43
696 1935 79
3291 2582 46
1668 1048 99
1292 2124 49
1798 3281 96
1029 2973 38
1559 273 28
974 2798 35
2141 585 73
2294 2303 56
2342 2808 88
2751 8 58
3216 2174 86
1500 420 52
2558 1559 60
3214 2426 18
2616 817 26
1310 2018 80
2313 2972 15
1309 2538 29
3432 430 41
1036 625 35
3462 2935 32
1397 2056 76
3401 235 46
765 210 93
920 1548 16
2711 1651 26
822 2093 78
204 1598 17
1484 1992 50
378 2656 84
944 814 34
1168 822 96
2093 1664 42
2836 2161 76
584 224 49
3243 1668 46
1051 516 10
2586 1816 70
1954 2528 78
357 1085 74
2250 762 71
1990 2255 89
406 2877 31
1150 2716 25
2021 2389 81
2235 75 100
2757 2573 51
3136 1857 18
1539 2586 96
2539 1551 49
1022 2418 49
2421 3047 46
1172 2548 72
428 3202 73
3435 592 24
1051 1276 99
3478 2265 14
23 673 76
3466 3142 44
571 2088 74
3011 2090 30
2208 29 72
760 2332 36
162 1831 91
1061 2487 53
2516 372 26
2570 1925 58
3146 2846 90
1966 2661 43
3219 1092 96
2133 801 33
1828 2937 93
359 2950 24
791 1155 22
2287 2375 61
826 106 62
2608 1965 32
3070 1058 96
143 590 89
2498 1908 31
2494 1986 84
453 543 21
735 1628 35
706 1802 41
676 1741 92
1985 1771 15
1698 2902 23
187 2959 46
1891 1564 70
2427 2018 41
2212 2329 86
612 3369 32
1690 698 51
1384 1933 56
371 3178 86
2514 143 67
1680 1766 84
76 2913 91
750 407 57
1984 1883 16
426 402 48
3118 3436 58
1888 1700 78
1175 750 55
522 996 19
3443 1033 89
1434 1532 11
3160 2946 71
648 2160 18
860 1476 21
2157 1383 38
89 1422 54
2568 1269 21
1491 1453 83
43 1029 40
1137 2478 61
2351 1911 58
1083 178 99
485 2103 97
2002 1453 13
2419 765 28
1462 2051 56
1408 1541 56
2649 3486 33
449 2276 62
1691 1022 92
2455 981 47
2885 1527 94
2105 2545 68
2941 1020 45
2001 3206 66
632 3449 64
782 2339 17
1848 3192 45
2745 720 16
1290 1260 68
3341 3267 78
1020 715 85
860 2919 12
2402 2618 25
272 246 87
2662 4 90
3461 336 74
617 31 82
771 1225 63
1818 264 83
2653 621 70
297 3481 72
3004 1723 74
570 2781 60
935 1113 62
2359 2460 62
2831 2727 37
3084 2521 87
686 3253 49
3419 3401 17
2663 1734 38
1222 1533 45
667 1933 82
3065 499 63
3072 4 86
1545 2033 77
2687 2603 35
3349 99 84
862 2013 39
2093 90 67
1859 625 91
1522 3015 14
1275 2683 80
2396 3492 43
2477 3340 84
1623 814 32
1149 977 80
757 11 30
3429 3465 66
2606 2 96
3030 2058 66
3462 3303 15
2470 1227 73
1022 1079 63
2156 2994 94
2711 2364 31
3364 982 55
2429 3433 73
1010 3214 25
2404 1990 40
1710 2213 22
3007 3389 100
215 1817 70
286 2014 46
1735 2945 100
3289 2168 24
792 3477 86
3139 328 100
1437 741 87
2829 2732 10
1850 166 45
1552 648 19
1810 3252 92
1717 2932 57
2924 2293 10
3177 2371 54
1998 2739 80
2768 3483 45
2052 1210 58
3110 2196 26
2255 2012 33
90 1676 87
785 828 58
3077 1751 13
1553 589 77
236 2515 52
919 534 93
526 866 86
1519 647 90
658 1664 22
452 2551 60
3445 1498 24
1715 1391 39
983 487 11
727 2652 97
2983 905 17
425 2658 58
1323 2083 27
1547 686 86
3218 2123 83
1690 2605 73
1654 2301 31
2204 2570 85
1343 2594 74
2005 1154 48
683 1450 51
29 188 32
58 3315 20
1137 3284 73
1607 425 14
1564 2609 83
2283 2399 51
1419 1343 45
1998 3097 12
2719 2289 75
2986 2885 77
2925 1892 10
765 2139 71
1504 383 27
2632 2768 70
2994 1594 27
3089 2614 67
736 3443 94
1020 2536 41
2494 758 77
1406 3016 87
2592 1508 11
929 2760 95
189 198 18
2619 2129 47
2727 59 64
2797 1893 32
312 1342 34
3290 2228 21
3076 573 15
1047 1718 66
2624 2008 15
1965 1820 90
1343 1485 76
330 1506 40
1506 362 28
1499 2870 77
2344 2529 36
2952 2770 10
2610 2255 39
404 1613 25
978 1326 76
3286 2462 80
190 1368 49
1864 2796 12
2316 2218 80
11 1351 41
2202 1065 89
1536 3412 90
2201 3143 94
2001 1253 92
2165 355 53
1382 2569 55
455 2920 36
963 2715 76
3399 878 10
617 288 71
2211 2059 76
2969 2657 82
1885 3273 82
1345 3403 66
58 2929 87
1307 1441 34
251 1256 36
2106 1334 83
2129 2431 82
2434 807 85
374 1706 34
2389 859 78
329 1197 75
152 3136 56
1792 254 99
3368 445 37
2212 1137 91
964 3353 79
1462 2402 16
932 2790 32
677 2389 40
2710 563 68
2971 662 41
2013 1508 34
2679 618 19
263 462 70
2823 1521 13
2476 1885 85
3082 1336 31
816 1002 79
1802 775 94
2755 1012 98
36 1333 56
363 2384 97
3219 2412 32
2338 866 100
2990 3460 38
1175 216 97
309 214 29
2157 1597 88
1782 989 21
672 738 49
2677 1318 16
243 945 69
2829 644 40
1545 943 42
76 269 89
3000 2373 48
1457 2582 26
1386 2441 34
1641 3431 47
2418 1922 91
2563 1732 31
3444 1182 77
3334 1788 32
2600 2114 94
155 3013 42
1168 1095 53
1898 2700 45
1404 2828 53
2262 743 53
1418 1279 94
708 329 35
2051 2541 81
263 2820 36
2788 483 57
964 742 26
1110 2236 13
979 1359 67
2236 2277 73
1213 394 63
1088 2553 52
740 1119 17
1039 1237 56
1694 3378 12
615 1019 63
1452 1168 30
1863 3296 73
1451 725 48
3341 3270 30
2507 3441 54
2416 136 58
2059 1854 85
321 1928 82
1488 317 90
3373 3140 91
335 2924 78
658 1343 63
3098 3265 21
1091 2837 42
3241 3489 24
1 18 37
1258 1256 67
2554 101 39
2014 2799 77
116 1408 83
2227 802 19
3215 249 11
924 260 24
1680 941 94
2730 1924 82
928 1707 25
2682 3043 98
676 114 83
989 215 33
1351 3338 35
895 1448 73
3340 512 36
1807 1656 98
17 329 13
1907 3197 12
2234 581 73
2536 2523 36
2254 422 12
736 2781 39
616 241 10
3229 2345 61
2404 806 44
3187 1655 95
1433 1389 29
3133 351 47
2748 3469 71
2796 1040 73
2830 502 38
274 351 50
2768 2681 76
3409 1063 35
2860 2719 43
695 810 76
3369 1719 26
653 177 30
2084 452 37
1538 3 41
1100 1285 51
2376 3306 66
219 459 21
3351 2053 54
2271 1954 97
948 2286 74
491 1530 26
2842 2391 17
1126 2345 80
905 2688 74
249 2139 11
857 977 90
2508 851 85
1680 548 64
730 1688 49
2293 1246 80
2529 3295 64
586 1603 53
1414 1059 62
1262 1603 79
1525 3323 20
1493 61 33
1654 3265 98
607 2943 74
1881 448 82
509 1456 85
247 2941 37
3289 992 86
2144 1743 33
3447 2219 88
2234 1242 15
3302 1951 25
1377 3442 83
1442 1810 74
3073 678 80
1285 344 94
2166 3256 28
349 1985 89
2705 331 76
2844 2925 24
1849 2310 92
3370 2283 12
366 124 16
852 2400 46
186 3100 72
6 387 23
3234 821 48
1579 421 64
420 486 39
3176 2187 92
1056 1135 84
3349 1210 74
12 242 49
3056 3256 97
2225 353 13
2840 2513 30
3397 1177 69
45 2106 56
2752 1735 59
2741 3187 26
1301 1097 19
1685 20 62
914 2421 40
1127 619 90
2605 2582 84
947 2515 13
2183 3134 58
388 2659 85
1889 611 82
114 3210 100
1412 1136 56
882 222 20
2519 58 23
212 80 15
2222 2164 58
3280 3148 11
169 3478 35
11 1598 19
2708 1039 10
1689 2763 49
2885 3369 28
413 2163 37
455 1364 79
998 3306 95
1467 139 95
2444 80 44
399 355 54
2297 2045 38
2484 2914 55
1789 967 93
1914 712 45
873 1383 19
1830 1834 89
1203 2804 85
706 2855 69
2452 1557 77
1519 762 82
289 1026 33
2684 2397 61
2073 1234 48
116 1398 33
675 1824 90
2669 2360 79
2649 1146 86
3088 1663 99
2387 1265 42
3478 2241 21
2231 2269 52
904 1367 47
2650 748 96
332 1183 51
2904 1279 63
1115 157 15
2217 3390 74
1006 1787 83
3489 267 63
1815 76 97
308 247 55
1341 3125 50
1323 3374 100
15 849 27
2953 3384 93
726 3186 37
127 1243 23
1310 677 30
2746 924 84
858 3396 98
2685 3448 71
2793 2474 90
3490 1482 40
1319 96 72
3314 1292 14
577 2584 17
708 1904 69
3127 2275 19
2553 163 55
887 2998 90
3246 914 52
1301 1674 46
2736 1877 71
1863 746 54
50 2607 96
860 162 45
3342 3222 44
2766 2251 40
2880 2104 17
2473 483 26
1716 1227 62
651 1438 46
2714 1672 30
1194 1224 20
838 596 48
909 85 61
3236 1614 18
1801 2284 25
3475 2590 42
2570 1485 13
46 1367 36
3363 3315 77
1813 2379 35
1953 3026 84
3415 2416 37
3268 709 60
2033 172 58
2079 2911 74
283 1000 21
1189 1832 61
2539 3029 65
2816 1164 80
71 137 80
2251 1452 30
412 1226 82
858 2097 64
2038 1456 22
912 93 55
2005 1080 48
411 3417 96
3057 2847 16
2626 3064 28
1527 1032 53
1318 3039 63
1084 598 53
574 398 66
504 1689 79
2707 3181 16
2997 275 66
2011 1791 87
1167 2321 90
145 1569 95
2621 1681 89
2894 1423 18
772 914 61
2454 3184 61
630 1717 100
3296 719 51
3352 350 67
2644 540 67
3034 369 65
617 1159 11
2718 1959 30
963 852 38
2896 3363 71
546 1826 38
2306 1703 79
1341 3085 87
2316 2306 17
835 1290 89
3304 2494 29
3266 1348 69
842 1408 47
1505 609 45
1844 3271 38
2354 1989 38
766 2961 44
65 3322 84
3433 1736 59
2056 2235 11
3438 109 51
2053 1898 46
3044 688 27
813 933 79
1853 1124 96
1034 1379 63
2675 3482 46
2263 446 89
2264 674 90
3381 245 50
874 813 20
1191 520 67
2447 3277 34
1307 2941 79
414 795 23
104 3124 36
700 1022 42
384 728 46
654 1332 42
2917 3270 20
698 1647 32
1320 36 26
973 807 26
270 2716 78
2028 555 42
2960 2257 22
2285 788 12
2062 1610 95
2706 3284 88
920 2406 77
1099 135 28
2428 1338 78
3419 632 78
3372 190 35
366 1741 26
2567 635 24
672 2613 81
358 1548 74
1738 1216 40
1036 1713 68
3121 1281 66
1655 1481 67
1564 2191 75
3436 450 62
349 759 86
2991 1025 58
339 16 15
3081 629 22
933 1082 68
2387 1656 44
2749 1393 70
214 881 63
2193 2899 61
2601 3192 80
302 1558 61
1022 1053 69
230 2631 78
2911 3394 21
1957 298 67
2387 3142 37
1416 2777 22
915 1366 71
912 894 92
766 1181 96
1770 1782 60
310 707 98
2472 2566 92
2113 1023 35
2642 2581 27
964 1421 96
1957 2206 23
2728 820 29
960 62 58
3487 2906 38
3488 2541 36
1975 3384 59
2678 953 95
2674 477 84
1196 1882 67
2946 110 49
736 2248 33
831 685 85
936 763 71
1990 1115 71
3059 3088 81
609 1907 84
1339 2736 96
1064 3212 57
1259 1257 96
3282 1511 23
1991 479 95
2205 499 26
2924 1542 25
1957 396 75
2874 947 73
286 2108 58
2300 3386 75
2434 3350 49
1750 894 88
2771 2082 79
1370 3463 98
2203 1201 46
712 2591 95
3238 667 43
175 2199 62
1582 938 75
3145 1584 93
3138 1413 18
554 360 49
1924 1454 54
68 3150 99
2069 685 88
804 230 63
91 519 34
1026 2457 59
164 1158 63
2230 3392 42
2770 2273 74
1644 1641 90
821 322 88
2783 1485 25
456 2240 85
1388 2813 38
60 2472 40
1270 1563 22
997 2774 70
2683 3448 89
2776 3079 76
2970 1926 45
3132 2651 33
3295 2428 63
505 3300 77
21 173 36
2925 2678 93
2643 2642 39
604 2254 91
2886 3426 56
144 1702 62
2332 1312 20
1758 2353 15
1641 2686 47
1411 2676 82
698 2898 98
2697 771 81
2956 480 83
2997 2725 33
3454 3114 43
2248 1649 50
573 2675 54
1945 315 62
1554 2759 26
2433 1230 99
2614 1973 75
1970 3293 29
2737 396 77
2013 1703 84
2614 2150 81
981 3318 50
1324 2617 94
1058 2021 22
3036 1750 66
3291 2784 33
3432 913 28
625 2998 13
618 3122 97
2995 713 34
3222 1806 52
2603 21 77
563 856 34
2337 1339 52
2292 1923 16
1349 852 61
63 161 31
1725 608 49
1597 1572 60
3328 2756 54
2340 990 43
3036 313 85
380 1079 75
2785 3142 86
1033 1761 23
1321 1215 73
933 2778 76
1136 813 17
2898 2444 38
1608 3378 30
2471 3411 85
903 3423 30
3467 112 17
903 3135 54
2982 2175 85
2632 3447 49
847 3450 38
3154 2965 99
172 2266 92
2123 3246 92
2475 2986 37
274 403 30
804 2746 38
2571 3455 35
1316 2269 99
786 2270 33
2666 1106 27
2409 1713 45
3188 3209 61
1508 2187 15
1523 308 99
742 1621 49
440 3381 99
1861 1043 89
3065 1589 83
357 3170 19
2758 3408 50
1957 361 84
1166 2455 82
1205 1293 85
27 3365 35
2778 2152 59
708 2396 77
546 1810 15
2964 211 24
2166 2224 82
1103 3211 76
1105 1186 78
1405 122 92
2455 2173 94
2350 1245 22
832 2552 24
90 328 78
3266 386 57
1580 572 35
1581 2911 86
756 448 64
2084 2788 74
3368 2225 98
1930 3427 95
454 1715 50
2364 3067 74
1418 871 94
59 3292 45
1373 3344 31
1312 1603 46
2035 1579 46
688 2012 21
1816 2879 38
1883 2057 62
3417 2272 78
843 156 96
2939 799 81
1724 2551 35
2543 507 92
764 3418 32
3376 2446 22
1201 3175 99
805 2933 40
2688 2147 80
94 3252 72
1468 1794 48
746 2600 72
1761 614 28
1170 600 26
2558 191 24
1916 1622 53
3282 674 58
796 2786 24
2392 759 91
402 3163 74
2579 740 24
1262 2970 88
1374 387 19
3247 1752 99
2814 3397 36
1875 2230 11
1546 443 70
3400 1699 21
1166 203 68
1507 928 51
1100 922 86
2907 1588 27
1553 118 41
1159 512 76
2248 3132 22
1317 3191 81
3400 3071 40
3136 3038 85
2736 570 62
678 2955 45
1417 1070 35
1076 1763 16
357 1414 83
416 1843 65
2648 2200 100
2934 1923 61
1602 1115 18
2399 2870 21
1783 147 24
2652 2910 48
2763 2049 14
313 3104 13
1262 2865 84
1360 2912 91
960 1681 49
345 2230 74
943 28 57
3461 3340 73
1660 2091 72
2824 2891 96
1136 2683 42
1462 1229 25
2509 1449 96
1311 2211 38
1212 1040 87
1986 1081 31
3036 721 81
2793 860 49
984 3336 91
3082 2950 18
2193 601 61
880 1081 56
3388 1938 32
166 917 58
298 1226 96
165 777 18
1028 3402 67
1326 194 30
572 1043 91
3278 2673 42
1989 1329 77
3168 1265 67
806 317 52
177 1491 24
408 371 82
3091 3085 87
637 1359 82
1516 300 38
372 587 84
449 970 44
1131 3309 52
1117 2978 44
3325 630 18
1025 1309 37
1103 1107 50
3047 283 55
454 1610 82
719 1015 67
804 3210 48
1554 746 81
1660 1313 21
274 1188 79
1095 702 25
1582 1663 53
2696 3245 23
3488 536 65
1107 580 63
1662 3280 36
2791 217 50
394 1041 64
2544 779 19
1856 2342 92
237 1598 54
311 1490 20
751 3081 81
2842 2214 91
2056 1529 75
744 2003 62
828 2797 40
239 3060 64
202 128 46
1843 1253 81
685 2210 98
704 77 25
778 2745 77
1977 1281 33
1496 1894 58
688 757 73
945 3453 59
2615 2015 46
3075 1477 38
1800 1945 55
2728 2781 91
2112 1274 57
2007 2041 25
160 2557 56
2896 3 96
2502 1895 55
2440 2028 98
3410 2526 29
2146 1257 45
1697 1342 68
987 1169 81
2737 1434 97
1385 2779 59
1572 2871 23
2838 3219 50
2078 2041 85
2992 1132 83
1419 251 67
2640 567 90
2959 1645 23
1502 174 10
687 3492 32
129 554 92
485 1809 16
1672 1484 41
727 776 40
1096 1281 32
734 3210 86
3396 1962 25
2371 3401 83
478 840 100
2647 3016 86
2155 259 68
2685 18 48
236 2509 83
1166 1497 44
2874 1277 23
3491 748 85
2760 2562 22
2004 1770 10
3331 2136 76
2230 880 86
2791 1253 35
3410 423 77
461 827 97
1779 2621 13
1123 2537 88
324 3126 65
3142 2141 85
2806 3189 86
3 3431 48
2571 152 85
3238 3381 12
121 1955 48
1264 1120 74
2618 659 67
2968 1292 71
229 42 23
2321 1549 13
40 1123 100
1919 1322 71
3399 1125 10
1130 298 25
200 3430 32
2801 2820 10
2117 218 58
530 2432 64
2184 50 94
264 669 84
3365 1543 48
2830 76 81
930 3449 96
1022 1096 88
2493 3177 33
3359 3484 46
2257 3308 30
1292 3128 77
3062 377 73
366 3045 82
2485 981 87
1450 850 37
176 1996 100
1369 3482 38
834 2537 94
2837 1778 51
2015 2246 47
3311 3372 84
112 939 79
2786 1983 73
102 2893 35
2303 2355 32
807 521 39
369 981 67
2293 2691 38
909 2039 73
2303 1836 20
526 127 68
2127 2325 12
3414 2714 81
3393 299 28
2520 1992 48
3447 779 33
3390 2783 64
1408 801 95
3424 2914 38
815 1852 56
1919 627 12
2444 1332 67
105 1872 24
382 752 35
212 3116 27
1297 957 58
3389 2192 66
1537 2129 46
111 541 37
975 123 40
3080 1817 76
2237 2772 61
856 2130 29
74 1487 35
2733 3449 45
1280 3252 21
3009 1285 37
3436 2259 64
556 682 98
1507 3060 56
3122 560 30
2332 2079 58
2986 1857 53
3480 249 59
825 1135 37
593 891 29
1798 2406 39
3449 2471 38
866 1681 60
268 750 96
1776 3408 55
2168 2564 70
2680 766 29
1554 741 27
1682 733 85
2223 2327 80
2388 3251 20
2888 975 27
1466 689 26
359 11 35
3392 1455 55
1968 1591 10
1434 456 33
2571 251 53
594 1175 36
192 1993 63
3065 906 78
119 1103 63
2204 2547 95
179 606 64
2805 1772 67
421 1386 15
3383 1276 87
1911 258 17
2526 2986 58
293 746 21
325 1706 73
3058 3303 91
2954 3119 88
1274 3111 65
1243 2586 57
907 2914 27
2167 1464 100
533 1985 83
175 2603 58
2445 262 61
140 2902 94
216 475 31
116 1447 64
667 123 31
532 1190 34
1417 1768 66
1720 2143 80
1043 2695 96
1850 2906 28
445 1952 55
1171 1447 78
3449 462 11
1709 1902 36
536 1105 82
1823 2164 64
1473 151 28
1157 448 77
2864 910 41
2910 2541 57
1455 2900 77
1262 3481 53
1470 1988 20
2746 2483 21
3032 2545 49
2646 2446 53
2682 111 71
1858 70 36
3313 3384 63
1707 2653 25
3386 660 64
1612 514 14
1061 764 49
1394 2616 26
968 2813 35
1877 2181 82
3047 1056 28
395 2178 75
2409 843 26
2767 3148 18
945 1098 98
639 3264 91
1871 810 84
105 1453 42
915 3386 34
188 1099 95
3487 3079 82
2904 1364 23
44 1738 94
1836 1342 83
1662 1734 88
3158 515 53
1168 1025 74
327 676 52
1406 3476 99
2274 3005 71
2465 15 64
992 1682 85
2591 1637 50
563 484 14
1025 2312 14
1510 3123 80
394 15 47
246 3256 11
760 2251 82
1889 50 97
3397 2956 79
1074 3063 70
627 2439 69
974 953 63
374 1084 32
2381 2642 87
3496 397 99
2738 2302 52
428 1201 14
3216 2123 84
1192 2916 70
1634 873 81
1685 486 99
3437 901 12
2596 3246 63
1814 2910 44
1893 2532 58
41 3480 38
3481 2099 43
3181 3300 79
2298 987 22
2821 678 39
430 1060 40
1608 2803 99
1305 2539 14
1130 2734 10
1849 2927 42
2584 3131 20
1703 1261 96
504 1156 20
2732 2424 17
2610 1025 95
1608 1532 49
2802 895 62
858 2669 36
1861 1645 18
1054 1266 90
1016 2809 98
1939 603 70
1578 493 19
1293 3076 16
391 1950 95
1186 2729 98
273 108 13
620 39 72
1194 457 62
2493 1796 53
2841 3161 45
276 1612 34
1531 2055 46
1537 1328 28
1501 1401 32
2703 1509 65
1055 648 36
2901 2017 49
790 723 42
3219 2432 36
1932 945 22
2893 3086 17
3141 1258 15
902 2534 24
2583 686 90
167 3125 22
3252 586 56
3475 255 40
23 310 49
1233 1924 40
2162 405 19
2812 3328 62
164 2046 29
955 2783 41
1095 227 45
3381 754 11
593 2210 45
3080 2971 67
692 40 72
2936 861 73
753 2007 52
667 2447 97
1858 1241 37
1904 2997 68
1866 393 17
2307 2407 68
553 1400 10
3317 22 69
1252 3275 47
2844 3488 42
2685 1073 38
1919 1295 90
1843 2105 74
437 1384 80
1495 366 44
491 3121 55
244 1462 37
550 16 79
1124 871 97
1912 10 55
2502 2841 17
2831 2357 81
1308 1066 66
2698 1241 61
1904 106 16
573 3237 81
499 2025 33
1285 2518 51
1813 1356 88
1987 1055 52
2818 999 15
1539 827 97
591 1287 54
2498 1634 31
1445 2731 86
3176 2745 28
203 2918 10
3340 3452 83
2508 3408 64
2041 1596 66
455 1594 83
73 2105 87
3136 891 83
1150 1672 59
845 1888 86
788 2865 17
1665 2166 11
69 2858 32
86 1649 90
3162 1117 62
1701 2867 17
3392 1765 92
3277 1214 74
2299 1483 54
73 3117 42
173 163 55
1078 2966 80
2472 1329 22
1062 2441 43
342 1232 89
1409 2737 97
1384 1006 22
1248 423 21
802 70 40
1875 2935 59
2184 2062 41
225 743 46
1577 1102 88
2997 3445 37
2944 1840 91
990 2990 29
2771 2763 40
3253 1415 19
1569 3323 53
801 2854 84
2895 661 75
2845 2570 49
452 3301 34
173 2012 38
1578 338 26
2591 39 25
2573 3165 94
3272 2176 38
285 501 94
3190 30 30
1345 2837 75
2211 1387 66
2603 3082 17
200 2260 40
2510 2129 39
1496 2252 38
2536 1926 57
2213 227 35
147 1044 27
693 1035 33
607 624 68
2081 527 29
403 3215 51
1604 406 93
3134 1130 76
3025 1928 45
1965 919 42
789 2562 64
2634 2875 36
3280 1090 22
1170 1354 67
3130 2053 37
3360 870 39
3216 1588 91
1843 2937 35
865 3016 12
452 2841 25
3277 342 79
2798 2122 76
3391 637 68
2670 380 72
2640 1429 48
1650 115 56
1027 2640 14
344 3271 44
1804 1597 65
3439 3039 74
1712 3192 57
759 1692 32
1274 894 77
2527 199 68
3296 1109 34
3208 2804 68
3403 2981 69
3234 118 21
3154 1320 31
768 2102 21
2942 469 40
2736 147 70
3344 3487 18
3363 1843 25
1404 989 14
464 3246 92
157 516 89
1953 3156 92
2685 1462 50
2152 66 10
1737 1127 50
2093 2401 24
1429 653 41
630 479 53
1101 1061 79
558 2808 56
1145 2215 52
1595 1941 79
952 2202 99
3392 2831 21
250 2175 85
1989 2261 45
2675 2704 92
706 356 43
1919 928 45
1933 160 62
1582 953 68
3050 3436 13
205 2312 21
3287 3167 53
1928 1977 16
2773 3358 33
1839 764 84
1342 312 59
414 3457 46
2053 746 78
2854 976 89
854 1768 96
1909 419 55
1188 3474 55
1005 1188 85
422 2649 26
559 796 50
1921 2835 15
3263 1916 42
3338 1375 32
137 1186 81
696 1747 79
889 1501 74
1618 1063 22
1874 3430 28
3188 1634 58
8 2027 48
652 1741 63
1578 2991 87
1743 2431 47
1034 2619 96
2494 2247 40
2380 3254 76
2906 808 45
1885 1311 48
2898 1567 35
2604 128 33
723 1723 67
237 353 43
248 883 75
3378 3399 31
1192 673 89
2995 538 16
1348 1650 12
3278 211 19
2449 2229 14
1701 1919 69
3386 3305 88
140 2113 22
1399 1565 80
1617 3191 24
3109 1295 50
2185 1283 84
2147 3015 97
93 2762 19
378 14 95
2773 1897 13
1183 3164 84
134 441 95
667 2276 16
2148 2470 60
3202 816 55
512 3015 98
3091 395 30
1540 1317 82
1634 3255 16
1530 417 100
178 292 99
883 3335 76
1494 2798 71
2958 879 14
764 1528 57
1227 901 61
1574 3073 52
2205 490 27
280 2900 21
2879 3466 93
1456 2292 81
1459 428 32
2000 1854 50
2626 1898 35
1454 133 80
1601 1512 71
2642 2010 48
1043 1853 17
2851 250 11
1281 1415 60
1761 482 32
1635 1582 88
949 2089 19
1300 1257 30
2300 940 42
1672 2730 85
3329 2865 46
2283 1622 18
2964 2878 51
1641 2200 46
1248 802 75
538 3042 13
2799 568 52
2115 2711 32
925 1343 54
1975 1239 75
3003 3185 36
1354 3226 23
1861 1344 48
1209 2464 66
1039 2933 43
2841 39 66
583 1694 72
3220 2320 45
1405 1039 41
2925 1239 22
3475 997 89
506 1309 81
54 441 12
186 560 43
2033 541 24
2452 1014 49
503 28 14
3410 1421 74
1623 2800 82
3 269 70
3388 1234 25
2276 3170 78
2677 747 79
2941 12 46
2615 2089 14
2254 1055 85
3446 231 43
3074 232 98
695 223 86
1623 1379 15
1389 515 25
3108 3446 31
2474 1011 95
2106 69 20
215 625 20
955 2125 42
2540 3458 38
3054 1046 14
2957 744 35
1713 1779 57
1721 762 54
172 2922 12
2278 166 64
970 3094 21
3438 2202 76
1378 3231 22
3144 1945 57
1804 3110 94
3048 2914 47
1056 1147 95
2408 2129 25
3107 2479 45
2098 1920 98
1059 3297 24
161 2871 12
872 1266 100
455 3100 38
352 3000 40
2410 2300 36
405 3028 63
127 2646 53
2897 60 29
422 113 94
1563 893 40
2860 1026 30
1820 1963 37
3017 852 48
83 2530 51
1052 781 48
320 1114 75
2854 3392 11
2254 2401 56
2748 887 33
2508 3119 37
911 2885 40
823 1624 79
2689 1731 50
143 133 26
786 1478 87
1042 2955 63
1263 2878 15
3085 1620 50
1072 1306 86
3463 3054 50
3164 2084 100
2353 480 24
970 1744 52
768 2948 52
1373 3428 13
120 1911 56
1108 2140 17
456 773 24
21 2282 26
2183 2829 21
1340 2273 30
472 1165 57
26 2366 11
3416 2077 96
1606 2298 88
2054 554 25
2595 3039 28
888 1970 58
2411 1050 92
2423 3271 72
3170 858 84
951 2647 78
1721 1554 76
2893 1379 77
1942 420 74
1748 3325 11
2719 1226 53
2272 926 43
2456 920 38
2727 2538 47
2996 2665 42
2309 3340 22
1725 1092 55
50 1226 89
510 337 91
512 2207 80
68 1385 68
2638 3234 19
234 1734 10
2899 471 58
922 3301 55
1467 51 11
557 3314 36
2408 130 100
1486 1438 16
3028 526 40
646 2795 41
2060 3116 71
2174 1764 31
200 2958 16
736 1039 16
2656 1653 33
1252 2597 58
38 205 56
149 1010 15
2004 554 32
495 2770 88
2346 2701 18
877 3128 97
265 504 58
3377 326 87
1870 3334 35
1525 2749 96
2120 2280 64
2532 2476 76
3113 3271 15
2984 2778 66
2509 1907 19
3424 587 89
1548 666 90
2802 3193 14
1124 2919 15
1174 2518 59
3123 2195 60
2243 2009 73
2706 1657 37
34 2367 17
1736 1619 24
1795 2233 17
206 1705 60
2249 1689 10
1857 1798 84
897 2458 12
1901 666 50
3317 1511 77
924 3133 76
95 569 36
1221 921 86
3384 1581 63
2565 1807 30
160 1291 34
1123 2713 45
485 2155 41
324 1114 52
1707 2995 67
3344 265 52
989 3176 15
2171 2551 55
1579 1968 34
389 3467 39
1812 2103 85
1412 2986 26
597 3192 68
276 448 41
302 282 71
2683 3051 18
407 2022 87
2074 2013 66
1259 3461 45
1332 2228 25
1556 2939 58
1310 1527 90
425 3167 27
2951 2537 72
236 1324 41
1289 2618 17
1668 3042 11
2273 357 86
2744 3145 63
271 2907 47
3124 3264 36
3315 2532 37
2888 2801 69
3220 3394 66
145 1594 75
3448 2690 90
758 1478 65
2548 1521 87
493 1041 63
438 2614 91
203 2751 11
1147 306 94
2196 531 77
3079 1190 42
2885 2736 36
2990 726 60
705 3088 92
538 1768 64
2298 923 29
1475 2473 19
288 33 75
3490 2566 11
220 873 32
1906 600 68
3239 957 15
3262 1761 64
849 3168 78
2497 1950 32
1054 3278 46
2649 970 16
499 1343 33
2450 354 65
2959 1927 51
3341 2699 85
2832 1549 52
468 2118 48
2999 2683 34
3030 2958 64
1581 1451 46
2892 2731 74
738 2174 51
473 723 77
416 2245 36
1601 2097 72
2755 2248 17
52 1054 43
1092 539 72
1205 3359 100
261 422 43
3059 690 11
3188 2707 24
868 2827 94
2506 3407 71
904 1095 74
162 1089 28
2929 434 68
2865 628 25
2653 411 100
2889 1376 68
1855 2894 78
3141 394 41
3218 3093 46
159 1965 85
2835 1966 27
715 1857 72
485 626 96
2722 2730 17
2088 3030 36
979 219 66
2798 1940 35
3495 2581 41
85 2888 30
3125 230 16
3245 3450 91
2779 2244 37
1648 2896 100
820 854 21
378 2135 27
2019 1372 76
1692 1345 66
302 1130 71
3166 1112 17
618 2984 12
1706 243 95
2552 718 87
1078 3061 60
1246 1171 27
138 1117 98
3276 1580 70
1433 3420 97
2252 2384 37
126 2127 72
1079 1190 27
948 3472 85
548 373 30
1045 3029 45
1523 1147 64
1683 3106 41
2010 434 30
2641 2075 85
2220 1524 13
2688 438 67
1957 1123 12
1737 1091 60
1123 2219 65
1156 271 95
2233 2325 88
1945 1926 23
149 1403 80
1798 1177 72
2222 1036 45
1286 2277 64
2360 1548 79
1492 3328 36
2820 1435 67
159 658 38
806 754 79
44 946 49
2133 1316 57
2010 1722 12
113 3334 12
1122 1719 58
1369 1339 67
1032 1329 59
2938 2867 38
1811 292 83
1596 2047 38
1528 41 34
355 2561 93
2564 1226 55
1971 3271 29
1318 1895 40
1755 470 23
1557 2798 84
464 2641 25
779 379 57
2502 574 29
2044 2476 26
106 1041 43
2 1754 76
1121 1051 55
1279 2594 55
3379 210 99
2319 1236 36
1877 1816 86
3228 670 29
195 2371 47
2011 3467 34
923 2757 43
2881 1314 85
3125 1414 13
3365 2265 28
304 1205 88
2034 2429 83
239 200 44
547 1037 94
853 1445 55
104 2615 43
3268 59 65
1207 2784 86
356 985 84
2901 504 74
3317 2175 98
2018 1762 48
660 2276 18
1039 1369 80
1774 1546 82
3186 2935 78
2126 2223 80
501 256 95
2231 2312 24
816 2906 73
403 1779 23
552 567 23
385 2853 42
3162 627 25
442 1198 72
1593 1892 15
2269 2724 49
2517 1464 14
1883 3162 23
1929 2170 70
1782 1317 73
113 2609 43
1592 377 28
2634 245 97
568 1710 86
2980 2902 84
2883 2963 43
366 1998 54
2774 1531 52
3465 3225 63
1061 2040 96
789 455 67
598 1075 82
1623 349 38
2027 2793 71
733 1752 84
2936 375 62
2851 3038 56
1897 2915 42
2344 1726 98
1010 986 23
71 2926 59
587 946 46
1847 1394 47
1561 1091 77
2790 552 30
1854 1335 71
1289 1575 94
2128 1412 99
992 3462 88
2292 1298 36
3085 572 50
139 1665 84
2122 3364 66
2191 1031 75
2616 930 64
3374 2473 71
3346 241 27
794 1383 27
215 615 79
297 2588 16
1235 2180 17
914 986 49
2205 1348 23
2032 1522 58
934 650 82
2002 1569 29
2032 2191 55
2062 1097 29
1979 1084 66
2501 3424 59
397 1052 87
1168 716 18
1666 2268 20
973 1800 19
3289 823 94
1117 1885 81
421 149 39
3177 271 12
3319 1226 80
1652 55 18
564 3430 20
2102 1998 62
1600 929 99
2476 318 82
2849 2878 51
3099 167 27
847 3206 60
1182 2604 11
1728 3260 95
201 2583 56
1447 3267 58
455 1805 81
2634 2790 75
2942 2948 41
943 3211 68
68 451 42
1162 108 87
113 1150 14
550 2417 46
968 3405 56
2688 1865 87
584 202 86
2164 192 34
2848 179 74
1156 821 33
377 3437 98
1818 3005 99
3012 2159 38
2769 2375 82
3143 1487 77
2605 2440 58
906 1355 95
1041 3090 55
1402 963 22
1445 1172 36
2430 1706 38
828 2778 60
2499 2002 100
1815 2852 78
2675 1762 89
131 3101 37
191 1499 17
2869 320 28
1796 530 74
2841 2882 23
2832 2564 86
1477 1916 28
645 2548 87
2611 2683 31
3311 3136 32
2131 669 54
2077 1222 81
1307 1509 47
1326 1701 14
361 3324 55
2200 526 14
1386 1522 36
866 1171 87
2342 2268 60
1756 485 25
1811 1698 45
1277 1860 100
777 1808 77
1570 3344 53
1853 138 10
2260 3367 94
36 2809 66
407 3019 89
1550 1256 66
815 972 63
303 722 99
1258 3060 88
2501 1271 16
2906 582 22
508 1947 48
2506 1189 95
3387 1675 92
1985 533 73
3060 2417 73
1476 799 32
683 3411 86
846 106 51
2968 113 14
1272 3251 68
2330 651 32
2746 2667 38
2928 1520 81
3047 2660 38
1890 3402 27
752 2602 52
2667 381 73
3345 482 32
2136 1510 73
1749 1192 42
2415 1128 73
304 429 100
3043 2807 92
1487 1087 60
3394 485 99
2489 228 56
1687 2406 10
1689 777 48
3484 2860 11
2270 287 95
2442 3132 91
1085 2300 76
234 1710 28
3279 3299 40
3102 1873 18
2138 139 37
3064 2378 34
2755 474 53
3273 2248 66
3142 895 14
3359 372 86
3329 3289 12
614 3266 98
274 1862 76
2322 2348 63
85 70 89
2572 1729 77
275 355 78
1480 1984 20
931 969 63
3113 24 24
782 2014 66
3364 2304 10
75 2991 15
1334 2287 93
531 314 20
3086 356 84
1608 3273 77
2235 1027 13
1441 3037 51
109 415 74
2811 3118 21
3427 362 17
2485 650 57
426 1946 79
2425 956 57
565 411 65
3463 923 54
516 446 99
2371 1656 54
101 2339 27
846 3294 98
1715 599 97
551 265 32
2499 121 33
1089 1037 97
1641 2384 98
354 3218 49
2979 2399 97
560 2908 82
182 821 84
3241 77 27
13 2747 48
2930 2552 34
1808 1430 75
1423 485 50
1725 1593 38
921 2921 46
741 3055 87
1305 3440 10
2212 531 75
123 518 58
3030 1174 13
1809 2900 95
3437 2249 43
6 2581 42
689 3376 32
3495 3449 58
538 1212 89
1796 307 46
542 2737 64
1974 2942 25
1884 2090 18
147 2319 40
781 857 38
1531 1299 60
3234 1764 25
3199 1863 46
680 2517 69
2682 1981 93
1876 1119 77
1189 2821 25
1079 1534 70
1187 1902 52
689 950 79
860 1457 64
996 307 95
1981 1531 28
700 511 32
799 2824 46
401 3187 54
3412 2701 45
379 603 36
3278 1130 55
2133 2343 49
2623 2954 47
1338 2993 30
454 404 72
1673 1080 30
3210 3109 48
515 738 80
3339 1499 27
1013 2182 79
1629 3438 51
3047 73 19
2671 56 23
336 3122 68
1702 1992 100
1631 1898 57
415 1526 88
1105 2496 50
1340 2454 93
774 3025 67
1619 66 19
1985 1132 84
1207 362 16
3122 2403 92
554 1258 45
1464 1880 75
920 1896 26
3228 732 24
1405 2543 72
433 2028 80
437 2246 54
2844 63 97
330 970 24
503 1902 30
675 1823 73
1204 1509 52
3022 812 65
1533 1918 85
2474 2959 73
2584 1855 95
1733 94 31
2016 1377 70
2262 1950 72
362 2517 60
71 1278 35
2370 182 65
2658 2533 13
434 2136 54
1097 348 22
906 2284 32
2839 811 92
239 602 35
712 3350 70
398 1675 56
1158 556 76
1147 1057 52
3372 2237 10
2475 2054 45
2012 1055 23
3447 2542 16
1934 2355 16
1722 1707 15
2509 3242 50
1854 597 27
1759 413 19
1853 161 86
819 1629 41
3416 2527 38
64 1655 40
2760 731 35
338 880 29
2833 2622 46
571 3214 50
3160 2157 16
2236 2245 32
1412 2090 100
2821 51 71
1113 3125 16
1319 1968 38
1790 1176 15
1923 2355 60
129 1160 73
420 628 21
682 2799 78
1463 1771 78
1001 2324 32
2312 2571 45
84 272 92
2214 1177 14
3366 3111 26
3275 303 74
151 2782 75
80 24 55
2362 3026 25
869 1161 22
2164 2416 16
1036 2937 90
1950 3132 75
2833 1272 55
1722 3410 43
3240 1512 20
807 2381 38
476 2897 78
2581 1465 74
1789 2372 56
1011 1660 38
519 1088 53
1288 1235 50
2766 2096 42
2172 1900 95
3302 314 40
3362 840 93
2134 3392 90
1501 1408 15
1510 878 38
2833 1631 88
2424 2310 69
2198 1552 82
2371 2072 94
2304 1189 85
61 3141 71
3189 1162 49
1358 1422 64
1640 634 25
581 1154 85
3360 3112 82
3198 2057 89
2309 1638 85
1748 2675 12
2949 405 72
1563 1689 21
927 2438 57
1553 1463 42
2791 863 87
1115 3030 95
141 203 79
1960 3420 29
1926 49 87
558 1273 79
1485 2365 65
508 3088 30
2814 2237 17
515 2383 53
457 68 87
1618 592 87
935 3101 63
2812 266 93
2713 881 58
969 2681 86
1163 3363 68
2839 1103 54
2782 188 82
138 1944 96
782 418 84
1791 2676 70
2939 687 37
3170 3436 21
3472 2761 45
542 943 77
340 2018 55
2324 1606 70
1703 2505 39
822 2445 64
2258 3311 16
2673 1622 43
3008 3407 34
1412 3270 92
2777 611 31
3344 1367 39
3016 1604 65
1889 2067 96
2667 724 48
3298 2199 79
504 338 31
2626 1553 78
1509 3214 68
3225 3380 60
2270 1426 83
3437 3276 37
715 3194 68
232 2060 54
2565 234 88
2955 2909 67
3107 3371 39
3269 365 46
3098 286 65
3282 2782 98
2620 1555 43
2105 1947 76
1119 2350 71
1296 2161 63
2994 1636 92
3199 968 43
1750 2931 88
2102 2960 98
652 3150 68
252 870 98
795 1152 64
3042 465 43
265 548 16
514 1016 20
1732 1203 46
2944 2373 29
2607 496 72
2470 1505 16
278 745 53
2659 982 54
187 956 12
201 319 56
3034 356 10
2084 609 26
2012 2052 72
2985 1398 62
1546 1702 32
562 684 66
2572 2951 62
1678 1950 42
1219 2211 31
1953 766 17
1540 1908 46
434 1586 88
2004 2160 11
799 2350 99
222 3128 59
2055 910 30
1909 1047 52
1761 2987 57
642 2396 31
3045 3112 14
116 937 93
272 2921 71
697 2109 71
584 1314 63
2765 1939 91
1240 2868 40
1092 3379 64
2755 650 23
2195 1749 20
1233 1816 94
103 3111 74
3254 1701 82
528 2240 46
1979 1633 46
3279 2062 90
905 2638 24
1416 424 69
1544 247 36
1823 2652 66
1477 2889 33
2660 1963 39
1442 34 95
3313 2038 17
1795 329 75
1975 2602 75
413 3146 10
1821 3322 70
3215 2341 55
3367 2884 67
1138 2031 25
1092 2648 45
854 556 71
2963 3246 30
1995 1206 63
1276 2212 57
2387 2161 35
1177 1770 82
1686 1083 66
1301 1641 38
3080 1508 100
326 2903 38
2968 1622 30
2788 1252 92
793 3095 30
396 189 33
2945 48 71
767 3106 39
1451 177 90
3048 1627 96
1058 3022 51
2615 1437 67
1334 2739 25
1310 3127 55
2257 2610 15
1821 225 23
1251 2314 23
1782 2724 16
2469 1734 57
1403 1894 47
1629 1745 92
273 2430 62
1020 145 59
3308 630 87
2931 1393 18
258 3298 72
713 2277 74
1054 2635 99
3024 2647 97
896 2598 20
9 3369 83
2457 3446 34
2625 2888 29
285 2430 91
2884 3493 38
1526 3272 95
1095 1870 64
487 2754 60
3021 2984 80
3103 1804 80
754 124 96
3063 190 36
29 2310 19
3150 910 27
265 1066 69
1803 252 67
1087 2231 78
2355 1539 97
1184 1318 70
2711 2621 58
35 728 79
1514 509 78
3290 3035 78
2471 2434 76
2542 3371 51
3177 1062 46
2556 1049 52
3312 302 70
3173 1261 51
1720 2047 75
2428 259 74
3225 1597 96
3137 1056 68
2427 3360 42
3403 2095 47
624 953 55
3125 569 53
2607 478 38
2027 1536 90
2195 1951 10
1182 812 84
1143 79 76
2033 3324 68
632 3190 65
1886 1965 89
525 1243 99
1430 2183 60
1658 1884 36
2038 93 35
1900 2330 65
2756 1482 80
2720 1057 95
1564 1534 58
212 355 92
954 887 47
1910 3062 54
2849 39 45
712 2979 64
1519 3389 44
629 2748 55
94 2565 22
77 2299 67
2891 1208 54
1103 2672 43
2775 2311 83
2600 1184 74
68 175 53
2920 2195 85
1342 3395 47
59 416 16
304 64 57
2206 2921 20
3486 1089 97
2507 1442 13
2206 1345 100
2846 2647 76
3279 2550 11
881 1502 62
2154 1792 44
3442 231 22
3278 2311 14
1265 202 91
2220 147 62
2710 1260 99
1487 837 28
1266 643 51
1137 2685 90
2666 1152 75
1632 210 35
116 1021 65
2669 2982 79
1664 398 76
2411 3134 20
3387 623 88
2166 689 94
1472 1043 48
3077 2856 99
791 73 92
262 3013 61
51 1586 50
618 812 81
1856 568 37
3444 3128 58
891 771 42
984 730 41
392 2009 36
2285 1379 71
2457 1672 15
3164 1889 26
2190 1633 64
2728 2631 81
2965 2543 59
2178 286 84
1691 3304 41
416 536 74
1867 2453 78
1737 2126 18
2364 873 40
447 3009 21
781 228 88
2925 1803 12
3181 773 69
2064 2985 74
3278 1314 30
2968 32 93
2023 1723 62
1745 2155 39
5 2366 84
1520 1894 23
2200 607 64
3028 355 83
2379 1514 45
1539 952 60
2952 1095 37
396 1194 12
1597 715 35
1867 474 34
1781 1219 98
1226 1089 86
2790 2994 28
1086 2496 69
1388 562 78
1425 1701 55
2719 2050 16
2638 3239 92
114 451 14
2773 2143 96
1094 3405 55
2406 999 60
3442 2963 81
2527 1175 49
1873 494 84
919 2035 43
3290 3278 90
781 3126 13
2900 625 77
2589 2653 31
2944 514 83
3436 1904 24
225 2276 83
3229 1075 40
2197 2912 23
686 3206 28
1011 159 48
1397 2027 35
2451 2204 46
35 442 41
2446 836 56
770 1172 89
2723 726 33
344 2087 99
2243 3308 46
2835 2017 95
2886 239 22
3447 2474 59
3138 2847 80
2702 1026 43
1669 3405 58
3086 2370 42
3276 2632 74
175 790 10
437 1193 60
1472 1001 44
925 2140 11
1383 2329 99
2508 1293 50
555 284 42
1759 3062 93
1858 1534 84
1203 1374 23
3104 665 26
3243 984 68
2573 566 63
296 2574 17
1285 985 88
1801 1680 69
953 560 68
3431 1668 30
2997 482 99
1466 915 50
1886 3134 10
152 639 68
3206 2184 36
1559 1948 32
2679 1809 13
410 667 95
2175 2970 12
2898 1746 52
1934 1122 48
1591 2563 17
1979 2407 18
649 3273 97
316 2465 42
1904 752 56
3227 2101 71
104 999 19
3122 457 55
3014 757 12
2105 2323 72
2791 2830 55
1249 735 37
3234 1910 96
2144 283 40
1793 546 39
2572 424 19
2155 2897 62
2453 245 29
1214 1694 84
2896 219 62
1806 1790 29
1036 1338 46
2419 576 81
2417 342 58
2891 1502 38
1875 2565 71
797 3174 75
2213 2019 62
1694 2579 38
537 3259 49
1517 94 79
2289 1096 35
49 341 93
514 735 93
3186 561 79
2442 1651 80
2046 475 97
2024 3089 72
3351 3062 95
465 3268 87
1490 3249 83
1191 2571 98
2463 2146 54
214 1531 95
2934 2740 69
1621 1644 65
249 853 52
2846 436 87
656 53 40
1006 1925 56
2725 3398 51
2678 760 79
2445 1337 11
2518 1065 20
348 475 62
2731 925 24
2175 2696 100
3230 2604 57
2017 888 43
2298 3046 65
643 3240 91
2468 2812 47
1785 2678 99
526 1978 39
365 371 17
353 2376 38
1636 1082 54
755 3188 19
1174 3419 73
1098 239 57
370 2169 18
2259 1660 34
1171 1896 84
492 2115 63
3198 1011 69
1128 879 45
2520 2781 81
3134 2024 80
2769 1510 49
1837 2614 43
622 3242 58
2649 2506 81
3151 1405 13
3372 1571 84
1558 328 44
1512 1566 68
1093 55 70
2615 2324 47
461 2221 30
1045 822 81
1318 2861 33
1931 2277 69
1213 2107 24
806 3217 48
1014 1989 43
2772 3106 26
2638 1027 81
987 1610 74
914 573 75
2060 1340 65
3138 1949 62
3050 699 32
3477 529 10
1089 2473 26
2392 781 21
2665 2706 31
2655 671 40
1715 2705 59
184 1778 61
2583 2043 42
299 2920 71
1603 2529 88
2908 1154 92
1257 1846 50
3233 1580 86
130 1532 77
2056 2509 66
2622 2826 88
1161 638 22
2893 1340 60
2756 3391 72
1700 3096 97
1778 3260 29
3387 3256 13
2686 986 85
2587 3387 18
1311 1674 94
340 2373 74
2162 213 26
1805 3310 66
685 2300 76
2842 148 96
658 2678 84
974 532 76
928 1625 49
3109 794 87
2848 43 75
805 738 28
801 2947 18
2376 2420 16
753 1392 61
557 1978 50
2130 484 69
275 353 44
2369 3255 21
725 2165 17
1779 2887 94
2235 846 51
3108 989 70
1336 2442 22
3018 2449 67
63 3133 71
2845 1936 80
2138 3493 22
1840 1680 98
2878 3088 64
1673 1758 22
532 1059 14
3386 3434 98
2683 298 68
2784 2773 47
2938 3229 36
1777 2245 95
2093 3105 75
2438 2993 32
3458 1459 59
967 1346 12
754 1250 86
3051 2006 87
1184 2175 32
1570 408 30
646 973 53
2632 3047 53
3064 3326 56
889 3420 32
144 1244 41
1230 174 98
3399 1006 68
3153 735 45
1627 1663 79
3308 376 28
2 893 83
1568 2540 93
1140 1304 30
279 990 64
1407 1022 57
169 1616 77
2330 3260 45
2767 2018 81
1126 273 13
1974 3355 13
3270 2944 14
3318 1967 87
25 3413 84
557 1740 68
589 3481 95
422 2302 52
2532 100 77
800 3095 40
1554 3334 68
1462 897 35
731 3055 72
2900 1725 91
1487 2542 75
1266 2273 74
1269 580 42
2471 369 15
835 3381 66
855 2923 90
2030 1615 56
2953 1882 16
1713 2912 89
3462 1182 63
648 2546 34
3482 2077 53
2343 2227 57
3480 2989 87
271 514 45
429 171 89
191 838 89
1753 2015 70
1110 2457 96
625 1559 23
3289 1518 22
1039 2990 80
17 644 68
1117 2259 20
2826 3078 23
1609 1545 96
121 2101 75
832 3158 77
1704 2542 79
1719 2656 83
975 3227 87
2757 784 73
1571 1587 44
3418 628 81
2384 2738 79
3056 2867 31
1554 842 73
647 1644 28
1839 2791 49
2035 1659 40
509 71 49
1149 1871 39
2033 1420 75
1955 1663 37
3172 2714 36
3294 1488 19
295 1743 66
2083 1542 74
3272 864 99
144 632 66
0 403 63
473 2963 42
2565 645 73
2690 3404 39
3440 704 31
1867 1821 60
538 2295 58
1367 3319 72
2280 3045 98
119 898 12
372 2717 74
1702 3072 35
3432 3159 91
617 1890 61
2970 1137 96
666 1499 19
2385 419 59
870 786 89
1474 737 59
254 2763 96
2272 1045 84
3005 372 33
1724 3107 99
2804 2584 72
1519 304 82
1362 2252 26
1894 78 66
394 2760 75
3269 147 27
929 1969 54
139 1789 44
721 2667 92
777 2611 98
2818 3301 85
1031 1137 28
1054 339 67
1044 2690 64
2234 2452 69
411 1143 44
248 2982 74
200 1158 54
1264 2835 40
737 1804 17
834 1729 11
1361 276 44
2146 1343 66
3389 3462 89
2319 783 70
3223 2531 15
61 2042 59
2282 945 15
622 3065 54
1952 1396 45
163 1735 44
3389 2126 64
467 1515 82
2449 640 91
3473 1956 99
1868 904 94
141 578 37
906 1713 70
1577 2808 86
2869 745 50
628 2537 73
1219 1573 16
1387 863 38
3176 2013 29
144 3237 64
3430 3010 24
2534 1702 48
1061 46 58
337 1618 66
870 505 55
2748 3452 71
244 3232 42
554 1319 34
1751 2495 60
2869 1642 19
2326 2641 81
1198 768 73
2652 2356 79
3008 57 83
504 3168 82
434 3377 29
2647 2858 14
3004 1437 21
429 1939 10
2723 817 83
1027 2059 91
260 1778 11
1485 297 96
2615 393 27
2060 2976 14
1280 2223 15
1232 2812 95
2145 1537 67
2154 2963 28
530 435 84
800 349 32
672 687 10
1570 466 72
2460 3145 98
129 2728 83
2792 515 10
2470 16 47
1051 3203 49
2398 706 42
2059 2504 35
96 2396 38
1570 332 12
415 1971 97
1579 2272 57
3483 2686 81
809 663 62
842 2712 47
2394 3347 22
3163 3236 82
2001 3282 40
528 2041 96
273 1396 94
958 1242 12
912 906 23
1600 781 37
2149 2418 96
325 3184 81
818 349 78
164 2197 97
3266 668 11
723 993 72
137 113 60
2399 2099 70
452 956 87
2188 50 49
1526 16 99
1474 215 66
3180 9 43
563 3195 24
2044 105 36
1809 3122 12
2916 3084 63
1946 907 45
610 1833 43
2326 513 65
3099 2915 52
2949 996 78
3367 2431 80
2577 451 32
3467 2911 70
3261 2484 72
2574 2616 79
3352 1915 23
903 1788 11
165 2996 55
1913 1203 69
2130 1325 54
3446 64 65
649 850 69
1731 1565 58
366 2705 48
84 2977 75
1498 2375 44
1967 2314 22
706 2258 56
192 2725 40
1954 2895 77
344 2234 23
795 1008 10
2419 2882 64
1628 2305 32
1569 1982 73
255 403 78
2297 1747 62
744 422 45
580 492 94
3373 1418 22
1369 2560 18
1928 1265 54
3005 3265 27
1855 728 66
1104 3281 17
489 472 13
824 976 45
2190 1562 17
2562 410 17
2713 1321 92
3261 2624 88
17 264 59
803 3136 15
734 976 87
845 991 78
362 2711 23
1044 3228 64
681 3035 78
1056 1013 15
2116 133 61
1881 2253 29
2941 728 15
2063 3452 21
2915 834 66
2540 2587 33
2225 222 17
1131 86 27
2136 2801 67
2446 3151 11
730 1455 45
1914 2749 79
1870 730 13
3148 3043 59
2129 3395 32
3017 2822 39
657 1328 89
1420 281 13
2310 3464 98
1698 2797 74
1840 148 88
2662 2843 72
1443 2885 87
3147 1765 28
414 2733 33
1544 45 35
2977 97 13
830 2979 51
2158 1515 79
885 2441 51
2217 1310 12
3462 2799 47
3397 84 56
2923 1114 13
925 596 27
2024 551 97
2989 792 14
835 1783 31
3051 2921 49
1826 1334 25
340 139 87
3482 2672 84
1341 2411 86
3143 2608 56
2261 608 27
1418 3290 21
1295 437 97
634 1921 90
3159 2061 53
1659 250 61
2334 2656 87
1608 3080 57
399 3101 38
3237 1784 12
3218 3077 45
2363 451 79
832 1893 79
2842 642 92
466 2210 31
220 3273 66
2527 1667 45
1856 2763 68
2219 404 45
2746 1065 38
2400 114 71
351 3264 37
3095 1967 15
1543 2195 94
2017 896 49
384 3422 53
1680 3231 49
2843 1798 48
2662 64 94
2723 3449 38
908 2993 14
737 3222 47
245 813 79
2122 1782 83
2129 1936 93
2273 1716 13
2308 2429 73
1459 2524 61
1947 2459 74
428 98 99
2481 2841 33
1055 3217 33
988 391 82
888 1841 66
1137 1007 85
1064 156 99
165 3233 27
2881 3249 32
2149 1625 16
3057 8 26
1729 1108 59
274 115 18
1928 1838 51
1791 2469 100
353 342 24
2912 697 82
2922 2694 97
3267 3316 23
2368 2092 33
1909 1830 21
530 832 71
57 2694 48
2461 3124 90
507 1410 69
1502 1139 56
1587 2331 30
1833 865 53
608 2846 80
880 413 49
109 1069 17
3461 1725 91
208 695 27
2564 1563 53
2510 271 62
671 3297 62
1488 2076 64
994 2578 82
3377 1500 69
1231 1561 64
1736 440 29
1904 164 91
2345 1303 50
916 1330 86
3183 2911 55
3012 885 73
110 2465 53
2623 412 41
2853 1875 22
2451 2121 12
2594 2501 68
100 611 78
1849 48 54
202 186 18
827 2787 21
440 3457 94
1342 2521 70
1931 2574 21
2230 1875 42
3136 712 53
3463 1859 57
2279 1335 67
334 2860 10
2435 1439 20
3074 374 43
1900 242 15
350 3355 85
3464 1067 98
1565 922 27
1258 1313 17
1942 2344 97
2662 2581 89
1131 1941 27
2448 679 10
989 1760 56
292 579 53
1353 1995 43
891 1226 91
2406 2061 82
3421 1463 56
1656 2167 11
2123 3209 90
1395 23 75
3121 1137 54
1775 2189 39
611 3002 66
715 1787 26
479 1749 35
1348 1722 38
554 1070 58
2820 274 12
741 1928 44
2867 3238 59
2130 1994 82
2845 1682 58
1675 836 100
2920 168 76
1689 1278 14
1 505 68
1177 525 69
3015 2320 41
2871 3171 52
1111 808 46
711 2873 75
1259 187 89
3208 1897 87
766 2895 21
2899 503 29
252 53 98
3321 399 40
1862 780 15
2157 3411 93
1476 1402 21
66 699 82
1925 2099 15
1809 2751 75
2233 2764 54
2568 2600 91
1329 285 51
2616 968 61
1727 3135 61
3198 1030 69
1696 2337 69
2376 3073 81
2825 293 86
3339 223 14
2231 929 33
1706 2499 16
1111 430 73
143 571 53
2531 694 45
780 569 99
2329 1945 77
146 479 51
3288 901 87
2411 280 12
2459 2576 16
1254 3411 51
818 1152 29
3041 226 17
2772 2973 50
2971 354 99
714 2191 39
2508 709 80
1273 2146 24
1560 477 15
3494 2500 30
430 1432 84
1888 418 64
2810 2255 81
1295 44 40
3232 3116 54
3378 972 74
827 407 42
893 588 20
1653 2849 29
740 2356 35
3211 2495 73
292 2392 73
2442 2300 47
283 1296 72
2823 2361 46
2239 3430 11
2089 636 69
577 585 68
311 1616 34
975 2882 64
2679 2510 63
749 353 23
2134 2746 66
340 2663 99
893 3450 58
523 1160 63
128 967 16
1071 603 90
3361 794 33
3112 2821 85
1686 1082 35
1251 2417 16
2234 1701 29
3393 3079 19
2690 2122 20
1843 3195 53
93 2580 100
1162 3282 96
588 826 81
2934 2371 100
2588 1928 63
1881 2276 83
1739 414 40
1365 2512 20
170 1537 57
3383 195 70
284 1225 91
2118 2287 43
2535 325 30
198 1032 78
2545 1496 41
1341 788 26
307 3008 84
2889 31 99
3119 2550 21
2481 2984 48
158 3018 55
1472 621 48
1411 3146 83
1887 65 74
810 1240 41
1530 13 65
1519 749 30
2267 776 100
2833 2223 42
3461 364 40
1636 1018 95
1478 150 89
1274 2831 33
1920 311 42
964 2357 76
2975 163 77
3342 2660 10
110 875 21
353 506 10
2059 2650 70
3 3410 19
798 2863 91
1801 1273 55
2325 4 88
1310 2344 21
2314 2300 72
1068 1333 55
256 2160 47
3201 3383 42
3416 1504 72
2821 107 84
3093 492 71
2770 1569 100
1616 1632 66
40 564 80
2526 16 50
2415 71 59
2689 1682 49
2999 1420 85
3259 339 44
3373 911 28
3376 573 75
1057 714 30
1122 1325 72
1871 2867 55
2216 1223 75
879 2329 66
2019 2690 30
582 2009 94
1729 2151 98
2584 48 27
1790 3265 47
530 729 85
1694 179 47
3141 3340 89
1324 3360 40
1415 1841 79
3215 2779 12
2812 678 50
961 1882 28
96 201 42
330 306 17
2926 2671 57
1509 2734 39
129 1378 86
1190 1496 15
2653 1127 26
1722 1986 64
2618 3324 39
3316 1894 55
241 2485 28
1741 1810 39
2645 606 51
1068 1256 32
2503 1559 89
1065 2554 60
764 1378 48
3299 512 64
1792 1153 35
1419 634 30
1170 1580 72
1175 3441 31
2199 500 29
823 2049 27
2290 1180 99
1412 297 62
15 126 79
2018 701 12
2729 388 47
929 284 23
1768 1126 30
195 1929 70
2291 1968 53
1232 282 74
3038 2432 57
763 844 98
2569 1962 17
810 3307 82
410 467 80
2620 1623 20
2411 610 64
2234 1420 84
1465 2740 30
2913 2307 73
2424 48 14
2005 306 14
2783 1880 72
984 1734 28
523 1623 70
205 1084 89
992 2102 43
3257 910 72
1591 2580 68
3241 1868 27
3344 664 53
1528 462 61
2782 1095 47
418 2984 31
993 569 71
271 2321 31
1682 2070 65
954 2321 65
2974 1564 78
1056 498 59
259 567 70
3449 1954 79
1621 3064 36
3494 1144 38
2326 2614 46
191 873 89
206 2489 50
505 1852 68
3208 1729 60
2992 1711 33
627 864 94
2337 1107 50
1891 2226 33
1916 3154 52
1249 3135 60
2508 263 78
613 3064 39
752 3199 59
74 3192 37
1492 1750 94
882 2098 35
814 791 56
3189 3313 33
2876 2785 13
2663 1984 85
3148 2295 52
122 3063 40
350 981 52
3438 120 14
1115 2207 89
1808 748 26
2861 770 91
1281 368 44
2161 1731 95
127 268 23
1216 3485 26
1875 2724 63
1203 605 11
1107 2951 56
3311 878 12
22 1536 15
2765 1332 20
225 1124 33
2727 2773 45
2 3 25
2339 118 60
42 2210 26
2819 256 16
2501 3265 86
1089 1217 55
772 581 37
3193 2252 30
1014 1531 99
2037 3022 91
1538 774 10
3424 1387 22
2416 2608 70
2388 2580 15
3170 1833 82
1403 1408 12
2653 1956 70
2969 3011 56
2004 2675 58
3335 2716 93
3355 2204 52
2698 839 86
2289 345 53
3448 1716 27
2453 3024 93
521 719 37
185 2689 29
2065 3447 11
1211 1073 62
2641 2190 51
2994 1816 78
3111 1704 28
410 2323 85
2418 1520 56
880 895 68
1218 34 36
3360 1465 82
790 2137 14
3267 3258 84
204 236 32
1032 30 68
794 885 36
229 1022 86
962 2546 18
1072 1141 17
2826 2544 86
862 2193 48
1134 561 97
2911 3385 17
1643 3002 11
2970 3182 27
1932 24 64
2883 2293 41
873 280 79
3054 526 56
761 2626 11
3276 2902 92
3087 2707 78
985 1194 44
3358 3027 63
791 2774 93
2715 2007 54
2413 3283 45
621 400 80
3442 3232 45
2116 2620 83
2148 1650 62
2345 323 27
313 582 50
257 273 86
3192 1091 23
155 2479 15
812 1464 36
2845 2864 97
2557 3044 15
2942 2574 66
1444 2988 75
2852 2692 52
179 1076 46
3022 2252 98
1679 2836 30
778 16 19
487 2888 98
2260 749 64
1588 2669 71
1274 1074 13
220 2204 75
1379 998 83
1634 443 51
1194 594 90
131 726 67
2556 2179 85
3168 3407 11
754 2229 45
1454 947 26
554 3014 77
1911 93 83
1657 766 100
1749 2476 20
555 360 14
1191 2597 78
1921 66 12
3396 193 16
647 2184 85
3104 3334 25
3388 1644 94
2486 1288 65
3290 2011 59
951 1080 12
84 2237 20
2568 2201 86
2170 3171 41
33 1524 49
696 2005 26
3025 3062 39
1238 2350 80
2670 1320 71
934 1875 63
64 2985 11
1611 1961 38
3167 2010 54
650 2896 90
2828 2557 30
3327 3330 83
342 928 31
2705 3110 39
2182 997 20
1453 2016 21
1155 1955 91
2463 2242 98
248 3145 13
695 2580 45
1295 2374 62
1101 1946 17
2488 217 68
1629 1073 71
1053 49 19
2953 3139 17
1766 2409 20
638 584 17
1997 1137 76
2317 200 15
1824 1467 40
1318 3197 49
1433 1247 56
2126 2607 22
3281 3441 41
2756 82 22
3468 321 73
2102 675 19
3292 74 54
3228 2107 96
2055 3074 40
3273 2243 68
1239 2316 64
2397 1491 25
3325 1980 63
946 2379 73
2685 464 12
3296 1221 45
2247 2680 29
405 2945 41
3210 893 91
2894 1918 71
209 1910 11
703 1446 54
2567 1360 58
2500 1107 65
3327 1509 25
482 1777 30
726 226 10
59 1913 35
2236 732 32
694 2096 30
1816 3387 19
366 2386 16
745 2961 74
3114 1886 87
376 1318 78
2727 1880 73
3296 673 99
1898 1639 99
1601 188 27
1425 3482 65
2007 2309 26
1150 3045 18
2653 3390 38
2283 3323 80
270 1492 85
1575 788 83
1965 2214 89
775 2316 15
639 1448 59
1805 41 93
1150 1324 60
2934 1187 48
2259 1679 82
2255 233 89
1591 1913 65
1224 896 100
3353 2424 69
2825 1493 44
2129 2719 37
621 2902 75
2257 107 51
1101 2841 99
1511 338 17
1987 2117 98
2130 848 51
2439 3083 91
1245 1700 73
2992 3003 54
701 1571 43
2713 3267 78
2164 1392 77
1735 330 52
521 2960 81
1945 1174 73
2280 7 82
509 2697 99
211 1750 32
3234 315 10
733 51 76
2748 215 37
3152 3459 84
850 913 11
615 87 26
2445 1506 71
1844 1925 14
842 2425 96
1420 2232 32
2563 2866 49
1684 3008 92
2715 820 74
1330 1631 87
1850 3292 84
995 2610 48
727 1936 13
2826 2048 32
3035 840 61
1340 2841 98
1428 1489 71
2328 1700 13
2834 2221 18
1886 3014 23
348 119 93
1143 3236 46
112 1 42
1734 3377 94
2598 3342 97
1396 292 24
2116 932 71
520 2704 66
55 475 98
1967 2238 54
2243 3417 99
24 986 33
749 642 58
124 1088 35
2274 1665 55
522 588 67
1151 1918 61
1367 2838 61
2501 2847 79
3184 2169 63
1571 139 29
1771 592 59
2646 915 41
2935 223 89
3222 1434 45
630 3491 50
1103 1835 41
3448 2628 37
2203 166 69
1619 1694 24
2206 3171 63
813 1494 46
2529 1691 71
2179 2523 85
317 2188 95
908 2897 55
1495 2424 14
2442 666 96
2078 3228 68
1081 275 63
1667 3058 50
2520 1418 80
2823 3032 35
1619 276 17
3218 2672 67
699 2490 76
3188 1461 88
683 3040 36
1502 2174 42
419 1943 23
695 2613 45
2258 1813 89
2991 150 38
1942 2815 98
1125 2165 27
1539 1089 28
17 1649 75
932 3456 98
2653 223 48
2850 2511 99
1267 2861 24
2361 349 99
1338 2514 91
3144 2507 21
2913 1324 93
892 3315 19
537 1837 44
69 635 21
53 2972 100
2313 3207 38
996 3408 60
1976 937 11
971 1841 73
614 1450 67
1129 3004 32
928 3407 34
1529 1877 61
57 2622 84
170 1676 35
714 60 72
274 1169 38
2532 1439 78
1322 3140 85
52 1297 92
2964 1439 93
90 1034 59
1755 1624 34
3027 1447 74
1567 976 18
583 754 85
2628 3046 36
2122 447 91
3143 2728 26
793 2856 19
368 3081 15
1726 2176 48
2855 883 53
2586 716 39
1606 288 50
1835 1942 67
556 1815 34
2848 2348 27
2556 1565 89
2935 1903 78
1623 1287 28
3243 1059 51
897 2911 34
2957 2807 98
1759 308 81
2205 1135 28
2814 1128 39
3240 2144 42
1876 1385 33
1186 3265 77
2901 682 65
147 1034 57
1875 2340 86
1693 2658 53
2086 1811 42
962 1859 34
2363 1027 10
379 1010 48
3168 2762 41
220 1249 85
2220 3413 12
3065 1684 33
1828 2475 17
2994 111 39
528 1602 36
3397 383 45
2797 1532 47
2089 1069 55
1514 1365 16
2798 1825 23
3150 1920 29
2080 1498 13
2168 935 62
2135 2079 96
1554 2723 53
376 1088 30
438 1119 71
632 1387 29
859 1617 85
1497 940 66
410 402 61
774 1022 49
2082 334 50
2605 2482 26
2382 1821 40
3401 1979 51
1535 1654 69
1688 1880 70
802 2246 18
299 163 12
2950 1294 93
1537 1611 85
448 3035 52
2239 2875 97
2678 1386 89
490 997 73
1626 2163 37
218 1323 60
887 495 52
152 741 69
2057 1980 72
2226 1398 67
25 86 19
1552 1053 46
1827 2295 22
3440 2050 90
1154 2884 71
1214 2014 66
3028 1070 70
3168 2788 27
348 1247 80
1984 232 33
166 2008 43
2334 433 51
1603 1704 67
2625 2007 93
2401 153 54
1578 3392 70
341 189 47
999 3120 10
2553 484 31
1464 2167 85
1580 1050 50
3094 1077 25
1073 983 71
1516 803 15
606 54 94
1084 2893 75
818 554 33
2961 2992 68
2112 2924 71
3018 180 15
786 1781 30
2018 764 23
719 1803 57
1596 2789 76
473 2852 47
3282 1268 84
2813 1431 84
2042 2732 52
1862 2656 41
680 3076 96
2368 502 58
412 165 61
1007 1769 36
1630 2805 66
1163 3434 66
2469 2961 11
1854 328 83
2388 864 80
1302 2581 76
734 1743 54
1430 2030 41
284 698 27
2162 1047 18
3015 2962 43
2322 857 19
3096 3329 54
2431 3115 89
446 451 72
2788 1805 50
1727 668 26
2435 2667 15
707 1617 28
86 2145 95
3465 199 95
1213 114 49
1523 1016 82
1067 628 13
3406 490 48
73 94 27
3402 454 16
632 2200 40
125 2406 60
388 1390 68
1 1274 97
3182 1994 12
1906 2841 52
1672 3118 88
1811 163 31
2888 199 29
1721 2281 60
738 1197 33
3308 2070 47
2854 2416 66
2811 774 79
517 1528 61
261 1810 74
43 2461 49
1467 2700 72
1899 3294 60
2518 1536 29
2604 2874 51
631 3331 37
832 2754 51
3044 2734 85
190 519 91
3473 646 27
2988 2611 45
1770 2071 84
565 1792 70
1158 2012 95
3307 2910 98
148 2118 92
44 3213 28
235 2874 93
2654 240 40
1408 1085 67
1949 2432 96
3075 542 49
702 1909 56
2642 1850 57
2386 2418 15
1206 3049 32
2108 2255 14
2838 1194 81
3255 816 42
2531 885 72
973 2353 78
308 2930 60
3267 2299 61
414 2215 86
1034 2900 68
943 1457 86
1740 488 23
1240 938 30
74 1810 35
2100 1028 20
844 763 83
2461 28 21
1355 237 88
1056 471 20
3076 1147 37
2944 548 22
2662 355 82
35 2109 98
338 854 68
9 806 99
851 1020 34
2250 1229 89
1525 3221 79
376 0 81
528 2821 62
863 1855 97
1559 1612 98
3283 3211 64
3340 2691 44
2309 2547 14
3447 1687 54
1902 1897 55
2183 3225 65
2950 1270 52
3281 3181 13
2044 403 69
3017 616 32
1781 1721 82
1425 1456 24
1919 74 67
2583 1997 67
2555 3383 89
2365 1177 85
974 267 57
2285 985 77
1199 1712 11
769 118 75
1521 2043 88
1452 2724 36
3161 1142 44
2080 13 33
3146 161 63
418 3049 28
1947 2929 96
2392 1998 86
1439 867 81
1078 662 21
3362 868 59
415 3273 14
816 168 55
325 241 25
2861 992 85
1045 555 21
833 2316 85
384 1694 75
825 2353 10
2019 1694 16
342 691 65
1536 650 70
1677 1159 37
90 2975 56
1979 1160 54
682 2762 74
1410 2104 21
643 1765 56
1064 1557 62
870 736 67
471 1629 36
732 1699 43
819 1155 100
2491 932 52
2738 484 18
1130 148 14
2480 2495 59
115 3242 59
2944 3297 89
2558 1547 97
2916 2044 88
2992 1917 80
3025 776 63
525 688 97
355 1204 32
1818 1854 80
340 1213 56
2033 1578 71
2295 539 95
2855 2221 74
1176 1850 41
797 2790 70
1841 159 68
2314 2190 26
2125 1468 24
2685 2184 72
2363 3358 27
904 2989 22
1012 676 28
484 614 56
2863 1472 75
3471 2861 71
2456 2931 95
396 2145 17
3242 2884 30
2510 2328 83
2166 3293 64
2005 1882 96
1817 1143 57
3213 2352 30
1643 36 96
2789 2404 94
2232 3255 29
2147 2578 44
3203 3048 62
1876 1923 42
3351 2420 16
1751 738 86
1576 2776 56
1722 1689 44
2272 3242 26
221 652 35
1101 2711 17
418 1667 95
1861 212 60
3139 2010 74
1366 2184 80
3129 3259 73
739 2197 99
649 27 93
760 789 25
539 2512 88
454 3250 35
3394 2938 60
1680 3058 43
43 733 50
3034 1157 32
2028 3140 34
2761 3149 34
440 3135 80
289 332 26
203 1702 83
3172 1475 62
980 1131 72
3373 79 95
2500 2050 12
2675 2035 78
600 431 64
1655 2030 43
2004 960 43
2032 1506 100
1496 2313 90
3496 3152 75
1923 1180 87
3366 996 77
103 1963 17
1347 3324 92
1655 2201 61
1039 425 87
812 3366 92
1968 2707 57
2901 1316 45
288 193 69
3060 3461 51
3319 154 10
2720 2114 71
430 16 100
2423 1055 18
1579 194 27
3117 1386 100
1731 186 15
543 1234 33
2333 2337 77
3176 1850 97
2248 3390 19
3465 679 22
2687 3132 53
2550 2563 90
1317 232 58
2626 2713 97
62 41 37
441 2067 44
2455 2060 67
3223 1082 46
2950 2694 67
2051 1723 84
2571 2347 71
2833 2197 98
1700 2020 22
1469 173 20
1836 629 54
1656 1977 52
1835 623 98
3421 1070 86
19 773 53
623 2441 82
2993 752 70
2088 414 95
2863 580 31
80 192 84
1984 3325 29
2555 1011 52
1763 472 88
2506 1616 46
255 3292 99
619 2933 41
238 2627 64
3274 309 25
3346 3447 46
1841 2268 52
1668 1819 79
2385 2236 85
2975 2620 92
407 1060 27
2167 84 96
2343 2412 44
1869 38 99
3128 1362 43
3370 2728 42
842 1800 45
298 1952 85
141 683 16
2459 3220 95
2135 565 27
2876 2889 38
3216 173 69
2857 759 90
1139 2549 28
1552 2805 39
1397 2578 13
470 83 77
16 475 66
2143 493 29
1 1554 66
2523 2834 32
2570 1549 88
2039 2154 47
3218 3176 35
2986 282 32
3323 2218 51
2755 1771 68
2057 2670 78
2714 1636 38
976 1630 20
413 1055 91
1429 704 95
1165 2247 20
2308 226 50
2227 1316 80
1744 184 15
2132 237 28
2495 381 75
1186 1897 63
2958 1927 83
3454 2065 86
164 3156 64
469 460 75
3203 693 92
471 3300 18
2719 2194 90
3213 734 34
1897 769 57
2555 3122 58
1953 1185 21
683 3128 48
2843 1564 10
2059 1680 94
2871 2192 90
3333 833 99
2641 290 66
760 1004 39
748 880 57
337 2892 91
259 957 33
990 2509 45
2615 1270 31
858 2155 83
2091 657 24
1210 519 39
1411 529 11
2509 169 30
1513 2765 29
1069 1378 60
1694 806 70
2072 1628 18
1604 1873 23
2840 3169 85
800 1268 43
1291 3004 43
941 791 95
2254 1753 42
3420 1091 74
908 1491 72
2237 2146 71
2198 491 71
2160 722 71
2591 2125 58
1029 1700 58
96 1310 70
783 1817 56
1274 340 58
1718 663 100
703 575 15
2683 2292 99
3177 879 33
1045 3318 31
545 1477 58
3276 1586 64
3143 1775 53
3306 212 11
873 3092 87
1571 3422 61
1393 2594 32
1436 641 73
3309 3303 89
2159 734 42
3400 823 53
891 1788 24
1541 3207 68
709 755 59
2137 2017 30
2754 1856 100
1270 2736 18
2710 657 43
1614 485 33
827 37 74
1139 1455 31
2052 2697 61
3005 760 81
1095 2306 57
896 1199 16
412 2191 29
3066 467 69
1618 48 71
2335 142 53
2855 378 82
2651 3215 67
449 1240 82
3013 2158 69
1216 1528 64
2400 2350 47
1149 916 45
416 1277 32
1112 54 32
3350 1627 62
1542 1174 30
678 2495 15
3155 2386 64
2508 3239 63
313 2606 88
551 1574 93
3264 1982 85
593 1896 90
1737 770 22
2927 2707 36
2854 3429 31
261 3275 83
1988 2765 100
1705 1776 39
2952 76 11
1480 812 89
1340 3228 93
867 616 74
2670 1150 93
3041 600 43
624 294 64
2950 1822 54
2580 80 49
525 2598 17
2670 3333 87
3127 3438 42
792 2407 57
1137 1962 18
2269 602 63
1138 1334 28
19 3389 66
254 2176 19
548 435 90
1363 245 37
1978 1984 67
2793 2120 40
2247 886 17
2179 3314 48
2008 3215 44
1899 1689 74
2047 3020 98
3355 1025 67
822 403 56
2469 1078 32
2390 2505 58
2042 1282 34
2128 3153 32
1920 3311 88
2151 1689 10
2359 2695 35
3076 1565 10
370 2869 19
652 370 68
2883 2047 49
3073 2813 20
744 1116 57
696 2590 10
2388 1156 45
1745 3108 23
1920 801 11
545 1865 25
1841 3099 71
3104 701 90
2942 914 90
306 1615 33
2275 1979 65
2926 2785 86
2831 1579 10
2118 984 27
1396 2177 13
1230 439 57
1800 1553 58
456 2251 23
807 2438 34
80 3274 66
1648 2890 60
2602 2638 98
871 1022 36
3477 1323 72
2900 124 30
1142 2388 48
1453 1083 69
455 800 71
517 1934 31
385 1515 45
834 1675 95
783 59 21
3014 1358 96
2460 1391 22
1477 2879 90
2246 1960 17
3404 60 49
3357 1812 22
2045 1250 91
1610 2898 78
2967 2827 60
498 1088 71
2987 1436 61
2845 637 49
1795 443 93
841 2677 41
2598 1382 80
972 2264 91
890 1008 65
1045 1653 12
2586 2155 27
2062 3282 64
3403 2400 33
638 1854 49
1625 929 31
1000 3302 91
3167 708 71
1694 1260 31
1767 79 81
3400 396 26
964 1587 69
930 597 14
484 2577 48
2411 1134 82
1566 1464 28
2477 3410 48
759 3223 90
282 42 47
2866 739 47
3329 3163 48
2759 2868 40
311 2013 44
429 1957 79
607 2943 93
3352 2885 42
2358 3275 97
7 3204 50
1287 3289 91
1992 1375 31
1682 500 45
2023 1766 26
146 854 21
3411 1967 76
1325 2252 33
2765 910 64
2852 334 27
1542 695 35
122 1435 70
2044 235 67
2219 643 22
551 3444 63
2156 1183 95
1371 159 11
804 1594 22
1037 1639 24
3206 3008 15
3454 1537 36
370 2459 13
84 2356 66
1226 309 51
379 2893 32
3341 1166 72
1200 696 90
2086 2339 51
1747 1789 36
2978 2877 84
661 1578 74
3305 721 91
3243 1447 55
3140 1461 48
675 1232 48
411 2572 57
255 2778 59
2950 3233 36
3048 2813 12
992 2473 22
1643 2671 55
1907 380 36
2915 1999 52
458 108 21
3169 1745 67
3338 1109 26
1744 869 64
203 125 57
2349 3008 13
2523 2231 85
330 1006 100
2078 2635 43
2304 2740 34
1560 2970 17
1907 2633 61
1902 1857 26
1649 2838 40
2547 2610 68
3358 3376 87
2237 3048 88
512 1697 98
2263 1915 53
1508 2157 29
2101 1761 69
2480 2436 95
111 1856 22
2539 2971 77
507 3116 18
20 720 60
911 596 24
1885 836 51
1412 3182 22
2219 721 36
1848 1575 62
173 1330 85
2783 1006 96
1355 1568 74
992 2942 94
1647 1257 37
1786 3293 78
1973 50 49
1511 375 15
1143 3106 95
3034 2444 74
3079 3343 42
3256 223 100
480 1072 45
1048 1938 51
566 1881 15
1712 1459 19
3319 1327 38
840 2341 88
2150 3348 61
421 2116 40
3098 2799 100
432 1393 65
1486 3181 53
2514 3260 94
2689 1879 29
1527 1144 86
2570 3323 95
3245 1389 83
3007 3225 68
1103 1869 100
1333 1492 66
973 369 44
1740 1647 92
295 3018 51
2475 2867 27
877 1761 60
799 2586 17
116 1668 69
3261 909 84
610 990 60
2960 8 38
3268 3317 49
1778 1785 67
3211 1940 10
1657 3369 54
2742 2319 67
3242 2009 57
1455 2370 58
2261 1307 64
2758 1276 24
2328 2766 36
2318 723 33
180 1543 44
1298 792 82
659 830 80
757 154 18
863 2509 80
3485 1851 35
961 821 84
823 445 79
64 201 82
1530 1243 15
2257 683 21
2254 2192 58
1884 2269 88
3220 1955 36
1983 374 90
986 708 50
159 1934 21
1029 1041 79
2753 914 51
2986 892 83
3060 441 59
3313 2500 67
536 687 78
2139 1179 85
628 502 82
846 1828 17
2155 1757 41
1306 742 19
2560 3248 92
1475 1572 67
890 3298 93
2928 324 98
2865 3320 52
1407 2080 86
742 2791 38
3437 3160 88
159 232 69
1815 2393 18
3385 2348 37
3262 1915 92
123 2849 21
1984 968 54
2559 1323 38
2548 380 82
1921 2986 86
28 1764 65
475 745 44
1183 2868 68
2154 253 13
555 323 12
2255 3164 100
1369 2461 74
2262 2266 69
3078 1269 78
2411 826 33
3052 1085 68
3400 1743 11
1447 1254 79
3048 18 28
187 747 41
895 2037 40
3480 373 56
2375 3250 36
504 2112 46
592 2855 42
1333 1206 69
817 2208 20
2438 2173 45
3220 1849 90
3236 1647 33
3395 2894 55
306 701 52
1185 2896 48
3420 1128 98
1566 2278 57
921 3020 28
1374 2873 70
518 2370 97
2275 1756 32
3072 2698 89
821 567 39
1024 3479 87
492 2760 76
1574 385 65
1229 1674 34
1531 115 42
188 1778 76
766 1177 75
1942 1102 54
475 57 25
2793 3097 85
2836 1938 62
2854 1928 65
1583 2684 38
3026 2272 44
3153 2611 41
1704 2383 50
594 1686 54
1685 2653 37
1707 2948 13
203 62 40
3075 3060 61
1598 2441 86
2383 2312 21
346 1401 100
2396 948 28
2693 1581 43
3318 2139 100
458 1554 84
2465 3010 20
1676 3270 53
642 3221 47
2570 1347 87
284 346 51
2550 1340 95
463 341 66
999 2431 38
602 970 65
1676 1134 23
730 2053 50
1688 2736 77
253 3226 40
30 2957 19
1809 794 84
2769 2160 98
2682 585 19
708 1697 52
561 1819 86
2028 2513 43
3069 1964 57
2747 2098 78
2218 660 57
1541 2374 13
1324 1814 43
2557 3055 32
1945 723 14
2573 2290 86
3263 115 58
2608 2011 32
553 440 54
639 1300 41
1593 3173 48
2962 585 54
3257 2037 11
3288 2920 68
2461 2910 64
1806 2624 48
2967 3368 32
1501 2989 42
1464 3167 20
846 1833 45
902 2773 97
2368 1191 11
2126 2965 45
291 3312 47
2270 1525 53
2623 2213 51
3196 1585 30
883 3424 100
846 407 47
2892 950 86
3496 1772 76
2913 1549 23
537 3465 10
2541 1814 11
785 396 40
814 2049 20
91 2923 99
609 1289 80
2458 1500 29
2304 3011 21
2776 2218 33
1956 668 29
754 2329 55
3170 1282 17
379 892 51
1349 795 84
1333 2957 46
2081 1080 42
1829 2405 16
2072 963 93
525 2869 63
1738 582 48
228 1381 11
2708 3214 33
58 638 70
1605 2568 18
10 2340 16
2743 529 16
1018 2772 73
2321 184 72
1107 60 95
2312 108 76
1636 185 10
2438 509 91
210 2073 54
182 1913 35
2427 1490 94
200 293 84
1133 1991 41
3164 87 77
1467 612 58
2027 1090 65
2816 1529 12
633 318 29
3496 917 44
2412 1769 84
1529 3328 33
3140 3007 22
1027 1642 61
1618 562 82
1261 1474 42
3039 2250 72
655 211 87
1261 8 37
1803 1157 57
930 2100 67
2772 1758 61
2992 2123 51
3108 3326 41
2237 1939 24
1885 548 70
196 1540 68
311 2425 94
997 741 82
666 733 17
1778 974 89
163 240 43
776 1258 29
216 957 48
1203 1803 49
1138 205 68
2762 3180 61
2539 596 98
1898 3239 66
2492 2681 25
1860 2502 24
2756 1755 37
3295 2504 68
2569 1354 77
338 2326 78
2327 697 83
2955 225 46
257 2355 56
1957 1123 88
625 867 71
3368 1551 89
1440 2538 42
279 1107 14
3463 640 41
3335 152 96
3328 1568 86
1831 2450 21
3336 1243 28
1682 3089 73
2342 368 94
35 2757 37
3117 1727 19
529 1689 85
200 145 78
3407 2186 84
3012 3004 76
731 515 58
892 1733 87
2797 1493 33
1512 1759 20
1233 1515 69
2765 2154 15
2610 2765 99
1258 2208 92
1560 485 89
1605 2648 31
1291 1475 40
896 1757 34
2956 1354 21
968 1188 39
814 3429 66
1575 1979 96
1310 680 66
1967 1253 83
276 324 88
394 1827 84
1898 2305 19
3439 1734 51
2889 991 14
2672 3025 15
3129 1534 49
580 2727 73
590 330 98
2751 3283 68
2168 1425 55
206 64 48
762 1397 83
1196 1061 66
1887 2945 67
1049 3329 85
866 3403 57
499 355 53
1431 2252 80
992 2932 84
694 2709 43
361 1284 33
2924 371 35
1438 388 20
43 3192 73
2363 579 16
2180 174 15
866 2973 78
1411 293 77
3465 3198 19
413 2171 30
737 3111 56
1364 1565 70
1320 2772 77
1848 424 100
2964 3420 66
1925 3433 99
2296 2385 51
1855 2348 25
2881 276 34
3142 313 29
2025 2544 58
2166 3022 62
1544 2887 26
2 2831 57
3245 1742 31
1602 1180 93
1926 3151 12
275 3084 42
3356 2159 23
2265 1086 84
2174 584 26
3456 2770 61
2259 3115 35
1120 2708 52
2969 1694 40
3027 3062 74
285 1075 78
1393 1986 25
684 1736 11
863 1898 75
1070 3449 30
3302 1376 100
570 3038 43
907 769 29
2373 668 25
496 1420 52
3183 2243 79
2535 2063 81
1445 235 40
207 1584 35
125 1873 87
2759 2281 47
1021 2184 60
1599 2315 46
3006 675 98
214 2581 35
3059 3183 26
901 2486 83
2118 1008 71
2296 685 36
1669 3407 98
1741 844 62
2417 557 69
187 439 72
1532 1758 10
2950 3446 66
2439 2014 75
2028 1360 82
2874 3341 25
1722 3459 38
2361 1786 55
2666 1643 30
2794 3466 25
2368 904 50
3271 2244 82
2663 125 98
1784 1136 64
113 2766 99
248 1302 14
1584 545 64
1849 695 56
1852 952 81
3135 1319 47
799 1789 98
2671 889 28
292 3317 68
820 2397 56
1674 3391 51
182 251 15
107 3448 60
3197 525 98
2545 2211 21
2535 869 38
287 1937 87
2515 2876 89
2492 1088 95
1062 2054 60
2851 2542 44
799 1595 93
548 1542 71
2552 577 20
1944 2733 84
424 1152 34
2561 35 56
3053 690 100
2933 1223 40
1094 1340 27
1330 1226 14
417 3464 46
1033 1945 19
1899 1427 89
2364 357 61
1134 350 75
2899 1820 27
2120 3138 82
3098 1148 91
101 697 98
1392 3291 46
2678 1020 83
261 2903 91
151 1013 33
1755 1957 44
1302 184 35
3086 1230 31
566 2464 93
1588 562 51
2951 1334 91
2839 1571 93
2438 2253 94
971 1856 70
19 718 63
852 1897 51
2546 1950 98
343 876 85
2691 1254 22
604 842 70
3333 2559 61
262 2028 92
593 273 70
684 2170 70
2616 1616 30
2273 2326 99
2689 1008 57
1073 1750 25
3240 1593 71
3304 1952 61
2399 2962 86
1402 256 20
1598 2893 62
1102 2869 47
1029 756 63
2511 1088 64
1728 1853 46
655 3123 62
2720 2397 11
243 3381 49
801 727 46
612 2738 80
2330 2631 93
2765 3062 11
1894 863 89
2160 2577 75
91 1968 30
1518 2767 85
2007 1056 39
1550 1388 50
2101 3248 12
70 1896 22
2494 1205 15
2619 2180 55
1251 237 30
822 3235 96
1979 2973 77
1848 1049 73
991 2868 11
3416 1570 21
797 832 87
323 2557 25
567 2438 88
227 2207 13
2726 2751 48
1356 2187 34
1332 2091 56
1515 1113 23
1018 3101 76
2224 3154 95
678 537 82
428 3290 25
1197 905 76
3261 1122 75
2639 549 17
1731 502 20
3122 2786 23
3445 2941 60
470 2704 82
275 2495 65
2853 2144 83
1265 707 81
478 2111 43
330 542 48
2150 3134 54
753 2478 64
3345 2923 48
2626 2005 57
2156 3323 79
1614 2081 80
2226 248 52
2673 330 45
2056 1970 20
3264 666 85
1121 2793 93
3419 3459 48
3060 2610 29
1434 3224 42
373 2355 73
1428 3053 31
1663 876 46
3406 3489 47
534 641 95
673 3011 65
2402 2685 37
2666 1766 85
2161 191 57
544 92 52
2860 3018 47
