1670 3293
1598 1636 86
860 261 11
1542 87 46
976 468 43
1073 1199 15
1190 1452 25
632 824 83
1312 519 65
1283 1026 51
900 487 20
1667 1066 19
1295 1567 94
1242 21 21
1452 303 99
1596 663 73
1431 885 13
1643 501 15
698 1164 61
470 1382 30
1664 685 99
269 677 55
615 1189 84
1166 577 77
1146 177 66
1234 320 97
1145 1155 34
549 519 31
90 659 62
1080 1583 43
1126 941 34
215 966 31
1315 1126 72
879 1238 85
641 79 36
1183 159 99
426 1195 61
245 778 19
962 1079 96
269 501 19
1188 1465 99
928 1575 20
1368 84 95
518 1535 43
1665 1119 53
917 294 95
1287 1666 16
976 332 93
890 1032 94
1033 1369 20
1110 450 55
417 481 77
857 257 67
75 1134 20
757 790 43
1074 1558 20
391 707 66
440 66 37
1431 630 43
1281 676 99
1506 135 32
953 858 47
943 946 26
1094 1338 27
761 131 96
811 1220 97
1201 621 90
1374 287 95
402 159 65
328 136 24
312 622 41
811 319 49
2 265 33
938 397 40
948 344 15
1289 1396 63
47 1255 89
1103 1380 46
1284 1395 78
646 1226 56
1357 571 42
360 1341 79
456 266 79
1407 1375 80
912 1178 76
127 1522 89
1315 128 79
1294 1589 66
122 4 57
398 428 15
1048 737 85
571 988 13
1613 387 22
574 224 24
416 127 97
1169 1536 88
792 549 70
748 745 40
1648 243 66
165 1193 46
1398 549 29
429 738 79
462 830 59
130 591 95
373 253 42
1570 1260 80
100 107 82
999 282 31
1106 853 39
979 77 44
314 806 36
1386 1594 81
1230 1402 27
542 1071 52
397 1296 38
370 381 58
381 212 29
1664 296 62
1064 1239 82
1585 1364 82
1328 1632 51
979 664 24
476 511 34
1464 207 89
239 481 36
111 1647 45
276 904 27
451 184 71
209 691 76
108 1500 47
1630 705 49
1 987 28
727 1039 79
120 790 60
783 260 57
988 5 33
1583 1287 29
1467 775 93
337 723 94
431 1661 33
1341 1646 35
291 718 72
975 508 35
470 161 35
1409 1122 35
18 358 21
1597 816 19
491 289 82
889 1599 24
1528 1194 58
1109 1655 95
1548 253 38
1211 582 59
1080 1231 19
298 1579 52
143 512 87
94 1477 97
87 898 15
1029 3 94
1014 1472 14
944 1258 76
937 1159 81
791 55 19
659 388 46
14 1621 21
1207 473 58
584 82 43
1062 37 30
982 785 95
443 785 74
253 764 10
336 289 40
278 758 68
875 540 66
1607 137 59
1495 307 54
108 1093 95
830 1569 78
742 224 83
45 1282 24
801 498 22
1459 1440 76
457 1641 14
883 1393 83
939 405 86
171 1380 80
1000 1637 57
1315 985 100
1413 314 37
283 1223 56
121 1550 55
1273 593 59
795 132 27
1258 617 14
637 108 83
1169 910 86
1212 629 38
502 1229 45
915 637 73
1396 1595 22
1436 1190 37
935 321 97
1658 17 34
1354 797 82
1348 1653 59
545 284 57
998 1284 44
351 544 14
597 936 58
682 473 90
650 1009 79
1289 198 83
522 175 81
1047 1457 93
1401 788 10
205 918 77
507 1087 26
1038 1396 20
774 474 21
1404 212 64
1317 1375 16
1434 43 85
1120 1465 36
1251 1511 99
474 521 66
1615 1525 80
755 1012 73
1022 1609 83
1375 1368 96
719 608 39
1419 939 80
1167 1411 64
1104 609 10
1591 1021 75
1434 1640 38
339 1669 66
663 1030 58
1597 723 90
0 847 72
557 1000 26
1430 119 41
1358 357 73
112 1653 80
1038 654 54
1219 285 66
981 343 89
1231 574 60
519 954 22
943 353 37
472 1080 71
269 675 62
341 844 29
205 906 39
1451 1042 70
1045 209 97
306 1572 58
325 583 83
1403 560 82
1415 537 39
1116 1632 16
1234 1576 92
57 559 52
1 1484 90
1124 1641 18
900 1463 87
1469 492 18
771 508 34
283 1635 34
869 1124 68
682 1411 14
728 562 86
594 215 11
863 107 87
467 1657 40
361 1044 65
181 915 26
15 832 30
3 1311 23
1496 280 41
759 162 86
1656 1098 65
53 507 70
1322 65 42
1466 1266 26
419 1001 60
524 195 69
987 1375 77
143 1241 85
481 308 44
498 275 87
775 1275 16
634 462 38
414 1223 77
1092 1406 63
255 273 76
862 919 11
340 1524 61
858 692 17
1299 907 58
1213 946 86
1071 990 78
1406 376 13
1373 378 36
562 1643 73
1565 335 79
1548 360 81
1239 1338 84
730 761 36
21 1395 14
99 537 86
1452 949 36
1413 679 81
1606 1281 30
603 280 72
141 1422 69
913 435 40
450 244 63
736 172 72
788 1368 44
119 1224 66
475 663 39
1393 631 45
1355 171 94
143 1337 34
1592 1353 84
620 1458 35
707 743 22
1018 648 96
833 1093 85
690 606 15
194 637 98
503 1653 12
1559 186 76
941 1660 35
1282 132 90
337 1641 36
347 1244 90
230 717 14
19 732 87
1374 822 38
116 997 99
1057 418 79
1620 621 76
1216 1329 25
1234 1349 11
400 1402 13
412 1640 66
272 1417 31
102 1351 25
338 1133 89
713 780 23
1574 1020 74
941 62 18
1031 899 88
1475 1577 55
821 276 26
218 1124 100
188 364 66
444 1029 43
1066 1090 51
5 1187 56
715 1006 81
683 1301 45
540 1196 18
709 223 94
1211 335 54
259 1293 71
178 1201 56
709 923 19
541 1083 24
281 899 78
1397 1173 55
766 320 90
1010 1225 71
829 1257 49
46 764 70
1514 804 54
1043 434 35
1198 1599 41
472 484 56
1474 1655 11
692 1332 99
1095 568 41
1209 209 76
1104 1060 36
515 1415 62
953 1451 50
967 74 87
658 215 100
1104 1224 41
319 430 58
1177 219 99
63 495 98
303 1639 88
1290 126 77
1269 334 89
984 529 66
869 1285 26
682 1393 97
220 1537 86
930 1284 62
1668 1222 32
543 1304 69
1623 747 49
1370 141 39
194 550 98
157 1044 55
453 1415 20
242 803 19
279 171 80
647 414 30
1385 1037 82
667 502 80
1196 837 55
1644 1167 96
1346 661 37
39 820 34
686 1163 94
1336 1162 14
908 199 60
903 824 21
1186 258 74
1000 190 73
1033 1528 78
202 1120 92
963 5 75
661 1117 99
1277 730 28
1131 1114 96
365 1634 63
991 1269 56
803 21 48
188 1356 23
1516 337 91
1588 919 64
1362 1210 80
482 1619 99
1057 1132 93
50 450 54
1665 770 71
1456 125 69
639 575 43
427 358 14
1200 1117 30
368 370 21
898 804 43
1268 745 19
702 482 45
1302 256 41
1536 1506 92
416 884 30
1083 61 56
968 1075 91
937 1630 40
1206 638 80
1126 1218 83
690 1307 72
476 725 95
403 1133 29
145 92 84
1391 440 37
469 1318 61
712 604 58
742 1322 90
267 596 100
675 1432 50
1614 1036 26
507 1353 93
1315 1638 13
896 336 49
901 1516 52
760 459 85
82 615 33
901 1599 89
999 676 61
32 1607 62
1159 753 38
1338 575 59
494 815 76
371 976 15
1060 289 36
751 1304 96
441 307 66
451 571 61
70 398 27
945 196 75
1034 909 91
831 261 11
1035 85 50
243 1454 60
1486 819 11
895 1430 83
815 975 23
1504 895 22
1411 272 74
445 603 30
422 1513 33
488 100 95
732 171 49
1589 147 62
1159 190 70
1449 1269 51
241 867 80
1252 511 76
644 1168 79
510 413 48
298 416 42
1358 1377 14
645 1098 87
1449 1621 88
1273 1166 79
1205 504 95
1619 658 56
1292 1435 79
506 450 20
261 1596 20
708 1323 61
956 1002 13
1060 519 81
1034 949 18
877 1290 20
1500 383 82
1308 80 78
162 1589 58
606 1014 22
856 1462 30
395 438 62
709 1462 95
1013 194 37
1442 982 75
1064 687 76
1063 838 83
33 288 78
322 1328 53
568 12 62
1534 1491 67
686 815 71
995 1010 66
230 166 53
1570 471 81
1377 323 69
1443 460 25
145 1365 34
1099 9 99
505 1284 34
1006 124 22
75 395 69
690 742 38
934 950 66
183 708 24
1426 770 78
68 801 49
1154 810 18
300 1319 47
1526 422 10
843 1472 45
61 375 97
236 1330 28
176 1261 55
1462 1414 14
1463 511 40
755 861 45
62 1003 15
282 1618 75
805 1643 66
68 621 12
335 1231 63
948 555 84
2 63 85
270 522 27
559 432 93
1329 910 68
546 1356 60
1025 1507 69
1581 122 52
281 1134 44
1570 186 23
138 1091 89
434 848 79
372 124 35
694 1436 98
1452 258 21
1307 251 43
18 453 47
1218 1009 91
538 555 75
531 1291 26
390 1023 64
22 797 85
690 1313 90
1283 118 10
497 1613 30
992 29 99
894 302 54
653 1588 28
905 1162 12
577 593 29
1523 1472 75
764 1575 87
1038 1265 82
1110 728 37
1244 1092 28
920 691 32
792 530 50
1248 1469 45
1567 406 18
119 1127 80
1369 1645 31
692 231 11
873 1415 99
771 48 52
1384 1589 91
1479 1201 89
481 1092 67
34 282 17
1334 1017 43
341 912 58
708 790 84
1012 112 31
898 213 39
874 1659 65
696 852 83
1579 281 42
1589 707 21
666 949 52
904 509 68
963 294 53
1623 667 74
906 1621 27
197 881 39
1244 853 93
754 156 18
1240 99 18
1328 130 20
431 1265 53
1338 64 92
1503 1576 40
861 768 38
1155 455 97
767 457 35
85 1546 46
905 289 20
1342 431 17
507 503 63
1162 837 10
202 287 39
1659 245 97
1302 708 29
1570 1187 100
843 1548 82
1276 769 40
733 277 66
111 30 98
1450 811 19
1234 1573 58
1186 265 31
1133 336 63
610 427 91
57 763 70
816 1027 82
183 233 18
7 1371 61
708 855 50
994 1200 32
522 873 50
1252 217 96
811 376 32
100 1457 81
102 526 33
1536 1089 60
405 271 80
1331 1337 54
331 1093 29
1259 1312 56
351 101 64
1478 1178 74
436 942 83
14 964 48
337 378 83
689 1073 27
1102 215 43
978 223 56
189 1545 97
1068 1037 62
1638 374 71
520 334 65
255 1499 86
788 1416 85
691 861 99
220 1556 78
1148 455 46
1239 133 94
129 1176 21
781 1543 100
682 780 62
1215 120 32
1594 1482 38
1459 1623 74
31 317 99
1111 7 16
1562 416 97
1164 1130 67
1429 1652 60
1439 376 49
1476 1173 30
952 725 67
1463 1608 74
834 823 65
1587 1292 16
1323 23 29
871 467 93
979 300 78
1521 931 75
1135 98 48
23 214 53
55 663 69
1445 790 96
1509 1070 91
1662 1045 98
948 872 22
356 616 53
306 445 52
870 504 66
777 636 58
429 1374 42
1655 893 30
647 1386 66
189 1061 20
1042 427 58
1518 1211 68
1152 1324 16
1474 833 85
1436 436 94
743 1172 15
477 427 39
933 123 69
1512 151 33
112 19 77
702 835 96
1239 1509 79
1270 1652 56
983 651 12
1431 1086 71
1424 1445 22
1622 12 42
193 1357 22
316 812 94
1524 1606 28
1627 690 57
109 1635 87
556 913 13
238 555 25
1288 320 100
648 583 83
1353 581 20
457 344 64
26 1110 25
130 124 47
567 1120 15
508 1620 35
556 1317 14
1241 92 58
1389 245 65
731 1357 37
1385 59 16
363 1553 73
653 262 72
46 239 96
1641 563 92
1533 1240 80
1262 454 35
1348 1364 66
1480 308 48
639 216 17
521 1611 82
56 851 48
462 791 17
1487 1550 48
256 528 78
99 317 25
98 1128 90
1111 1290 91
1610 358 47
1654 1488 92
1361 290 24
425 759 97
699 1445 51
900 1149 65
501 1429 48
248 1312 13
566 1173 40
1626 584 32
581 1583 24
1385 1545 35
3 493 30
291 1280 65
889 491 96
788 1308 98
175 838 83
270 1247 47
881 126 96
252 1246 84
421 161 61
1454 141 48
1344 814 76
231 1361 15
104 400 77
507 1130 12
211 475 72
1570 1452 85
1222 948 74
593 336 33
485 930 51
1559 447 29
752 902 61
734 589 92
1592 1547 96
1489 581 71
1645 762 38
694 584 100
990 349 37
325 1594 13
282 1610 86
173 108 78
225 262 67
1363 993 31
1031 1346 93
1585 361 95
226 925 62
1441 798 72
1409 1332 59
975 1384 33
112 522 31
1527 753 77
458 1357 71
1606 988 99
1208 240 87
1011 1608 54
563 873 83
187 1457 58
1502 100 91
458 11 82
1426 322 53
568 511 78
1052 797 37
571 376 59
1456 679 27
1620 792 75
983 1410 47
1212 430 41
796 1316 17
1088 1204 24
379 1100 99
1084 1336 61
775 1256 74
1411 993 57
1381 1029 32
1610 725 94
880 1386 96
475 1590 46
1627 31 18
1455 1175 58
684 1586 23
1294 1581 27
850 947 64
1294 1151 66
1392 86 34
1439 1367 40
933 1272 28
4 772 91
174 1300 16
288 1458 13
343 1379 35
1100 1004 37
348 554 18
1073 209 20
1362 1035 26
1214 719 86
725 609 20
698 1382 78
455 281 55
481 1 72
556 1193 53
719 861 92
1565 1497 86
919 33 37
1615 1193 52
233 754 22
732 147 83
1223 1056 14
225 1222 100
1418 305 97
1051 798 48
778 305 30
344 1455 74
1006 1644 54
220 1494 55
1107 397 85
1607 639 21
355 1382 93
1515 1580 40
944 1331 60
458 597 18
979 177 79
1312 521 28
1175 436 81
1467 512 97
489 1367 85
1028 107 82
1036 1408 74
932 1216 26
933 1374 83
1282 1559 24
891 231 29
53 689 52
1186 1274 88
490 750 15
466 507 72
11 930 34
1111 48 65
496 1464 66
1032 216 38
70 1488 55
1250 409 21
449 859 37
792 330 56
1590 440 10
1379 146 94
1068 714 16
12 1032 23
1232 1664 81
1373 664 83
49 1627 48
57 173 12
324 1590 95
744 179 19
951 400 69
1625 56 22
1004 133 54
943 1102 34
1069 75 80
887 131 14
1589 1162 16
1055 1166 28
617 1026 91
1063 1254 60
816 1093 100
1664 1317 57
1595 171 10
1069 442 23
156 453 94
309 1641 74
887 621 96
1047 144 19
1302 628 93
1079 1007 61
1211 1114 34
865 4 69
399 1371 76
302 771 46
311 1543 100
865 565 56
1515 1498 11
972 988 23
1476 1653 96
1576 1492 15
1204 1009 40
941 263 69
525 1231 60
1399 563 17
995 770 31
857 420 12
112 63 60
223 788 60
557 355 71
1577 348 28
598 202 29
40 8 27
1067 1255 61
343 1066 55
574 300 24
869 746 98
742 319 10
962 358 49
787 531 36
119 110 47
576 224 80
1568 1209 58
1398 1299 45
513 56 58
1265 215 89
1221 1609 54
584 1293 24
928 1668 32
1058 1332 47
1101 383 44
474 1166 64
59 1614 53
1472 230 20
1553 1657 82
86 532 67
1393 1476 20
1202 627 12
966 549 47
372 570 70
897 208 92
1400 181 12
1286 1152 26
1072 1631 29
396 860 33
146 363 56
1518 457 35
530 273 15
212 785 80
1535 895 54
441 651 98
1661 101 71
961 729 12
811 1273 98
1046 404 54
793 295 52
1117 683 17
1416 1583 13
1236 651 85
1573 1496 33
1161 100 83
522 1363 32
873 1616 68
877 1565 39
1174 569 33
1263 206 75
1266 165 18
1453 106 90
90 428 15
916 1654 64
201 1300 66
904 814 59
743 1163 76
441 336 81
861 1373 29
1098 509 89
261 1041 64
4 1248 17
798 654 31
907 1184 47
456 705 32
207 101 15
56 1662 49
518 1448 15
984 1421 96
1595 639 42
1603 767 16
883 976 46
1179 1665 88
1387 1183 69
960 534 88
1115 543 57
1156 895 93
77 603 21
1488 97 12
30 475 99
833 623 10
1092 527 51
1315 150 13
1440 1285 43
1351 206 86
533 1105 74
511 1306 19
1528 120 76
1467 524 67
1163 243 18
78 1098 50
946 981 49
658 1080 76
1304 1152 10
838 1035 10
682 281 15
892 646 97
836 905 30
824 1164 76
1531 1554 91
1458 599 83
568 268 14
606 354 18
1656 830 25
1445 1 68
205 1522 100
1207 504 23
1025 1353 35
1459 796 54
984 254 44
89 1089 43
633 678 83
941 814 64
363 555 13
984 1510 48
1086 203 34
441 1573 49
523 1358 67
181 1188 27
300 1306 58
1124 463 19
748 339 81
196 947 61
1203 591 61
792 1532 21
232 297 69
1351 1503 17
376 751 82
1554 952 54
28 849 51
1125 396 88
911 562 83
718 691 32
1454 363 63
1198 307 46
1495 89 78
1206 784 69
846 1267 71
712 1389 97
1065 1546 64
396 1395 90
124 835 37
1447 900 23
608 967 73
1458 1522 11
686 1347 60
1393 812 11
1191 521 92
1263 684 80
487 1340 28
1312 1302 21
495 1110 75
878 1660 50
926 52 54
1199 1468 55
508 380 21
296 1043 51
826 778 96
192 633 30
134 466 31
294 849 93
400 429 13
859 276 42
248 1275 60
695 1562 12
1115 994 20
278 761 86
1146 543 25
1126 556 76
1081 1333 96
606 240 98
1399 1304 58
144 1295 79
551 804 88
219 641 14
44 1186 61
1284 1515 92
1318 1116 67
846 1186 58
202 143 96
537 862 99
1298 1293 16
856 1360 57
1403 586 78
403 1102 31
978 1365 11
1471 1504 57
99 233 98
323 837 11
1205 653 99
851 818 87
1638 1106 14
277 190 71
209 1288 60
1007 460 31
266 1526 91
235 130 16
66 261 43
657 371 98
862 742 67
692 1666 20
1053 348 67
618 147 80
1031 214 81
1601 1201 89
645 537 17
82 463 70
283 879 28
898 514 89
588 1189 51
28 1598 73
1003 393 41
1606 884 25
1328 563 65
546 1000 89
1468 387 57
290 1655 92
1383 730 43
1572 960 88
1316 619 38
1105 629 85
632 170 18
751 2 34
402 1075 81
1227 1215 66
537 1641 21
661 1379 25
1161 1338 97
1343 96 69
1557 577 24
108 1339 33
1532 157 30
1494 882 47
1286 653 26
443 776 25
995 692 80
1337 702 94
1058 1301 69
1301 614 17
266 537 97
60 1097 100
1540 992 87
47 985 16
598 1472 61
1196 285 76
1475 1641 55
677 1341 14
1479 883 15
1139 1564 11
537 690 26
107 1644 17
1551 771 26
1669 752 42
889 1136 76
999 437 60
255 157 40
796 827 65
100 1361 13
552 585 50
730 485 10
460 565 60
683 120 18
569 961 98
741 910 12
720 1060 81
1406 1431 30
693 1244 53
1175 308 53
1123 1000 14
769 552 17
99 474 44
641 100 83
123 1101 25
369 492 56
892 1103 43
1079 223 92
1648 1001 60
1316 641 48
984 239 33
1622 925 66
728 144 48
447 340 74
1378 536 77
942 813 100
170 1511 61
896 523 67
856 1388 29
44 901 90
1103 566 86
1330 1550 79
899 1192 48
748 734 69
817 1358 27
204 458 40
31 360 11
1664 1353 94
1173 680 47
862 10 86
89 1096 31
607 995 49
372 1217 80
330 418 86
280 478 45
493 731 88
1017 200 19
870 990 42
307 1553 92
1625 910 73
753 387 27
627 1634 55
114 594 100
1322 171 91
1030 395 13
572 969 20
1180 94 72
928 920 85
1194 1196 24
958 1405 50
1095 982 87
1147 1641 85
1028 1379 69
53 687 72
1062 687 98
49 1630 36
1360 180 79
266 322 41
548 139 92
1179 1480 17
212 564 26
383 711 79
83 750 29
1032 79 83
1366 235 59
1572 195 48
225 135 34
868 203 61
976 1493 14
611 1390 34
626 896 18
186 785 60
557 1329 45
369 1386 51
619 1360 91
924 1605 58
535 119 76
648 1649 86
89 1245 26
1170 87 88
180 1220 22
1151 341 80
828 285 41
1436 1453 97
365 780 81
7 1501 62
859 185 77
164 266 49
1267 786 22
988 354 28
1500 1041 77
1111 183 69
240 150 17
1017 762 82
25 44 43
753 1157 16
428 1348 45
1462 1564 70
363 1316 84
923 1118 60
1534 1234 53
249 1169 63
626 545 97
1445 863 44
449 836 100
1200 1401 75
858 1216 37
463 362 17
1627 668 43
503 567 79
1475 858 35
1402 1372 65
271 1200 68
1071 1215 14
1532 623 36
162 873 44
1410 1436 67
917 346 31
1043 636 54
613 327 28
869 1313 73
1554 1162 27
25 462 97
1362 601 81
1620 810 88
543 230 70
1533 1265 10
1002 1579 37
145 1255 36
969 1343 57
584 647 85
169 818 26
51 790 45
1354 1278 48
139 1381 93
96 418 27
290 450 91
756 96 83
172 1338 43
842 430 16
998 766 90
996 356 12
275 1463 48
171 48 31
1077 1247 62
1493 145 100
1312 163 66
842 222 70
704 312 93
713 473 19
150 24 16
1654 1339 91
1274 1560 89
447 1262 28
189 750 38
455 544 18
1351 1006 13
1334 230 69
556 755 70
640 174 21
658 597 95
902 804 38
39 1124 36
717 634 79
280 1634 14
12 939 28
1175 413 49
738 777 74
1175 926 71
628 1460 71
410 1389 21
946 1443 26
1521 1093 80
1052 108 68
993 2 55
869 919 25
1097 389 94
1207 1638 95
1383 1426 95
927 754 20
409 946 37
292 1039 54
212 1490 57
17 1219 46
302 1442 40
976 1481 89
1122 1380 38
1433 1020 96
1480 842 76
172 303 50
1512 796 96
107 439 73
788 1107 27
992 1434 12
327 762 16
686 942 63
628 1034 95
233 229 63
1186 489 49
317 99 78
1212 671 25
441 332 31
283 1487 25
1374 1389 63
1250 411 10
647 1312 20
507 920 96
991 1355 70
546 1219 42
1047 1298 54
1302 1270 56
1083 1050 28
417 492 14
299 1441 76
407 1420 98
1625 542 12
943 1599 99
1117 1292 80
591 1433 41
1307 1023 62
651 900 99
991 1058 79
245 1543 78
106 1262 14
57 730 74
1357 843 78
777 442 21
573 918 47
369 1656 22
647 333 75
1488 487 16
909 588 78
1206 1424 44
825 933 51
912 1311 86
1261 428 56
737 100 49
1653 177 26
325 33 51
583 843 85
850 1447 27
471 1271 38
1410 250 52
1625 1061 85
157 960 76
274 1645 31
1639 1620 67
1478 1161 57
545 372 66
338 1614 73
213 680 25
1473 211 62
142 264 55
654 291 50
1651 1451 89
1395 302 27
709 501 49
819 599 91
546 204 52
103 1210 74
1427 514 13
248 1037 60
181 349 21
660 1517 62
1442 1000 20
662 252 81
957 772 60
542 1480 88
357 1624 67
93 457 62
37 983 80
1274 1288 13
406 126 36
1127 677 35
609 531 91
1310 18 24
1175 734 28
920 641 77
514 783 34
1613 729 57
1158 117 88
1069 725 23
764 1463 36
804 406 58
386 1600 96
386 549 73
614 820 80
1543 606 18
1599 1044 39
853 910 39
1351 1284 90
679 1072 47
1104 590 87
1069 994 33
1003 725 24
630 913 28
1190 1530 96
783 758 57
1275 772 11
998 1315 86
802 12 15
36 689 33
177 902 13
628 68 99
1367 1183 49
411 1097 84
766 395 20
1031 214 20
1263 360 90
1154 611 74
737 1574 21
90 251 57
96 943 20
125 555 84
516 130 85
1159 1341 84
386 1076 20
571 162 59
739 874 67
1360 139 97
1208 1486 11
14 1547 92
623 616 24
1440 486 81
1386 436 22
1333 1025 40
95 183 61
1 657 55
717 1119 88
742 1589 64
725 212 13
372 804 52
84 817 58
1101 154 54
441 812 58
959 1123 84
1393 1486 90
1250 1389 16
1432 680 24
842 631 32
1512 1196 53
1440 996 64
362 555 34
559 82 29
803 444 22
724 898 35
544 572 93
73 338 45
696 862 80
1565 127 94
941 1540 54
628 258 12
777 891 33
60 1111 31
1500 1280 80
49 485 72
750 824 13
1344 375 71
701 769 31
1215 600 56
408 1024 43
1066 933 77
618 958 97
485 1655 21
1366 411 68
846 1352 80
1198 245 39
591 532 98
1625 1147 41
88 889 80
1479 447 35
30 1062 43
304 338 18
422 896 63
75 1090 75
795 86 25
1067 1487 92
1370 1453 58
214 50 67
903 265 98
827 285 24
617 1649 79
458 360 48
651 628 63
765 1093 22
507 1464 95
75 1604 61
1625 1577 83
1086 693 48
1242 1020 81
1629 1014 59
912 704 44
1421 1330 98
949 1521 100
121 14 24
1366 1178 26
296 911 97
1513 952 70
1468 13 79
362 845 49
222 45 84
1415 870 82
108 933 59
623 1573 60
543 236 48
305 223 66
1288 556 90
168 1136 12
1050 1443 78
1129 615 36
31 444 62
698 30 30
832 221 23
428 166 16
317 1195 40
1121 1110 66
554 1055 85
1451 1260 12
1469 663 29
864 1654 87
1435 1294 85
1075 289 33
509 1144 65
1594 460 81
887 762 89
231 99 94
1388 557 96
327 1534 85
866 1341 24
982 245 26
1547 689 72
146 762 79
936 1254 65
276 1026 34
1027 1300 20
1272 178 93
946 333 57
220 1048 91
1599 911 47
1095 745 16
1244 661 29
1509 821 34
1226 1624 47
1028 805 98
928 1181 54
745 585 78
1410 1285 69
1144 1286 45
717 407 83
203 633 84
985 32 88
1489 56 60
1629 1317 12
679 697 36
561 527 88
364 1500 18
61 237 66
359 462 63
734 1336 89
333 1207 99
157 236 63
683 322 23
721 588 12
1187 44 20
876 394 60
73 409 40
1656 1001 66
572 987 23
597 1412 39
105 1398 86
691 1532 44
1526 443 88
697 339 93
1146 1415 46
551 599 95
989 1373 62
1077 588 46
1494 621 84
100 1258 20
1568 375 10
1369 381 41
1606 799 29
856 135 92
336 527 61
30 973 36
930 1404 29
1418 252 10
737 1116 23
705 15 64
1188 1608 21
228 22 18
746 458 68
621 1386 27
464 1449 20
540 369 69
215 563 96
469 1160 62
8 956 60
1530 801 52
862 427 73
224 1531 100
544 344 10
1320 1664 68
1565 229 55
1659 1391 78
1061 1309 43
959 284 83
1627 860 72
1375 932 84
1043 1523 28
303 1149 54
651 1456 22
320 180 79
850 443 96
1600 986 94
720 98 92
666 713 59
1233 393 70
238 1402 31
1141 273 61
1462 891 15
1582 719 91
1129 861 62
581 791 35
8 394 81
1460 1603 12
5 1627 14
1558 592 38
762 1513 72
1128 133 88
720 216 88
1241 1230 64
30 907 41
1216 860 78
34 348 62
428 432 78
850 834 59
1330 1437 88
1372 669 26
620 600 73
1102 1398 71
1459 669 20
670 127 52
275 968 35
83 477 45
197 987 27
1384 886 57
1535 623 72
429 561 85
1140 393 28
829 1563 91
191 1428 38
559 1465 53
65 1524 46
1318 319 54
56 529 70
1553 1262 93
651 1355 49
648 1117 52
996 1069 68
1429 184 26
380 32 83
1354 968 47
95 651 11
457 1432 73
712 775 97
487 475 61
852 1265 77
1495 1469 84
673 1297 91
480 1089 93
1531 1211 53
1431 975 86
1157 40 71
1308 1492 30
984 975 11
746 75 94
1360 303 79
821 1158 17
1478 752 29
700 252 96
778 1544 87
1461 293 66
1455 41 30
231 1588 54
170 43 26
611 805 31
1298 509 87
1102 1542 97
1568 1249 14
1375 1553 88
1559 63 98
1120 61 73
1100 472 98
826 1256 90
382 1259 15
77 912 19
1152 1640 14
61 788 51
1485 351 98
1454 509 23
425 1072 71
1041 599 14
1309 375 45
1594 1423 60
334 1395 23
734 1010 17
676 1610 27
1096 1279 40
439 1272 33
1438 305 76
934 1511 77
890 676 99
76 253 72
1551 1562 20
1102 1149 72
122 118 88
1397 490 62
1041 222 96
668 289 11
623 1014 49
280 706 93
1518 357 94
479 597 30
1083 1331 70
1398 203 48
274 277 16
687 1259 49
641 1568 94
717 881 84
1554 648 100
1652 33 39
1541 1621 44
417 892 47
703 27 76
43 366 31
881 218 36
470 804 59
571 1386 82
1196 1245 20
840 172 38
1452 1544 95
1528 693 99
1382 1558 55
1289 439 12
1634 157 30
1319 1461 73
770 1421 78
540 244 50
1634 197 39
945 1345 59
1355 146 57
10 926 73
993 723 72
1313 1266 95
325 401 68
337 947 98
1333 681 43
1125 717 18
988 506 27
811 1580 54
592 667 72
1021 604 98
1460 1648 55
357 223 54
1305 1545 74
803 1543 89
154 75 91
1543 1146 50
413 1612 32
1159 432 89
1572 318 13
860 1127 75
1478 1375 21
797 334 72
702 1036 82
1591 895 37
795 478 26
950 1277 72
1454 1320 65
1467 1551 75
814 1056 28
260 1350 54
0 853 58
1611 1640 88
249 632 50
1367 1255 83
131 1090 84
666 892 95
568 1636 71
302 1664 24
693 986 78
1575 201 58
1315 685 88
686 715 30
1003 1328 95
657 327 55
479 462 13
1513 376 45
533 1304 31
1416 1003 25
1156 850 50
899 1035 10
831 711 88
1318 606 20
180 1500 21
236 717 49
1438 211 38
1054 1384 21
1154 907 81
1551 1034 62
908 899 89
538 820 60
722 214 61
983 493 17
1656 1214 59
436 1518 21
733 324 74
1602 1278 16
790 369 70
1128 193 73
557 205 73
1597 1577 44
1565 398 69
923 1631 42
858 1316 76
1431 255 89
334 1466 34
557 348 47
211 1335 46
1500 767 83
840 229 63
1030 929 83
235 1030 45
545 151 94
37 1315 11
468 976 45
506 1019 21
1158 633 26
975 606 77
32 682 16
885 495 13
638 1488 56
1238 349 10
1391 13 74
224 884 42
470 1331 19
522 1309 53
1027 424 77
948 1340 82
1436 981 29
362 27 83
220 1023 37
1046 1092 91
350 1085 65
54 1410 11
305 736 55
574 744 84
232 91 22
198 507 62
1002 1101 88
1240 837 75
1005 882 21
368 33 49
617 1422 40
709 1079 47
711 1348 73
239 348 10
1502 1007 73
652 146 82
1328 1536 64
808 736 33
1284 1523 62
270 974 67
1277 1528 84
172 810 79
1144 794 13
406 62 34
932 91 62
1385 759 22
1539 726 35
1636 1258 21
651 1219 52
892 1657 45
707 1304 96
28 643 55
1098 1029 61
451 276 22
1244 1412 65
1398 415 38
73 949 49
1453 578 18
35 1337 36
439 1638 26
907 598 75
280 1629 70
790 253 49
621 106 79
1113 881 74
727 139 87
1658 152 12
681 1410 83
861 262 37
157 534 43
1548 705 15
576 651 85
1421 598 75
570 389 16
732 1210 95
1306 1370 94
258 1397 11
1638 1125 42
71 1507 15
746 1577 73
1281 1648 35
230 902 89
1592 816 34
9 215 91
293 1505 27
540 261 12
1049 781 41
1026 294 83
1333 505 69
661 118 20
377 1420 56
822 468 33
497 1220 24
1389 885 35
314 1387 63
1567 433 95
265 1644 42
777 112 25
957 345 34
1392 77 62
909 454 69
512 740 19
285 544 91
660 1091 43
546 632 60
1540 945 60
464 1226 98
201 1554 47
1609 1459 14
246 185 12
710 315 72
11 250 33
1531 1596 29
188 639 16
116 1367 51
1395 234 80
3 577 19
1315 1275 64
1480 151 89
1295 895 80
740 1310 77
958 1007 29
567 1031 10
1289 1008 46
457 772 54
1199 1122 15
281 1370 70
592 1255 12
1144 150 99
1389 675 72
1233 463 44
953 59 61
1489 455 82
1430 1297 76
155 902 75
1132 929 73
1198 1046 51
1138 965 87
1123 879 71
262 160 14
1182 1508 22
500 1254 18
1264 691 63
1281 175 60
177 40 67
1054 414 65
727 1313 78
1517 765 81
938 78 66
99 1253 44
1577 1048 23
1408 1508 14
766 1427 15
24 206 25
495 789 56
1161 1028 79
626 576 83
1218 1432 88
673 839 98
1090 17 53
920 1590 41
898 413 72
1540 1270 91
272 476 23
1334 288 26
1432 471 36
310 1155 38
930 1182 61
447 116 66
596 72 14
1510 1200 86
507 35 61
1332 1171 71
415 518 14
1143 511 86
705 1441 99
1031 343 73
970 280 41
792 345 33
1122 1126 50
321 261 17
78 962 79
2 211 65
381 273 56
1267 814 65
1306 1390 58
1593 829 35
1342 1610 57
703 1591 88
63 759 33
1066 1482 73
366 828 92
475 172 86
1285 564 91
1209 1657 19
938 325 31
1223 1211 15
1081 557 30
1449 235 93
391 1642 96
615 1084 70
682 1032 67
1531 13 14
1249 1647 63
100 1374 23
1378 1120 75
451 1132 75
649 1403 24
1365 1015 100
318 1410 68
1164 306 85
668 337 52
334 1167 89
170 806 77
1001 608 56
764 84 91
1441 1215 25
77 988 62
208 79 40
1422 1428 34
569 1150 11
784 412 70
100 110 25
797 726 83
1549 382 29
1572 823 76
1471 1220 37
1293 235 69
1261 796 54
1629 1650 50
1432 26 36
944 109 50
1350 513 70
294 700 37
336 1504 23
660 1106 44
288 1440 33
819 922 28
1448 602 39
825 682 36
741 384 74
1632 518 34
1127 153 39
1239 130 61
772 1188 47
830 851 53
1583 1384 90
58 1523 49
1625 1667 38
901 1667 74
376 49 27
1648 40 75
977 1665 64
537 819 22
1065 1199 95
1405 357 10
1372 1484 82
267 1352 80
872 630 91
777 623 43
369 618 35
219 1484 12
407 154 79
1471 680 39
671 1193 56
922 1341 82
1394 336 69
42 153 29
755 484 43
1245 1219 59
729 504 60
1336 1194 98
575 255 96
594 859 84
933 1291 28
184 261 53
504 470 29
1499 36 27
591 579 31
1094 994 15
1279 1182 10
1377 623 79
1221 860 16
741 185 73
1109 749 30
748 1127 60
142 596 95
656 1659 43
1431 145 49
591 748 64
919 984 27
743 1551 23
143 1306 70
47 342 49
414 554 54
159 40 42
156 1596 90
1067 1280 11
129 943 92
718 422 84
76 1174 89
1542 448 42
1269 695 75
175 1561 67
1220 288 59
922 353 71
199 91 78
221 1487 40
533 142 89
403 1143 16
191 1518 50
1174 486 41
609 258 25
1512 311 67
217 228 85
459 1424 96
740 588 15
39 809 47
984 753 61
1259 93 16
580 500 73
999 776 14
447 1221 47
490 641 94
696 1271 98
1244 743 19
1242 130 70
1431 1362 93
415 178 24
1251 512 78
509 960 40
692 1612 98
1483 1089 35
26 1073 90
723 1177 48
763 1631 38
1078 316 54
796 32 55
61 989 91
1354 935 90
1509 198 48
556 32 59
957 269 99
457 1502 22
1257 1436 26
880 252 34
1619 1191 18
1560 1116 53
623 602 23
1059 786 75
1161 306 21
765 1193 23
793 1387 97
1433 1000 20
489 522 57
64 763 87
671 291 55
222 709 11
1 567 54
199 122 88
1609 1556 32
451 83 23
732 897 48
395 1205 56
509 1557 17
1650 576 66
703 444 72
882 81 83
795 1135 81
48 1286 57
813 252 27
784 457 29
1295 577 39
439 379 88
1365 1027 21
1400 381 68
981 1605 14
764 493 45
1378 673 44
1623 903 77
1117 1491 31
652 1039 69
1205 1483 48
1364 437 39
22 242 48
871 461 49
37 938 57
535 1046 93
749 662 73
1004 254 65
505 822 86
174 857 76
1523 209 73
674 1218 15
1575 1325 20
665 179 57
908 1164 16
732 1236 55
1329 734 55
684 409 72
1333 165 22
1565 1333 93
823 1249 100
470 484 25
713 482 87
1166 90 64
1095 967 21
1109 626 96
1656 1225 61
398 1169 56
201 164 79
1063 383 77
395 1597 64
1018 394 72
356 1506 15
849 1384 62
257 607 43
203 1428 74
818 560 60
63 1483 61
691 946 19
1011 1092 22
1311 379 80
244 156 91
529 1025 26
782 1244 16
841 1346 62
554 919 78
534 830 66
54 673 88
1613 824 79
934 1387 85
934 1211 12
1438 374 76
473 1367 70
1464 1481 10
9 1025 41
1205 1573 44
980 73 86
970 775 44
1250 1088 28
924 1322 59
1544 977 25
86 600 52
633 1330 31
480 666 82
658 1539 53
1404 285 48
1492 1411 91
608 72 65
431 1454 71
183 1463 91
981 932 100
138 1073 52
1143 1175 20
599 91 76
1088 1353 33
1322 866 31
351 409 14
833 1102 60
965 537 74
651 677 55
184 1451 30
1371 1500 43
897 1407 24
741 987 30
1497 1286 67
604 605 81
1274 983 68
209 1235 48
384 1482 48
554 544 39
969 265 16
899 1613 58
816 1262 27
1298 545 38
118 1186 20
709 1371 61
1590 382 89
656 393 71
990 477 13
1374 1200 30
1264 370 49
1016 1208 99
1136 460 10
4 514 19
551 405 61
1165 159 73
866 785 68
667 965 34
1579 1297 78
1349 823 19
339 1151 14
894 740 56
845 496 74
103 1395 81
420 1494 39
1121 1133 15
1493 158 49
187 1482 13
1447 1186 41
804 1360 42
1045 337 56
1040 17 23
33 268 91
703 471 74
782 1291 77
106 615 29
1183 1219 69
1426 463 33
1185 631 44
136 913 54
851 637 34
3 1566 57
1468 135 96
320 1060 61
1431 1226 29
1628 417 98
1305 1511 36
422 809 84
519 1595 12
1259 1318 86
90 1633 37
30 1343 95
1303 1217 42
706 248 49
285 1020 44
601 1659 25
57 657 76
624 307 69
645 1040 11
1561 1400 17
814 455 87
539 238 69
388 968 64
1548 1590 99
1382 957 74
1333 331 53
1468 583 33
320 937 71
1343 1509 38
267 1478 50
837 172 41
836 1609 10
429 483 81
4 69 59
1650 155 72
1295 517 62
1301 1072 20
1253 670 96
760 1557 78
522 312 76
985 84 97
1302 1611 40
737 603 92
584 209 40
305 924 77
166 501 90
1170 1301 50
454 563 42
1024 738 38
1326 698 65
91 980 51
1361 461 88
42 157 64
1248 1039 96
53 515 97
1368 614 10
898 507 39
319 1424 25
341 624 49
1638 571 52
817 631 36
1431 847 76
1190 1621 55
1333 1193 98
214 1302 42
47 699 75
82 836 14
758 345 61
1153 275 55
1578 283 19
933 1289 50
376 1152 32
197 900 55
1434 1627 96
228 1565 52
234 176 32
740 646 62
1269 1539 19
1598 62 12
998 1389 94
343 795 79
491 1143 19
1381 874 83
845 338 67
1386 720 42
314 1097 17
750 1334 90
787 1608 29
704 1561 84
495 1023 36
24 331 90
1027 817 92
920 1593 47
523 1168 64
1404 443 96
193 180 63
672 1399 30
39 530 17
1559 977 41
1596 887 17
574 43 50
1592 141 45
278 807 79
739 816 72
1231 544 40
407 1059 49
472 107 85
1578 1640 36
1249 373 68
734 865 74
191 314 35
963 266 55
206 1160 90
806 1520 68
1621 1638 55
195 1299 66
1499 1636 24
23 1609 58
1218 1447 93
1626 270 48
998 811 58
1347 586 78
1321 642 82
1456 741 14
189 72 49
1456 1510 87
115 138 19
274 770 25
178 1378 39
444 906 68
552 714 69
575 9 93
606 1422 32
735 930 28
1561 1128 15
1619 1547 75
413 1534 90
641 883 38
100 1005 91
736 1323 11
1389 582 65
1305 527 97
1429 1585 36
970 1663 82
710 1460 21
1207 928 28
809 218 95
1200 1336 87
782 1112 48
1200 595 32
117 627 27
288 1079 66
900 971 86
1057 1072 47
719 82 19
933 456 67
430 1039 32
1297 696 55
1254 799 84
787 189 95
472 1539 45
1642 439 94
299 974 97
1015 919 49
94 917 99
1507 913 99
452 1587 33
652 1641 20
1195 1032 83
1092 899 87
1350 1578 81
713 468 75
139 1152 79
523 375 81
775 554 61
396 58 87
1007 1556 12
869 1662 96
135 117 45
995 514 17
10 267 32
1462 477 83
1351 1503 82
1139 1387 59
448 584 90
1564 334 77
329 1615 62
1548 144 82
271 592 22
585 1219 87
1515 1396 74
1183 499 81
1296 217 95
545 1462 54
381 1122 62
238 444 86
795 967 81
1651 667 34
829 274 93
992 391 48
741 1413 60
512 1570 85
607 965 84
460 659 22
1075 1630 88
1646 180 45
380 333 66
83 155 82
421 1168 49
892 23 82
1177 225 18
670 1051 39
443 301 87
254 975 78
393 371 55
695 879 60
312 36 90
630 123 50
1385 1232 73
613 1339 75
420 387 44
268 274 93
168 1442 56
1646 1085 12
94 1032 36
1111 1059 10
911 777 63
395 1622 96
78 533 75
1277 1211 14
1084 28 12
145 1497 36
894 682 75
1665 1084 48
126 299 85
703 1563 75
1330 712 87
1047 1477 22
1644 1343 84
1249 1517 26
1121 442 81
198 1288 61
1470 832 67
795 631 42
744 495 32
345 1325 98
1655 926 31
393 918 85
775 1106 31
1186 1122 32
1220 908 37
1097 226 58
1528 69 64
1326 1275 20
1520 1171 80
571 314 80
928 1126 13
404 1539 34
1612 508 92
469 1470 44
942 748 82
1145 426 16
250 776 83
3 824 19
1572 125 44
486 1102 51
555 1277 58
688 442 48
597 914 60
1590 874 15
61 1398 10
901 1118 88
1612 195 67
1487 394 59
884 137 61
1517 115 72
900 63 60
1076 1575 41
569 21 71
776 1233 95
1401 345 56
1092 793 21
1329 722 56
1035 865 95
11 873 77
313 1305 58
723 1290 77
1223 519 90
867 222 83
1606 1649 79
814 1194 93
1044 88 47
969 581 88
750 154 62
976 566 51
1143 1125 80
1177 158 72
864 81 67
387 1320 89
1584 776 99
1477 457 93
324 1568 51
829 783 47
550 980 48
330 751 32
308 1411 54
1045 1523 43
770 1239 57
608 261 78
64 994 90
820 566 25
1075 469 49
1324 138 70
172 1275 10
1212 1403 14
1239 306 46
248 683 11
983 1582 81
555 1146 62
548 1132 82
509 572 15
929 160 36
1424 500 96
1328 290 23
670 1199 12
1520 1488 39
1280 639 57
1162 118 58
141 336 39
1211 90 71
683 1384 98
308 442 79
1663 80 35
395 17 53
1090 1608 29
519 719 30
376 1410 93
1283 382 66
228 547 51
576 43 24
49 719 77
982 504 92
1488 1164 66
1040 1536 44
822 1524 52
445 1527 15
1540 1374 13
27 112 62
1542 1250 85
1489 652 32
1213 9 49
925 1016 68
622 1209 72
1361 1615 83
1301 295 57
526 1347 55
1458 417 23
488 1300 38
1614 905 18
542 987 31
590 1627 48
638 913 86
509 1418 11
919 200 59
1461 1493 91
118 1422 34
1285 165 55
680 1258 16
1458 305 95
1343 1250 66
1052 967 39
84 456 79
1501 730 43
1617 827 78
511 1207 89
1187 376 74
567 1052 72
1417 990 36
966 764 72
190 1063 53
1184 673 83
1580 1056 42
451 293 24
814 764 39
1124 1072 82
1301 1238 97
803 1166 35
1370 1627 72
138 781 15
1053 830 39
1102 1532 12
767 486 76
1290 346 14
707 1653 95
890 227 16
598 1270 92
188 1589 19
1253 1135 47
1104 1166 52
149 548 64
48 89 24
794 947 17
376 154 37
721 1596 87
479 1173 44
1459 925 90
554 1 47
678 280 56
985 1295 97
763 755 88
1261 718 26
1095 309 40
359 400 57
321 512 15
351 1530 50
598 1016 84
407 941 85
591 400 69
1137 1100 61
1008 1542 43
915 1642 53
564 1080 87
1333 739 97
346 430 47
589 293 46
1156 904 56
1251 448 18
1378 532 10
535 302 85
43 767 41
993 433 44
1241 828 18
323 152 81
654 1291 52
1128 1199 89
829 1307 85
990 381 25
853 30 97
245 333 38
1572 661 56
749 1550 76
580 445 98
1209 737 25
858 179 35
424 831 75
539 773 86
838 1580 96
1066 931 14
1634 110 46
898 1636 97
1026 1490 23
947 846 35
351 1115 15
1184 925 32
591 1252 43
564 436 61
1226 1200 76
810 712 41
1213 765 26
769 530 76
735 1486 71
1295 1423 100
1207 1346 60
787 1406 92
909 78 38
1486 1321 68
755 1569 69
344 216 63
1367 837 72
545 1025 39
316 291 75
991 482 64
1597 1414 74
1426 646 58
1150 1124 27
659 1469 17
945 1323 40
1441 816 30
1498 1553 53
681 660 34
1297 1589 23
508 1605 42
658 1597 21
426 1255 51
641 126 13
328 1393 12
378 676 61
112 488 51
1525 1276 78
637 457 33
691 1379 28
353 423 73
783 1393 66
184 999 99
46 919 31
1145 1421 49
351 926 23
1476 747 73
16 301 67
681 129 69
73 519 46
642 1026 76
1287 406 55
1135 1594 64
1053 1227 55
1172 1551 80
732 927 23
633 1108 46
487 405 57
1131 1356 25
303 406 83
907 1185 71
1149 158 51
736 273 51
1418 345 34
1160 1477 30
1007 1568 23
868 685 56
555 1424 100
1453 569 48
1110 892 32
696 751 46
542 1119 44
1242 660 49
533 1368 80
223 1019 13
414 29 100
108 1590 12
958 654 11
1516 1083 64
1008 1309 82
792 115 30
454 930 81
993 1120 16
934 291 20
1655 1441 16
1448 877 66
463 337 62
195 1547 56
421 858 12
1573 1284 53
272 881 76
1266 736 42
305 301 31
401 486 53
891 968 58
373 592 25
1256 1375 14
1401 1019 82
1082 644 78
835 817 69
589 1202 88
1416 1460 39
1261 468 77
1505 146 44
237 804 46
588 245 57
964 122 36
1295 785 62
1342 428 68
871 967 47
919 1323 53
116 4 82
1001 326 95
652 679 16
1352 305 11
611 209 81
926 485 27
883 1018 21
951 1209 64
456 404 66
1140 1638 53
1448 1100 75
382 1660 77
1602 982 33
309 1426 24
1573 704 73
667 1177 62
1547 1571 32
1375 517 22
403 1228 62
1367 1540 33
916 249 28
819 1620 54
1478 785 55
1460 288 34
515 355 65
1412 1144 65
321 563 85
1031 475 21
364 937 18
1343 1416 63
1232 1065 87
628 560 48
1661 917 88
1116 1426 23
1068 361 91
459 228 18
357 784 30
517 1521 10
394 1403 35
514 51 87
1495 1193 45
746 82 100
483 531 96
1521 823 87
362 78 61
415 392 100
965 481 60
1003 454 31
1058 879 99
497 695 45
204 835 66
568 421 11
60 1650 33
1252 422 83
449 93 75
1412 1610 20
341 946 42
703 1023 80
631 1138 71
466 454 35
16 1303 81
13 146 85
752 1003 18
288 231 66
909 164 86
1105 1479 67
1631 549 25
79 375 87
1403 79 82
735 104 15
178 452 28
1494 308 75
559 886 34
619 189 87
1522 484 10
1525 146 60
644 596 46
1202 1260 84
752 136 13
956 1504 94
1533 942 13
614 1307 49
514 199 43
181 955 23
459 227 83
1154 875 16
739 1311 36
268 1391 98
1420 340 39
402 518 37
1527 1369 57
912 625 23
971 344 82
542 129 43
1412 1291 38
1621 930 28
1418 438 62
1346 1527 74
537 1465 71
1340 1228 35
599 1616 20
1129 303 64
1350 1351 25
1490 1520 14
914 885 95
896 1355 61
993 1044 25
696 897 36
1123 984 84
1049 1300 45
602 248 11
1543 1522 95
780 1634 17
416 827 24
1665 201 39
206 685 34
1310 1136 21
902 894 82
205 924 88
190 440 51
1244 225 99
1282 555 75
1351 1645 19
1529 1023 39
890 1093 59
334 72 15
1181 718 76
241 738 58
923 1106 100
930 1335 28
641 1140 100
1012 1576 88
1464 126 52
815 859 51
974 541 63
1013 18 63
745 558 71
711 1656 87
427 525 28
422 360 32
1205 509 64
760 1317 25
1047 583 76
716 448 67
579 971 31
997 1237 17
199 435 99
51 1123 80
1188 1170 26
275 1571 78
79 1633 69
1011 1151 64
1507 165 23
1553 1163 68
1483 336 95
1007 1275 91
1119 859 66
394 107 46
1420 1023 20
713 736 28
122 1628 38
700 998 27
997 754 57
938 622 58
409 1032 65
1533 772 36
228 1012 66
1371 1256 22
667 1169 17
1651 286 34
124 1642 17
567 916 35
917 102 59
761 845 18
456 90 56
3 289 83
1525 573 91
1569 760 81
966 1655 21
583 659 14
400 694 76
505 967 48
1566 96 55
1608 51 75
1212 1322 73
346 1498 79
1422 1161 98
1089 563 78
1495 1200 35
38 400 74
1555 1075 82
68 218 39
1349 131 15
724 122 58
1666 789 52
1030 1011 67
26 1111 76
168 1665 97
1066 701 19
1607 1202 28
776 880 41
1242 805 59
1324 434 64
812 513 31
279 1010 12
687 85 56
560 1417 22
380 625 27
741 1218 50
1015 263 86
1003 1256 24
878 1251 95
580 541 38
407 1140 62
523 189 19
655 472 36
1352 1365 54
1468 198 87
978 748 25
353 237 57
496 1130 64
620 761 31
340 571 39
1434 682 93
109 1656 18
1169 1600 32
530 1409 26
536 1562 81
1271 290 25
415 830 99
293 317 20
130 1395 95
459 607 78
1160 123 82
635 720 48
816 1304 76
226 1174 32
