287 7897
95 235 92
53 47 32
225 27 78
29 276 84
280 136 86
145 222 84
147 71 99
63 194 89
207 189 51
66 165 41
232 45 40
272 266 20
31 61 74
92 105 18
285 69 16
161 202 72
180 68 11
246 217 28
80 258 34
206 216 45
85 15 54
275 195 20
45 23 78
97 5 11
229 281 97
266 100 62
205 272 48
91 148 89
200 148 43
213 24 64
169 255 17
92 239 78
193 96 26
20 250 82
101 274 93
68 35 59
241 54 49
106 215 61
206 12 11
184 197 94
80 6 57
11 30 73
72 106 98
246 282 92
40 10 95
71 263 88
117 4 89
180 232 100
190 109 30
16 48 72
176 171 83
107 141 45
200 40 18
126 184 84
243 113 38
258 277 72
57 285 97
14 6 75
133 21 50
212 203 22
97 228 70
269 263 24
246 166 16
34 149 24
7 87 19
133 122 64
203 25 34
19 8 14
220 261 42
246 195 80
246 167 75
273 85 64
234 175 58
6 8 15
188 44 37
159 282 73
130 196 16
110 64 82
249 34 56
5 152 40
33 133 38
269 101 45
116 286 14
189 264 56
248 261 98
84 224 96
132 249 42
260 192 29
36 213 79
38 115 82
15 259 34
58 0 66
105 182 34
46 133 89
130 245 23
121 93 92
149 88 69
235 95 86
266 200 12
137 15 62
140 236 61
186 236 52
118 250 22
103 118 65
187 144 50
180 14 45
278 38 19
110 256 30
224 203 74
137 79 51
280 246 50
129 120 49
170 85 94
157 254 53
173 209 16
231 181 85
214 226 23
118 13 43
105 69 12
151 138 73
188 253 74
263 11 35
232 129 44
280 155 10
122 216 37
55 209 97
175 282 85
159 267 41
113 142 19
129 110 49
29 170 48
253 135 42
226 18 97
93 205 32
222 70 66
218 98 29
182 76 22
38 83 92
103 235 89
273 162 26
272 49 59
132 118 88
11 247 85
239 157 21
149 156 49
77 157 63
164 180 36
11 106 35
86 166 38
276 262 72
120 70 73
192 91 46
263 4 95
19 61 83
121 122 20
11 182 46
174 53 94
183 17 80
14 190 11
221 256 76
229 5 76
199 30 17
64 274 47
89 262 14
19 168 43
150 215 29
148 239 36
59 17 70
284 1 96
28 86 36
103 271 59
136 113 92
183 167 83
31 129 96
106 253 84
235 180 49
138 225 53
172 284 31
34 93 73
69 46 15
116 145 100
118 90 91
132 166 73
183 221 52
197 34 48
157 198 21
60 107 99
223 40 95
167 35 16
40 138 26
275 270 64
152 272 47
5 51 16
231 54 53
38 154 47
132 141 80
56 13 68
44 75 37
118 12 24
145 15 95
77 236 21
140 232 11
127 192 69
269 36 25
52 54 93
251 84 74
1 31 86
231 42 63
15 253 17
154 242 20
216 245 22
11 79 86
253 112 77
240 94 45
122 286 96
100 258 93
111 200 54
243 32 60
126 4 40
123 225 44
95 178 47
178 8 72
94 33 27
168 274 40
243 41 33
241 220 70
244 6 63
186 43 77
72 131 79
191 263 74
241 259 42
114 13 55
275 35 34
285 87 44
86 9 78
23 105 95
197 273 21
129 286 73
284 121 62
262 58 23
7 267 100
139 256 32
142 50 82
24 52 62
200 136 43
248 243 63
47 201 72
214 194 97
141 143 63
26 68 87
135 96 68
267 177 22
85 91 60
185 46 94
229 146 60
124 257 90
113 262 65
269 259 87
259 63 58
37 93 94
271 279 70
67 179 23
255 195 40
63 248 23
273 214 56
258 275 16
130 221 98
0 214 51
40 204 64
277 89 90
84 252 32
278 234 96
43 224 82
211 230 10
280 51 20
174 145 66
265 216 76
51 214 89
166 264 85
144 45 21
69 112 93
128 211 15
269 133 97
1 268 65
106 104 27
118 233 49
15 155 69
99 276 16
19 150 37
201 144 48
136 4 61
50 283 68
191 253 10
173 189 62
185 71 76
209 81 76
109 55 23
283 100 28
132 221 71
233 224 100
29 103 33
89 8 92
211 123 74
47 8 21
19 250 90
182 181 99
168 9 49
165 226 73
159 68 34
164 0 79
198 4 98
150 259 61
31 6 94
161 225 54
89 196 87
207 106 14
66 264 56
30 111 67
110 51 34
99 213 34
77 9 34
227 174 34
103 196 20
206 43 60
1 69 47
105 159 84
184 53 68
28 235 33
63 117 12
249 212 34
8 139 55
103 97 22
236 274 30
223 89 33
235 5 76
264 153 23
276 126 46
49 155 92
271 66 20
62 248 83
221 276 43
26 125 56
224 170 99
28 12 16
180 127 73
39 189 61
204 258 46
125 114 81
71 159 85
79 244 72
270 33 81
82 252 28
4 185 55
133 109 59
243 153 82
255 152 62
143 93 45
45 22 51
152 220 13
23 163 27
207 84 39
43 115 73
205 231 61
128 59 92
100 197 23
127 248 76
63 247 54
102 75 23
7 66 37
250 156 17
26 73 64
6 68 33
223 260 96
52 7 93
284 23 61
191 75 24
26 245 22
44 183 44
142 45 68
269 8 15
109 117 81
277 189 68
249 215 25
211 74 91
115 189 86
146 164 79
235 65 44
223 178 25
211 261 68
71 263 76
91 50 44
74 130 49
283 131 58
12 227 71
174 182 54
224 39 70
67 136 43
157 134 96
14 59 16
138 131 47
271 200 47
189 254 76
221 204 74
57 103 16
72 166 11
44 271 33
186 247 73
67 156 96
256 33 51
80 109 66
212 79 93
98 180 87
17 106 62
282 7 27
4 130 88
48 70 35
182 227 63
8 176 47
155 30 98
25 24 27
80 246 24
13 20 67
286 184 95
263 59 50
127 76 99
21 189 41
210 218 69
183 234 90
188 283 65
80 217 61
272 197 85
83 156 51
269 7 90
24 220 40
186 267 55
131 139 88
239 284 87
35 106 40
44 121 50
96 39 18
88 14 21
159 89 62
227 50 11
116 99 52
5 56 58
18 66 65
277 219 37
205 110 77
17 43 72
22 220 75
258 233 12
129 161 54
218 265 72
250 83 14
262 116 83
212 22 89
198 284 77
277 120 30
174 118 68
24 199 58
120 172 55
226 28 23
183 52 53
169 103 28
201 113 36
164 262 98
97 222 51
147 231 10
96 61 87
57 153 66
37 72 85
106 138 29
36 92 67
282 197 34
153 224 11
96 215 54
20 204 76
85 70 70
258 94 67
263 90 45
221 46 28
231 25 91
49 225 44
46 127 30
167 41 10
114 126 62
80 264 40
5 266 22
177 151 38
214 95 25
245 71 76
276 9 64
108 109 96
65 61 38
34 162 22
63 245 35
273 108 34
146 80 76
104 274 48
224 254 70
103 193 29
153 136 30
63 189 43
174 137 29
14 26 76
139 195 66
17 86 13
228 226 15
278 245 66
231 49 57
233 59 88
38 23 34
236 278 10
27 14 70
285 284 57
172 201 76
229 54 90
259 219 69
225 137 90
118 51 28
111 174 55
156 84 32
58 268 69
104 253 14
127 157 85
276 90 64
206 204 27
196 93 63
89 208 91
195 188 33
41 144 74
59 239 23
90 233 44
150 164 27
207 26 44
286 272 24
31 84 96
124 204 18
77 165 72
3 197 66
275 223 79
101 40 11
139 120 33
128 171 73
10 161 72
215 16 77
272 155 95
167 233 58
254 141 34
234 243 22
151 77 39
80 218 77
63 138 49
151 216 17
90 68 96
111 157 36
198 276 17
266 121 52
37 171 13
205 12 100
134 148 45
123 188 78
206 174 25
232 39 51
85 167 100
116 179 94
62 49 54
90 31 27
67 138 44
271 81 57
94 163 62
14 200 33
183 137 12
43 190 17
131 227 43
276 179 80
69 270 78
281 18 75
249 267 98
260 248 59
46 88 59
12 132 30
242 146 88
66 129 77
192 108 47
218 95 63
83 192 19
282 223 20
228 283 95
85 6 74
229 90 56
241 131 15
157 211 74
179 201 52
285 48 25
103 132 19
264 275 34
224 41 97
245 184 42
167 162 10
51 180 13
66 38 45
129 238 37
198 272 30
213 16 63
268 14 31
254 76 52
85 209 21
77 274 26
272 56 96
238 231 71
37 172 53
230 38 95
230 238 82
228 50 63
59 82 28
150 202 46
67 153 92
69 172 85
129 266 92
231 1 11
35 225 36
72 122 86
182 74 15
134 160 23
58 174 71
212 6 20
133 139 46
12 212 41
268 71 86
126 256 10
175 226 31
285 72 31
227 134 50
89 113 97
170 62 13
218 258 98
210 44 99
23 79 42
7 190 87
174 124 26
236 203 51
48 84 38
156 137 12
248 24 78
157 227 15
202 208 14
255 214 48
70 151 16
74 3 46
100 16 22
81 80 30
54 159 54
74 84 28
194 275 80
165 36 13
117 195 84
247 133 80
209 258 97
112 54 95
165 69 92
40 265 71
61 36 41
230 6 29
280 53 15
169 278 59
43 80 84
102 154 18
102 59 23
199 125 99
132 222 28
132 213 68
5 90 69
204 140 38
171 42 46
5 228 90
201 211 85
202 183 89
168 56 21
84 247 41
245 160 77
38 137 51
230 129 72
268 33 71
68 63 90
268 161 34
173 190 77
19 2 76
183 244 69
193 254 38
209 254 45
191 211 94
183 219 51
71 251 26
259 223 35
92 159 83
265 199 45
25 51 44
127 166 96
169 71 59
213 285 77
214 32 74
155 257 71
82 21 86
14 76 11
242 233 31
165 84 63
194 185 38
138 66 93
257 47 26
100 3 38
183 126 24
137 189 32
15 159 76
44 33 40
74 61 41
212 61 47
231 128 21
177 118 96
65 16 61
175 148 12
132 108 62
56 96 49
252 223 51
140 224 45
220 191 66
190 182 78
206 233 93
77 11 30
164 92 88
102 153 33
127 89 30
4 237 44
217 284 45
256 73 90
286 254 61
193 45 44
43 54 45
25 274 69
133 179 34
197 200 67
204 110 95
267 74 72
174 171 90
176 220 12
90 272 41
149 147 72
201 73 91
82 203 25
164 278 27
77 234 83
245 172 26
58 149 49
201 213 56
160 200 72
168 156 49
149 235 53
218 139 89
7 92 59
5 222 88
16 212 59
49 66 84
213 232 70
176 286 90
167 51 51
164 6 97
267 136 32
178 7 58
37 246 23
172 161 29
208 139 27
139 208 92
281 113 86
69 53 10
177 245 18
58 274 90
207 111 78
172 161 81
126 14 16
162 93 79
217 88 77
18 105 37
58 121 19
223 281 32
157 102 96
248 29 43
108 83 89
86 253 77
2 188 20
272 38 69
155 88 95
37 130 23
85 36 59
56 57 53
250 84 17
134 97 66
286 198 10
261 230 26
88 206 99
79 208 73
276 135 67
255 157 78
184 152 51
28 10 27
237 72 69
173 215 35
280 93 34
50 180 94
256 229 20
109 238 63
37 136 44
185 46 70
57 181 63
178 29 55
161 163 79
151 207 22
167 111 28
184 159 22
54 0 37
148 19 37
23 26 59
26 127 91
222 27 92
191 231 63
35 125 73
75 81 68
49 261 92
265 22 28
8 31 67
257 99 71
155 141 73
254 235 61
210 13 14
115 89 11
156 142 53
122 87 45
10 16 67
73 250 76
43 9 27
283 18 47
172 195 72
134 3 54
90 180 67
118 46 51
47 276 64
39 229 40
244 57 88
14 76 11
36 221 89
76 181 15
30 154 26
285 164 40
232 24 38
237 284 74
107 189 84
92 210 27
225 89 61
67 215 57
242 142 63
169 102 33
71 214 77
137 195 91
206 138 81
6 197 73
136 283 84
196 276 88
18 170 47
69 150 46
135 159 85
209 231 39
111 188 80
107 56 23
240 269 100
80 275 34
113 103 78
94 250 59
211 282 23
92 278 39
32 66 98
33 206 97
138 237 32
194 47 48
37 87 58
164 224 85
242 66 62
91 4 86
59 84 83
19 254 56
221 105 73
103 281 94
84 130 44
51 190 86
2 140 78
285 234 52
48 191 27
14 2 48
17 101 21
15 95 98
138 38 16
143 253 57
85 236 90
224 242 97
207 135 52
168 144 89
258 259 58
45 102 88
219 83 51
39 80 87
268 4 17
264 194 77
265 37 43
130 0 64
35 238 45
152 11 23
225 191 94
92 163 77
185 79 45
66 155 75
131 123 98
6 60 38
205 7 86
269 52 53
112 210 63
265 221 93
204 217 72
49 187 82
28 142 34
137 168 80
78 205 47
78 62 31
202 134 99
218 103 51
147 198 48
256 268 69
92 156 92
238 260 27
95 68 52
81 77 42
158 218 39
155 184 62
259 204 87
176 57 81
129 276 71
244 75 23
126 168 49
68 28 30
98 40 54
218 179 40
37 156 18
3 284 60
250 17 100
193 147 14
192 101 65
267 152 69
235 140 17
179 274 16
117 196 19
114 10 42
66 48 66
75 164 12
208 58 32
169 77 24
76 285 25
253 36 10
210 30 63
50 179 78
240 231 42
237 244 15
46 75 84
246 43 71
211 8 98
219 157 88
249 152 43
173 192 55
157 207 35
0 132 53
0 285 80
228 82 75
43 238 43
173 156 87
148 93 69
32 121 49
59 277 41
105 198 90
214 126 92
208 77 22
158 131 19
272 15 45
123 83 88
64 44 80
5 198 37
18 136 65
181 116 12
74 182 100
165 106 13
280 180 22
218 230 70
157 17 16
246 133 25
263 67 13
233 267 84
281 193 27
96 120 75
4 219 71
176 256 94
114 65 71
244 21 12
180 182 28
35 28 74
183 31 56
234 83 60
276 184 58
267 63 76
31 95 92
86 136 86
261 133 13
71 2 32
174 224 47
27 111 36
51 247 20
144 239 18
147 162 58
143 274 50
252 280 69
228 69 86
159 235 12
149 259 79
58 19 17
180 128 71
102 249 98
207 15 90
84 32 29
286 76 16
183 94 94
221 74 23
237 60 32
89 213 75
237 193 95
244 59 64
88 83 100
53 96 20
65 222 61
164 104 37
166 219 67
245 159 25
262 150 76
9 169 16
257 38 46
36 147 95
250 109 32
80 157 18
140 203 79
62 201 83
105 43 21
55 261 43
272 58 21
175 208 97
173 239 32
33 171 24
90 274 89
144 60 62
166 148 77
204 19 45
149 81 92
205 125 33
218 188 42
30 256 86
248 2 23
156 277 87
0 86 52
101 114 16
245 24 98
85 38 41
112 244 15
197 82 92
268 224 92
282 49 58
227 39 64
175 66 85
260 257 92
73 16 78
229 38 26
242 145 40
212 130 37
97 19 21
23 66 99
109 213 94
180 79 54
152 95 50
59 206 51
184 258 29
221 232 90
82 122 10
218 239 74
72 259 76
20 26 17
247 124 49
122 254 58
159 165 31
112 74 44
154 286 96
18 73 68
47 80 14
99 38 40
232 235 87
20 103 44
169 11 60
62 118 28
243 5 85
256 227 81
211 0 81
199 257 90
246 86 94
192 105 16
16 262 20
148 43 33
60 8 65
31 269 83
200 29 75
181 195 29
226 248 60
235 223 85
66 155 63
223 170 53
272 81 59
61 267 59
82 238 80
207 2 75
181 132 75
56 171 67
52 208 77
226 237 27
262 261 93
152 213 47
159 77 69
38 261 60
286 228 72
67 24 90
91 63 45
258 206 70
199 206 31
114 200 28
185 139 28
232 205 63
4 186 86
261 222 74
68 6 29
122 38 32
49 210 94
93 174 44
160 187 22
279 137 19
32 40 71
261 210 100
35 242 83
162 39 75
135 57 11
120 69 51
243 2 70
141 230 42
111 18 74
58 24 58
52 29 51
270 142 32
136 255 52
254 190 49
180 228 18
69 62 88
7 150 94
97 6 71
204 274 41
253 174 51
153 276 39
233 284 36
105 143 29
185 106 29
233 23 41
28 68 88
72 226 99
147 161 95
252 230 53
258 27 53
215 71 94
129 2 30
169 176 84
34 64 60
56 259 36
8 147 28
209 12 73
111 223 95
144 29 46
98 54 42
249 164 42
244 44 65
45 95 68
169 234 13
8 60 20
41 234 21
53 82 66
212 243 68
255 270 14
246 22 74
227 96 31
83 260 48
220 42 22
33 45 70
197 83 54
181 125 47
36 21 89
14 191 10
52 112 38
117 208 50
238 248 63
97 88 76
164 34 54
268 226 36
169 53 30
190 126 15
59 84 58
94 269 18
206 181 58
267 135 28
227 209 63
238 83 49
59 191 41
175 192 22
283 81 77
85 215 14
113 195 37
190 57 83
284 111 35
148 102 50
113 176 17
111 125 92
230 84 20
6 211 73
105 33 73
228 164 51
130 39 37
75 53 45
32 177 82
2 150 66
128 271 65
117 153 96
212 37 58
147 23 76
111 115 21
175 36 64
70 110 98
78 281 80
113 254 64
8 37 95
143 21 90
267 12 55
129 143 25
270 25 93
219 227 27
66 93 33
55 65 81
171 151 79
184 166 60
57 212 90
185 209 16
75 88 83
60 266 38
186 70 88
31 276 29
78 120 70
56 276 43
238 218 28
49 19 38
270 179 95
266 274 50
276 171 53
214 77 21
156 210 78
230 262 42
183 221 86
129 78 53
146 186 75
75 16 49
180 148 69
67 130 13
210 143 29
203 200 29
232 152 30
41 155 56
231 282 47
248 283 29
271 190 29
129 122 12
26 153 94
281 246 17
245 195 90
171 89 20
41 243 77
135 110 98
263 116 75
218 46 34
273 20 46
154 184 34
254 137 10
97 283 88
89 150 31
120 100 91
30 231 54
1 87 57
44 91 77
225 65 62
103 229 61
196 95 41
93 22 27
1 258 89
143 111 96
225 233 85
41 30 43
98 110 96
98 253 27
166 11 75
22 9 38
163 48 56
56 91 100
59 115 74
6 36 86
163 0 38
5 283 27
230 3 82
53 210 55
115 49 61
123 4 76
59 148 10
115 156 96
274 195 98
43 174 39
70 268 48
185 181 68
191 66 72
82 261 74
109 93 98
71 50 65
25 247 94
133 97 55
163 127 67
47 157 100
50 232 51
110 56 26
138 2 45
264 197 19
155 14 18
17 271 84
216 93 14
119 227 61
276 84 23
157 75 43
45 38 78
17 271 67
68 252 36
220 53 31
154 22 17
283 186 21
261 24 66
162 110 10
90 5 14
261 179 26
267 181 65
245 70 44
262 35 89
186 162 22
241 233 65
276 188 30
55 140 73
118 59 31
119 233 25
132 137 72
119 96 12
10 76 65
215 94 79
70 92 17
142 207 27
39 76 63
159 88 79
53 229 62
18 32 63
180 10 53
192 176 97
95 252 95
217 181 46
52 133 57
37 243 49
28 217 57
109 224 10
79 267 31
195 22 94
217 286 28
16 232 15
267 55 26
20 151 39
249 248 96
236 284 11
277 268 98
150 231 100
274 137 61
75 223 37
30 142 91
280 259 83
161 53 41
198 41 61
147 73 81
221 181 24
18 151 29
135 264 74
74 92 34
178 235 44
80 283 30
77 22 25
143 7 54
10 76 39
63 83 90
127 139 49
80 139 70
26 54 91
3 162 72
41 89 31
227 165 63
50 97 36
18 50 94
30 177 63
235 29 21
136 282 56
276 36 65
35 108 81
208 59 43
264 178 49
261 160 95
230 265 83
30 138 92
28 63 30
99 38 24
144 75 13
201 44 46
250 156 14
210 15 90
34 284 35
18 179 37
127 243 40
31 167 12
251 235 78
224 263 87
114 137 36
10 20 76
129 85 24
220 160 22
282 3 61
96 169 80
139 40 87
239 48 26
228 60 33
107 218 96
158 46 57
13 132 37
248 0 16
39 190 78
101 9 81
64 24 15
250 102 98
87 78 52
103 43 18
81 56 88
130 192 25
174 209 84
118 246 100
161 91 46
21 178 48
108 204 64
223 67 38
178 44 45
234 38 18
222 247 35
82 17 69
272 106 61
173 175 94
226 91 16
258 42 100
84 163 26
286 149 71
270 152 18
189 183 100
98 266 57
126 234 100
276 168 70
253 246 49
104 266 71
208 66 84
258 5 40
31 8 13
247 255 39
191 210 73
53 223 100
155 251 65
29 230 62
192 279 68
165 283 14
30 223 78
9 268 79
124 232 94
58 251 82
245 129 85
180 52 69
187 32 39
53 123 28
194 173 79
119 232 80
272 20 21
25 54 86
60 188 14
57 168 53
164 112 13
242 24 32
251 80 49
51 126 28
199 11 99
256 179 91
135 80 85
105 111 12
192 57 25
120 1 95
92 47 15
221 60 97
219 128 40
74 233 91
273 151 55
123 192 28
84 210 28
115 235 19
249 269 92
155 82 62
34 266 63
38 154 60
29 196 84
184 204 97
115 187 81
39 206 28
40 196 17
191 87 63
52 94 58
60 20 87
113 248 36
160 85 76
56 154 27
151 229 95
40 254 19
203 39 70
227 108 32
120 35 43
77 86 59
11 88 72
276 1 53
229 181 43
281 53 36
124 39 44
78 93 81
276 212 65
282 239 12
152 58 66
176 261 74
11 137 41
135 119 93
59 64 82
147 286 74
81 182 23
168 108 45
90 214 33
66 69 32
16 10 72
286 130 95
210 27 40
268 164 24
239 237 18
211 38 58
242 263 69
73 64 37
145 111 75
115 206 93
131 113 35
228 218 35
179 140 25
127 157 72
222 238 87
104 71 19
104 208 55
277 191 24
162 98 80
155 116 27
210 155 67
201 128 96
85 286 75
61 192 18
257 159 76
229 177 24
182 161 32
66 219 75
279 158 50
233 224 16
180 104 65
180 240 77
31 172 92
27 168 30
269 8 55
179 19 98
159 236 87
70 269 35
90 170 28
138 182 74
83 14 96
50 116 36
36 133 80
151 146 81
16 67 27
237 24 57
203 10 15
116 208 57
18 234 31
129 134 78
128 215 62
251 88 88
186 125 61
71 25 59
70 284 45
41 258 19
164 23 83
71 209 12
213 262 83
7 61 54
169 130 79
42 18 20
109 128 53
20 53 86
152 110 80
283 286 91
21 285 48
31 259 37
37 204 71
5 241 95
93 279 44
152 64 23
39 35 58
161 235 90
171 111 61
275 128 11
19 166 76
57 111 52
265 177 100
136 82 81
198 211 32
152 217 16
283 219 81
40 165 59
179 12 60
128 272 24
109 156 87
88 193 22
265 24 73
74 67 76
198 36 75
68 112 10
179 30 34
281 209 91
149 76 81
20 240 17
5 115 87
220 266 22
24 110 39
49 177 54
12 57 43
171 9 64
218 51 15
286 143 100
43 37 66
149 285 38
19 185 46
236 62 55
121 85 85
225 153 54
203 44 11
125 154 34
202 139 84
136 219 86
113 54 75
200 171 40
44 209 94
108 21 93
200 203 81
29 245 81
74 210 53
10 164 76
13 162 30
279 124 51
54 104 91
264 140 15
89 159 45
48 125 65
270 216 63
117 71 18
90 40 73
144 20 69
268 236 90
279 218 93
150 99 77
28 239 19
181 53 77
237 120 98
192 75 42
151 3 84
171 13 46
28 186 64
251 235 97
88 101 66
139 61 89
280 207 99
190 234 28
265 72 56
274 46 29
51 72 50
252 229 47
95 258 32
5 232 78
249 246 31
30 227 97
159 168 87
17 267 69
272 233 69
102 95 82
165 195 31
122 165 22
69 106 65
129 163 58
253 30 49
126 148 50
112 96 74
16 65 34
67 257 67
182 173 14
216 136 75
232 66 27
164 230 99
148 186 83
215 282 13
253 110 31
128 81 65
194 203 96
88 104 52
202 130 98
266 113 44
233 125 59
12 240 84
52 95 65
90 114 98
114 202 19
158 124 86
188 21 94
79 37 73
128 47 99
67 39 88
16 277 37
284 258 38
105 273 46
232 247 51
219 131 26
12 32 18
191 31 17
10 114 77
179 118 96
233 223 68
68 279 67
129 30 10
165 150 52
262 28 20
258 266 23
68 217 51
211 222 79
156 281 66
26 234 68
158 116 18
156 68 13
81 110 13
79 278 100
278 132 12
286 2 83
144 2 95
72 208 79
87 212 80
136 217 84
237 215 100
284 75 55
210 251 86
169 285 26
260 225 100
189 62 36
19 110 96
277 85 55
75 242 92
200 150 25
119 110 87
37 83 12
35 49 14
40 102 35
157 254 68
172 278 55
98 205 74
160 145 65
83 17 63
52 154 58
131 211 25
24 219 32
227 185 63
67 16 47
164 185 95
42 254 42
182 63 75
134 35 52
112 176 87
252 237 18
269 9 52
63 246 15
192 144 57
55 137 48
123 26 62
185 153 27
121 25 25
286 153 72
115 164 33
19 234 97
102 115 32
45 245 31
62 150 35
215 97 79
171 207 75
18 189 10
267 182 22
144 255 26
177 198 67
281 259 22
22 143 82
261 32 24
44 263 24
152 185 26
173 125 41
31 28 26
276 137 51
284 30 22
221 149 57
194 135 58
281 192 56
237 86 74
252 51 12
197 104 31
225 278 64
177 104 76
241 72 65
37 56 64
121 159 23
112 204 13
17 196 89
200 8 92
35 76 30
58 11 57
181 56 68
202 99 85
268 100 27
167 26 22
103 106 60
263 59 49
94 35 87
28 121 54
32 235 56
167 87 89
3 243 70
262 4 77
189 168 41
281 236 26
260 228 80
97 161 24
67 102 26
172 224 16
0 55 54
112 274 69
225 24 31
192 272 73
115 219 12
25 110 24
242 66 92
31 195 58
214 72 69
136 59 93
266 254 39
205 51 51
113 121 94
220 156 38
160 213 81
174 118 69
184 71 31
181 119 71
241 117 47
206 233 63
110 93 38
213 158 50
222 201 43
276 160 10
249 223 63
154 8 55
183 105 71
135 253 51
190 101 97
178 1 33
132 280 85
54 235 58
198 212 88
55 217 51
142 228 90
277 93 70
222 182 82
66 216 73
169 120 65
3 191 19
69 58 60
82 155 33
145 165 70
75 42 15
183 141 83
49 83 56
41 162 57
79 6 61
38 221 88
185 116 49
105 226 75
263 187 86
171 0 100
188 233 62
43 220 56
226 208 27
136 175 75
260 62 61
43 199 17
77 124 27
76 254 63
218 120 96
95 57 63
228 286 64
193 107 19
218 211 17
237 130 97
180 65 99
180 5 39
238 171 43
270 21 70
274 215 15
127 41 94
180 274 62
32 276 36
235 171 37
39 257 24
244 24 25
104 34 32
40 161 58
106 124 19
84 53 58
277 133 22
184 272 54
38 86 37
283 277 100
283 55 25
137 153 10
257 216 56
134 154 63
243 269 30
94 154 70
194 275 14
8 186 58
94 179 71
62 220 65
182 151 76
272 273 44
15 191 75
44 264 64
35 132 24
256 148 87
145 64 11
234 208 42
217 132 27
196 194 52
156 195 90
236 17 88
79 214 56
2 64 34
57 126 35
185 250 31
279 175 71
208 140 18
285 19 76
104 48 47
32 159 16
124 144 47
48 205 85
97 36 16
275 169 69
257 38 34
66 77 36
12 102 55
170 208 90
26 213 26
79 239 91
192 261 69
45 155 41
89 232 10
217 100 96
55 116 85
52 263 32
181 198 61
15 251 99
110 61 32
202 178 78
83 41 76
205 212 72
210 215 28
97 214 61
157 244 38
227 132 46
225 224 37
274 275 69
64 102 29
67 162 74
198 11 50
55 118 90
48 152 67
12 248 34
105 203 17
144 282 55
29 58 60
239 236 18
2 261 19
98 91 12
121 107 91
157 249 77
273 144 47
102 225 37
233 280 24
131 51 97
57 38 42
260 178 94
270 51 38
119 139 100
88 81 48
193 120 82
139 85 40
232 52 38
194 229 13
122 269 53
50 69 36
207 24 18
254 278 27
37 145 72
281 7 10
211 4 12
117 15 65
187 13 42
186 154 22
186 71 41
265 115 48
36 14 69
131 239 97
278 20 86
259 175 82
161 28 10
117 238 73
8 30 79
66 160 70
86 87 30
37 264 58
278 112 100
174 239 82
9 142 38
210 43 30
186 52 51
0 124 37
1 91 82
92 169 42
15 137 53
89 30 96
129 256 53
5 240 54
273 203 41
124 213 87
190 257 47
241 189 14
206 207 46
50 79 80
62 9 37
197 76 57
177 230 49
160 242 90
275 57 54
2 136 65
270 117 96
246 73 39
95 43 22
88 147 98
193 51 79
117 244 77
185 59 62
273 276 98
180 83 39
75 20 41
184 286 73
125 154 18
146 224 70
79 37 35
161 40 88
161 191 26
162 283 87
132 256 98
221 227 60
4 133 63
19 267 36
174 82 40
184 30 35
134 157 39
251 123 10
202 260 47
46 243 45
8 171 72
133 32 50
147 116 42
91 161 56
8 52 27
128 282 44
182 101 45
43 161 25
226 189 85
155 188 13
144 174 90
197 108 82
157 78 28
195 50 84
59 68 96
81 80 73
219 151 49
212 64 24
285 68 80
155 24 15
26 245 91
196 100 56
52 156 73
25 35 76
170 126 98
95 273 54
197 84 25
284 74 67
115 110 58
221 266 73
211 55 74
123 138 53
237 82 98
47 86 52
24 58 30
3 110 59
166 169 66
122 66 86
284 179 53
83 173 48
16 203 65
53 30 12
6 46 43
158 43 19
178 206 25
57 259 63
278 87 75
73 175 46
215 137 66
157 138 92
56 16 23
283 155 37
246 114 73
112 217 64
34 267 56
90 254 60
75 142 85
7 17 96
40 97 72
169 236 83
42 53 91
68 222 38
259 63 66
81 134 27
26 260 25
146 216 89
241 167 45
280 240 31
58 196 45
140 149 91
215 7 76
145 198 78
278 134 12
9 225 10
64 232 30
72 263 34
28 258 46
12 117 66
250 59 65
233 165 28
255 262 32
209 153 67
46 127 39
237 235 89
43 91 11
71 271 34
267 284 26
207 204 65
198 183 31
107 35 100
18 1 56
57 185 51
190 119 40
172 107 84
1 50 90
55 80 15
233 202 26
98 121 48
138 16 66
9 151 33
233 13 78
153 118 31
236 35 38
159 191 95
213 255 43
128 278 46
82 278 52
140 242 21
183 74 91
213 144 90
116 242 24
46 173 29
209 244 69
149 11 84
183 236 75
38 173 31
204 130 56
269 209 96
257 245 41
59 234 27
164 240 50
57 98 96
199 28 37
155 270 51
123 115 18
183 125 47
93 110 20
209 169 98
208 17 41
253 48 77
70 5 89
264 55 51
109 208 42
252 239 53
19 53 24
188 227 27
132 31 40
77 94 50
80 51 67
155 165 72
201 223 37
202 22 15
47 204 11
50 173 63
201 165 38
228 169 62
281 286 73
124 121 84
39 262 76
20 215 95
109 159 30
113 212 47
189 203 49
19 177 53
9 67 71
242 41 46
206 239 63
80 208 70
6 2 93
239 104 32
262 65 66
171 109 81
37 122 71
40 13 31
27 267 36
229 123 86
83 201 19
54 15 11
184 205 94
180 102 22
42 191 15
251 192 28
146 212 49
279 34 20
218 144 29
133 170 91
107 106 20
210 15 43
83 7 26
60 168 83
48 175 15
124 49 45
209 129 39
241 226 37
45 87 19
52 139 57
273 12 50
146 80 23
30 111 92
108 49 45
78 8 20
136 181 81
37 201 83
242 124 17
80 46 36
228 79 16
155 60 32
26 11 31
234 113 53
69 118 53
20 45 54
176 240 95
198 277 11
28 171 93
24 97 36
75 214 78
105 212 22
167 132 56
22 83 15
64 165 69
237 60 28
138 66 45
72 132 60
100 64 40
141 174 39
269 73 81
105 280 47
35 207 35
109 204 19
237 45 56
67 64 68
122 54 53
237 157 70
231 155 57
138 75 28
275 123 73
166 205 11
105 234 83
64 8 50
257 278 58
190 222 90
265 72 22
231 71 11
206 7 54
188 236 92
99 110 35
91 223 57
72 103 82
145 49 90
275 201 69
74 2 20
140 196 59
182 130 23
192 235 85
19 104 99
57 212 29
191 61 87
259 199 49
144 11 11
103 49 53
279 75 49
220 62 62
20 282 60
137 65 93
19 246 99
150 86 86
4 278 100
42 228 65
21 153 11
184 56 30
42 234 86
57 51 66
25 5 38
282 3 33
237 191 99
124 236 32
127 55 90
278 240 79
256 281 68
16 170 91
140 173 17
228 203 40
103 247 61
182 37 99
244 204 31
173 240 83
171 49 93
262 94 46
59 235 22
5 216 39
157 252 76
148 185 90
217 255 21
97 198 42
192 185 21
103 178 87
7 106 92
95 59 72
274 63 36
240 225 38
52 11 57
191 259 96
267 229 73
169 4 62
250 164 92
64 118 52
167 184 64
140 198 29
201 27 36
119 27 44
176 283 62
202 144 65
4 82 28
14 182 76
157 38 75
148 138 21
189 26 24
73 170 67
201 53 16
107 139 61
204 81 30
161 85 20
207 118 88
47 73 46
161 141 33
124 197 87
123 177 35
158 241 75
117 81 92
89 252 15
199 232 69
165 184 90
43 39 16
54 185 28
24 184 75
55 14 47
24 224 79
137 38 35
93 141 54
177 20 62
75 35 100
19 70 44
226 142 18
86 78 90
230 255 37
163 143 78
16 107 44
108 235 16
178 128 23
212 277 48
155 255 90
223 107 30
87 84 80
204 92 89
172 189 16
262 60 24
27 141 30
200 227 17
219 113 85
237 121 88
125 240 83
133 138 17
247 168 78
154 77 59
137 189 88
194 225 85
189 96 18
248 81 42
180 67 15
173 196 98
94 201 85
139 250 44
4 220 95
14 257 78
192 3 26
199 33 75
243 71 48
199 239 75
206 182 63
254 236 79
178 112 30
18 152 15
29 54 65
120 3 41
155 235 13
135 27 46
115 23 76
256 273 96
174 18 54
10 43 91
195 125 100
78 2 56
228 234 95
275 223 76
5 19 29
255 22 84
210 164 60
244 223 16
228 151 43
116 80 46
63 145 57
182 4 18
65 54 40
24 176 14
163 114 79
271 57 83
56 224 13
105 172 39
61 88 18
166 92 38
52 79 37
116 105 66
156 234 45
110 8 69
209 115 41
226 116 72
65 37 98
48 248 38
93 126 31
115 55 96
241 69 28
14 57 34
24 118 15
161 165 42
155 210 98
54 15 47
5 107 97
167 261 71
79 129 39
1 114 16
82 257 15
109 141 57
231 88 81
169 20 89
258 166 25
126 181 63
92 115 83
183 8 56
280 259 99
172 49 60
38 171 16
118 224 22
139 148 96
82 108 100
69 114 50
240 58 45
284 191 86
39 200 21
253 25 90
282 71 75
254 22 27
220 55 73
275 192 28
224 151 40
128 7 56
234 25 75
51 159 38
239 284 16
117 11 100
138 121 18
140 134 48
250 77 12
141 13 13
29 83 22
196 82 51
89 265 27
131 255 69
130 147 84
164 90 24
160 244 96
134 261 39
221 132 25
130 246 74
135 174 32
103 40 95
115 105 41
140 188 71
255 23 59
32 198 72
69 18 62
254 278 50
37 143 41
136 210 88
94 190 52
40 273 41
227 53 19
241 275 74
138 13 96
198 65 64
7 27 50
195 206 83
244 75 59
209 226 36
135 68 31
236 204 93
156 139 13
146 276 84
22 167 64
264 89 93
109 55 22
153 132 65
143 27 67
198 52 22
162 63 49
150 91 72
79 107 12
258 216 28
279 166 68
279 28 72
232 80 48
95 55 100
81 258 23
255 77 91
157 106 74
24 219 26
187 232 38
75 248 99
183 152 15
274 173 62
275 124 11
63 71 82
265 282 24
238 16 45
38 146 38
149 255 35
118 54 45
59 217 70
231 135 32
227 9 62
217 63 68
64 264 76
123 274 22
63 261 43
108 195 31
80 202 91
100 239 47
198 35 60
171 111 70
286 212 39
44 218 85
127 124 27
208 277 27
154 134 97
280 256 17
224 77 28
148 61 68
223 24 29
5 155 73
122 192 89
87 253 18
75 103 47
177 54 69
84 37 28
202 203 18
271 252 27
126 39 10
5 164 62
214 139 15
76 96 51
241 137 38
206 196 36
259 200 60
12 21 20
58 27 76
162 27 86
221 83 88
24 25 15
41 99 54
43 102 10
62 82 44
37 257 50
274 249 63
213 146 66
113 188 18
57 184 39
66 100 70
43 263 80
195 122 80
70 221 29
263 229 60
237 166 37
20 198 58
215 263 90
176 164 85
96 273 99
43 12 16
43 103 67
204 74 70
63 36 68
258 117 37
5 31 36
204 284 23
23 30 91
234 39 72
115 264 64
175 131 98
240 234 94
280 55 24
209 78 72
145 136 52
125 47 84
223 161 46
161 105 13
52 93 18
52 140 18
79 233 71
189 129 10
130 198 46
276 138 98
165 195 61
276 138 53
230 125 31
232 107 17
82 150 78
267 235 84
51 68 63
273 60 84
89 94 73
188 30 69
156 189 77
180 127 45
221 43 100
3 19 99
104 26 37
105 86 53
152 174 17
99 235 77
101 223 97
256 211 36
27 231 24
182 189 88
261 32 92
86 16 93
26 202 80
171 117 43
31 242 22
167 213 26
276 90 75
266 242 59
101 267 81
89 157 94
33 100 12
170 193 63
40 72 80
159 23 18
264 101 55
93 155 46
31 80 26
199 180 70
138 217 98
189 51 93
245 102 32
235 78 46
184 7 88
188 166 31
10 141 75
44 73 90
75 263 80
83 93 37
18 175 39
210 170 19
56 232 46
216 196 71
166 245 14
128 149 70
89 210 32
75 131 38
71 254 100
8 166 62
279 284 70
168 23 24
226 127 76
205 159 39
160 212 79
199 273 17
16 231 11
86 6 45
122 75 29
270 9 85
50 141 35
244 270 98
277 137 49
70 39 12
271 2 56
75 91 38
187 276 87
144 4 31
143 120 29
109 108 52
136 185 80
49 170 34
29 58 43
106 69 99
80 215 42
143 4 23
167 46 93
155 119 75
142 199 48
80 206 46
275 151 95
54 270 63
246 82 65
202 147 66
29 248 29
117 126 94
165 203 55
92 265 92
117 112 90
111 282 76
87 229 87
142 108 90
200 94 70
168 108 90
207 243 76
214 128 52
145 268 67
183 51 13
153 160 54
232 201 32
30 102 77
116 181 100
137 56 23
218 57 15
5 182 58
48 154 37
283 198 48
139 240 77
178 16 83
167 134 89
53 65 90
99 216 74
19 105 17
166 128 99
109 193 10
9 196 30
79 241 87
115 153 97
115 146 93
285 106 92
159 68 21
78 9 64
181 63 33
201 119 51
31 232 96
253 42 90
71 210 98
280 11 34
41 117 15
154 223 51
92 50 26
111 255 15
147 35 21
249 215 54
270 34 26
175 212 78
277 104 56
285 18 28
246 28 92
262 151 73
167 122 49
167 172 29
44 71 98
192 255 90
266 269 47
266 237 34
84 224 29
43 256 28
31 115 70
59 144 51
176 172 92
11 84 71
46 174 77
155 14 78
63 90 27
218 43 20
167 131 56
127 236 60
284 216 66
72 109 95
267 106 61
105 192 100
191 97 94
95 166 32
21 248 82
176 145 78
138 30 54
194 131 100
101 150 89
105 122 72
90 88 18
179 255 37
202 115 46
110 114 50
137 5 72
78 101 75
86 173 16
166 206 18
107 190 60
18 166 13
176 279 93
42 258 62
113 263 91
184 171 60
2 118 14
121 125 50
106 192 94
110 12 99
105 235 47
13 29 45
202 105 37
218 55 58
19 179 33
28 108 91
84 132 36
259 5 94
255 264 56
226 19 25
13 126 28
206 156 56
272 3 31
187 251 53
167 253 92
136 0 70
137 140 76
81 38 100
218 53 48
100 79 93
56 238 22
35 17 90
238 252 73
203 122 44
43 170 64
40 11 92
20 163 48
120 258 92
156 122 64
187 234 52
2 260 78
93 223 94
40 41 48
213 94 82
22 284 57
146 186 94
48 113 100
174 119 67
101 267 88
32 74 57
229 210 90
70 123 20
243 237 95
253 137 87
170 13 30
212 257 45
179 264 40
115 168 49
268 157 15
13 31 89
266 270 92
120 131 24
2 150 26
83 102 66
155 159 72
262 62 42
238 63 15
175 251 21
99 254 71
175 127 59
60 20 87
31 136 40
64 44 44
43 152 38
0 270 96
282 198 91
60 116 76
166 134 73
177 132 18
274 123 11
260 219 58
129 55 41
128 182 78
5 258 93
151 45 17
88 264 76
72 32 16
36 78 72
180 272 40
232 231 75
206 49 17
99 234 38
25 217 23
162 95 69
165 6 72
261 267 44
69 214 75
22 262 18
62 131 63
153 87 51
175 155 34
117 24 83
222 218 50
215 153 67
206 192 49
166 208 89
44 21 89
162 259 35
50 34 100
101 105 18
198 280 38
62 120 13
145 56 99
264 67 54
152 265 60
140 95 73
244 105 13
171 275 91
56 79 82
138 38 97
129 123 40
158 78 63
165 268 48
62 276 27
115 185 42
180 18 83
173 54 15
286 252 20
166 193 42
219 78 21
276 238 59
237 121 94
273 151 16
267 206 50
19 202 57
3 144 93
94 193 45
10 246 48
138 184 34
164 137 55
66 159 29
241 189 34
96 203 13
286 178 39
121 99 89
109 111 31
277 76 69
162 213 40
49 92 26
72 135 93
246 81 82
198 243 43
184 93 89
73 280 39
172 229 59
187 256 55
104 256 65
165 103 18
239 112 68
123 263 45
109 36 77
166 133 71
62 282 64
6 154 14
274 235 48
180 224 73
253 24 85
220 173 74
139 93 45
59 45 10
162 70 96
163 205 75
22 47 82
207 184 34
176 3 84
69 239 98
204 255 91
240 61 13
169 15 13
64 0 81
219 187 19
15 256 62
234 65 28
44 124 99
25 58 39
67 142 65
144 161 29
54 114 22
185 77 44
139 130 55
203 138 80
276 77 55
263 240 32
242 258 42
233 23 14
118 123 14
261 88 100
197 0 50
261 111 51
229 123 28
164 111 31
95 134 65
99 103 86
197 102 55
162 257 77
88 120 50
280 103 57
170 85 10
85 181 24
259 253 36
2 31 14
216 68 70
55 267 87
256 197 24
130 50 48
6 175 56
254 12 58
68 104 58
27 137 98
190 40 41
15 99 33
189 103 47
119 115 11
56 12 60
155 127 15
209 90 14
201 198 61
126 212 35
15 282 80
183 4 53
99 25 21
97 161 30
124 197 100
11 73 18
259 71 47
83 216 21
276 238 43
23 247 18
162 98 56
89 163 12
185 94 80
148 230 50
13 121 95
228 188 87
114 283 19
135 85 82
58 63 11
276 265 37
124 118 69
115 56 82
174 180 12
220 234 22
141 250 62
162 240 41
189 1 45
232 245 53
219 244 29
4 280 99
27 241 36
96 103 88
121 90 40
253 225 51
261 98 94
202 25 75
38 195 96
69 19 71
94 96 25
126 238 36
274 153 70
91 112 65
20 106 20
247 85 35
227 66 50
254 269 31
86 202 64
66 77 79
193 133 64
254 202 13
258 133 92
244 261 18
256 174 25
152 159 90
108 76 53
157 68 15
136 249 59
25 280 50
74 66 90
184 117 84
71 190 58
55 85 75
220 193 70
101 38 35
170 96 54
87 286 84
74 270 13
57 143 68
230 88 85
156 173 84
210 197 47
255 14 50
118 281 33
46 249 94
150 155 84
270 162 59
284 23 88
33 172 29
64 33 12
170 134 10
241 46 10
234 267 87
14 135 100
47 234 75
200 65 74
200 117 88
27 206 31
155 183 88
17 88 24
96 123 11
20 250 88
183 64 66
199 73 18
196 261 64
183 49 62
165 4 54
189 49 47
153 116 25
71 110 45
180 261 44
28 58 27
257 198 39
41 274 56
26 88 19
184 201 71
41 182 58
214 100 59
66 152 58
20 99 68
58 31 65
91 233 84
45 19 20
230 281 54
217 22 50
64 217 91
246 128 57
137 190 25
238 206 50
195 182 46
114 274 79
221 201 94
159 209 73
145 46 100
124 77 64
139 8 18
26 273 78
54 144 97
14 267 25
16 199 36
116 129 17
180 44 69
270 59 88
18 174 96
52 221 74
13 53 85
143 170 60
130 2 46
62 82 14
208 219 45
170 251 17
90 107 54
24 208 84
67 97 10
83 172 93
219 95 99
275 11 76
233 95 20
258 8 14
38 1 80
166 77 89
265 185 10
8 286 50
64 186 40
141 123 28
57 109 18
37 165 91
97 151 42
191 231 100
127 47 92
143 29 72
177 221 90
24 252 53
146 63 94
67 174 92
133 26 35
33 233 48
171 126 41
88 85 34
68 212 14
105 87 50
238 100 16
76 80 77
222 19 77
8 173 28
83 52 66
95 202 34
252 224 26
204 21 42
191 3 83
182 99 29
144 262 76
115 204 16
270 272 45
146 23 44
86 254 42
50 269 92
189 108 32
82 159 79
21 151 51
162 243 67
207 126 46
85 223 53
191 35 57
209 114 25
164 153 29
203 254 76
266 27 86
178 197 85
32 13 97
281 180 27
5 35 13
63 33 67
220 180 75
57 62 39
273 168 74
165 269 38
15 91 56
169 168 75
4 46 66
231 138 11
35 13 55
277 210 32
2 133 28
236 209 39
265 50 58
277 286 48
3 98 97
193 86 88
125 52 21
25 266 50
56 246 97
185 272 67
1 245 37
264 24 59
211 29 56
42 232 61
158 93 45
280 110 100
50 6 72
86 0 40
183 92 50
59 177 56
84 285 77
119 167 55
79 118 88
199 14 97
209 97 46
12 53 63
128 285 69
162 150 46
111 247 34
154 263 100
30 59 82
200 98 69
55 144 63
170 285 88
188 261 97
49 106 28
241 12 23
45 40 30
270 74 87
127 239 95
1 199 11
137 31 79
111 1 42
123 281 91
200 138 92
42 18 26
185 249 21
64 156 38
167 88 99
31 63 68
172 74 16
282 107 55
249 188 65
238 104 32
110 210 24
24 59 50
86 273 12
255 188 53
283 71 57
47 51 84
255 188 82
189 257 88
176 36 17
63 240 68
22 165 71
18 272 47
121 243 79
204 150 66
81 64 15
97 218 65
94 241 59
155 78 13
6 92 54
67 103 88
180 126 61
92 97 77
273 259 46
169 208 71
270 108 96
1 155 89
75 237 27
48 73 76
60 6 32
68 44 62
179 123 96
108 170 54
70 56 71
173 124 52
264 247 16
189 71 56
12 90 19
176 54 69
134 227 27
17 179 70
99 47 45
214 69 27
87 59 64
154 189 64
229 125 32
262 201 90
122 280 14
113 280 30
21 216 72
263 193 97
162 82 23
28 18 100
235 15 55
94 141 93
216 114 96
187 238 60
196 141 82
108 130 35
71 181 67
237 275 27
0 255 28
76 91 66
171 210 69
202 182 95
228 62 58
199 144 84
173 189 88
221 125 38
20 99 66
281 145 58
85 101 67
170 247 57
230 70 37
38 102 40
228 58 10
116 182 93
88 255 93
35 214 97
216 237 38
30 174 38
8 82 99
162 77 39
242 59 25
190 143 39
68 272 17
184 256 33
242 225 49
24 213 36
61 239 44
16 11 22
5 211 38
239 41 55
88 170 59
172 53 20
226 267 27
135 179 19
157 154 75
97 233 30
66 51 65
163 244 84
9 117 96
127 269 60
281 17 35
268 196 32
88 7 75
107 118 10
49 36 85
249 215 88
78 175 64
182 110 62
166 43 62
6 263 99
218 227 96
151 91 17
62 100 99
124 49 70
52 108 91
187 167 12
213 198 79
12 109 46
216 235 79
182 74 68
55 244 46
32 37 66
89 19 33
52 197 76
1 246 65
224 3 10
238 17 49
91 126 78
20 26 33
6 32 47
131 213 45
145 133 44
103 201 47
232 86 41
41 58 29
281 23 72
160 197 73
213 235 32
281 164 22
74 168 18
111 224 41
214 201 41
91 96 20
235 149 47
256 277 86
249 23 12
268 85 37
106 36 25
191 30 66
94 75 60
91 270 34
279 32 28
244 184 17
272 280 58
277 78 36
28 8 65
69 87 74
177 19 72
113 146 87
258 230 86
197 84 61
209 231 13
152 14 53
215 281 90
23 184 80
244 134 40
170 91 18
227 74 51
12 122 96
205 161 23
161 59 22
72 156 38
274 173 57
234 168 31
92 224 34
0 255 22
130 11 24
48 276 28
246 213 95
282 37 77
48 101 57
32 76 98
2 140 49
187 164 73
27 11 17
67 58 75
8 35 55
210 247 63
22 92 80
52 35 32
68 46 75
108 178 58
107 266 84
89 118 70
107 88 20
20 168 85
205 271 20
136 27 96
220 185 41
122 23 37
257 177 16
97 19 12
243 80 16
62 83 71
191 254 53
190 1 58
26 119 36
29 233 30
22 258 35
47 275 65
232 275 97
181 62 45
251 122 40
139 45 94
183 118 17
221 1 45
79 43 22
144 178 92
197 69 38
19 223 54
191 162 31
249 48 52
195 126 62
155 168 28
95 217 97
37 17 33
36 49 51
82 190 61
110 22 49
54 59 57
267 23 44
155 190 37
252 61 81
77 100 87
26 66 51
83 172 58
277 80 91
250 92 25
19 121 20
152 13 13
117 75 31
69 100 39
274 211 100
27 28 90
18 0 76
258 83 98
246 237 70
13 215 85
165 133 79
227 85 60
280 271 85
286 241 59
137 163 70
41 82 11
30 232 62
237 258 37
33 145 52
106 228 83
103 58 43
42 183 40
117 45 63
270 120 12
218 225 49
263 3 80
162 26 61
246 180 60
252 180 22
221 284 13
94 58 91
168 242 40
105 80 69
3 115 58
279 206 31
206 132 54
208 2 45
230 218 32
6 3 23
99 141 35
227 26 16
94 178 69
81 253 91
153 43 57
197 219 84
72 145 36
104 256 87
192 78 90
93 22 16
27 247 46
255 249 24
118 115 96
24 280 44
158 6 15
38 58 43
260 90 89
88 116 15
3 83 88
218 133 87
146 62 53
12 5 57
282 172 13
278 68 61
85 120 78
156 221 98
7 99 53
140 139 33
51 71 63
51 44 61
208 80 77
242 75 60
153 181 92
137 176 22
48 92 22
10 121 89
208 222 24
42 162 78
162 275 56
97 215 30
42 209 71
186 165 42
52 26 99
234 276 97
74 9 63
104 44 12
44 211 91
107 172 22
262 151 10
253 122 49
260 127 76
6 18 100
129 247 66
95 65 89
61 113 46
9 51 76
195 58 85
73 158 50
118 37 89
190 12 60
248 147 38
246 0 46
36 73 90
208 67 97
65 229 55
0 198 15
219 86 95
28 134 20
103 57 89
72 97 25
156 83 25
35 174 52
33 90 24
200 266 92
23 54 56
103 189 32
125 102 38
147 232 53
2 130 32
185 213 15
167 251 12
145 87 62
286 264 48
162 147 15
37 126 20
198 66 29
196 164 42
11 242 45
116 197 30
284 68 39
98 215 12
231 259 17
228 221 57
231 37 35
128 93 66
179 76 30
156 154 44
2 32 36
53 63 29
225 49 30
59 38 46
150 1 31
117 103 21
26 238 57
72 6 12
12 137 26
99 73 61
110 124 98
79 134 85
193 113 64
232 144 60
126 158 39
58 3 75
246 23 62
0 140 10
153 55 17
204 5 34
229 1 79
233 115 22
68 97 57
264 90 34
9 89 63
223 168 89
95 228 18
206 22 46
183 62 68
216 253 18
165 24 89
169 96 73
73 220 61
249 85 14
230 225 73
262 28 70
15 179 96
52 49 11
272 87 59
189 234 33
104 263 69
133 30 86
214 181 72
111 121 49
19 16 28
266 232 84
217 75 95
2 137 30
134 247 14
104 61 92
202 118 63
189 27 17
109 37 11
280 217 87
98 95 94
197 206 100
233 62 59
117 258 23
96 188 49
19 1 63
282 70 54
128 172 62
221 110 39
80 270 90
230 238 76
284 253 99
117 65 41
220 149 77
89 61 26
168 196 21
116 47 44
117 286 29
202 12 35
274 83 34
250 237 51
171 219 72
4 92 57
285 114 62
56 283 78
162 192 46
229 40 24
99 10 82
147 161 23
97 75 40
195 173 58
112 256 12
98 10 73
179 246 51
154 150 37
39 171 25
164 61 52
175 204 50
194 215 97
139 211 44
35 138 38
143 220 52
136 40 86
104 285 15
261 201 92
70 134 41
248 241 31
243 76 66
229 84 21
234 224 43
192 258 38
226 140 61
172 197 80
266 85 29
1 149 48
15 14 49
174 32 16
7 220 53
160 266 49
96 271 36
123 68 81
174 190 84
286 91 33
31 53 35
67 123 48
131 196 61
85 214 32
30 238 95
184 18 63
232 4 59
205 264 59
152 96 95
123 274 12
172 60 57
55 282 80
130 202 46
252 67 89
248 43 57
88 48 26
141 87 73
274 142 53
273 117 62
223 233 31
155 64 51
132 8 52
120 66 62
46 207 68
172 278 85
232 114 88
251 57 99
96 199 85
239 140 34
79 135 99
182 110 83
5 280 20
138 27 61
222 238 57
223 195 64
92 8 68
104 119 12
195 66 46
277 186 39
84 106 72
30 152 38
277 105 16
176 86 92
127 76 37
96 3 23
28 94 48
75 109 39
18 126 69
84 148 10
194 166 100
120 169 83
10 156 74
4 29 25
243 5 10
225 10 21
134 93 37
72 267 71
172 58 69
87 140 39
203 267 47
18 262 51
215 72 62
52 146 66
14 157 90
282 280 83
13 33 79
245 86 32
154 121 55
114 246 65
188 202 68
95 26 93
238 201 95
211 11 76
227 254 31
266 216 68
119 265 92
189 131 84
179 153 63
116 126 29
210 6 45
278 130 33
104 205 99
283 207 49
234 284 28
268 15 59
4 8 81
284 250 24
265 270 89
57 244 60
123 181 57
127 145 42
254 118 39
204 265 54
277 86 22
92 262 79
268 230 26
102 139 76
95 279 16
103 139 72
79 12 48
123 58 11
171 140 10
139 255 99
227 50 85
238 178 87
132 5 64
102 27 61
150 1 54
235 139 27
223 231 17
249 90 66
74 269 68
199 218 44
150 277 39
188 122 43
52 221 52
285 67 95
132 161 76
229 70 55
192 220 91
201 95 28
55 88 43
146 58 24
115 48 78
44 42 51
25 109 40
252 256 24
63 98 59
29 229 30
182 133 58
106 102 24
65 58 67
226 13 29
209 202 42
160 116 70
108 182 100
115 241 89
283 70 31
89 98 23
174 71 68
60 224 82
155 263 43
109 6 10
216 154 23
123 257 40
98 227 90
62 93 66
245 259 69
210 170 39
259 235 77
45 56 74
53 112 44
203 146 72
285 185 27
113 186 20
177 258 89
194 103 16
160 274 36
4 192 69
272 3 83
191 55 75
206 97 30
187 180 75
127 242 68
183 281 20
80 2 62
56 165 100
140 223 45
161 78 32
138 159 66
2 14 45
148 96 62
89 231 88
201 161 25
64 2 82
202 175 43
132 81 52
115 232 56
271 250 69
74 197 50
174 197 88
226 198 92
61 70 30
85 230 28
159 58 27
64 275 19
198 209 25
107 263 61
224 271 36
130 257 53
125 275 87
102 281 64
245 107 17
197 278 85
32 29 36
43 75 89
125 91 42
248 240 25
268 88 22
153 129 59
166 81 30
223 238 19
17 202 67
282 251 97
269 20 65
271 82 98
150 87 21
67 222 69
200 198 43
120 58 77
34 130 28
113 18 63
261 63 59
23 117 30
259 240 91
149 217 60
265 200 72
41 61 49
58 111 37
252 16 95
126 270 78
224 244 43
204 182 60
194 284 93
158 74 86
267 1 41
78 82 55
60 227 74
207 59 12
271 123 71
284 100 27
196 67 95
14 156 96
232 86 61
77 104 57
148 124 19
232 267 24
9 188 63
187 135 31
218 32 34
278 175 76
275 91 21
48 261 75
199 65 47
214 265 38
225 213 62
241 181 68
136 175 65
235 142 30
275 178 18
168 122 91
232 146 76
203 0 90
193 147 11
176 119 80
55 222 37
223 111 93
83 181 95
77 63 40
252 136 19
263 19 44
107 113 16
231 57 62
124 119 82
218 20 82
122 168 58
62 153 47
113 4 86
59 154 59
260 50 49
68 203 59
103 114 93
194 60 100
70 263 18
102 168 97
228 22 80
32 56 49
53 196 83
63 171 84
2 63 51
251 185 19
111 185 82
96 268 94
153 213 16
172 23 87
205 163 38
151 248 79
217 34 79
191 283 84
260 153 68
124 29 98
138 100 90
72 34 89
268 38 64
257 48 32
100 132 24
39 205 21
25 51 25
236 102 15
186 284 100
145 246 79
87 196 33
135 216 27
154 184 74
283 200 30
127 238 32
176 197 50
148 185 47
70 150 86
93 286 100
279 27 95
225 158 30
112 17 71
57 68 78
129 42 27
257 63 58
94 206 40
68 10 13
242 45 51
143 206 44
92 27 13
35 233 85
274 155 92
170 189 35
188 161 90
85 2 76
51 282 58
11 7 39
194 145 20
12 137 51
257 259 51
159 141 79
32 141 40
12 190 79
281 21 27
173 88 57
167 216 97
23 98 49
226 166 87
57 160 30
245 132 26
149 161 40
81 106 70
138 7 15
188 132 13
233 63 56
38 100 14
29 222 61
83 120 67
35 135 18
164 132 87
36 20 93
186 223 86
50 252 40
148 112 13
148 41 31
255 199 71
58 25 23
269 86 21
110 89 16
14 64 57
128 156 23
186 185 38
171 175 41
104 207 31
244 279 46
129 9 58
35 37 44
89 258 86
16 61 48
142 7 87
36 115 42
61 133 70
111 49 41
152 181 85
85 90 92
270 221 90
99 182 46
61 283 83
225 239 67
281 245 28
120 25 54
169 215 86
224 19 88
193 156 81
126 76 25
90 248 87
27 91 50
157 22 88
196 245 83
132 224 95
28 79 80
122 73 47
241 207 93
243 81 53
86 96 66
60 228 63
124 45 77
92 274 14
179 271 99
94 280 24
106 100 85
2 181 50
65 209 99
141 156 27
216 24 60
282 125 60
197 227 78
121 170 96
87 189 17
179 101 15
194 158 12
169 214 14
123 94 75
33 36 35
255 2 100
175 192 46
139 173 39
266 83 63
227 197 71
238 192 18
57 79 42
285 193 87
41 190 76
173 127 75
207 225 13
46 143 54
177 132 91
56 168 79
193 213 24
50 20 59
83 17 66
79 6 41
138 93 47
77 18 76
29 102 30
201 191 72
177 26 36
30 51 23
158 137 64
104 256 66
218 101 76
38 273 36
256 26 90
184 186 64
24 56 78
96 250 14
272 152 60
44 200 76
20 76 42
132 275 26
9 271 88
286 31 90
133 197 75
111 105 58
16 247 25
2 100 60
174 136 98
38 158 11
41 171 79
82 129 25
273 21 28
5 125 30
49 227 55
210 80 56
127 285 25
165 151 31
238 282 65
160 22 91
48 262 98
213 249 70
117 123 75
213 188 81
224 270 57
111 199 29
121 278 51
119 216 22
21 151 41
6 1 80
48 254 87
109 156 63
55 168 12
142 239 31
114 24 99
199 71 30
21 5 91
265 220 20
130 224 23
2 266 55
48 193 88
262 159 39
143 236 100
181 137 80
40 240 37
153 79 77
255 184 44
101 224 12
72 37 60
184 217 69
246 126 96
216 63 94
131 90 77
39 84 18
23 76 34
283 71 45
92 172 66
93 116 31
137 22 76
63 59 12
269 164 87
201 63 53
9 133 99
71 36 24
191 195 49
187 171 53
21 130 22
5 241 51
158 191 14
167 186 39
116 186 97
241 51 47
270 177 79
9 148 78
56 177 64
51 264 22
258 85 26
17 12 46
209 30 70
80 49 61
17 112 29
48 232 100
128 159 34
255 32 23
102 32 31
183 119 100
208 25 62
40 268 80
103 162 39
65 183 54
70 270 48
269 178 92
67 273 29
233 158 11
104 19 12
151 92 11
107 181 60
35 116 41
51 187 28
174 111 47
19 23 97
78 257 35
184 157 81
140 245 67
150 61 62
112 69 37
158 134 16
212 284 89
280 89 16
93 269 13
257 96 29
148 239 52
146 214 87
54 70 13
222 213 12
171 102 72
52 135 51
90 209 98
70 138 23
128 77 37
280 221 50
5 206 23
209 211 35
62 18 43
110 50 12
199 242 61
132 238 22
2 38 61
268 205 89
240 156 53
231 176 38
10 15 65
221 186 100
232 248 31
2 256 58
123 244 54
7 266 46
70 133 94
73 243 99
123 127 26
77 55 59
224 138 56
280 240 58
51 161 99
209 0 80
209 33 17
228 154 37
141 183 30
0 52 15
44 168 16
117 272 70
207 258 63
129 206 61
273 122 84
52 238 91
180 169 40
165 99 74
39 196 63
124 183 99
285 19 69
242 252 24
160 39 65
153 282 98
46 21 95
71 118 10
40 194 63
63 168 80
184 198 47
173 132 69
182 104 11
190 131 79
12 11 25
42 58 20
79 57 10
88 274 22
25 32 56
139 109 54
153 235 19
258 226 63
71 154 96
220 188 79
270 51 36
166 58 53
31 159 13
230 85 34
158 101 68
151 202 59
198 37 76
182 13 79
151 100 93
194 208 79
146 257 35
113 199 99
41 189 56
104 34 25
210 213 51
92 23 47
130 34 29
157 71 21
116 184 22
281 75 21
107 124 38
273 129 97
179 267 64
218 149 58
186 210 88
227 131 47
63 131 68
175 23 67
49 202 30
82 161 23
261 205 81
142 175 30
143 22 36
132 84 39
83 2 40
255 237 37
262 192 10
94 217 32
154 246 66
149 30 81
229 82 19
87 53 30
105 197 61
251 257 41
40 129 96
133 85 60
34 135 24
118 178 58
48 29 97
80 203 40
177 54 44
56 274 76
65 186 74
26 77 61
274 247 70
206 9 10
77 43 46
138 106 83
118 32 69
249 219 98
149 157 42
240 23 43
277 145 88
126 193 43
240 49 96
281 46 85
76 6 51
185 39 40
221 184 26
174 150 60
28 163 52
5 201 38
77 140 73
255 84 96
107 79 55
124 266 72
48 134 59
128 270 29
55 54 65
193 225 74
165 194 10
77 168 16
208 279 26
25 181 44
278 100 98
163 174 95
271 24 86
126 123 12
226 258 37
116 125 74
103 167 12
165 273 66
63 274 79
21 210 11
10 59 44
52 251 50
163 188 21
94 246 77
264 100 77
265 12 56
150 73 51
197 74 90
24 181 18
90 81 72
54 239 60
190 203 74
136 82 35
261 176 94
90 19 97
121 215 69
80 52 70
263 89 27
89 197 43
162 226 81
57 151 30
13 20 74
220 242 80
141 191 46
162 262 93
121 208 40
45 188 27
221 132 11
96 189 95
29 50 34
214 218 69
77 286 42
41 92 60
29 112 21
58 193 76
200 241 90
175 133 58
125 217 24
281 238 55
74 231 67
135 263 35
116 109 15
110 13 88
103 210 19
127 42 23
19 103 87
0 45 78
268 0 33
209 130 34
36 173 45
202 250 34
245 50 48
25 119 61
235 5 14
225 146 22
201 8 56
56 203 18
217 286 99
5 216 78
253 47 90
14 189 68
165 180 82
271 211 13
213 249 80
118 233 43
24 264 20
206 24 14
149 188 90
251 91 38
3 255 14
57 267 100
231 147 38
228 29 20
137 165 17
188 56 75
268 109 12
50 160 85
223 244 74
232 104 85
172 139 20
21 101 79
113 125 90
241 212 38
113 67 55
179 195 93
268 63 16
164 206 15
6 167 22
153 173 82
61 169 92
152 126 50
169 0 76
178 19 81
49 25 81
202 270 44
166 18 50
6 121 57
94 108 65
205 115 22
148 175 62
7 191 92
75 249 20
181 174 68
58 77 78
158 56 10
282 89 64
41 90 16
276 215 98
90 49 34
255 62 90
218 245 13
125 18 94
88 173 99
50 268 83
138 123 34
3 101 11
148 115 84
33 61 70
13 235 34
187 163 32
282 128 27
209 117 48
124 211 69
124 104 99
47 244 71
213 134 23
238 30 47
121 4 17
107 175 75
27 86 14
212 125 53
98 170 68
166 194 87
9 3 34
37 54 90
278 33 95
140 195 81
88 208 82
160 275 16
240 57 19
157 9 15
107 196 55
74 103 86
240 148 33
123 176 11
1 46 99
119 283 88
275 160 30
82 200 70
28 220 61
47 31 51
68 279 14
4 183 18
247 26 56
272 161 63
223 226 90
45 107 27
258 211 16
139 107 69
147 47 96
135 190 70
110 187 26
161 121 36
155 33 48
220 275 75
118 89 60
208 40 75
213 219 29
102 223 19
21 102 12
149 73 85
31 123 31
285 247 76
228 133 77
200 103 77
12 166 18
20 170 84
98 187 87
206 236 49
58 238 26
46 189 16
230 95 34
0 203 15
192 245 53
5 211 43
72 282 38
258 8 74
165 256 19
256 87 74
204 235 36
186 63 59
170 208 64
220 243 82
5 231 22
104 230 25
23 132 90
25 68 45
231 103 74
62 254 56
22 2 26
179 184 43
140 6 21
187 119 18
232 50 48
208 46 70
165 81 34
27 151 91
152 271 12
94 101 60
14 271 32
103 233 71
127 90 36
238 6 22
42 164 83
36 247 53
209 42 73
41 54 55
271 247 49
130 202 99
222 239 25
249 12 69
124 226 53
185 177 37
26 182 10
48 21 81
152 21 90
142 34 67
3 171 20
73 53 31
240 180 22
57 43 10
12 135 14
67 142 66
142 128 16
221 275 71
2 284 79
86 181 94
270 89 88
279 81 31
184 94 40
56 71 64
74 12 83
14 115 44
196 71 64
114 62 60
7 64 67
62 235 63
91 131 82
244 162 59
48 161 96
121 93 21
173 14 14
57 182 56
210 116 20
102 171 17
61 240 13
136 163 74
149 56 47
223 73 19
52 30 18
113 153 73
18 154 100
177 231 57
82 282 61
250 273 59
177 25 73
62 112 66
188 275 58
166 157 49
278 281 75
178 20 83
88 281 72
215 145 80
177 128 45
254 253 69
129 271 73
73 201 20
97 81 48
202 110 30
214 257 85
31 278 41
197 35 90
28 265 59
92 85 51
160 16 21
85 255 77
55 34 48
112 254 61
214 96 46
46 24 10
209 257 22
181 96 94
148 83 81
226 65 15
182 234 14
254 15 96
26 180 79
32 110 92
103 158 13
230 272 68
274 9 82
59 38 52
252 12 58
257 9 31
84 279 66
60 221 91
172 137 44
271 56 85
174 189 25
28 32 96
192 58 100
164 82 34
103 90 16
156 257 29
206 241 62
137 176 30
57 98 30
144 56 39
254 201 32
43 137 33
90 218 49
29 151 83
195 38 55
84 51 78
2 122 22
205 29 90
124 145 12
46 275 27
59 112 65
266 163 28
161 9 68
260 59 42
273 95 89
114 262 19
241 146 86
249 208 81
274 208 92
65 108 80
232 32 54
200 205 98
274 189 68
253 201 49
263 254 36
281 156 50
181 114 98
46 247 98
97 243 22
203 130 25
55 136 18
14 163 66
4 125 23
158 103 58
77 190 71
151 48 68
274 15 100
171 116 80
191 210 64
237 49 34
84 65 18
212 179 35
177 97 75
188 68 81
262 216 73
115 226 90
139 242 68
149 30 12
244 95 84
13 158 72
213 57 95
263 236 89
180 19 74
205 53 33
86 243 19
95 126 57
197 275 90
162 122 35
17 224 99
221 165 62
131 243 59
98 29 79
272 40 16
103 235 96
284 41 26
274 168 62
213 84 22
207 24 78
73 3 10
167 77 62
244 74 84
72 251 56
114 31 50
69 35 49
125 67 14
262 174 93
80 204 12
39 247 42
169 266 94
62 60 86
266 24 42
252 47 52
136 26 47
174 247 50
142 97 21
98 41 53
70 53 84
87 256 44
18 104 32
152 272 71
4 0 49
265 0 55
94 220 13
51 204 93
36 88 96
25 124 28
286 130 50
29 279 52
2 134 31
31 269 53
227 13 58
154 131 75
227 148 90
215 98 74
96 277 26
81 235 73
216 50 40
208 284 35
7 217 70
263 46 16
106 24 57
185 92 17
259 84 46
245 146 77
36 1 57
118 8 57
258 207 66
148 236 43
170 199 54
20 67 79
280 250 35
32 43 44
153 1 56
188 211 78
19 267 72
228 76 52
209 35 89
147 34 28
119 6 13
162 212 81
83 210 96
221 134 79
145 78 13
93 152 37
265 215 74
3 39 41
102 122 11
279 192 40
144 45 86
63 275 54
209 205 48
245 83 91
169 68 67
131 58 45
81 64 22
3 105 36
84 153 83
95 278 92
237 260 80
105 195 73
81 187 38
105 179 62
221 202 98
235 171 70
2 127 87
41 92 81
188 166 28
267 132 54
0 216 41
234 226 49
39 8 56
98 161 64
269 55 86
11 238 88
22 134 32
224 62 13
200 21 76
110 34 55
56 82 93
188 280 30
254 173 83
107 33 35
34 137 74
127 266 13
150 214 42
38 267 14
214 191 43
249 236 70
140 83 41
256 148 38
75 259 38
182 28 16
241 114 37
156 38 85
163 14 21
215 159 12
226 185 52
161 224 58
243 182 81
127 118 76
48 51 36
212 55 46
280 36 45
200 7 84
84 117 41
8 135 96
99 27 67
283 130 56
251 262 38
3 18 89
88 54 63
152 48 45
166 146 24
192 16 26
139 138 66
212 69 79
97 2 54
149 99 64
175 135 60
105 204 23
124 219 43
279 174 73
279 265 22
163 41 31
266 64 97
35 168 20
89 153 100
279 80 88
128 1 50
39 53 62
191 115 45
15 110 88
55 199 76
61 157 79
127 86 68
248 199 45
32 106 62
69 7 65
276 52 49
72 3 15
208 265 71
256 97 94
84 232 60
80 33 63
65 93 42
165 49 66
172 35 27
203 3 34
239 199 17
176 46 32
178 27 11
62 66 19
273 265 61
84 69 93
228 113 40
215 274 28
228 45 73
261 91 95
243 218 88
238 40 31
231 220 70
196 185 94
177 159 34
243 205 76
183 17 34
166 43 71
275 257 86
78 248 45
117 105 11
154 283 44
255 80 58
204 60 48
97 59 54
170 181 26
220 41 73
78 132 26
129 80 12
256 110 56
231 139 96
188 266 28
88 128 81
188 132 46
237 180 72
160 239 42
121 104 87
62 55 83
24 43 59
66 44 67
229 45 34
64 113 57
185 96 82
155 80 95
212 90 38
89 216 16
26 284 59
212 54 77
274 34 87
67 5 69
80 152 64
215 173 62
269 101 95
81 57 40
68 261 33
163 127 67
133 141 41
31 277 65
279 32 27
130 225 32
117 262 26
160 48 39
46 146 12
202 15 65
94 82 94
249 96 26
121 7 73
195 147 91
45 191 56
79 40 56
128 63 82
160 146 87
50 12 85
35 249 68
214 26 22
40 55 84
82 159 62
43 32 65
72 101 48
146 110 100
216 71 77
27 272 41
205 47 44
275 229 96
237 151 47
15 58 52
256 114 19
186 106 14
256 79 24
64 238 60
64 145 34
163 203 89
274 243 69
13 135 27
98 205 23
55 162 78
121 133 54
71 45 57
105 121 31
81 44 35
109 208 31
231 220 48
93 173 31
213 50 63
127 260 63
116 28 12
219 238 51
38 102 16
92 108 14
240 196 10
84 188 11
187 219 74
240 126 36
20 187 10
264 118 21
241 273 47
213 101 65
168 174 23
150 270 38
5 109 37
179 183 32
227 81 37
83 99 94
157 238 15
29 24 20
112 268 16
12 26 80
38 195 69
113 129 92
60 31 20
47 5 77
56 82 31
4 66 13
37 207 76
184 182 31
277 2 31
285 185 88
201 155 70
145 161 49
144 88 63
101 0 38
210 97 60
183 176 97
155 4 20
4 124 70
117 29 98
73 265 18
76 139 55
21 207 60
23 150 69
122 216 77
97 242 38
167 224 31
59 169 38
7 231 33
239 29 33
86 194 82
188 170 59
274 226 82
79 48 26
254 33 98
116 205 95
243 263 25
34 222 79
114 182 39
277 169 49
206 153 26
252 270 76
152 229 22
41 83 22
80 227 39
157 217 38
114 4 65
52 209 99
59 208 63
36 276 22
60 3 82
108 177 47
24 138 12
86 24 90
2 105 40
132 16 42
189 212 78
129 179 99
243 180 81
207 88 87
266 122 46
131 15 93
267 64 25
257 281 16
157 270 19
163 252 69
147 22 94
188 45 100
224 99 38
115 24 96
70 188 48
7 35 19
216 23 86
96 33 94
116 162 82
221 191 23
29 133 85
159 133 98
237 96 75
72 206 40
160 58 70
265 276 42
131 107 41
176 16 21
115 177 77
261 93 48
226 240 48
174 58 11
53 105 32
231 37 56
125 210 55
102 199 54
28 88 30
10 162 13
22 174 28
18 21 21
224 181 92
18 171 10
116 74 86
167 182 37
253 275 34
184 67 11
275 260 22
148 3 96
137 219 70
2 143 40
205 285 57
196 84 18
179 35 57
226 168 23
173 209 85
213 178 32
151 216 55
195 283 82
246 262 91
0 165 86
68 127 100
173 176 72
105 268 100
219 163 98
234 110 36
163 203 70
204 152 39
53 133 97
194 59 16
191 124 40
116 56 83
68 159 27
170 95 13
177 38 64
101 188 46
219 45 61
186 82 80
146 177 82
241 28 11
95 117 10
87 90 76
18 126 50
75 122 15
187 225 92
276 194 14
77 211 18
186 279 44
36 155 58
214 54 79
56 67 45
263 242 27
3 31 21
72 227 88
68 55 62
80 9 18
239 236 15
208 84 87
99 17 85
232 133 77
252 167 10
208 151 18
183 275 72
245 237 91
121 76 66
88 128 66
257 154 71
128 169 45
5 64 16
141 157 61
75 281 55
279 190 44
160 211 16
184 18 49
140 36 38
82 28 41
2 139 20
246 193 50
0 66 60
1 74 100
64 226 53
124 125 37
228 154 92
170 197 99
138 70 72
277 125 63
67 118 31
147 68 79
252 258 21
144 129 90
175 18 92
17 13 93
233 129 48
246 209 74
47 140 39
214 103 47
66 7 79
164 265 21
192 91 69
270 6 73
45 220 41
44 113 97
189 101 80
137 108 98
112 267 25
22 278 13
30 8 76
89 88 42
146 83 12
282 278 92
58 59 64
189 18 91
47 229 28
192 186 65
165 234 78
171 44 44
211 204 95
190 257 88
56 175 83
152 13 72
113 92 82
160 17 41
256 206 82
193 29 34
185 64 11
41 117 97
237 243 74
181 245 20
82 203 33
273 38 19
282 76 33
242 230 16
247 94 54
121 235 56
250 60 21
131 228 65
208 69 31
63 191 62
254 175 97
17 59 13
26 185 39
229 154 97
160 58 58
173 181 65
236 180 32
175 217 81
8 234 91
147 248 15
81 188 12
15 280 45
276 262 36
61 188 70
125 119 75
18 226 47
41 49 80
27 279 90
129 221 50
248 272 78
190 108 67
127 17 29
189 119 70
2 75 46
250 261 91
61 52 21
43 193 89
48 281 63
141 17 69
284 168 11
50 133 36
98 42 89
134 60 60
213 149 14
180 215 42
42 229 85
54 162 52
38 102 83
103 147 72
38 92 49
67 245 85
96 89 89
187 56 19
18 128 55
76 285 15
249 268 66
103 162 39
54 172 73
33 123 12
30 260 37
231 95 53
233 173 12
131 0 37
58 190 25
165 242 31
138 133 25
181 129 62
162 282 85
59 144 39
55 107 83
267 79 35
62 183 21
95 91 89
72 7 17
50 250 39
28 171 91
59 45 54
264 20 83
31 19 13
249 149 54
129 156 30
236 60 42
79 132 71
267 24 37
236 245 22
154 182 35
199 80 65
211 67 46
8 118 96
262 197 15
93 188 31
29 168 55
154 139 59
206 220 37
260 163 65
264 132 94
204 90 63
149 114 46
277 121 81
143 114 42
144 267 70
233 113 61
9 105 11
8 105 99
113 7 30
133 253 87
182 16 50
191 283 12
192 281 62
72 7 51
17 73 27
25 14 51
73 193 100
37 142 48
130 114 43
243 177 76
150 238 48
282 283 48
198 64 51
46 112 12
1 127 54
271 174 13
67 12 77
99 224 67
180 191 74
275 5 25
77 234 29
134 49 94
275 235 60
12 138 16
127 211 57
206 73 65
104 240 15
211 152 16
6 180 89
55 164 47
272 103 30
159 59 73
1 43 49
227 71 97
140 46 75
2 54 98
210 250 74
218 254 69
66 124 92
142 44 73
99 26 64
85 78 90
97 78 68
56 140 32
180 120 12
179 142 77
21 91 78
47 192 51
72 218 100
191 92 32
8 244 84
110 49 82
187 209 11
90 12 77
140 234 27
178 1 20
282 109 94
248 78 35
31 221 63
119 116 20
283 135 23
272 52 83
259 74 16
61 47 20
15 237 90
244 14 67
134 40 47
211 60 75
58 269 62
39 151 59
208 11 11
184 195 34
217 201 13
79 256 37
219 156 48
41 166 59
12 70 41
137 241 43
160 39 99
53 265 48
113 197 69
86 104 35
34 80 71
243 69 11
52 230 34
284 205 41
276 247 65
224 121 58
46 272 76
83 165 75
23 267 19
274 88 51
121 214 58
200 253 30
239 251 84
34 24 43
236 22 13
186 2 55
66 38 48
83 131 35
254 255 37
153 230 51
147 6 49
22 1 75
206 269 41
150 48 22
240 36 78
24 137 99
128 168 85
275 260 51
139 127 10
10 148 20
225 34 97
107 110 20
205 93 80
20 248 19
256 71 60
29 213 34
150 148 100
155 231 51
226 38 26
257 241 36
107 71 37
86 236 56
110 152 98
126 270 65
8 122 92
104 71 64
129 256 65
158 228 54
90 158 66
272 217 80
4 259 25
208 1 28
286 60 67
78 57 96
75 204 65
194 144 94
133 69 88
81 39 26
259 17 58
264 156 11
82 213 74
139 87 64
84 19 59
199 166 23
253 39 81
68 193 75
60 71 73
126 51 61
193 1 37
281 227 45
102 18 28
32 194 37
48 107 40
1 20 87
70 5 53
123 155 33
227 163 95
96 136 69
73 146 45
160 19 88
255 215 50
211 226 63
278 264 67
20 76 14
183 28 97
123 152 24
281 63 100
230 196 23
156 114 79
66 136 58
0 93 39
234 253 92
158 231 77
190 261 19
32 36 90
153 257 98
66 63 94
92 117 22
220 34 47
11 56 71
151 103 78
1 109 26
279 8 76
161 261 24
79 148 53
216 137 18
56 223 84
257 54 38
86 61 94
234 215 68
55 50 37
166 143 10
104 203 52
31 260 44
151 210 52
198 96 38
283 78 90
123 100 44
78 38 14
233 269 86
168 258 13
165 215 59
130 13 90
20 207 50
132 147 53
40 66 21
69 3 25
51 142 91
67 9 99
282 22 97
148 46 29
93 117 71
137 164 48
83 244 81
94 188 84
16 130 40
37 135 39
95 77 30
222 174 82
272 151 71
153 268 35
265 251 45
104 274 51
218 150 21
141 268 45
261 5 19
208 260 84
190 196 100
286 59 82
98 226 31
76 279 70
20 281 33
29 156 86
233 19 79
238 72 36
77 210 52
223 161 57
211 244 28
82 13 82
30 220 74
245 157 27
156 229 74
207 130 15
283 77 74
230 5 87
19 184 36
124 177 39
74 249 83
5 231 29
233 107 55
156 120 57
193 48 59
4 73 55
267 113 35
172 229 12
3 152 93
68 234 77
16 199 37
212 93 16
243 40 16
178 200 20
142 117 48
2 47 25
251 236 34
211 151 77
255 124 39
223 42 16
71 100 31
130 222 55
171 84 98
197 141 26
96 284 63
131 167 23
69 113 50
71 7 29
64 2 46
204 79 89
157 13 88
18 116 72
39 21 97
60 38 73
91 140 86
143 248 82
98 69 98
280 183 86
246 81 29
96 81 95
24 6 54
188 200 32
285 256 92
212 246 22
160 42 75
284 59 62
276 28 87
26 91 81
186 60 25
260 219 26
93 118 31
249 244 96
242 191 26
42 76 96
233 184 23
126 1 43
84 120 45
13 261 32
260 88 24
76 233 87
132 157 58
106 98 50
39 181 56
127 221 69
233 283 50
29 137 46
253 278 52
179 199 26
194 244 90
185 115 81
58 250 10
39 36 17
73 78 55
278 132 53
227 160 10
22 44 14
12 226 43
92 130 100
126 86 21
113 203 45
247 20 51
268 157 49
190 178 16
178 213 33
196 58 85
22 223 37
197 94 83
233 126 26
151 274 58
196 245 62
58 170 81
34 222 23
41 90 48
45 281 43
207 128 89
195 23 49
48 70 26
95 97 46
235 263 36
125 107 20
276 233 84
154 194 24
241 154 64
77 183 16
277 41 63
160 26 46
244 151 30
177 211 72
185 81 92
219 230 34
254 265 25
45 149 68
86 193 17
56 277 62
116 196 18
117 274 43
186 226 69
205 216 87
141 133 57
246 282 71
282 84 71
157 3 64
113 4 55
237 8 12
190 60 62
183 57 20
39 183 41
121 177 93
261 273 61
268 278 87
1 260 21
226 51 40
115 234 100
129 117 72
275 277 25
147 55 23
136 51 22
201 144 79
22 73 64
214 118 65
54 154 98
221 58 91
22 75 92
234 276 81
237 273 38
224 16 99
139 78 74
139 99 45
146 159 94
280 150 27
157 248 56
283 179 34
197 271 25
215 17 81
61 126 55
12 158 45
11 237 36
158 40 68
152 105 88
88 231 35
247 58 16
189 104 79
250 276 92
7 249 63
173 108 99
77 221 71
165 0 17
126 272 42
125 174 81
254 180 30
245 261 91
54 4 96
270 9 34
24 33 36
61 94 29
220 230 49
204 33 20
181 155 94
135 60 23
229 198 10
29 199 79
177 248 40
128 97 79
40 143 58
226 229 72
31 150 72
77 239 58
45 160 34
190 115 36
183 180 36
239 97 82
252 274 58
24 277 57
190 134 34
56 41 61
221 61 25
19 9 17
276 7 69
111 276 15
209 193 49
154 226 55
39 7 54
27 212 46
139 197 84
177 185 28
235 79 77
250 217 39
270 216 94
149 39 33
217 264 60
286 31 58
37 270 50
235 167 35
262 137 58
47 71 78
258 36 38
106 233 29
41 2 30
223 77 24
59 184 16
250 231 72
147 249 85
69 53 25
75 140 29
142 53 19
234 270 31
222 134 62
3 186 29
77 74 38
79 239 69
209 106 13
270 102 12
75 35 31
114 17 81
187 108 80
271 205 38
286 250 27
51 110 98
58 158 87
144 181 29
148 185 37
245 249 61
244 52 93
157 148 88
56 147 24
275 137 47
265 25 30
10 4 81
56 216 37
217 219 56
196 186 32
18 266 48
257 173 53
131 198 59
276 175 74
286 165 33
161 38 90
142 163 49
237 244 88
127 220 80
151 179 49
286 2 57
267 240 97
212 30 73
103 98 15
25 228 61
133 64 66
272 172 82
69 280 37
10 223 98
35 257 43
205 207 86
55 280 21
17 98 63
250 252 10
237 36 39
107 41 45
38 215 62
108 40 13
42 208 92
218 86 93
277 139 56
4 184 77
31 278 96
24 95 44
186 204 90
151 132 84
14 65 28
69 108 44
65 191 39
75 257 18
53 274 47
111 180 46
49 171 41
268 35 10
278 191 29
25 13 22
238 87 23
153 72 83
256 234 93
183 25 32
136 142 31
274 222 71
65 226 76
260 247 92
177 192 96
82 9 72
83 54 77
260 77 65
96 101 85
91 77 99
53 162 45
139 144 21
60 79 70
285 50 92
237 164 12
38 80 99
265 127 94
2 136 31
103 115 28
169 228 31
262 237 80
98 256 40
180 222 87
49 166 96
210 72 58
176 221 45
41 266 76
104 152 87
75 235 10
175 275 18
84 114 47
224 152 74
5 128 20
167 6 52
121 101 13
229 223 76
202 116 91
175 109 24
156 100 67
263 282 69
249 271 91
195 96 88
130 122 19
1 76 34
114 190 67
197 121 64
65 276 96
27 109 66
125 31 59
59 47 89
58 205 57
213 143 43
255 204 34
28 32 94
230 283 49
212 275 27
58 64 54
190 272 15
123 262 39
229 133 71
92 101 49
144 200 44
118 201 86
262 187 89
12 222 68
227 219 13
22 2 63
52 218 26
234 107 65
171 142 71
262 98 40
25 184 80
277 177 50
142 75 48
256 103 51
264 142 57
228 18 54
86 254 80
223 208 33
279 257 18
224 26 80
150 99 32
92 193 45
163 281 89
228 88 52
184 285 12
257 52 79
24 99 54
132 99 15
39 175 71
227 100 98
207 131 54
243 221 66
155 184 73
92 10 74
272 210 50
143 286 53
178 126 70
212 0 22
29 114 84
26 19 30
175 227 70
152 22 51
101 69 51
160 185 53
224 274 26
73 104 74
174 278 28
36 135 58
283 116 48
148 12 95
144 125 26
84 56 78
279 220 84
272 101 56
201 248 82
129 190 97
173 138 20
8 141 38
120 33 58
115 276 55
243 185 56
31 232 97
222 29 91
194 286 53
13 42 58
123 253 57
83 127 89
175 230 80
187 86 43
239 219 89
278 30 50
268 275 89
33 210 94
138 213 36
286 58 99
121 122 78
18 222 93
20 188 43
199 138 44
238 236 54
185 255 68
6 181 34
251 188 16
241 198 72
243 162 97
162 161 31
239 181 39
256 195 74
108 217 30
84 52 98
182 36 90
59 97 84
15 88 62
275 134 29
22 122 17
169 155 97
23 119 58
174 274 79
9 215 29
24 210 23
158 20 16
237 285 42
56 282 42
144 115 92
122 62 97
226 47 46
74 71 67
38 76 57
77 203 96
226 157 30
235 158 77
262 236 23
246 282 60
245 25 69
180 267 98
218 243 19
232 158 60
173 88 75
191 186 77
130 70 80
245 180 87
6 118 37
52 273 98
92 40 38
66 109 70
54 233 76
131 247 91
271 243 20
145 11 49
162 229 64
208 123 68
171 212 66
214 211 50
102 277 53
170 74 57
213 62 80
217 51 26
15 7 60
272 203 46
267 234 53
117 223 26
95 265 13
240 82 41
95 195 81
267 254 16
138 127 78
249 66 89
55 39 17
149 181 94
250 234 65
173 266 77
149 236 22
232 77 94
244 241 84
262 268 22
230 53 50
19 205 85
99 116 36
155 74 87
30 111 33
109 170 27
226 137 91
27 202 76
72 164 66
114 47 57
261 164 74
148 107 58
107 130 67
103 254 30
98 153 55
138 217 35
251 132 74
262 211 62
159 207 36
21 73 95
212 215 53
162 236 70
169 238 55
26 157 26
213 278 31
51 78 74
95 230 95
50 215 98
55 109 29
206 7 45
30 125 27
68 11 88
73 103 27
157 2 66
258 23 15
93 276 82
62 284 96
119 182 59
122 212 64
268 233 12
111 42 90
208 268 19
127 28 90
141 245 69
126 173 93
113 110 90
73 244 37
284 66 56
152 175 41
252 23 70
241 265 15
173 216 14
131 1 73
150 98 78
32 20 32
107 191 20
189 268 69
168 284 95
279 70 95
138 238 80
268 194 32
83 177 35
225 153 66
143 163 28
240 12 57
118 31 67
162 237 98
142 95 75
259 41 28
267 137 54
164 116 15
247 22 18
107 247 47
210 255 70
12 10 60
38 199 82
95 215 25
199 206 27
21 99 18
60 99 85
56 4 56
63 127 38
71 126 94
253 267 75
53 111 41
275 233 94
182 224 61
32 66 80
231 38 30
1 158 94
204 226 42
8 140 98
37 215 88
262 189 13
215 223 23
4 47 41
215 167 54
139 135 75
242 47 88
143 192 37
104 174 34
125 101 68
179 186 88
265 214 97
254 231 42
30 134 12
130 221 12
100 64 34
21 60 72
127 150 66
173 172 25
196 55 65
280 255 74
250 103 46
264 225 53
45 22 89
186 217 36
283 130 34
26 12 42
168 155 57
149 258 59
277 0 73
139 198 80
186 220 74
259 192 75
125 278 68
250 120 26
184 9 83
143 160 80
41 213 74
81 118 81
145 194 95
170 140 52
193 132 84
160 108 87
203 227 95
275 39 47
275 255 94
108 51 54
62 210 90
239 243 21
278 175 62
147 56 64
115 67 38
140 158 96
218 31 55
232 46 31
69 28 84
113 58 16
228 19 30
234 3 12
55 268 22
95 268 45
255 29 54
213 16 89
250 68 11
279 187 59
262 114 88
141 157 85
31 16 58
192 150 72
277 216 86
35 46 21
208 212 43
32 121 98
170 103 18
205 152 57
175 44 10
264 197 94
24 34 28
279 160 61
156 67 36
233 16 69
180 223 83
165 231 68
221 23 24
62 29 48
194 215 21
158 32 17
246 256 66
40 75 68
143 149 89
1 143 41
241 1 89
218 118 26
234 178 63
74 83 63
16 68 87
256 222 45
85 266 83
277 55 46
179 228 40
104 101 62
58 93 65
127 101 43
93 143 51
161 135 91
243 25 45
213 88 76
200 115 33
124 148 69
227 196 44
16 11 59
79 204 64
258 156 81
166 179 16
1 5 97
25 189 61
56 96 21
172 121 13
231 200 96
277 202 17
62 87 17
5 58 39
52 115 52
107 89 13
241 40 76
206 268 48
217 98 52
235 22 90
172 37 87
144 183 49
79 13 16
24 197 91
145 167 32
283 178 13
200 199 53
142 63 29
44 177 14
13 236 57
31 243 64
110 199 43
239 90 92
88 261 31
256 13 31
104 125 44
279 178 44
33 95 59
128 78 59
226 233 86
205 117 71
53 12 80
260 150 55
139 73 46
114 168 41
151 230 86
136 116 26
1 186 81
78 201 67
222 207 63
175 134 10
120 285 41
50 81 12
281 126 33
165 73 85
168 102 46
57 157 55
278 101 60
79 155 79
106 70 14
83 106 30
177 163 23
267 41 55
126 129 61
158 251 14
192 19 79
225 85 42
194 80 33
48 181 62
180 42 29
188 214 53
227 99 20
25 259 51
214 15 96
215 86 97
255 28 84
88 194 47
40 207 64
116 224 51
83 95 98
59 237 59
185 275 70
204 194 76
88 2 43
128 261 19
286 41 79
164 98 11
84 142 92
68 106 35
156 86 89
181 218 98
281 166 40
278 195 15
225 41 54
194 285 86
120 217 49
168 55 57
88 46 60
207 239 37
71 2 31
73 203 31
242 3 44
154 285 24
14 130 50
28 155 65
122 85 57
281 87 61
89 55 43
200 231 93
197 57 11
60 81 32
172 65 72
19 252 65
1 175 93
222 151 45
191 137 16
231 112 15
163 279 66
239 115 16
164 122 44
126 265 24
53 88 81
85 199 26
207 80 48
178 22 19
85 66 52
169 69 87
162 242 29
218 74 54
164 70 14
34 76 79
235 111 36
228 38 76
83 246 22
140 285 53
148 286 14
56 28 26
102 211 43
270 36 68
214 198 57
119 81 34
37 240 88
159 155 100
12 127 15
33 193 60
39 108 16
179 26 52
256 61 15
162 237 99
122 12 15
42 80 16
225 259 19
40 22 61
52 178 14
195 272 73
107 13 35
204 160 74
4 234 52
4 236 65
236 189 42
178 125 66
230 33 74
165 125 55
85 20 40
9 25 61
227 163 88
188 171 46
173 78 90
66 45 83
80 37 45
51 32 88
137 108 59
115 134 48
136 10 55
92 205 95
147 227 29
38 116 93
30 199 39
108 118 72
178 69 78
94 22 71
74 79 44
244 75 64
12 159 25
208 79 73
254 267 51
25 33 15
198 134 67
253 157 58
172 169 58
237 73 73
86 52 83
101 96 94
255 260 32
106 56 58
67 245 49
91 220 94
216 73 14
118 128 64
82 221 69
140 156 17
215 115 68
175 148 84
227 93 90
275 266 99
176 49 91
282 279 29
272 213 76
105 38 35
254 33 87
29 87 88
249 214 55
44 97 99
31 99 32
153 36 39
203 2 25
64 233 39
89 245 68
60 155 92
132 10 88
235 60 88
138 243 76
152 202 57
60 114 47
197 129 70
114 123 74
119 95 13
19 80 68
265 41 36
22 212 96
185 110 71
88 195 26
21 158 64
34 255 19
173 77 86
34 133 41
185 34 12
246 192 87
222 171 24
186 5 77
29 120 81
206 259 28
165 59 31
233 12 49
78 126 76
41 192 62
98 108 83
179 234 41
174 23 34
16 59 19
275 280 34
9 251 30
174 265 30
238 241 96
180 18 86
241 216 65
286 47 95
71 98 55
110 209 41
58 153 62
4 20 46
160 208 13
32 16 19
139 243 51
192 78 62
144 58 70
116 177 78
86 0 55
250 42 53
267 26 84
158 182 22
211 17 25
4 73 66
132 40 93
43 64 73
144 7 43
155 127 13
19 27 69
193 80 86
214 140 81
122 92 70
100 76 59
225 31 36
58 124 73
264 80 87
97 209 87
233 192 63
259 17 13
198 242 14
53 274 74
156 45 30
135 33 48
283 121 34
0 286 94
28 11 34
123 98 78
244 100 28
92 125 67
248 270 13
47 38 10
233 88 30
170 37 22
269 30 92
159 50 87
213 227 99
260 14 10
208 192 97
225 233 40
276 68 17
9 181 54
155 258 86
72 54 45
96 219 24
161 175 40
107 149 44
187 270 69
228 126 88
0 41 28
153 91 15
120 195 56
264 61 50
64 245 25
184 180 44
73 160 53
33 111 80
232 276 28
3 114 91
181 7 76
277 128 65
76 126 22
92 158 78
92 7 20
122 142 30
136 101 17
68 75 79
205 123 43
228 65 92
88 13 98
94 185 46
94 119 37
66 189 89
250 13 100
25 166 88
186 19 31
147 48 84
29 25 27
223 158 82
46 130 13
46 173 56
167 142 84
86 114 29
48 158 10
283 44 99
183 213 82
276 136 63
171 85 85
2 261 31
82 258 41
48 268 26
100 5 46
6 64 99
203 194 64
6 193 83
119 37 37
53 283 44
271 276 71
113 59 55
110 138 35
236 44 48
145 9 86
88 280 81
164 84 81
20 30 49
285 273 24
244 197 14
51 89 16
147 42 37
223 109 91
267 83 83
110 160 59
233 271 69
62 4 20
136 249 59
40 91 89
77 224 61
61 186 95
148 189 80
16 137 59
127 90 100
147 170 56
268 173 84
74 46 21
188 139 94
190 257 63
63 211 37
161 3 61
222 7 20
253 132 63
234 126 62
36 205 34
237 243 91
144 20 50
275 219 78
69 128 28
213 152 41
28 22 26
170 203 69
270 192 23
22 63 40
81 200 91
144 90 45
211 38 49
174 231 23
213 2 42
181 283 53
118 96 85
236 110 20
279 114 21
286 34 80
175 180 48
122 80 48
286 89 27
286 254 48
35 76 13
27 39 52
20 182 75
171 156 75
100 163 41
3 143 56
205 136 58
9 262 22
61 16 73
162 164 23
165 86 66
130 80 60
233 246 94
14 43 56
160 55 48
21 260 90
213 120 62
127 209 20
32 89 64
105 99 85
80 148 92
110 272 45
101 223 68
87 84 36
98 103 28
32 170 77
279 110 47
136 253 45
128 120 95
20 241 41
95 4 10
139 71 53
233 132 56
93 162 30
166 253 94
221 172 25
250 163 20
50 244 41
32 94 96
244 92 38
17 113 52
254 77 92
252 168 69
39 136 71
190 238 39
67 17 51
39 245 99
112 108 45
24 12 66
184 106 79
100 173 33
38 36 49
57 209 21
145 58 37
139 77 78
250 21 10
275 157 26
225 62 28
199 71 31
152 150 65
84 197 28
17 91 59
231 46 31
119 256 18
186 146 41
110 58 13
129 156 94
25 285 33
250 41 41
57 123 71
33 237 55
159 29 78
100 56 95
32 47 54
223 232 80
89 123 71
148 154 84
271 218 30
164 70 50
132 183 77
143 239 10
263 108 73
128 246 78
182 148 30
60 91 92
158 44 33
172 16 99
186 6 29
257 62 49
194 104 95
159 146 79
113 35 78
128 283 29
265 154 85
133 144 15
234 166 39
241 97 42
259 83 75
217 248 48
92 106 65
252 181 78
175 256 57
45 131 55
116 139 30
10 226 98
48 199 86
227 162 58
280 75 27
156 260 72
212 125 77
197 151 30
126 270 49
59 104 80
50 20 53
78 246 33
11 101 72
95 200 12
73 265 89
125 172 78
209 47 66
44 55 79
60 254 54
120 173 30
228 187 66
41 110 62
206 12 49
281 45 51
160 218 40
151 84 71
15 235 69
222 4 84
119 55 53
118 259 32
126 198 58
216 169 95
58 269 66
233 55 93
248 163 50
218 72 39
112 167 90
254 84 45
271 195 97
261 25 11
172 118 94
257 206 81
263 267 60
121 237 30
126 46 21
257 89 40
188 16 23
195 16 81
260 9 88
254 166 68
271 221 53
184 170 77
190 122 84
4 85 90
151 255 70
249 247 16
109 279 80
176 171 30
13 41 66
275 48 67
214 96 75
117 69 85
98 176 24
58 14 29
150 272 46
228 34 11
255 12 93
54 48 74
113 2 17
73 21 22
128 10 68
185 183 79
56 181 48
95 171 77
30 24 82
137 94 52
145 128 55
256 245 27
224 195 83
249 277 55
52 51 77
157 23 78
282 61 11
235 271 57
257 62 55
282 197 73
240 41 14
258 167 26
4 262 67
182 75 98
127 124 23
156 46 46
154 69 17
201 28 17
232 212 90
264 278 83
116 236 28
263 28 33
185 274 39
114 141 95
199 92 32
81 77 90
121 149 44
19 241 37
76 224 23
3 276 85
204 176 67
30 149 95
71 146 68
42 101 62
50 63 75
58 193 89
90 243 15
204 210 37
144 61 42
137 60 17
52 202 76
240 139 56
150 101 33
36 79 14
201 114 95
96 230 21
285 80 66
59 233 77
251 248 92
86 267 35
65 13 79
269 110 94
157 127 94
85 5 71
229 111 82
252 262 88
109 143 17
73 103 36
14 38 38
235 135 28
159 139 94
145 206 36
35 13 67
222 170 85
231 38 17
183 3 62
107 163 37
64 54 41
153 178 31
269 211 35
68 49 94
156 152 25
197 282 29
80 277 23
168 122 11
97 129 27
11 248 29
210 163 67
181 276 77
144 51 81
94 239 32
147 116 92
116 244 62
57 73 99
184 97 54
104 262 22
274 21 86
225 100 55
191 163 53
133 138 43
16 178 56
202 64 75
215 107 49
254 261 15
208 141 22
84 240 26
254 97 46
164 135 19
18 35 37
179 241 80
28 113 23
111 117 85
20 201 58
77 34 82
132 216 84
211 60 57
244 282 46
251 149 22
111 134 95
220 282 43
162 266 77
179 143 58
105 110 29
19 76 31
230 109 65
78 284 51
28 18 71
13 131 20
140 179 71
170 101 41
204 264 87
17 168 61
235 130 14
86 222 39
209 135 90
51 152 96
7 116 97
106 99 84
71 130 20
131 40 95
234 59 71
101 103 78
157 184 53
271 140 33
150 202 25
158 89 23
246 37 68
114 144 54
262 58 75
116 19 90
110 222 59
282 147 56
239 142 81
127 138 71
255 185 13
223 100 25
227 150 24
213 226 58
59 115 38
31 157 68
17 92 91
45 232 71
91 6 61
134 235 54
20 183 88
112 12 86
205 193 84
164 225 46
119 218 11
226 163 63
122 159 39
254 284 37
212 37 45
218 172 14
187 82 29
73 185 39
191 201 44
257 156 64
59 164 81
160 150 73
26 122 63
238 236 48
282 38 81
139 148 96
231 161 83
197 58 11
119 97 33
284 42 59
72 275 69
9 225 86
215 33 53
170 36 15
29 105 84
225 204 59
136 174 58
212 211 89
0 159 79
7 165 84
94 281 56
121 268 74
137 14 11
39 59 14
182 54 32
279 200 65
53 256 100
91 276 49
241 111 47
236 128 51
71 230 53
113 12 18
225 28 17
272 219 38
111 134 57
284 10 67
97 149 90
113 147 60
134 185 59
55 215 80
183 255 32
182 234 65
279 209 94
238 172 70
55 191 62
166 232 69
241 187 95
102 263 83
136 7 22
191 12 80
264 230 79
185 43 39
232 280 67
161 79 53
164 204 12
274 268 97
104 260 89
140 84 69
10 59 16
239 92 51
43 221 61
100 82 89
107 166 85
246 176 19
199 167 57
30 244 79
70 144 26
245 132 44
123 171 82
277 175 22
127 24 32
215 264 36
74 50 52
268 151 74
201 6 84
201 1 81
42 257 36
144 53 43
16 169 38
148 36 67
205 148 90
209 22 13
43 137 76
196 250 68
285 54 20
30 103 33
160 24 14
181 241 81
12 194 99
237 12 53
271 138 48
3 132 11
181 259 39
32 110 63
258 18 37
20 58 40
266 283 99
65 273 72
212 89 83
22 72 36
79 109 67
129 222 50
177 2 46
157 16 32
82 256 79
92 33 23
138 153 14
239 171 86
141 250 64
67 228 37
180 104 31
56 77 64
153 145 43
181 24 26
272 108 22
68 10 69
99 73 52
268 192 41
71 88 76
69 243 59
129 4 32
148 184 42
187 277 62
6 138 82
223 269 84
240 92 93
44 82 83
234 86 70
114 172 15
4 114 57
88 40 11
20 16 36
96 56 95
216 272 93
141 227 42
168 272 10
203 241 15
156 108 37
226 284 35
246 271 82
111 146 70
90 134 46
129 249 61
121 81 89
175 286 60
39 31 19
65 257 79
156 59 60
97 136 54
58 134 82
257 204 55
119 16 50
74 121 16
219 247 78
229 68 55
247 125 52
121 99 74
23 144 70
71 262 78
240 131 44
102 134 67
22 71 65
220 158 52
64 269 24
258 214 24
199 197 15
123 249 46
40 257 37
17 207 37
53 80 39
84 37 74
233 23 22
125 151 37
218 95 78
205 97 51
116 102 69
45 42 75
257 143 69
268 264 35
57 75 23
124 156 34
261 118 57
58 16 97
115 29 82
156 96 97
213 5 58
171 59 11
275 161 58
159 229 72
52 262 68
105 209 16
52 94 82
27 99 80
57 127 10
140 87 19
157 166 55
59 64 13
272 244 93
104 216 76
260 89 61
74 164 30
164 165 72
69 265 31
32 175 26
121 164 39
138 17 81
198 170 37
143 98 39
278 101 43
192 264 47
201 30 37
51 178 70
132 123 42
228 164 25
165 246 76
52 74 11
217 79 35
116 33 23
280 117 17
123 77 66
59 53 36
154 214 20
101 192 86
8 126 33
150 274 42
23 48 96
182 280 16
139 203 82
15 46 28
152 205 20
51 253 81
199 140 86
245 147 17
108 217 92
265 278 59
93 29 65
203 244 14
1 66 20
175 186 24
11 265 11
192 31 17
187 154 43
228 146 33
272 205 11
259 120 93
180 248 66
22 190 64
253 100 92
34 143 18
144 130 66
5 66 22
184 170 96
142 198 25
198 132 80
253 85 42
110 182 65
273 241 32
281 73 15
6 45 65
56 199 93
177 109 60
109 82 54
219 132 75
255 51 21
244 132 17
208 124 61
36 147 66
254 4 68
135 227 79
175 43 24
242 85 63
262 254 84
73 213 58
143 268 65
44 10 54
32 28 21
18 77 33
216 87 47
140 149 11
90 250 54
236 115 99
236 237 54
46 186 56
20 48 74
212 231 56
37 135 13
97 151 31
203 251 89
97 20 58
221 143 46
230 233 72
190 118 28
110 46 66
7 103 45
8 53 65
171 253 79
120 46 96
213 127 70
273 71 53
111 44 32
111 166 72
74 102 57
73 21 33
279 227 51
74 62 28
150 215 45
96 198 11
154 65 23
9 45 15
16 40 82
177 110 62
245 26 31
10 131 42
226 46 40
15 0 73
100 36 93
51 138 84
192 171 79
93 18 51
76 167 61
25 100 11
129 214 12
196 238 71
77 48 64
86 183 64
116 210 90
19 268 81
217 83 24
242 208 68
125 194 10
123 209 48
258 206 42
110 267 29
184 49 41
152 227 18
11 88 18
191 77 56
255 266 50
106 178 11
91 192 92
60 37 97
266 55 13
11 219 22
149 275 73
263 48 77
148 199 67
170 137 81
130 172 72
104 263 74
247 143 90
138 78 19
55 258 58
193 7 58
43 87 39
137 199 32
157 77 91
84 207 25
92 56 94
152 189 60
169 151 43
7 65 93
183 27 90
32 6 15
252 191 17
28 258 75
109 90 20
159 54 56
220 24 99
185 271 34
98 115 88
45 171 86
271 118 25
142 47 13
198 121 18
229 72 56
66 234 67
279 117 58
206 233 28
139 55 60
11 110 95
243 133 90
210 219 49
4 232 87
271 37 15
235 212 85
71 24 82
132 108 44
147 119 42
262 147 86
186 286 59
262 90 40
249 215 62
145 196 54
123 34 76
6 70 16
238 109 46
69 106 37
175 157 77
110 253 65
236 76 32
236 34 36
4 47 35
159 113 40
262 200 29
4 206 87
259 161 27
270 116 49
27 219 77
265 221 12
212 223 70
195 286 10
256 71 25
76 248 62
184 174 58
254 178 11
87 200 51
145 235 45
73 68 20
198 279 51
110 180 71
238 232 76
265 60 68
257 147 45
142 209 96
9 131 67
226 168 35
75 94 76
119 241 18
229 181 97
41 283 57
84 285 14
222 219 43
164 244 66
186 180 99
280 155 57
197 228 41
171 162 96
210 281 82
10 97 32
13 109 22
209 62 90
71 86 91
241 63 60
283 219 23
59 55 69
177 70 21
75 154 67
239 2 49
105 264 57
127 77 82
281 58 92
272 238 29
55 208 76
95 82 17
244 17 54
154 42 57
123 272 25
161 16 63
267 21 37
168 260 13
26 182 16
191 234 47
204 285 24
246 218 41
98 230 100
0 250 21
278 44 39
227 228 19
191 158 56
130 100 51
242 89 71
35 225 98
187 39 11
58 128 78
212 4 58
99 115 83
254 271 59
140 214 69
215 134 33
235 146 62
187 209 63
277 60 62
137 179 47
99 244 23
184 144 52
165 38 15
267 282 94
177 39 38
3 60 40
216 123 16
247 265 90
12 51 43
98 213 68
188 91 20
138 112 40
89 143 95
161 176 23
13 216 97
88 21 14
244 172 87
244 168 16
274 84 13
239 199 78
100 109 100
122 123 86
162 198 29
117 72 47
221 32 39
240 107 13
246 88 17
122 255 14
194 96 50
198 121 16
205 39 12
110 164 28
129 111 20
258 280 38
110 60 81
63 120 31
242 14 76
122 200 13
173 197 25
166 266 96
