387 8926
105 251 18
144 346 17
119 242 21
144 117 15
343 272 49
89 99 43
22 213 10
28 15 77
156 179 35
25 344 50
29 89 42
21 94 36
228 185 99
7 173 69
7 251 85
131 255 49
105 125 55
187 136 99
248 288 79
81 286 87
81 304 12
365 99 70
330 264 29
376 378 56
272 163 75
117 335 19
6 18 28
191 144 10
19 339 32
339 81 62
74 85 96
314 322 67
242 47 39
342 39 89
262 246 57
101 345 53
292 275 49
342 41 69
270 248 98
344 385 73
228 74 56
188 157 91
97 284 22
108 323 10
345 244 69
82 379 67
224 50 81
137 60 45
340 336 37
129 94 30
114 26 30
334 34 43
150 245 28
143 367 46
19 206 14
119 139 96
356 259 49
73 201 61
341 356 83
285 117 14
307 138 20
306 313 65
331 221 56
108 158 96
380 118 22
16 85 47
59 37 76
354 158 75
16 27 35
278 359 79
59 58 17
40 94 56
48 326 18
134 31 97
212 365 67
187 13 14
386 285 22
349 330 98
275 258 22
184 282 35
324 268 62
266 75 44
15 173 58
340 355 12
143 214 41
65 250 75
185 225 35
171 334 100
86 20 17
257 22 49
338 150 50
60 81 84
118 375 53
101 19 37
203 331 81
219 270 15
244 100 98
136 246 23
230 77 49
107 359 21
304 261 53
165 86 49
147 39 86
240 195 26
68 368 45
161 374 57
378 31 27
345 144 84
339 270 69
289 265 72
113 134 98
64 122 68
147 149 86
131 305 92
251 159 38
129 322 21
301 110 39
258 348 21
121 38 70
84 365 33
212 180 58
166 122 99
229 177 69
294 346 66
321 131 64
161 112 66
58 189 49
373 3 64
5 276 88
209 217 83
205 27 87
260 61 49
161 301 20
9 95 22
42 287 27
372 100 40
251 267 50
350 224 82
46 381 98
327 66 100
148 68 15
229 26 38
254 253 17
186 362 36
315 13 19
119 361 32
307 233 59
335 256 92
163 164 17
85 126 38
49 269 60
314 83 88
192 382 70
331 107 18
259 293 86
73 342 14
225 50 83
124 2 50
347 320 68
309 202 89
39 264 98
164 364 12
194 268 53
283 146 91
205 199 12
62 250 42
243 213 52
91 370 15
378 356 66
103 292 47
307 246 56
382 119 37
239 39 82
255 157 85
338 2 33
326 74 79
272 64 57
213 258 38
149 28 51
384 197 30
104 190 11
173 110 34
278 341 59
125 243 81
368 157 65
6 376 82
226 141 86
10 334 47
353 342 32
128 71 90
260 351 17
263 70 31
1 281 65
42 239 68
165 217 11
84 350 87
379 353 84
133 162 43
154 54 80
249 159 57
38 349 15
160 79 26
100 177 57
311 96 46
276 242 92
326 149 86
96 320 76
48 205 35
370 267 62
118 184 94
329 194 21
12 343 79
121 253 28
355 140 37
64 316 60
143 166 35
255 133 19
172 302 91
282 75 33
133 139 20
11 323 69
205 234 34
138 364 77
40 30 78
271 383 70
268 185 67
161 273 59
331 267 39
358 225 91
123 224 53
27 117 29
264 288 74
36 130 84
34 191 48
235 316 66
171 368 25
360 286 13
37 44 45
354 46 83
186 193 77
318 279 67
148 345 57
81 73 84
385 141 69
39 133 18
45 344 66
110 294 76
325 249 20
380 11 97
112 284 92
34 173 17
147 137 66
308 167 41
327 241 51
380 353 75
165 120 91
75 167 15
252 184 77
172 219 71
355 238 44
52 161 19
274 384 37
11 331 83
291 160 53
275 40 60
308 172 72
318 356 98
230 216 50
146 365 97
187 15 61
197 367 90
369 137 37
207 52 56
146 257 69
16 317 77
83 285 98
188 268 41
286 279 44
299 166 54
87 338 65
204 174 52
66 80 74
324 75 30
298 226 29
91 52 81
95 0 85
196 192 20
100 128 75
187 329 90
375 172 74
365 172 90
368 169 76
217 254 69
372 69 48
59 183 23
10 121 76
213 360 78
374 323 42
191 208 51
1 260 42
171 0 56
22 7 51
16 237 64
25 147 81
223 159 40
138 282 93
99 245 42
238 191 81
160 326 43
49 90 97
67 152 28
34 305 57
268 298 13
223 190 13
283 47 78
37 105 98
231 102 58
132 290 76
385 62 35
138 279 45
92 20 58
90 116 30
71 301 94
42 37 78
354 194 95
52 190 37
47 114 59
85 329 35
104 165 70
312 61 28
69 70 80
108 183 99
117 142 91
252 346 54
365 362 85
274 94 70
75 323 63
87 46 24
217 369 93
104 271 30
329 271 96
331 128 96
340 107 57
379 363 77
209 30 91
213 30 83
13 35 41
302 342 69
158 256 17
209 142 92
306 364 25
191 330 95
15 217 77
57 6 33
94 220 33
164 298 20
43 65 76
96 142 82
198 99 20
199 5 82
210 295 31
188 134 81
380 181 94
243 33 93
85 125 48
290 142 94
48 58 27
375 283 47
335 9 17
107 240 94
81 187 96
209 61 25
324 299 60
356 322 43
266 201 45
170 164 87
84 322 79
302 171 92
262 261 89
287 192 90
203 0 56
244 197 53
11 80 12
98 356 34
81 164 43
107 186 55
82 13 14
161 349 24
298 36 14
383 68 48
242 334 99
134 8 42
346 114 34
95 300 12
112 18 39
47 156 67
182 62 73
117 36 12
163 273 28
165 175 40
171 258 27
8 66 34
341 282 63
324 123 82
280 376 54
164 316 41
171 43 62
297 258 28
156 233 92
63 369 96
231 275 14
61 367 99
379 272 40
300 297 12
385 45 47
298 225 25
284 77 25
14 135 14
295 52 43
203 144 51
339 180 25
307 132 11
201 131 62
233 102 25
71 228 89
15 319 19
145 28 77
295 185 93
246 307 60
263 212 25
347 290 21
237 266 22
323 44 53
320 30 37
200 273 32
334 90 26
244 43 56
225 4 79
123 212 44
325 330 42
283 45 42
278 25 35
257 207 78
143 126 95
109 203 44
246 377 38
250 21 40
113 0 31
375 176 48
131 169 42
324 329 72
349 317 21
308 361 60
11 270 65
359 208 53
159 315 91
113 19 48
135 53 82
195 303 41
221 54 53
69 264 15
48 1 20
158 360 15
97 55 53
367 60 12
242 35 42
337 72 19
168 358 66
368 32 38
226 292 82
326 385 34
369 48 92
382 131 58
108 239 95
249 233 70
37 57 11
208 317 47
324 201 76
352 338 77
278 220 46
374 152 81
118 286 45
87 289 71
185 113 65
224 51 23
356 341 52
158 81 68
89 38 92
113 95 75
292 4 78
248 207 32
271 149 19
171 53 52
149 216 47
172 19 44
21 311 84
44 167 51
137 139 87
68 344 26
304 94 17
320 60 100
316 212 18
251 142 31
229 266 45
314 185 73
218 208 26
93 278 43
245 236 38
95 308 84
81 303 15
53 10 15
299 22 43
219 379 66
37 343 36
14 150 32
163 356 37
185 292 69
340 94 49
346 26 56
179 246 20
123 184 48
347 262 31
127 258 64
99 303 88
223 167 16
167 293 90
225 37 26
352 306 95
160 224 58
40 296 56
259 350 27
335 12 74
184 107 79
276 357 57
187 12 33
84 298 52
164 151 31
381 371 19
303 138 69
238 47 36
154 137 100
9 305 17
286 132 66
10 178 63
118 78 97
313 361 37
266 321 97
72 110 52
345 250 95
243 318 49
140 216 62
17 385 31
89 175 32
297 206 91
278 162 69
229 349 69
50 207 82
302 54 71
52 120 16
9 267 61
285 287 71
287 214 31
271 118 42
297 166 44
176 381 82
81 311 10
278 234 61
18 195 15
377 108 93
101 97 28
26 239 34
226 248 60
159 284 84
50 92 57
225 50 84
246 134 66
109 96 66
148 153 20
105 7 14
277 350 37
125 111 23
69 292 28
9 288 63
124 305 40
147 311 93
90 343 32
71 162 71
89 296 100
33 289 29
20 282 16
128 382 21
309 384 55
143 203 98
78 318 70
368 153 95
95 33 57
25 132 73
181 42 50
173 242 12
57 78 82
325 112 47
242 143 65
242 253 85
297 212 79
79 378 88
233 90 82
59 42 40
355 221 87
276 380 80
381 128 30
194 68 67
240 352 19
240 68 55
359 222 14
171 206 89
203 285 32
123 320 41
182 88 37
303 99 90
145 142 47
289 86 87
225 90 37
238 181 51
169 88 52
358 232 71
219 135 99
361 355 77
332 182 10
146 77 51
6 362 71
258 22 27
360 115 29
145 369 69
258 12 33
293 304 83
98 68 21
376 304 52
46 273 90
108 231 31
357 15 87
135 42 92
172 170 76
10 29 26
183 367 41
81 208 22
169 58 35
278 384 95
8 299 56
378 61 40
202 334 57
351 252 90
317 197 100
279 54 44
343 129 13
272 25 83
276 322 86
53 100 86
202 136 49
6 93 17
169 188 33
100 379 58
386 129 95
189 258 46
27 150 39
354 42 53
231 2 86
187 50 15
279 248 23
323 195 53
122 103 21
32 111 49
62 18 34
328 158 60
302 238 18
38 178 95
377 351 35
324 158 54
335 178 16
2 66 61
92 140 50
244 115 81
155 368 70
315 236 21
197 4 13
105 224 34
373 47 13
68 19 58
288 106 67
271 124 55
228 197 89
215 67 12
199 360 40
135 288 14
76 315 83
252 218 36
164 126 49
288 236 72
106 81 88
385 72 31
133 280 71
224 161 27
0 93 53
284 199 26
192 348 55
100 43 79
159 177 90
116 88 81
57 369 28
153 155 98
12 204 66
84 312 94
238 296 36
136 360 33
259 40 53
143 272 57
145 141 67
230 134 45
302 287 47
103 87 28
284 283 90
1 277 99
155 134 25
141 262 96
59 29 22
55 114 72
146 335 73
110 246 96
236 55 37
109 81 21
271 220 57
231 308 62
297 364 100
10 184 30
13 281 46
12 119 32
22 214 48
45 300 61
312 382 53
225 92 35
95 235 57
176 118 47
264 298 31
67 385 60
278 324 15
198 241 52
110 147 35
234 104 46
341 226 81
21 314 23
282 83 90
326 33 86
319 334 87
290 248 20
140 47 44
230 14 10
120 227 93
138 273 46
139 216 46
116 314 27
339 373 40
127 235 25
12 360 82
106 36 23
238 237 51
205 250 18
373 205 12
49 15 15
65 106 25
85 139 54
93 225 87
69 116 22
82 303 28
194 353 99
82 161 77
254 9 99
348 70 64
53 217 77
80 283 34
321 18 86
192 366 93
383 151 19
18 33 47
264 261 21
384 213 58
151 332 21
44 289 74
207 157 27
261 159 43
75 207 36
278 65 58
93 312 69
351 284 52
272 4 100
122 72 78
39 210 48
211 55 66
73 27 70
61 183 33
98 233 55
247 47 66
146 25 69
336 42 87
70 122 88
216 381 18
102 350 54
220 168 60
138 318 44
122 158 93
240 367 72
214 199 66
248 269 43
357 131 13
229 256 73
224 316 15
181 132 68
8 322 56
366 14 86
129 230 76
118 110 31
262 83 61
369 149 46
187 7 100
67 11 78
166 136 65
82 305 59
266 325 90
16 218 23
26 176 77
189 360 17
161 72 92
120 132 41
365 106 48
213 275 72
12 54 49
111 63 19
171 182 99
71 369 75
278 87 23
268 147 43
19 43 22
126 360 65
1 351 61
41 218 50
63 336 95
343 289 64
215 2 75
322 125 16
109 248 75
217 6 23
378 66 73
134 187 25
365 285 27
383 204 10
277 245 93
340 148 51
113 229 89
119 352 30
83 73 75
86 196 89
242 42 56
67 210 12
144 32 47
211 311 16
216 189 39
331 118 55
238 85 81
186 148 70
153 175 60
264 275 19
43 41 46
235 327 26
283 376 78
134 375 51
356 106 14
50 372 24
129 287 66
160 214 48
111 103 83
12 89 10
281 252 34
269 200 96
200 360 41
290 175 93
114 346 62
296 216 61
176 115 30
330 371 49
277 76 92
10 322 41
5 214 17
94 211 54
145 60 48
140 162 66
148 213 29
361 197 17
186 365 34
326 45 92
1 32 73
246 21 48
170 320 58
19 128 25
344 315 81
67 338 67
248 371 84
161 169 99
173 28 33
201 355 56
177 371 32
195 57 32
221 265 44
115 273 17
233 316 69
22 104 32
319 73 46
222 112 17
255 62 85
103 89 26
379 101 39
233 23 82
188 170 72
322 87 41
124 281 75
144 131 18
334 88 58
230 144 39
51 141 23
343 198 14
284 106 39
341 74 74
78 373 83
266 23 90
119 275 72
189 42 49
163 243 49
35 279 67
13 209 95
1 107 69
299 8 39
119 35 23
202 212 81
237 220 36
30 93 41
368 176 82
298 98 32
187 180 37
152 178 70
323 56 92
224 253 100
158 357 17
366 76 50
44 373 86
332 53 22
363 197 23
309 279 87
218 215 30
213 201 10
120 133 34
157 241 30
23 83 79
385 9 27
300 182 77
265 141 29
207 211 80
2 223 85
338 33 87
141 173 53
288 373 32
30 73 52
299 51 47
318 165 94
166 69 17
45 23 22
178 88 37
133 238 74
205 314 77
100 385 12
105 379 53
98 341 93
289 362 70
15 129 90
20 96 92
339 127 70
101 238 43
2 145 28
211 320 54
288 365 20
292 245 72
43 379 99
344 317 45
112 375 32
46 136 97
261 15 48
328 195 80
195 306 51
372 378 99
38 121 88
125 47 15
288 328 85
57 157 98
365 256 79
228 197 43
56 32 86
176 358 65
310 116 19
48 276 35
312 264 15
148 233 69
45 272 14
124 19 13
283 238 49
12 161 61
207 16 19
244 15 94
260 215 54
47 296 95
101 303 45
157 245 79
16 308 24
46 330 18
26 354 86
273 314 13
264 200 18
168 253 73
45 254 82
23 348 78
369 111 51
320 113 48
210 94 14
102 195 18
308 218 55
179 278 44
202 120 100
195 12 18
376 199 58
312 266 31
365 37 65
138 320 20
28 233 98
176 297 43
341 85 93
320 68 56
299 36 27
53 15 80
271 300 98
40 230 34
59 381 78
72 202 41
160 77 81
312 295 76
116 43 77
221 326 83
144 65 59
195 54 75
47 21 62
255 144 71
36 364 94
160 8 71
26 216 92
61 254 54
162 314 29
357 17 59
129 58 27
248 199 29
211 228 65
203 184 74
7 67 18
62 128 83
371 6 61
35 342 37
144 0 18
120 53 53
28 1 96
213 180 79
102 279 44
132 58 80
232 376 82
119 8 74
98 257 81
47 73 49
357 145 70
281 119 54
336 186 39
329 353 30
286 5 67
333 36 46
198 371 94
282 356 79
108 90 30
362 254 15
294 184 45
77 353 67
348 164 64
235 373 82
129 16 54
27 148 80
276 39 79
378 314 13
197 4 12
325 79 23
321 118 66
111 374 58
164 212 84
351 134 80
23 58 99
352 237 20
368 81 92
11 66 82
60 161 76
194 281 84
99 282 73
51 349 61
160 251 100
14 257 21
270 260 44
170 206 14
145 113 45
154 369 79
134 378 72
117 110 15
259 188 40
338 75 54
21 35 54
115 307 81
90 302 24
64 46 52
273 52 76
199 340 10
237 2 84
81 253 75
14 379 73
7 385 76
213 212 44
264 192 89
189 112 40
333 272 100
44 259 79
6 360 51
378 358 31
179 284 50
274 139 34
157 150 87
40 100 96
333 223 61
180 309 82
346 180 99
372 181 74
159 221 41
68 299 75
292 341 19
352 284 69
72 204 88
293 127 47
4 115 75
361 370 17
293 164 70
112 19 96
54 15 61
345 163 16
197 80 28
219 331 16
381 171 86
4 335 35
207 315 77
166 58 38
8 2 69
310 290 47
79 225 15
65 149 61
263 123 73
345 279 67
362 374 100
180 380 35
84 200 99
17 281 13
137 8 24
164 255 77
80 105 64
116 197 13
63 147 68
76 124 39
233 17 88
259 147 74
1 79 48
243 365 36
222 269 51
197 7 56
139 195 82
217 160 86
119 17 59
161 106 57
282 153 28
138 367 34
198 114 18
261 24 33
106 145 70
281 313 23
10 370 54
141 213 15
23 72 40
383 373 53
174 171 94
148 376 21
358 69 50
29 204 65
338 285 81
221 193 46
231 168 38
148 290 32
0 243 60
7 204 70
254 123 71
361 141 56
368 26 46
137 146 11
173 68 41
205 43 82
304 334 74
99 366 99
385 341 78
253 263 92
227 341 31
193 276 30
63 270 63
349 147 22
51 327 97
2 299 86
329 344 52
226 161 45
117 88 16
38 123 77
200 210 70
192 240 74
286 96 38
52 381 46
84 241 73
230 248 88
294 95 34
21 266 65
33 350 70
291 355 44
70 95 17
130 282 35
282 268 61
102 163 58
78 280 38
211 357 63
356 183 80
135 313 12
214 240 13
203 335 97
263 304 61
130 166 51
51 144 38
360 323 94
373 66 15
342 306 82
73 357 65
176 303 83
377 35 93
96 321 62
157 82 21
227 24 24
4 254 17
216 228 48
257 155 100
122 186 10
364 338 26
95 20 55
360 15 45
122 143 51
257 46 85
159 221 66
275 226 46
383 247 10
249 308 95
256 96 42
21 112 63
101 367 36
0 7 19
363 83 38
285 299 45
79 60 96
384 22 53
296 230 13
101 177 18
306 75 60
267 180 73
378 277 74
37 116 29
88 276 86
324 331 91
360 35 91
70 69 56
201 122 36
277 348 52
347 32 57
136 368 87
46 104 77
292 120 41
246 231 23
51 13 74
384 218 82
63 219 41
328 172 19
61 6 22
75 57 19
295 46 91
152 248 25
97 144 47
252 132 15
216 11 37
118 341 27
195 358 72
11 130 55
112 193 72
321 353 91
309 237 28
40 310 16
344 35 43
258 114 83
324 125 86
45 99 34
14 69 53
109 189 60
20 345 23
170 354 34
380 94 59
119 132 49
81 174 57
135 32 76
69 203 56
273 266 17
239 135 84
78 25 65
320 230 31
214 140 94
11 377 64
109 354 49
6 201 34
173 352 27
375 336 12
75 258 46
165 53 31
29 335 15
232 372 40
358 86 37
295 69 41
3 328 51
168 248 67
198 345 69
327 4 73
37 369 19
128 55 39
192 23 62
97 360 26
163 32 15
314 75 54
142 237 84
143 20 50
235 244 82
269 182 79
141 301 42
141 106 13
210 157 70
246 281 57
260 164 12
216 23 78
285 104 83
303 113 63
307 236 93
357 64 88
305 146 20
175 275 55
210 139 11
189 155 45
330 42 34
72 330 80
250 42 13
39 46 10
308 12 81
62 152 13
294 34 77
329 233 100
281 160 14
196 367 20
99 346 90
245 107 95
109 51 17
156 106 46
79 153 85
280 114 35
278 371 78
42 330 45
266 276 50
328 236 83
344 47 96
246 50 46
143 281 14
1 37 29
89 64 36
252 354 60
65 374 73
8 133 63
72 25 44
206 143 90
41 46 82
141 351 13
178 77 78
282 367 36
369 279 80
292 10 92
358 163 95
83 309 14
4 150 36
384 107 49
61 125 69
200 149 53
290 48 22
380 31 61
118 218 30
313 298 76
181 212 28
80 203 90
322 276 44
81 221 78
273 143 72
326 310 37
302 77 54
267 83 73
274 234 41
354 67 81
310 357 68
62 198 58
182 114 51
330 112 90
351 246 57
258 305 70
83 121 32
317 344 13
232 37 21
183 155 84
232 49 21
353 15 78
250 333 51
374 31 26
181 6 88
384 99 17
374 128 36
341 40 98
226 151 24
51 157 31
118 136 15
383 218 13
384 36 62
142 285 62
133 91 92
49 91 67
122 324 25
296 374 15
300 199 90
40 249 95
145 188 26
3 207 45
131 116 99
28 143 98
8 54 100
349 170 41
89 280 19
335 206 98
335 168 85
107 239 14
227 247 73
117 38 80
351 109 11
87 371 85
151 288 68
157 198 100
268 114 57
202 222 39
227 191 39
278 259 27
345 132 88
140 352 86
249 212 15
308 80 13
288 220 24
311 302 40
364 303 86
286 3 81
241 181 14
270 351 100
121 257 96
290 101 86
353 119 98
284 177 90
284 148 28
282 66 95
383 233 78
155 314 74
202 89 55
88 121 62
36 227 48
233 49 97
225 355 87
4 95 91
313 372 91
132 106 26
197 219 38
104 246 27
333 186 12
381 60 69
340 72 61
192 311 65
158 316 27
98 183 74
218 212 61
101 321 22
289 197 22
102 114 24
80 325 19
267 253 11
131 25 34
294 49 58
195 378 59
9 332 38
290 100 21
171 2 97
221 213 51
355 164 71
166 198 65
33 284 88
207 283 77
371 67 64
38 284 14
256 77 39
353 108 31
230 154 23
186 364 29
170 255 77
216 297 72
177 323 17
55 352 23
322 377 14
34 275 29
233 16 35
205 68 46
330 216 86
313 355 39
365 384 71
363 123 32
7 368 77
103 365 32
146 211 66
95 28 29
131 364 70
235 246 32
30 24 89
151 256 84
16 216 55
138 240 74
306 55 16
172 234 72
265 57 61
69 19 40
90 72 11
151 247 85
137 166 54
100 342 41
254 28 89
218 197 63
242 203 42
212 55 27
120 42 86
137 165 65
191 202 56
236 105 23
271 331 92
208 114 42
140 98 95
205 146 50
130 309 16
209 80 48
283 353 14
360 221 20
106 25 85
146 169 93
374 279 77
279 163 47
377 9 72
336 123 55
312 92 80
194 281 40
205 309 30
323 69 71
223 259 53
98 103 47
1 229 16
55 152 27
81 176 26
112 320 40
125 352 15
203 138 53
15 333 88
48 367 40
320 153 73
184 34 30
241 139 24
202 35 39
176 172 55
217 318 28
260 349 16
84 307 71
59 138 91
108 157 96
319 263 74
180 161 60
272 20 36
148 219 23
167 213 81
276 70 62
51 106 63
142 111 77
80 334 88
145 166 59
35 126 40
258 141 60
50 342 91
346 215 59
204 164 36
230 306 85
214 69 44
223 381 61
259 75 13
258 187 99
78 231 62
175 65 80
98 260 87
188 361 41
335 196 54
342 24 67
370 78 12
67 61 29
386 128 65
97 242 75
108 293 68
244 4 10
208 272 64
47 344 78
344 308 77
3 71 66
128 291 34
202 42 66
183 233 39
221 225 41
85 377 36
91 155 38
17 175 88
86 217 26
257 311 73
304 74 66
195 362 64
312 135 53
173 35 77
255 326 48
216 84 65
23 93 44
333 46 47
93 83 46
138 206 46
297 366 49
204 225 63
125 10 57
185 384 65
90 327 39
360 9 50
309 187 14
277 135 45
321 179 48
301 62 16
201 157 100
294 355 51
297 250 92
231 264 19
257 90 79
2 167 100
8 159 11
26 368 75
340 134 50
319 383 26
71 102 55
217 49 77
274 386 48
375 186 97
308 176 36
99 351 52
117 274 15
151 337 88
108 216 65
25 362 93
167 217 87
243 148 19
180 151 28
37 138 38
107 218 63
306 251 69
385 375 16
350 186 76
319 196 52
1 384 23
204 60 19
345 276 78
165 182 65
245 160 39
116 381 56
219 311 33
213 297 87
54 325 64
344 186 98
177 293 35
168 148 60
218 268 42
208 7 58
375 246 71
10 45 99
240 291 81
352 131 82
348 26 16
346 130 70
154 121 22
350 65 23
211 206 90
247 56 78
50 349 67
111 124 97
361 308 10
313 338 14
208 275 51
162 138 63
309 93 75
71 298 95
190 256 86
263 370 84
290 215 42
10 1 71
219 112 22
162 159 88
0 357 42
210 294 99
40 180 53
65 340 19
156 133 59
285 60 79
188 368 62
144 87 85
348 212 37
220 73 44
222 73 52
383 51 42
374 363 97
247 167 41
128 83 24
47 28 91
165 331 50
184 312 13
299 212 56
163 165 93
78 239 26
106 127 25
145 126 86
38 317 30
321 248 19
366 9 74
364 5 33
97 147 93
174 87 47
169 257 23
371 150 62
133 245 23
227 160 65
256 291 40
239 179 33
83 346 22
253 213 74
222 333 87
129 24 51
108 1 73
20 145 31
9 340 69
89 315 63
229 169 96
368 4 75
114 301 84
275 283 17
235 9 84
124 162 95
246 23 32
112 156 69
337 222 49
27 354 62
49 307 96
92 2 37
146 279 24
1 157 30
94 64 71
121 347 26
383 312 38
40 176 51
269 61 73
38 297 22
360 236 18
349 339 48
5 311 18
304 102 18
330 286 92
178 206 53
32 278 81
126 375 69
311 175 72
226 327 85
342 35 13
270 68 95
136 332 47
281 244 15
135 158 46
98 246 40
222 322 35
203 205 50
335 196 41
115 237 47
268 303 71
76 191 57
47 352 24
314 186 85
35 379 82
257 338 70
169 158 60
30 263 36
259 180 23
163 178 58
159 320 90
130 91 58
265 251 62
288 227 12
381 371 79
124 0 52
375 4 47
303 63 57
58 318 44
58 19 65
201 29 14
297 303 33
171 181 24
313 339 16
93 324 69
84 140 96
286 172 20
331 300 23
107 186 59
290 338 97
123 54 73
22 101 86
231 383 11
19 377 21
49 152 95
212 282 21
217 365 39
241 4 50
354 269 10
40 141 40
191 38 82
170 272 53
179 218 20
70 220 62
14 348 64
304 109 74
270 106 100
279 323 50
41 360 43
25 150 66
373 377 95
199 244 90
56 170 51
35 360 50
145 214 96
306 251 74
71 52 85
107 311 62
123 20 86
206 310 38
174 228 70
283 332 49
231 273 14
119 117 14
123 359 15
317 231 62
170 318 32
68 193 66
123 379 82
208 50 48
80 163 21
212 69 55
131 182 77
306 213 74
308 258 64
35 309 61
258 224 35
277 20 15
137 285 61
284 370 70
236 136 65
224 257 85
235 340 26
380 111 33
201 262 22
210 261 10
51 185 28
186 114 96
20 57 15
161 196 12
78 121 48
339 38 59
211 49 82
37 25 70
380 317 37
39 102 48
226 331 79
196 199 98
274 350 96
73 273 84
290 301 55
133 34 88
169 327 90
265 31 29
335 254 61
376 67 66
325 196 38
30 136 79
329 371 100
300 272 80
43 258 64
261 9 32
356 248 63
99 311 35
362 292 41
20 160 94
198 9 45
259 212 86
5 228 67
100 62 64
54 132 83
277 203 54
384 96 75
245 271 26
199 170 51
350 168 19
201 143 39
241 168 14
185 118 26
317 384 27
12 280 91
348 199 50
219 115 79
149 75 16
263 46 88
255 350 70
87 51 78
374 314 87
145 51 55
289 7 52
206 241 50
167 249 34
176 367 58
209 53 79
246 329 28
132 112 29
332 90 33
268 87 17
162 135 57
158 76 50
124 365 98
85 219 48
247 276 45
1 352 71
359 292 81
160 70 67
277 217 12
135 44 27
343 0 72
203 317 49
175 91 81
379 100 54
342 31 59
94 44 99
214 118 64
11 273 45
75 95 23
353 373 44
297 218 28
304 131 19
36 114 30
48 29 39
249 362 33
138 178 20
200 365 19
328 62 61
355 192 35
277 216 55
211 36 60
80 191 56
162 52 88
239 121 98
294 78 28
72 358 22
84 110 51
160 376 84
333 143 29
192 152 60
327 17 59
25 178 59
166 219 53
121 16 40
52 87 93
171 346 75
4 278 59
4 155 71
106 40 88
11 23 30
144 44 53
169 153 53
59 184 76
378 284 70
205 192 81
343 340 17
311 217 73
249 285 42
248 169 29
252 262 13
130 121 52
208 38 22
231 42 75
0 258 28
299 251 80
96 323 17
60 248 99
79 267 95
264 250 55
283 244 66
64 223 80
385 74 66
137 213 23
293 301 45
141 362 24
357 313 77
29 37 45
115 128 75
44 229 89
146 66 92
28 301 68
324 55 87
183 156 78
171 110 71
107 65 71
208 238 20
276 75 76
374 204 52
187 145 44
85 273 18
340 257 17
159 181 96
350 44 45
80 127 96
119 37 14
71 296 75
157 87 47
107 105 11
239 56 93
236 251 95
132 268 66
193 362 49
358 45 34
386 184 29
250 251 24
280 327 52
28 264 98
260 44 54
76 350 93
292 210 68
55 246 63
354 1 79
362 69 85
120 111 44
146 262 82
209 83 38
72 262 92
246 31 27
81 15 54
357 94 95
163 224 34
236 208 16
159 11 46
23 180 18
177 351 75
272 103 55
320 61 68
203 248 24
246 253 74
164 114 14
192 111 90
215 75 88
300 313 43
21 36 30
76 317 12
98 292 58
65 336 36
88 360 52
100 123 12
52 255 79
74 153 15
125 116 92
78 219 69
157 83 39
184 346 49
159 11 65
230 74 40
150 123 66
188 292 18
130 28 13
245 221 85
225 34 92
297 372 23
207 253 39
211 346 74
16 350 39
215 78 54
383 35 64
180 303 22
1 349 45
2 139 84
326 225 54
288 97 10
297 108 73
17 211 31
65 287 36
320 3 14
131 37 72
126 365 22
277 292 92
7 368 67
4 7 22
32 237 29
253 142 77
97 299 30
307 144 70
42 196 70
137 201 83
182 308 99
74 166 47
98 368 90
110 6 52
305 244 18
290 105 98
187 30 44
20 73 100
111 316 65
128 308 23
27 334 68
368 31 61
190 112 44
378 283 86
206 233 60
234 271 89
328 356 47
155 117 51
161 97 76
38 323 96
170 89 82
79 286 71
96 214 55
324 114 59
261 7 99
107 47 33
314 99 13
299 95 49
37 225 44
116 62 12
34 267 20
151 346 12
246 225 90
108 152 87
372 112 55
212 89 22
249 345 97
175 8 32
136 355 73
323 163 68
157 197 57
325 348 50
12 203 13
379 35 52
27 346 78
356 323 70
226 355 69
49 356 45
8 115 48
228 174 79
28 259 34
211 238 14
162 366 81
32 160 25
269 36 100
184 34 22
312 201 99
80 310 96
152 358 19
125 183 37
153 51 55
138 0 69
277 148 83
345 284 62
5 333 52
266 60 70
140 169 18
196 283 99
312 234 58
242 324 47
307 283 47
207 318 98
273 10 88
221 295 17
0 305 31
49 71 86
56 380 27
46 26 75
295 48 33
235 260 21
249 308 65
179 106 44
218 349 10
265 117 90
172 193 20
243 342 14
59 242 82
245 221 13
207 86 73
148 286 54
94 181 29
340 23 96
266 325 89
370 261 50
34 7 13
146 188 23
86 130 81
313 168 96
143 26 88
144 355 70
156 163 20
226 295 40
341 44 54
268 342 41
155 118 39
255 67 33
291 200 28
277 74 84
150 369 54
374 117 94
164 192 24
253 365 21
277 358 15
200 96 45
136 288 48
310 121 61
168 143 11
143 189 32
20 241 36
101 54 71
145 285 84
235 135 73
348 50 48
93 19 47
74 185 94
6 265 15
28 289 34
95 343 31
372 344 13
198 357 13
178 125 93
215 132 47
318 206 87
340 331 94
328 72 10
228 4 13
290 273 94
168 263 61
386 88 51
158 214 87
284 2 44
363 132 27
132 56 72
340 347 93
332 323 87
198 149 30
159 298 78
304 344 69
365 110 23
330 325 72
82 369 62
243 190 59
358 216 16
141 302 18
12 20 91
0 36 61
339 55 32
240 238 19
76 318 62
126 268 74
346 370 61
327 326 18
183 341 48
217 346 72
232 1 16
373 282 77
247 79 62
144 86 82
34 69 21
200 243 66
213 63 37
296 298 83
382 136 84
340 233 91
247 331 90
17 24 55
384 210 41
68 312 83
86 298 61
204 13 46
269 361 79
101 1 31
339 231 41
119 205 63
191 87 62
125 120 92
208 341 46
374 238 79
221 138 40
9 329 62
12 361 43
96 185 41
127 161 100
50 132 62
228 21 15
263 86 41
330 251 40
376 162 34
103 175 27
249 120 29
107 218 53
86 326 24
13 128 77
353 316 80
91 361 74
245 13 23
230 273 50
319 261 58
190 183 93
188 317 35
318 309 89
383 58 68
268 135 60
3 258 70
374 71 32
9 338 50
22 332 35
155 245 38
227 95 94
299 275 57
326 94 66
345 264 32
346 84 71
220 286 63
345 157 80
236 174 75
365 56 72
96 269 94
218 345 59
305 31 28
105 354 41
300 171 46
179 87 99
63 262 60
342 298 32
206 315 97
152 289 11
10 237 10
303 116 68
244 307 23
72 83 77
253 312 91
113 356 10
361 378 92
375 356 76
383 250 51
346 199 31
19 153 70
254 306 90
361 139 11
106 245 74
352 263 61
80 320 89
241 180 34
268 181 12
287 226 57
352 24 47
348 47 65
112 209 44
320 199 94
181 197 14
308 214 71
263 382 25
2 329 49
321 61 87
46 44 16
198 115 56
32 128 36
267 379 36
164 100 49
64 124 29
271 97 70
248 233 90
384 313 15
191 335 85
361 48 67
251 1 65
280 320 10
73 367 54
219 257 50
207 241 78
179 135 36
175 192 41
291 258 79
231 138 22
111 151 71
1 373 24
171 110 79
313 329 49
228 380 30
324 137 98
256 73 52
263 88 38
248 7 21
257 332 26
301 293 38
86 54 73
332 212 93
307 190 17
77 17 62
41 78 48
6 12 95
143 279 23
359 379 55
228 97 11
105 153 16
1 67 29
221 343 12
163 60 13
147 167 87
100 96 50
261 110 39
179 148 55
312 240 21
162 67 40
274 6 71
42 110 96
318 144 70
66 206 100
349 377 24
354 292 55
8 298 46
119 337 39
91 304 58
383 243 55
47 171 71
23 385 71
290 45 56
85 254 78
248 98 70
359 267 93
19 32 52
259 378 44
270 61 97
185 369 35
311 37 75
51 287 57
355 375 49
71 34 99
187 151 70
31 287 37
195 356 29
258 25 24
143 349 95
245 209 55
55 27 70
345 372 66
51 23 59
328 74 17
251 351 42
26 28 38
276 170 98
221 381 19
199 303 90
313 71 18
268 39 38
94 351 83
23 85 70
243 105 27
265 359 87
298 178 93
191 94 26
196 216 67
116 154 89
166 343 44
8 251 92
149 316 55
180 377 28
22 385 28
262 286 30
368 259 17
328 338 29
352 43 19
230 289 78
382 377 21
171 76 98
158 307 15
42 306 88
350 351 58
232 220 44
358 83 38
213 295 65
106 77 75
179 87 18
2 330 24
43 18 38
74 330 91
292 299 68
373 363 31
89 132 55
275 366 61
278 199 19
182 24 39
72 68 66
378 197 70
176 263 64
339 91 14
23 141 48
112 134 77
125 165 43
245 249 58
137 22 55
170 165 75
187 201 82
366 242 25
374 3 78
93 308 71
37 232 75
101 48 22
211 340 93
267 259 18
234 282 29
297 282 52
165 82 59
317 355 80
325 150 16
200 86 96
204 340 65
101 300 94
367 302 23
303 264 74
37 75 28
282 218 74
370 116 83
133 175 51
222 37 87
203 349 11
323 191 35
101 369 35
108 292 75
83 179 17
121 265 70
202 54 39
209 39 84
102 377 79
155 216 15
213 216 99
22 367 35
253 53 63
222 354 95
366 14 65
25 92 95
374 276 61
203 367 59
65 214 48
233 215 11
310 346 69
149 171 66
341 228 65
249 14 98
377 336 74
261 309 20
239 40 60
130 124 58
244 64 61
293 288 16
360 319 39
287 198 24
337 104 31
351 35 31
371 260 44
280 175 61
129 7 41
182 331 81
311 355 49
13 181 57
353 182 76
83 235 61
61 286 16
214 292 97
75 167 72
195 246 65
320 117 78
111 25 76
203 316 22
80 214 44
169 122 21
149 123 67
283 364 94
205 350 54
15 270 32
237 148 13
257 33 27
188 68 77
41 232 78
105 80 90
84 364 21
154 181 71
373 21 48
306 287 83
247 214 59
163 340 28
41 158 66
21 43 59
242 149 84
247 15 97
12 294 42
290 267 100
51 286 16
256 359 23
343 14 52
359 100 67
164 96 63
259 168 61
109 12 100
69 305 58
363 238 55
206 51 62
193 179 15
57 107 71
100 336 78
176 356 16
11 115 42
275 123 16
22 42 46
86 264 10
381 300 82
36 166 95
152 177 21
357 91 34
0 102 81
239 261 28
281 7 98
367 168 40
256 156 71
277 97 85
145 150 30
120 259 44
231 56 86
241 154 92
17 356 52
274 350 17
87 289 86
191 185 97
355 304 36
222 152 20
181 48 45
242 308 73
221 287 97
52 289 86
165 51 40
50 23 21
278 10 57
350 241 67
118 327 61
92 95 95
238 279 41
77 62 53
130 37 99
212 224 77
296 7 96
15 30 82
260 71 20
125 372 41
14 321 46
333 370 49
7 263 100
297 14 15
130 330 32
289 224 41
160 111 66
9 300 73
179 119 41
283 63 46
361 129 33
289 16 65
22 187 41
351 292 71
176 295 10
329 194 96
291 99 46
49 51 36
221 102 97
371 261 81
110 230 34
232 208 14
299 59 33
208 217 68
178 196 33
231 302 50
177 132 85
76 254 83
55 113 96
56 160 98
316 199 57
196 354 93
368 236 97
163 25 76
298 380 30
362 233 11
16 13 46
310 380 45
215 177 39
382 241 40
161 126 15
194 196 40
143 213 32
29 370 37
269 225 85
326 157 22
196 384 51
234 49 65
160 123 12
166 122 60
150 140 58
227 300 45
62 242 59
249 204 72
112 377 74
192 160 41
129 236 72
375 367 73
221 253 22
350 259 97
57 324 41
40 342 99
62 167 36
244 16 79
309 146 21
225 235 18
295 362 35
324 142 82
309 276 57
54 74 80
276 213 23
231 329 71
84 24 62
32 44 53
168 241 32
317 348 11
323 93 21
335 348 82
234 46 85
210 231 18
347 130 12
279 141 86
383 359 84
46 372 47
82 255 76
44 132 61
76 375 16
144 229 46
243 232 58
250 264 15
275 43 42
31 190 40
340 71 14
384 352 30
186 344 97
107 38 13
96 10 23
298 345 16
167 228 34
128 290 46
59 270 66
315 287 83
370 177 98
86 136 79
311 103 89
238 53 27
283 62 89
83 221 93
130 380 30
69 98 50
281 59 96
206 258 19
39 261 28
105 280 46
32 256 25
158 10 25
313 152 92
227 357 81
252 190 56
339 139 22
369 156 23
236 158 54
323 159 50
97 11 30
2 327 18
364 340 55
171 158 79
373 39 12
346 149 85
265 378 71
236 281 32
132 338 27
54 300 30
238 144 54
180 380 33
335 103 70
18 312 84
145 252 78
52 349 18
230 162 77
373 131 100
78 79 17
261 176 74
0 54 57
114 308 71
20 184 95
60 117 46
195 325 75
140 264 18
343 141 14
94 59 73
141 326 56
305 8 97
28 203 52
223 195 93
236 252 69
133 183 35
106 159 25
66 54 15
111 291 62
155 122 15
124 38 44
190 15 84
218 382 23
374 213 98
210 363 88
33 320 64
169 254 45
175 193 85
192 231 15
64 36 74
163 33 15
57 281 38
22 108 17
255 179 58
136 60 47
129 268 87
302 309 28
155 184 84
289 150 18
115 73 25
169 288 97
161 282 75
287 104 94
121 112 95
227 208 40
107 284 52
295 340 27
148 142 60
197 230 72
186 315 70
311 377 54
115 62 54
19 306 71
8 44 97
91 53 26
115 170 93
218 207 48
8 107 55
381 330 46
315 206 100
56 35 87
234 276 59
354 237 10
380 151 51
54 15 33
174 330 66
201 159 76
348 312 55
266 194 48
14 240 25
241 169 67
155 105 87
254 190 30
48 173 66
154 349 25
217 179 16
378 43 97
260 379 60
381 265 70
103 203 20
176 57 32
52 270 55
51 324 66
76 305 29
280 331 85
264 202 67
72 1 95
256 330 16
136 369 11
214 316 50
349 158 95
283 99 91
120 380 40
143 17 90
1 245 12
299 50 59
72 101 75
288 321 28
301 358 97
4 288 78
264 49 20
214 24 26
352 36 29
326 25 78
282 251 75
3 38 93
131 376 55
79 119 83
301 37 82
211 59 80
140 138 40
249 54 75
157 24 75
290 325 90
206 306 29
274 281 27
359 358 73
291 92 99
303 91 39
259 115 46
138 275 69
65 237 72
185 161 79
304 341 60
59 260 39
196 149 84
243 382 23
266 224 10
12 126 75
151 172 22
373 247 50
310 107 74
218 282 63
206 379 54
313 300 40
16 123 55
366 212 26
131 26 65
309 374 51
350 219 18
256 166 95
155 342 91
162 183 41
233 178 23
80 285 93
212 289 85
129 348 55
137 308 88
303 354 53
125 112 20
52 193 69
242 51 22
97 18 98
98 129 29
154 239 37
350 81 35
337 191 31
138 5 19
29 289 67
335 175 25
43 290 71
171 108 32
204 199 44
25 224 64
380 133 10
360 158 36
140 376 41
62 365 15
385 111 45
373 2 40
147 194 50
371 75 72
115 193 80
105 308 97
76 52 88
280 78 53
317 55 59
249 336 33
174 107 94
248 368 80
58 99 36
81 92 30
385 135 76
364 365 16
161 222 51
372 269 61
359 282 100
342 299 29
96 208 55
32 295 65
58 273 58
312 96 14
28 2 41
48 247 26
161 97 69
14 105 56
193 54 30
212 101 66
220 40 67
34 20 43
335 133 55
286 234 93
345 73 100
133 146 20
243 93 71
11 138 17
363 292 82
233 385 12
164 167 18
33 158 58
67 259 72
108 366 42
324 108 77
27 376 40
51 152 27
281 11 43
153 297 88
24 315 68
170 249 23
207 263 12
244 58 67
173 51 18
337 345 64
234 321 82
181 125 52
115 288 57
315 181 99
148 130 49
290 348 26
183 239 55
61 191 39
363 175 61
204 332 97
290 191 49
69 310 45
283 161 77
93 362 52
380 109 81
159 348 39
41 230 47
5 321 40
109 206 97
337 348 92
136 112 37
98 167 58
259 175 47
130 272 45
243 275 68
264 61 87
187 113 10
346 326 46
308 356 85
377 155 99
181 255 51
378 338 98
166 138 49
281 309 71
71 117 20
374 289 22
52 145 68
204 23 54
84 10 24
264 202 20
374 331 69
17 212 94
291 310 80
375 188 30
342 162 83
293 135 54
229 175 38
69 118 90
327 162 12
364 23 54
32 23 48
239 203 67
339 288 20
205 342 21
271 63 16
194 225 70
183 60 36
248 305 27
211 228 95
246 79 17
67 161 94
3 67 60
98 71 69
96 199 43
238 338 30
159 153 19
61 230 72
88 114 67
193 367 65
62 267 86
344 168 37
60 13 38
300 177 17
131 219 65
386 170 85
271 315 95
225 305 51
248 30 17
130 377 12
39 374 28
217 230 68
162 26 15
123 227 74
278 164 75
84 342 89
217 327 11
222 42 16
295 380 83
116 248 83
140 259 59
210 237 28
216 128 97
250 108 41
269 289 10
36 285 48
127 17 64
194 355 32
124 218 57
87 72 89
360 229 14
182 300 30
171 324 97
185 228 36
236 112 90
1 197 89
317 198 11
236 314 16
357 243 70
381 376 96
73 331 66
34 23 49
95 239 51
42 8 76
317 64 21
46 36 71
33 100 11
58 41 31
201 358 36
22 127 42
34 170 96
261 48 15
4 125 67
253 68 63
99 148 38
278 266 63
67 39 16
90 149 28
249 232 83
275 173 84
58 313 70
182 105 80
354 330 31
4 358 46
265 283 39
12 186 99
230 44 37
26 266 39
141 29 36
84 212 37
130 386 41
80 139 17
51 42 60
48 107 63
302 314 13
159 308 45
29 41 60
166 0 29
129 313 60
334 224 78
127 52 47
122 315 64
208 319 71
113 140 74
112 370 90
297 374 28
359 79 17
240 206 16
180 149 57
314 131 91
67 76 68
179 280 67
256 50 68
209 148 20
380 170 11
287 207 39
313 19 13
320 9 76
320 38 88
109 30 48
385 375 43
158 197 48
331 19 23
67 270 66
270 145 33
73 111 44
213 55 94
366 8 30
102 64 80
352 303 66
245 174 28
44 183 72
378 82 88
319 102 85
361 87 19
305 176 16
153 230 95
49 266 100
245 69 87
253 71 100
186 113 78
40 165 53
174 21 65
324 376 40
10 384 16
323 168 78
335 263 42
124 334 14
111 380 60
328 54 28
7 124 70
90 367 71
335 323 77
90 42 86
34 276 69
201 282 88
29 87 78
223 385 41
222 123 59
274 214 60
146 82 38
380 38 33
69 348 37
346 157 74
283 233 24
139 219 80
296 106 97
122 283 87
367 74 23
199 177 23
174 65 66
339 253 50
4 318 58
254 32 13
179 199 100
196 135 77
135 312 83
90 162 71
31 253 100
343 239 83
282 28 32
286 378 47
253 17 97
125 159 35
366 50 61
116 85 40
268 12 74
188 342 74
6 368 18
5 25 11
122 37 45
60 216 75
281 339 42
52 58 86
33 155 32
339 252 19
222 236 55
203 298 95
329 313 32
107 342 72
248 311 17
247 239 88
231 19 29
224 306 21
231 308 70
385 347 91
227 377 40
299 213 29
124 88 11
51 346 56
323 61 57
53 333 84
21 277 18
385 128 93
268 241 16
347 350 49
111 33 64
236 73 23
24 339 26
379 107 76
331 119 73
43 317 31
71 1 66
375 94 80
334 210 79
298 62 23
120 6 86
62 46 71
46 25 80
377 370 83
181 129 97
100 340 89
293 301 91
271 367 44
295 96 79
168 141 21
304 249 54
103 140 52
243 84 57
115 150 89
205 315 19
123 36 42
221 13 23
266 167 28
136 12 54
45 179 10
47 336 61
116 335 58
154 30 91
374 340 69
113 33 28
80 142 45
348 96 75
222 251 96
233 117 76
381 90 98
8 278 35
186 23 66
154 89 23
317 129 53
242 216 36
147 265 77
287 144 84
88 237 72
342 377 97
186 43 42
254 275 35
12 107 17
35 382 14
317 355 54
235 55 37
330 169 75
132 125 72
112 32 78
224 311 32
278 102 28
189 299 33
303 200 93
115 2 53
246 40 25
235 382 80
362 56 51
280 316 20
103 384 36
183 228 88
194 123 97
150 16 69
181 187 30
146 101 47
188 314 53
224 69 56
386 194 88
18 5 81
242 258 71
114 338 57
328 109 40
100 379 94
218 252 41
1 229 60
21 220 89
32 19 39
363 188 79
243 367 36
201 130 50
285 53 34
374 313 55
247 102 77
263 177 85
246 166 65
210 374 94
330 49 43
110 195 25
76 271 68
28 321 19
207 146 21
342 176 76
170 131 85
140 33 20
125 267 83
248 51 49
121 130 85
372 354 16
162 153 46
109 228 94
38 327 89
186 47 53
256 6 100
209 11 90
39 358 96
146 217 14
347 331 28
193 79 29
85 276 86
301 0 68
168 268 80
359 38 83
233 203 29
318 210 82
141 85 36
113 276 98
150 37 30
133 235 80
341 322 86
245 138 49
207 116 55
380 149 53
87 91 19
300 88 16
16 83 100
293 299 10
96 51 55
229 0 40
80 326 51
263 224 22
137 167 13
297 44 64
100 17 50
143 42 66
307 62 99
190 157 19
143 264 61
337 322 37
382 386 89
179 237 73
213 44 45
314 46 16
372 215 24
16 270 84
201 356 97
238 15 69
380 118 63
295 72 86
323 385 43
269 143 57
331 152 70
163 265 73
380 84 61
294 310 45
91 279 68
153 138 42
247 128 42
206 332 71
4 255 46
143 347 34
156 170 82
211 151 80
112 48 11
226 126 100
89 193 77
120 73 10
62 358 28
202 233 48
115 322 70
45 114 65
288 57 83
290 1 65
34 255 77
81 329 95
57 276 49
166 346 48
300 256 59
328 298 72
267 75 20
244 105 71
67 159 52
139 72 20
283 260 71
97 93 85
72 183 61
46 204 100
115 188 58
17 267 98
124 135 34
205 278 12
71 168 100
55 4 62
88 209 92
124 8 45
127 94 21
369 208 45
109 291 73
80 184 62
116 33 11
337 182 66
83 39 56
194 222 25
54 343 58
138 159 87
88 285 25
3 310 62
43 125 89
163 341 39
140 73 86
1 205 90
265 119 37
1 155 72
198 253 11
144 205 20
108 90 11
201 299 96
210 284 33
141 358 45
165 168 36
325 136 35
53 172 75
212 273 35
380 96 86
365 189 91
141 107 91
296 365 22
322 118 83
242 314 90
242 141 45
231 308 75
72 352 77
67 71 52
179 118 88
99 16 13
282 14 72
32 254 75
250 2 16
67 342 52
138 233 95
175 324 55
147 316 17
264 33 44
188 367 11
169 224 22
371 9 77
64 241 44
244 125 54
79 166 72
202 97 59
298 52 83
183 167 75
250 84 56
54 83 50
382 320 68
153 150 86
5 249 60
364 129 87
247 151 29
198 29 79
381 202 70
269 40 30
0 146 34
161 113 49
377 263 22
60 288 86
217 69 68
320 79 39
370 137 96
47 372 58
19 120 10
380 384 41
183 238 76
153 157 71
268 317 93
199 188 96
264 258 15
42 35 89
350 274 40
239 101 78
189 320 67
156 150 95
325 158 28
10 301 16
106 114 23
382 87 78
386 164 28
54 228 95
302 136 48
359 268 60
250 323 96
249 180 58
9 50 50
26 102 33
169 294 69
163 272 49
368 83 59
99 7 50
31 212 49
94 156 74
104 174 83
326 132 80
68 158 42
311 341 58
32 201 64
141 4 82
199 295 38
121 285 26
189 175 92
356 377 73
289 16 76
281 106 86
13 266 66
260 103 34
9 101 57
272 225 14
62 210 98
241 244 70
344 116 87
239 357 45
5 356 73
3 346 32
10 309 38
43 141 36
79 196 55
37 297 62
130 274 46
221 278 60
53 361 68
139 231 79
18 296 21
219 291 14
240 385 99
142 63 80
316 379 52
36 134 97
142 304 51
131 272 21
25 359 63
154 144 20
134 96 43
312 299 90
125 206 74
30 24 69
47 73 98
206 248 41
102 336 87
285 253 86
26 125 55
15 354 88
158 81 74
294 327 64
74 122 33
384 374 18
328 333 21
350 310 12
96 310 81
172 263 69
206 108 45
230 70 10
375 19 73
171 234 15
48 262 14
311 277 81
90 13 29
207 366 73
353 95 42
353 87 17
222 128 81
139 122 23
33 151 62
122 142 43
292 310 48
34 345 46
381 153 76
354 86 91
121 71 60
113 322 89
5 122 49
49 287 10
113 96 21
133 261 88
26 119 80
97 334 72
120 216 25
69 64 62
85 367 37
373 312 65
343 42 70
245 146 99
211 217 33
90 298 44
22 259 77
43 12 74
56 279 17
261 383 13
236 101 79
230 352 18
121 324 21
24 217 52
178 203 90
382 53 63
347 48 35
287 22 33
105 50 43
11 365 40
40 364 35
343 372 99
83 10 77
386 53 47
207 24 71
172 298 51
41 56 62
62 306 76
262 8 37
325 257 40
94 351 62
9 290 26
198 76 100
107 189 12
23 35 48
329 81 87
93 142 82
110 329 24
384 62 58
282 273 38
338 19 91
138 185 58
382 313 51
306 265 82
332 65 74
27 98 81
10 253 52
259 20 10
316 135 61
315 337 65
68 133 39
11 385 98
47 248 50
133 16 61
63 159 28
208 385 17
169 70 26
234 13 53
41 288 82
75 38 63
169 114 21
230 37 33
19 80 79
129 189 44
113 41 71
1 106 83
51 126 20
321 59 63
251 371 47
180 347 34
228 71 36
12 316 50
57 153 100
15 245 25
20 154 19
354 349 92
274 347 34
134 169 44
26 179 34
177 312 98
323 326 86
163 133 99
226 258 52
38 229 100
75 343 22
60 58 61
331 281 36
18 148 51
379 113 88
68 181 10
101 374 93
126 123 24
22 304 27
264 106 44
336 189 45
372 336 92
193 235 91
8 350 100
351 172 80
221 149 45
185 106 48
114 287 31
67 146 87
5 293 72
362 227 31
124 7 11
385 150 36
117 322 73
290 367 26
130 96 77
271 269 30
83 230 94
278 145 23
142 353 28
13 353 62
165 153 63
219 323 90
278 198 83
325 208 97
115 110 82
111 218 71
141 58 19
222 160 14
84 57 33
55 332 83
340 337 69
131 233 33
32 78 24
259 200 66
276 138 23
171 385 66
212 231 25
22 37 21
338 262 22
141 361 34
360 96 84
35 25 83
314 133 44
368 83 87
130 294 72
73 128 16
92 31 53
150 103 87
57 303 52
121 220 49
136 57 59
267 363 19
343 30 84
363 93 62
202 349 73
247 293 49
224 331 24
125 85 71
96 63 73
384 126 93
218 31 71
373 223 70
375 73 86
140 327 54
229 209 38
52 145 72
282 59 15
155 382 60
24 293 15
335 172 36
290 244 86
300 141 37
102 195 53
285 186 67
241 135 67
209 372 47
137 141 12
110 268 49
176 266 26
377 31 31
244 370 77
355 135 53
238 356 61
46 54 40
11 165 52
288 152 19
320 104 31
379 248 24
308 221 63
259 57 77
34 44 70
116 359 54
217 153 36
351 5 88
253 183 100
330 366 51
298 380 15
76 267 78
362 239 79
133 143 37
229 130 49
326 128 93
71 72 68
239 314 100
294 220 47
18 150 28
167 6 12
211 132 56
32 263 50
216 308 66
86 173 26
48 222 53
170 328 11
267 116 78
66 104 17
230 32 16
14 43 96
34 92 47
260 274 73
192 7 11
162 285 29
373 364 22
374 63 31
318 273 34
238 104 41
108 99 15
344 130 22
270 196 81
303 314 48
24 197 69
171 181 25
267 385 11
310 343 40
324 167 52
80 34 23
140 4 93
103 107 42
185 358 21
104 133 12
299 331 70
70 115 33
23 87 94
267 134 28
0 140 25
327 2 72
352 274 96
314 266 59
191 75 46
212 183 27
43 333 37
260 239 46
290 153 76
31 296 91
152 13 15
333 33 70
51 95 86
147 356 76
135 79 12
59 85 59
74 188 86
116 91 87
196 100 61
83 145 11
57 37 27
372 83 87
222 213 95
25 33 31
190 324 87
36 152 36
346 338 31
60 366 61
311 219 82
104 256 98
201 274 95
140 288 22
161 377 28
34 52 50
289 365 28
13 146 46
100 326 41
22 162 85
112 283 10
365 217 14
180 365 72
71 135 47
65 18 54
236 92 66
106 354 34
288 144 82
154 274 73
230 216 69
376 62 69
163 318 12
23 344 38
56 367 28
382 363 61
235 337 57
80 345 34
235 246 32
246 334 64
212 95 80
38 116 56
143 363 58
62 138 75
301 202 93
367 223 35
133 129 46
100 265 33
373 238 79
33 344 66
159 85 61
204 75 100
81 337 15
284 14 66
116 324 29
218 307 49
379 99 99
57 76 21
93 163 31
110 22 17
126 171 35
91 21 38
132 382 56
330 6 36
307 53 27
59 48 38
337 6 65
374 79 97
118 114 52
315 351 38
7 171 29
126 267 34
310 278 72
100 369 50
217 259 82
292 253 25
384 227 14
215 192 77
11 84 88
336 1 41
336 353 74
254 298 89
228 193 55
375 173 72
176 321 82
184 159 18
104 354 59
179 194 27
344 307 86
202 76 47
313 268 80
305 257 59
266 168 46
76 71 33
221 350 69
81 298 42
2 6 14
134 90 72
23 213 45
331 310 64
298 79 56
82 243 84
306 187 85
184 359 85
274 234 18
79 359 70
32 192 53
334 233 60
74 340 83
243 155 12
386 304 95
349 197 85
378 175 18
64 59 78
268 7 86
383 7 62
331 320 56
51 118 91
305 77 60
293 215 47
7 340 35
65 321 26
165 238 85
290 238 28
110 142 70
243 46 33
302 364 41
252 164 71
161 82 34
374 3 31
139 247 77
64 95 49
372 68 38
245 6 34
27 21 87
328 14 35
85 339 37
178 116 15
360 119 81
3 93 55
198 256 27
70 103 54
16 374 57
87 123 82
349 202 17
143 356 91
83 229 51
165 142 87
331 115 96
355 299 59
347 97 72
212 122 94
107 152 24
55 312 53
290 2 62
382 369 84
101 168 100
34 171 16
154 169 83
237 326 48
279 297 95
171 147 36
230 338 50
33 202 49
128 310 22
338 81 80
85 184 21
151 188 65
162 124 63
237 190 54
214 173 33
306 25 55
93 275 79
256 166 77
128 300 74
355 322 79
226 271 76
244 102 22
27 173 85
346 61 79
304 21 91
153 208 39
289 31 19
33 130 96
304 22 40
281 132 89
339 255 28
352 355 80
115 331 37
214 329 93
184 164 94
331 193 32
334 150 72
381 58 35
26 278 83
330 147 65
175 343 40
78 207 69
217 99 93
310 244 27
36 337 89
3 39 100
127 196 95
62 19 66
254 378 81
70 287 17
86 175 83
125 221 91
343 267 53
255 226 12
64 211 13
334 51 21
243 380 59
169 83 64
14 154 35
321 36 90
160 337 68
360 195 24
255 273 19
143 235 11
147 259 56
124 235 24
5 106 98
136 359 73
96 131 13
2 77 71
103 318 89
119 219 44
173 114 61
198 333 44
155 290 78
208 278 20
221 316 33
98 360 38
327 383 58
124 213 75
332 306 52
247 162 67
293 173 46
123 23 61
317 33 70
382 96 32
19 269 94
67 161 85
265 37 85
120 236 98
73 206 36
251 86 86
26 322 32
282 345 97
286 48 91
285 163 88
283 313 27
320 59 59
165 348 45
138 245 68
220 139 58
322 15 51
168 191 41
139 368 80
58 184 31
234 123 30
192 215 51
217 333 45
168 312 44
10 224 30
156 89 97
208 35 85
64 126 20
136 350 49
310 182 31
33 138 52
335 274 20
351 225 22
226 255 40
87 161 82
257 246 77
296 18 78
374 74 74
75 112 44
378 196 58
23 123 30
260 206 21
42 167 30
219 13 89
110 193 89
139 147 48
325 8 69
231 352 35
376 206 41
149 326 54
99 380 22
36 50 67
74 218 84
66 142 10
116 141 88
235 259 43
309 97 36
204 206 24
89 377 95
215 230 38
362 218 29
254 216 54
161 109 41
66 265 41
381 273 49
134 166 22
196 278 47
338 271 32
143 265 44
319 96 73
229 153 54
81 9 98
240 266 75
92 253 81
269 266 85
10 201 17
295 103 66
135 238 47
333 217 13
185 22 18
245 380 80
169 168 40
357 293 56
343 151 34
382 293 15
158 103 23
381 81 71
93 197 83
266 226 14
12 135 29
30 40 57
85 69 68
69 275 63
220 212 70
255 19 23
194 240 45
101 97 75
5 178 27
267 102 28
190 263 96
371 279 61
172 336 90
269 26 99
270 338 55
85 192 100
261 24 19
254 78 24
237 308 86
325 12 47
356 237 100
292 332 55
44 138 40
33 320 79
248 207 33
357 63 25
185 94 80
204 291 81
325 219 10
115 187 98
161 48 87
297 135 20
74 280 27
71 271 21
109 326 30
261 114 29
283 291 21
177 237 56
197 39 84
92 313 32
178 151 22
321 334 76
21 315 70
316 88 75
33 204 37
355 334 34
308 259 19
301 126 63
291 340 24
23 4 48
54 155 15
324 262 72
72 343 37
273 345 51
38 153 98
377 330 67
27 231 92
169 235 45
36 384 78
161 80 66
65 384 55
283 266 85
138 304 35
262 202 95
70 164 52
3 191 77
228 115 86
342 309 41
101 62 84
4 354 64
278 103 73
46 233 39
367 75 83
2 309 28
109 125 24
277 370 78
156 86 90
54 150 95
50 339 76
322 99 39
14 38 33
69 99 53
278 245 21
175 64 49
133 26 20
365 312 10
335 112 38
231 340 57
315 259 32
227 331 67
113 335 93
91 13 80
49 300 55
184 179 90
318 354 83
13 108 45
171 60 76
144 338 50
345 304 30
88 190 45
191 100 46
135 22 88
366 250 14
4 58 88
343 242 93
285 253 65
147 369 53
157 19 64
30 153 79
144 209 11
272 82 42
273 227 99
7 236 43
270 90 91
263 17 11
362 79 81
299 373 76
250 206 73
359 357 78
259 72 26
132 276 42
243 246 48
375 364 24
145 307 89
192 276 91
291 83 87
245 65 66
239 193 76
121 22 25
335 51 65
269 155 38
99 322 73
278 22 85
12 233 69
99 1 48
14 44 16
45 335 43
14 27 89
200 9 70
78 306 97
223 216 30
149 7 40
44 258 79
292 152 37
55 262 99
345 376 32
378 26 91
364 209 55
24 248 94
182 110 36
120 290 98
382 150 87
72 160 44
378 298 97
346 13 97
244 131 71
122 263 87
169 62 46
287 167 18
98 152 69
227 367 33
353 85 67
90 23 96
359 121 32
116 50 38
121 27 92
336 82 88
367 319 25
277 46 56
89 260 56
150 12 85
368 324 22
163 112 15
308 374 13
265 347 31
283 246 29
370 96 79
110 243 24
7 151 20
353 95 76
151 79 57
156 241 77
213 111 30
43 28 32
285 12 87
46 185 18
198 203 79
231 20 84
229 154 35
239 344 68
68 116 64
267 242 65
224 315 38
327 230 23
193 82 92
254 75 89
132 246 18
196 135 74
242 4 95
119 331 19
3 291 94
29 294 68
309 130 78
200 306 33
335 71 83
44 141 44
5 116 97
87 181 47
81 49 50
167 15 93
177 183 20
118 196 89
201 275 84
212 374 41
55 355 62
294 124 41
243 263 51
49 151 80
205 130 92
304 322 26
285 260 20
85 92 94
137 9 33
20 271 12
114 346 21
333 107 66
109 252 19
227 148 10
357 235 94
233 242 94
204 348 38
125 162 84
17 133 37
15 209 45
122 185 88
174 304 52
77 118 97
384 137 24
110 59 64
373 240 100
164 323 100
379 374 84
15 34 20
211 52 100
186 241 46
56 288 17
313 331 72
337 123 61
380 169 91
33 53 42
2 342 31
67 312 85
306 56 93
257 82 74
184 231 38
283 78 24
119 167 63
249 366 18
217 92 16
87 16 16
41 53 95
144 126 64
156 90 97
236 75 26
156 286 69
269 141 21
45 39 89
368 70 31
150 183 24
175 128 18
377 294 53
131 224 53
239 370 74
185 283 39
231 43 32
76 30 94
61 358 62
201 338 46
323 368 92
307 326 73
214 246 96
192 359 71
99 284 22
115 140 31
188 79 61
356 132 81
371 286 42
58 13 64
9 269 74
173 167 43
276 383 83
230 17 46
121 184 100
362 322 66
231 385 40
175 359 90
260 142 34
218 100 15
36 95 25
303 158 93
336 39 15
3 370 44
99 55 91
213 336 43
33 82 41
376 183 68
382 27 85
174 211 48
283 227 85
119 240 70
243 69 32
4 279 55
154 212 87
133 359 71
82 13 96
213 270 87
312 301 54
289 364 64
278 313 41
315 223 36
333 58 40
194 221 74
322 240 23
30 28 51
97 275 87
292 151 85
191 119 88
150 87 95
191 369 76
63 41 46
89 383 91
362 236 11
95 239 10
112 202 30
137 115 100
167 250 12
265 307 11
283 87 23
76 75 42
143 22 49
63 348 15
330 241 21
150 57 60
309 264 59
58 18 80
319 272 98
178 364 96
67 273 44
235 204 15
385 158 17
276 330 27
308 334 45
137 99 36
292 209 87
247 19 57
94 374 97
176 335 61
206 195 87
380 71 50
285 97 65
136 73 52
23 309 70
92 279 50
172 27 65
283 299 97
297 318 27
221 346 33
305 249 37
288 188 17
206 295 49
194 317 50
254 30 61
113 70 57
211 256 17
252 277 78
196 150 67
167 348 67
13 272 93
355 180 66
47 249 28
220 287 41
115 218 27
197 97 84
256 129 11
335 145 83
206 0 96
236 260 24
193 156 62
270 201 83
204 100 21
367 33 19
286 20 51
304 88 94
342 380 76
207 298 72
24 250 33
68 308 51
35 244 48
308 19 66
204 313 19
35 133 22
385 74 56
88 122 100
96 169 62
312 331 71
65 168 62
19 3 48
140 328 37
210 24 100
213 202 50
152 245 99
150 350 42
25 239 19
264 111 67
368 93 18
313 210 99
212 218 70
57 128 97
162 278 86
250 359 32
195 302 89
209 131 20
105 66 52
120 53 95
264 287 29
2 158 27
16 69 10
63 310 34
185 53 17
135 191 16
97 214 42
235 314 93
99 229 65
161 316 91
135 55 31
176 231 13
91 319 76
11 194 80
260 13 91
143 119 11
204 189 60
187 121 80
200 132 73
64 99 29
36 100 35
112 50 15
282 329 41
380 141 98
154 12 63
125 331 19
86 95 12
8 277 53
83 9 56
106 281 43
143 348 76
302 150 40
49 237 29
200 356 34
81 251 70
317 239 44
90 312 47
320 377 76
18 15 95
280 32 90
373 225 69
57 220 59
172 336 85
159 318 83
1 70 35
345 52 61
348 192 18
258 157 24
17 138 53
46 92 14
148 380 62
279 364 36
266 264 31
93 44 69
30 79 61
53 69 34
361 146 66
201 61 55
38 54 51
213 369 60
274 83 47
326 84 12
16 93 90
84 201 62
91 200 47
156 207 61
13 145 38
386 301 38
220 133 99
146 76 66
36 58 94
51 300 53
284 344 97
297 39 17
248 51 13
47 202 30
262 138 26
185 36 26
386 269 48
149 214 85
253 35 25
145 152 86
352 246 11
268 258 47
46 54 12
131 348 49
91 76 12
381 357 88
9 254 57
7 43 53
251 109 28
184 69 50
118 65 99
48 96 50
45 199 90
161 65 56
219 89 62
146 102 19
277 192 79
201 346 75
218 147 83
297 376 94
167 92 13
94 141 34
246 294 40
235 109 65
359 93 80
325 376 42
189 12 54
240 93 81
376 184 73
62 323 31
181 313 87
218 372 23
374 315 18
207 218 47
105 55 43
308 114 13
207 178 45
237 246 57
183 374 94
288 274 95
319 330 44
243 140 68
377 20 52
117 102 96
111 109 27
159 69 59
15 175 60
164 137 79
167 203 51
217 213 85
293 348 38
205 315 81
157 88 46
168 288 77
250 189 36
238 167 32
105 283 71
104 244 70
231 151 89
21 92 41
317 350 74
244 160 28
347 386 47
73 20 46
263 127 80
78 308 34
12 237 82
368 314 37
53 247 92
192 170 43
328 196 20
91 53 11
215 25 94
72 193 14
386 203 14
270 86 19
312 145 86
267 33 87
372 104 66
81 195 52
225 243 22
201 160 65
120 349 40
347 322 41
260 22 71
186 145 40
320 99 68
261 193 62
166 336 80
196 238 23
40 235 83
81 165 49
44 178 58
363 65 64
150 349 36
111 137 59
172 87 13
17 182 24
60 336 57
25 91 33
242 105 69
245 276 60
369 271 79
210 253 98
45 164 73
317 328 61
383 168 49
290 372 66
182 33 98
54 267 41
14 315 53
63 165 34
216 303 63
183 15 55
231 371 59
314 116 82
28 359 44
274 73 46
311 364 30
99 205 28
13 185 11
318 265 89
253 353 26
246 361 74
85 164 79
153 125 39
104 60 19
49 161 71
332 126 75
324 386 79
290 163 51
308 348 73
148 72 48
357 148 65
237 117 80
171 177 12
30 54 30
53 232 59
198 6 86
107 358 83
351 1 45
107 202 60
56 60 28
79 366 53
161 302 51
95 38 26
123 373 45
0 82 53
88 140 26
328 252 21
174 210 93
189 97 39
217 198 74
287 303 45
260 328 47
197 9 97
42 60 54
162 117 89
365 321 89
115 354 14
71 142 97
58 104 21
234 262 57
185 362 15
381 264 54
374 345 15
11 69 22
136 83 41
276 132 62
191 121 49
1 371 18
238 19 35
43 370 39
183 68 50
358 24 61
86 13 35
168 329 26
40 231 22
104 68 55
180 50 35
282 33 30
339 17 52
324 31 51
161 155 49
150 140 95
92 327 10
288 211 34
107 70 94
335 215 95
43 63 29
215 67 13
75 196 54
382 67 18
301 10 63
217 319 58
92 126 51
166 369 53
109 66 37
192 67 25
218 279 19
148 264 12
222 366 25
230 24 95
271 296 23
146 189 11
288 109 71
319 277 75
209 6 83
339 96 16
116 196 88
167 368 45
209 160 23
3 296 11
279 301 33
114 206 26
123 0 85
24 188 23
189 217 90
379 8 83
241 187 85
323 217 29
291 348 39
294 132 37
87 62 35
31 352 84
277 230 30
141 356 76
114 335 47
226 199 46
354 119 58
273 184 42
38 288 57
5 305 37
311 154 80
370 301 50
242 2 80
150 86 31
128 325 33
238 331 64
100 82 47
97 29 21
181 11 64
331 243 15
48 193 61
323 8 22
208 29 22
22 125 71
203 260 85
288 139 59
297 353 44
53 350 42
292 276 52
323 137 71
319 301 92
72 31 24
219 287 92
343 18 89
384 202 51
52 5 90
278 24 30
76 141 17
376 250 49
124 254 28
385 21 76
63 263 88
356 84 26
189 209 37
242 258 43
8 237 70
289 93 61
205 69 41
261 224 57
50 328 37
260 248 23
324 122 36
245 334 19
317 289 55
113 124 16
182 59 46
0 214 18
130 59 34
177 37 43
231 384 17
148 57 10
115 81 34
307 161 47
265 169 47
275 202 92
311 275 36
265 63 58
2 292 86
90 130 85
13 39 88
61 300 37
155 273 76
149 75 48
378 131 75
93 122 49
31 221 99
334 145 25
386 58 46
136 355 57
306 99 70
192 363 81
158 231 70
328 49 29
371 176 86
226 17 91
264 269 73
296 220 72
277 89 45
21 24 50
191 295 36
255 310 95
215 289 45
352 351 20
71 84 39
27 1 78
66 80 100
53 129 13
121 242 96
143 358 19
213 251 81
66 274 74
376 301 63
251 243 23
104 3 87
203 8 53
16 278 53
249 254 50
381 64 66
379 168 68
197 383 20
108 154 77
84 306 49
347 104 70
352 211 39
339 242 51
108 314 51
349 346 43
265 212 54
84 61 61
105 170 85
125 177 46
370 159 83
277 358 96
50 1 64
273 192 93
78 356 78
15 217 95
248 336 56
61 19 72
31 205 11
46 6 90
129 209 52
119 304 41
359 284 72
215 103 51
66 377 81
55 5 93
372 114 52
54 150 35
103 82 62
105 282 19
367 360 36
29 42 14
121 36 58
369 165 74
126 50 31
191 17 55
342 325 90
326 63 92
280 231 98
59 126 38
379 166 97
260 227 41
25 292 80
94 201 52
166 83 72
347 199 67
282 322 99
184 65 31
203 147 75
326 76 55
165 77 58
223 39 95
68 337 93
144 195 35
375 49 46
215 295 87
123 314 35
210 286 53
87 10 82
156 91 50
21 31 16
385 280 16
65 202 33
380 269 55
342 250 99
108 122 38
342 339 45
351 362 31
228 179 71
25 354 14
314 301 37
30 115 13
249 63 50
4 317 37
75 103 48
215 114 11
240 308 23
324 35 77
86 251 47
187 246 65
193 67 72
255 272 94
207 329 78
385 279 74
282 336 30
125 123 94
352 338 14
241 362 74
324 5 38
280 35 81
15 146 29
165 36 30
85 43 41
339 329 78
35 313 57
289 292 91
100 373 82
178 213 75
25 129 39
96 237 73
309 226 14
196 291 46
92 143 74
383 43 86
0 275 50
258 196 11
313 107 46
34 96 89
66 368 50
216 290 75
170 173 63
67 192 92
72 314 41
204 50 74
369 60 75
89 133 30
156 268 47
299 120 79
115 50 47
212 374 65
247 39 14
261 248 51
290 264 36
151 158 61
23 334 40
292 141 64
86 262 65
376 132 54
32 136 30
98 70 18
367 224 78
29 247 80
297 32 45
328 35 76
171 63 86
120 251 64
344 3 88
99 187 96
345 26 59
304 68 50
85 44 32
47 307 43
198 36 25
359 244 96
188 246 15
258 201 100
195 55 68
43 339 54
288 17 22
216 194 99
229 103 31
156 124 20
144 210 66
111 288 95
50 380 36
182 77 58
258 334 38
323 132 98
4 280 64
357 196 61
199 79 93
191 89 52
140 50 79
368 27 75
362 2 13
357 146 38
342 19 79
293 29 53
162 262 37
119 207 99
216 25 54
24 63 91
368 112 50
378 133 53
157 125 11
318 52 92
79 299 49
255 9 92
372 170 60
297 46 55
326 319 52
317 361 61
97 312 66
20 376 55
156 276 77
343 157 19
96 108 87
80 210 71
71 82 61
304 178 74
204 259 20
68 375 45
262 122 41
19 7 79
88 222 59
209 324 65
182 338 19
94 288 19
125 138 25
336 225 37
295 47 96
371 44 76
332 57 51
132 163 44
100 78 91
376 147 79
95 199 10
59 96 13
202 70 79
99 70 13
337 108 34
105 240 36
190 176 97
245 61 93
294 383 88
350 292 20
139 162 66
59 15 44
161 164 70
60 85 89
371 363 78
175 76 33
65 294 51
143 324 68
216 328 93
114 319 89
82 319 81
57 42 28
95 55 53
107 202 77
287 192 54
237 111 40
224 82 42
114 223 16
73 213 28
335 301 62
278 117 10
370 366 39
349 133 57
157 245 35
219 181 46
344 49 96
271 210 54
116 240 58
130 101 44
91 332 22
101 67 54
19 257 87
43 365 15
202 351 10
162 124 12
239 268 53
31 358 83
63 174 46
111 25 58
189 83 13
170 258 57
325 107 100
14 13 59
65 88 51
53 375 85
200 363 78
153 167 45
200 118 79
350 348 33
222 360 69
81 18 82
99 14 82
259 361 71
218 29 57
148 116 19
72 145 63
67 139 37
320 78 13
182 58 69
176 345 40
174 5 45
61 257 96
150 32 39
253 251 87
277 331 13
99 383 90
377 196 27
386 60 95
64 106 73
211 280 10
50 341 69
131 344 47
9 220 21
172 303 90
347 120 19
63 321 73
246 173 58
15 4 15
300 92 43
332 70 81
346 15 42
15 105 45
82 14 64
134 188 15
209 321 79
117 360 82
33 350 57
221 369 99
252 170 87
280 342 85
184 313 67
331 146 84
203 347 28
208 345 46
283 56 48
51 192 16
24 114 95
138 297 55
110 318 28
14 166 81
14 74 30
137 368 82
288 224 77
162 261 43
52 224 61
220 66 90
79 271 67
34 16 75
283 46 29
240 210 30
256 2 37
345 315 86
240 243 28
15 141 98
44 185 77
250 356 20
347 17 99
71 105 87
5 96 17
227 280 90
3 375 47
147 41 27
259 287 82
169 75 47
222 325 90
225 370 93
227 216 10
182 183 41
153 338 81
29 373 52
100 90 61
229 352 12
304 2 52
147 337 30
144 90 80
150 55 37
283 350 36
65 23 96
242 313 32
260 55 49
268 207 42
123 225 85
101 205 70
89 166 74
122 200 36
189 270 36
252 41 80
191 230 21
43 307 83
333 181 56
130 54 89
182 76 29
164 132 85
70 174 63
238 63 85
335 364 99
371 154 34
296 33 40
306 125 85
16 119 25
50 70 81
377 198 21
157 212 22
337 61 78
97 122 98
304 278 82
172 46 100
226 16 11
285 194 44
134 128 29
141 217 35
206 19 12
232 36 76
152 359 78
347 135 38
300 342 19
57 255 76
363 240 84
107 85 46
347 126 71
297 339 81
341 349 15
148 286 16
236 106 61
260 264 99
167 303 38
174 139 78
204 314 95
189 155 83
222 80 84
290 91 79
375 298 64
240 133 14
343 218 26
50 189 69
300 54 92
181 147 48
320 381 50
346 232 48
173 208 100
28 246 92
234 63 56
193 367 38
218 296 31
354 83 38
273 359 13
218 109 55
304 270 61
123 246 29
58 226 100
352 158 55
252 324 76
115 142 17
71 90 49
354 303 52
297 4 85
134 38 75
168 355 14
335 57 25
280 95 51
85 47 31
350 212 93
63 148 76
62 166 99
193 350 49
76 130 79
314 335 14
50 268 36
234 242 47
113 206 69
150 308 24
285 306 10
122 318 90
8 99 36
115 350 38
162 227 97
237 36 29
68 61 47
28 236 21
292 269 10
145 206 63
204 234 78
65 294 24
146 222 19
168 225 45
201 98 13
77 355 21
336 28 74
22 238 95
286 61 54
348 316 18
220 294 94
312 218 24
73 306 23
141 97 31
166 14 92
34 241 25
229 386 28
125 133 36
13 131 43
122 202 47
194 223 95
118 317 32
210 178 90
113 134 83
100 68 57
179 379 67
323 372 100
16 124 91
252 278 31
349 12 59
277 192 77
67 34 51
158 135 55
33 265 87
50 281 45
355 246 34
67 338 53
268 298 22
260 133 94
167 384 17
142 246 76
124 311 98
112 6 95
359 141 29
248 240 42
18 261 58
264 365 94
131 24 59
280 62 79
207 83 52
280 230 64
236 204 31
277 182 93
121 133 93
197 366 87
260 183 54
347 348 72
240 102 41
171 2 69
332 211 50
161 213 55
200 179 15
225 217 17
92 238 44
170 278 89
352 311 96
252 348 50
305 93 75
306 143 12
296 126 57
323 310 56
324 241 54
343 352 97
289 375 17
270 314 20
183 250 29
202 140 37
51 65 65
335 189 40
249 381 52
366 222 33
141 108 45
106 70 20
23 125 63
142 49 80
34 280 86
214 229 27
322 135 78
17 76 68
25 211 49
29 326 66
345 278 100
108 369 25
194 118 82
235 119 56
53 361 45
268 381 56
310 143 32
222 174 71
79 209 18
332 288 59
71 32 77
323 315 38
173 170 38
8 81 15
144 331 22
309 19 25
61 357 37
71 279 78
197 109 33
25 128 71
274 98 85
255 73 88
224 33 84
14 258 49
361 210 81
377 47 83
21 221 65
76 31 94
196 332 13
381 320 24
125 303 100
182 211 44
91 162 96
225 298 72
3 307 30
182 18 30
295 204 50
269 99 71
363 256 29
180 185 66
311 44 57
315 50 13
345 42 68
296 261 87
127 133 58
242 98 57
149 316 87
240 191 43
380 79 92
210 305 66
350 37 56
376 11 17
173 362 97
209 64 57
51 266 46
381 178 17
243 59 29
186 266 71
169 133 93
345 204 88
6 289 65
351 235 92
378 267 99
148 304 90
358 37 63
34 324 26
379 313 42
154 26 72
13 131 93
190 296 98
171 284 98
209 164 53
140 197 31
111 380 83
76 234 12
212 172 89
308 316 61
165 358 94
191 100 75
282 367 18
199 4 39
353 78 89
14 315 54
199 330 20
73 173 74
18 145 59
111 227 74
355 34 44
254 317 68
376 232 59
102 224 100
178 119 12
77 261 42
93 79 11
378 167 13
67 347 16
20 234 51
280 82 83
233 232 60
105 89 68
183 346 27
90 326 38
300 182 88
124 241 47
255 25 89
236 60 51
79 240 14
295 239 70
378 254 17
195 26 50
296 208 39
85 129 79
24 246 13
319 236 83
341 278 85
308 328 63
121 233 100
16 18 82
261 332 30
24 126 60
332 370 93
190 262 49
187 60 43
227 198 16
359 283 75
331 132 17
321 73 30
137 316 91
231 235 37
386 290 58
201 209 43
9 10 86
64 314 31
181 335 24
0 257 76
272 226 47
217 312 67
383 274 78
43 71 71
295 163 91
77 276 42
187 38 96
256 150 75
48 332 74
71 155 96
284 3 59
221 273 11
163 78 71
124 135 60
307 154 60
290 124 53
38 1 92
97 48 14
4 91 59
252 321 30
149 353 11
276 76 56
126 223 63
249 184 47
48 75 57
304 18 39
262 320 53
29 229 29
90 232 10
134 370 67
91 335 59
100 248 22
326 46 45
312 87 24
126 191 64
220 135 19
275 130 50
41 99 21
252 16 16
26 216 71
317 217 17
160 112 12
59 122 70
333 307 79
225 90 14
226 82 90
85 265 20
177 293 16
173 273 81
12 263 77
85 90 46
342 70 47
176 70 94
339 29 15
86 133 70
194 211 49
40 91 98
45 361 63
105 169 41
97 112 55
322 258 74
85 92 37
16 244 21
153 86 64
189 111 83
322 15 18
164 265 72
159 3 77
196 347 12
316 108 83
101 363 37
104 203 72
333 129 24
211 126 10
267 59 66
26 81 56
129 149 42
250 46 34
196 289 69
20 211 27
69 103 89
302 181 94
170 356 39
102 246 40
136 67 50
141 252 86
101 72 11
339 146 12
25 195 28
93 109 16
180 219 95
153 25 97
383 343 17
230 155 74
150 22 77
108 373 38
351 293 28
32 7 73
307 251 64
297 108 90
62 182 28
159 325 49
210 147 34
41 157 79
135 199 23
343 42 38
152 341 64
4 131 69
292 351 97
350 151 40
289 115 24
308 244 91
52 313 10
286 183 91
71 175 22
92 163 82
16 377 52
206 167 99
284 379 72
227 159 40
345 233 51
160 52 42
337 330 31
372 102 32
264 290 18
143 24 25
357 0 71
116 135 73
155 315 49
7 110 28
379 292 91
110 22 95
382 67 79
226 292 81
333 16 68
266 82 34
230 167 39
267 285 81
142 327 58
153 380 51
224 84 94
257 160 40
379 202 80
48 148 63
293 232 62
261 14 100
336 317 53
166 53 20
344 373 81
132 292 58
275 15 24
331 319 10
264 174 46
176 234 36
7 384 39
348 64 63
340 125 100
54 67 65
277 323 40
354 372 68
260 28 47
167 207 27
38 243 62
175 312 96
311 308 93
335 237 21
165 328 74
312 99 74
145 18 34
125 255 19
8 245 95
171 203 43
256 201 31
336 135 77
264 147 64
272 3 56
149 95 91
69 326 41
260 225 75
82 230 46
30 359 43
255 22 78
104 256 13
178 386 61
334 133 21
316 263 59
224 297 96
180 211 13
344 46 95
166 108 72
237 16 46
130 35 53
302 136 59
220 223 48
74 347 81
114 256 38
207 346 83
153 341 33
128 232 46
182 123 25
20 364 47
248 356 10
62 199 69
167 186 65
296 109 93
308 116 55
233 106 86
341 248 52
27 228 32
352 89 80
165 327 48
163 246 22
247 296 55
307 271 28
38 318 20
232 292 81
12 171 16
54 335 12
164 56 60
352 316 99
300 326 99
114 310 64
128 369 37
364 136 22
224 206 23
43 89 92
39 360 26
20 40 73
73 303 63
288 383 87
63 159 24
371 23 70
264 230 59
68 354 100
149 235 43
323 89 51
245 373 96
259 370 74
351 190 87
238 350 77
35 71 34
180 255 86
75 15 99
342 328 40
233 100 86
209 245 22
335 1 54
89 368 70
275 323 69
234 130 87
250 262 45
356 316 23
26 288 75
182 173 88
364 138 50
47 295 78
262 54 89
251 190 58
268 251 39
59 214 44
135 248 99
76 290 94
99 114 39
262 12 73
162 179 80
345 98 80
85 59 87
355 318 63
290 378 36
315 122 56
141 258 99
70 140 40
374 376 94
311 225 18
9 266 86
176 24 69
253 281 89
50 39 79
245 211 30
170 379 18
314 129 10
317 182 82
270 230 71
375 5 71
250 384 75
211 284 91
304 171 14
132 119 97
3 33 83
227 291 84
134 27 65
372 79 35
134 53 88
229 211 88
287 305 13
246 115 41
248 258 13
41 170 45
381 286 50
219 229 28
140 75 67
25 316 56
218 161 80
207 293 54
215 265 29
338 209 85
351 102 79
356 246 60
99 127 25
285 366 55
364 140 47
264 15 38
177 14 81
127 90 30
213 274 96
289 145 35
98 197 14
64 282 24
212 354 46
195 338 99
191 106 29
124 94 57
361 6 84
129 137 25
21 114 55
325 287 82
144 12 59
40 113 42
350 272 54
56 376 56
133 365 26
176 113 77
88 327 78
31 89 27
96 82 58
112 364 16
134 352 11
53 68 79
281 291 54
354 92 77
174 116 100
245 362 99
229 206 66
171 283 99
317 231 40
97 2 82
149 311 90
12 254 74
356 184 47
312 212 91
120 106 65
0 225 25
285 130 84
253 120 14
272 12 18
159 88 58
363 110 63
143 329 19
5 310 97
81 71 29
328 150 44
382 280 72
119 372 72
21 178 31
318 70 25
278 379 34
236 137 66
2 257 96
207 232 54
260 331 28
284 136 59
23 164 67
84 173 41
51 352 23
143 142 97
296 92 27
116 218 35
369 5 84
51 149 47
68 212 15
46 362 78
55 247 59
232 141 39
386 257 69
9 221 51
215 116 75
267 164 81
130 234 77
239 355 44
126 291 65
30 170 58
265 239 75
370 159 96
4 54 75
325 25 54
32 367 89
385 184 14
242 378 86
271 168 77
275 78 64
56 246 48
106 47 96
305 73 85
255 20 79
309 351 41
209 370 68
341 0 26
157 322 30
292 250 84
117 251 89
322 350 51
314 34 32
82 75 18
31 304 47
368 43 36
358 201 44
353 161 12
44 59 37
190 346 20
155 206 100
253 170 65
383 32 52
269 339 24
151 254 57
24 211 11
250 60 32
206 97 43
86 174 60
286 5 37
116 149 82
336 162 66
233 320 39
277 343 38
265 88 82
351 376 91
381 26 92
168 270 75
269 136 67
54 63 59
43 183 70
186 356 71
266 370 92
67 305 94
242 161 31
76 41 78
92 242 51
369 11 21
277 298 55
288 240 73
377 202 59
145 294 54
379 382 52
66 203 50
261 340 69
338 232 10
225 331 50
7 18 84
213 210 56
206 312 32
275 104 20
12 122 46
153 350 28
277 346 55
115 332 22
97 50 29
201 376 75
73 334 13
73 83 18
224 178 32
373 117 20
267 291 54
134 216 65
339 36 30
384 343 99
106 175 80
50 169 73
279 300 57
227 75 62
183 384 100
73 109 74
245 239 12
369 294 13
216 71 72
324 187 79
230 114 37
62 16 47
80 193 99
93 231 70
87 323 64
71 155 80
291 96 70
182 88 32
172 6 84
150 18 53
220 350 71
298 17 56
165 90 64
164 37 77
139 345 76
275 22 42
152 287 63
324 363 37
231 334 22
232 208 95
134 89 99
121 212 61
144 25 67
170 385 51
334 120 82
59 289 57
379 127 96
324 237 67
200 274 28
371 241 15
27 156 35
119 34 96
144 89 34
37 372 88
272 227 81
265 57 79
197 282 11
140 82 66
126 268 90
362 4 44
21 347 74
158 357 65
298 330 10
364 352 47
369 339 15
38 86 24
30 22 79
310 297 43
110 14 35
338 345 22
342 198 23
375 269 94
230 4 50
363 301 76
331 260 39
60 214 98
141 313 45
340 68 71
322 34 37
249 245 85
185 129 38
100 160 42
221 30 100
127 24 73
51 35 28
129 247 70
295 22 12
327 314 89
207 6 100
164 69 43
203 40 97
139 166 64
300 208 17
120 323 89
154 99 70
326 150 11
249 95 80
50 375 37
168 361 53
86 328 45
57 155 64
273 29 32
374 349 86
301 134 84
73 375 17
386 221 98
300 342 72
380 28 88
124 147 74
347 196 59
343 307 97
262 310 74
118 372 60
71 358 94
225 313 80
211 117 32
321 262 31
108 347 50
277 367 99
351 293 34
323 107 26
76 212 76
31 168 59
342 126 15
164 95 66
208 279 93
209 203 33
6 3 82
234 239 14
47 280 59
275 20 23
157 118 77
229 283 66
135 110 54
378 272 61
375 348 13
369 79 89
70 346 28
162 280 28
315 253 99
229 48 93
115 6 55
255 170 42
272 5 40
24 185 55
284 1 17
326 150 93
162 17 17
24 194 29
280 233 57
303 33 92
231 78 92
261 66 71
386 61 62
320 64 97
155 27 29
108 338 40
25 209 94
317 182 63
231 383 29
128 368 99
301 164 38
171 134 99
172 32 23
154 110 22
38 366 32
101 313 87
191 160 22
293 280 14
127 102 22
44 290 10
146 78 84
359 101 99
6 262 73
87 90 49
197 195 88
294 248 94
22 331 28
188 174 31
383 218 45
74 124 91
86 386 92
278 190 70
368 162 22
106 4 38
29 348 36
21 41 77
57 126 54
248 184 75
219 337 21
150 332 33
295 215 46
13 78 94
341 366 77
51 199 26
169 127 96
20 180 36
280 347 95
235 41 49
9 45 84
343 201 68
241 30 62
209 204 48
256 102 64
226 230 62
262 46 96
336 346 27
330 143 55
188 248 77
342 152 36
104 97 13
317 154 54
66 349 38
323 88 31
330 88 83
265 377 46
189 315 79
126 309 70
34 219 83
47 350 63
243 107 35
349 242 46
289 193 76
127 317 25
309 45 71
194 248 45
273 133 26
39 363 21
79 60 20
225 329 26
67 126 83
249 7 68
377 348 85
33 318 58
111 241 24
35 231 58
233 221 28
122 177 97
66 100 44
152 114 95
241 107 63
105 183 91
314 311 78
6 305 96
124 380 30
251 98 48
347 287 86
318 69 12
142 86 69
254 57 35
93 381 64
277 59 39
76 172 16
301 144 18
140 95 11
348 45 52
175 373 95
105 20 18
241 353 77
59 192 96
339 326 36
180 169 30
217 190 62
222 336 83
208 4 50
251 309 53
261 341 32
53 123 52
323 132 36
164 75 33
259 277 98
76 99 15
370 230 79
322 161 48
343 99 82
114 170 96
326 86 50
340 142 51
377 319 50
261 360 29
32 6 50
383 211 69
266 166 59
4 140 26
144 215 59
349 166 86
311 282 84
35 85 84
332 209 69
262 79 51
65 281 37
192 58 41
193 7 26
27 167 96
250 68 96
108 171 49
277 346 52
265 373 89
210 126 72
92 5 41
107 278 66
121 31 61
201 196 61
338 247 66
225 194 38
65 268 47
372 139 84
264 281 48
334 358 11
95 372 30
273 123 16
138 81 93
252 300 60
359 174 41
352 356 93
206 135 31
160 173 24
70 336 37
249 115 29
104 147 33
318 131 51
290 123 81
132 376 19
174 154 30
148 285 48
340 12 26
21 281 49
362 80 70
295 241 45
313 269 28
76 198 25
35 296 40
369 14 45
5 231 23
360 167 23
355 225 86
369 39 77
225 51 26
354 370 34
363 61 96
143 76 70
186 88 66
230 68 42
115 212 80
188 360 73
314 325 89
163 308 44
50 355 37
64 50 42
343 244 56
302 288 18
343 176 81
354 277 87
113 114 86
211 353 36
77 200 46
220 195 31
43 178 37
197 4 46
197 75 85
352 338 30
349 377 11
7 161 92
114 221 56
41 82 30
196 25 60
295 139 82
69 71 25
194 384 43
203 71 75
243 99 72
336 200 24
249 138 84
281 107 13
63 111 40
105 339 90
32 31 78
335 144 64
360 246 82
110 200 20
260 187 14
25 256 34
127 145 54
275 171 51
250 237 48
309 349 45
68 5 22
360 304 88
184 17 46
373 49 80
148 204 41
156 23 72
298 287 92
215 292 79
72 267 21
51 381 81
276 377 74
141 134 72
229 74 66
291 43 14
261 67 25
6 184 62
175 309 22
379 306 51
254 333 17
280 169 45
97 348 56
267 149 78
183 279 48
138 206 28
107 233 27
305 336 22
69 222 92
333 310 53
321 4 48
228 308 98
30 318 14
382 186 51
217 5 47
117 80 14
224 122 90
99 334 97
119 278 40
121 192 29
172 384 75
344 354 53
289 156 33
251 113 35
65 248 37
40 190 35
115 343 97
79 190 78
336 252 63
150 335 54
330 287 55
110 39 62
160 225 25
293 243 59
180 67 17
353 68 48
60 221 63
239 21 33
314 332 92
251 256 54
22 51 54
116 308 67
354 31 11
347 338 93
218 343 37
164 281 56
44 90 68
327 255 15
145 213 77
54 62 47
202 354 42
359 97 86
361 260 16
25 339 64
192 49 14
230 173 48
262 34 16
274 24 96
268 243 36
167 358 90
36 74 80
140 182 95
307 26 99
333 169 97
383 147 77
316 125 60
176 64 45
155 78 53
360 218 48
244 38 26
354 7 13
328 138 35
111 141 94
298 255 40
331 126 83
131 370 22
309 256 14
216 56 75
203 73 19
202 90 46
101 133 89
303 148 22
244 310 75
335 103 84
259 158 52
283 355 17
75 100 13
56 0 74
52 336 85
102 176 28
235 369 36
346 69 95
319 369 92
121 217 39
317 43 54
309 161 48
39 100 79
127 316 18
184 385 78
56 224 60
332 227 15
269 24 100
225 29 82
370 172 77
336 277 41
61 21 39
181 14 79
188 367 62
47 116 62
287 119 24
35 206 89
295 288 39
304 218 29
134 279 68
149 320 29
82 162 92
81 358 74
51 50 41
120 88 15
180 173 58
265 14 24
35 186 97
230 291 25
308 325 43
343 371 31
43 78 51
123 362 42
304 7 28
337 78 50
79 26 24
103 181 53
164 353 44
35 63 78
71 233 42
130 239 28
114 187 50
280 246 46
3 73 38
273 289 100
274 372 52
104 62 28
290 310 83
330 182 82
253 356 22
334 162 17
179 118 66
129 373 84
214 93 95
138 188 92
375 176 39
193 287 83
328 57 35
187 303 39
172 150 34
58 73 89
297 209 31
336 358 18
283 181 71
123 73 61
268 60 85
56 347 100
259 300 19
83 291 45
355 384 55
374 86 87
372 141 93
212 317 91
23 90 60
326 27 24
17 353 64
263 333 15
104 27 65
231 347 90
30 60 83
367 195 12
83 128 43
263 119 51
112 333 43
45 348 71
129 226 88
352 339 36
346 187 59
352 104 83
123 324 59
19 334 67
10 87 11
160 163 39
138 120 20
342 5 54
191 109 48
324 133 63
172 122 10
327 299 50
251 329 28
320 42 39
114 189 59
348 182 70
189 292 59
283 94 72
182 321 73
57 90 98
368 67 30
231 45 56
310 303 36
136 210 92
23 184 81
375 69 53
47 364 43
108 4 13
87 230 16
18 307 57
182 338 12
238 150 19
6 356 94
6 335 33
374 74 21
240 226 62
307 199 38
19 124 68
364 270 20
217 127 22
311 166 70
218 17 95
149 48 16
355 120 83
204 136 64
88 63 64
60 74 66
178 326 67
82 3 63
81 24 20
370 12 10
250 179 18
348 22 57
332 27 93
366 86 12
150 243 48
378 289 25
128 12 63
284 186 74
295 212 53
313 9 61
203 360 39
372 268 78
172 65 76
0 39 69
188 131 39
378 227 88
278 169 38
244 150 30
309 355 13
184 220 69
18 349 54
241 270 46
112 128 65
379 268 13
345 290 100
280 149 81
253 10 26
152 187 21
302 315 44
48 265 62
19 379 79
123 33 61
36 180 85
203 20 40
60 293 49
268 115 94
374 1 37
382 77 73
177 91 49
125 149 52
370 202 19
75 172 22
288 298 28
203 349 50
308 180 63
317 176 30
254 276 100
21 163 17
173 167 74
169 50 92
384 196 90
98 35 28
323 134 61
338 212 43
259 29 88
140 304 43
151 281 86
250 25 88
276 103 93
114 255 13
179 285 60
162 47 98
373 277 33
176 127 99
17 53 97
182 269 67
112 202 100
294 297 45
249 259 27
287 81 64
346 35 68
119 304 55
55 32 17
378 180 51
318 365 70
192 38 40
77 242 73
268 115 92
171 100 21
342 315 93
335 370 65
160 222 40
71 268 93
241 215 35
50 344 30
274 109 19
170 380 53
284 275 36
277 316 78
240 361 28
209 269 89
112 299 66
166 376 87
307 330 53
183 116 65
340 268 74
231 85 97
360 120 22
188 348 56
187 87 84
175 8 15
118 35 27
183 296 29
326 204 19
81 263 100
93 114 67
264 341 37
139 272 46
70 6 18
249 326 96
39 199 33
186 339 34
180 64 47
277 23 84
186 311 94
144 26 80
157 185 20
27 248 66
218 16 21
56 211 37
272 308 67
351 95 39
340 224 24
174 252 82
79 61 63
241 82 20
65 68 40
84 198 38
368 63 31
207 51 93
386 146 41
316 106 39
47 377 89
73 313 86
314 373 67
277 30 24
150 283 56
233 99 95
370 364 14
380 48 68
130 212 75
209 88 10
177 33 30
92 88 98
44 34 75
307 236 92
209 307 92
320 233 82
150 133 78
368 276 58
131 261 74
253 116 100
245 175 24
296 66 92
309 359 79
145 30 66
44 36 20
253 87 14
310 1 50
125 158 87
323 27 86
46 280 54
154 218 60
158 320 68
151 303 15
105 61 25
284 238 23
182 240 66
368 290 48
188 146 68
319 5 62
317 220 29
293 261 84
27 266 69
305 116 25
153 275 73
240 98 29
45 274 65
306 179 52
69 120 74
23 193 12
381 328 74
316 8 40
74 38 27
73 201 57
288 128 90
111 357 51
199 88 90
313 369 63
277 199 67
252 292 49
239 362 46
209 335 36
52 28 36
281 300 46
63 9 86
336 153 16
83 244 62
64 369 33
168 18 77
252 369 53
184 295 88
191 90 12
330 58 39
53 189 97
339 126 23
218 77 63
228 80 77
83 109 35
91 70 20
61 343 62
227 29 53
282 346 50
254 79 24
353 293 29
266 52 30
166 174 29
284 158 41
79 224 67
166 58 53
304 286 38
370 13 39
8 172 98
139 222 87
130 215 13
364 157 89
322 175 21
307 232 26
28 284 92
354 360 37
4 340 85
203 131 51
300 231 68
287 196 59
354 352 30
197 202 93
363 117 93
176 307 21
305 201 86
122 343 21
273 134 68
252 310 14
104 266 12
161 26 50
196 1 44
292 241 96
78 170 21
258 230 99
215 4 62
111 215 71
343 134 52
308 100 85
291 217 86
20 203 14
170 330 22
365 336 48
91 242 24
386 45 60
110 276 33
160 153 76
262 128 96
369 260 95
257 240 38
193 176 19
221 24 20
327 41 41
248 137 60
357 191 73
136 35 70
122 29 78
202 286 21
378 358 38
57 84 43
327 80 15
257 252 79
314 260 97
110 5 49
178 82 47
298 94 32
269 145 57
279 242 80
150 319 17
183 348 48
30 200 24
312 1 52
268 238 72
269 144 34
314 208 98
26 99 76
20 44 56
272 228 44
210 184 38
100 292 45
130 6 78
294 214 42
278 302 55
157 68 31
216 228 41
204 268 25
263 29 75
65 98 41
263 143 55
289 124 11
356 310 86
37 20 22
79 60 41
278 8 81
139 242 68
25 190 81
228 92 11
152 194 60
211 239 71
350 237 50
117 69 92
307 328 73
129 54 53
124 384 22
174 283 16
196 185 48
116 345 31
36 197 55
346 249 55
40 180 43
289 285 74
266 190 11
133 370 75
112 340 47
95 149 13
135 269 39
56 53 15
90 386 94
351 176 23
310 4 80
301 115 61
241 193 22
209 372 100
303 241 28
0 139 56
196 215 75
124 199 21
46 186 26
355 301 46
222 133 34
92 192 62
71 47 20
378 375 35
146 77 12
35 178 71
31 40 98
373 14 15
180 386 21
206 113 75
169 230 76
94 293 17
284 235 33
27 117 15
62 193 49
39 240 37
72 148 17
356 376 14
139 259 68
254 212 74
75 165 93
280 97 55
141 39 87
272 230 47
49 355 87
79 312 95
100 241 96
167 321 72
155 272 47
347 16 83
124 255 38
277 281 77
64 383 44
223 216 90
42 255 44
25 208 12
309 177 80
70 93 68
60 38 94
256 313 10
307 189 40
80 369 33
30 17 97
205 217 52
333 152 69
48 295 79
193 381 70
121 0 22
75 51 80
23 248 100
173 138 33
86 78 23
57 94 77
269 17 95
210 361 30
124 154 92
266 58 59
186 44 77
80 369 58
50 145 68
258 137 45
162 347 90
249 101 66
39 188 43
8 311 31
124 93 50
71 365 70
186 229 77
371 128 70
137 296 52
253 4 90
204 370 77
6 366 14
338 148 56
355 97 13
238 337 58
153 201 63
185 289 28
303 91 68
233 23 92
262 36 32
131 327 57
373 275 92
183 37 74
244 349 28
185 17 23
230 307 51
119 309 33
265 352 94
186 2 71
9 195 45
308 186 61
346 332 94
100 354 98
84 211 95
127 195 57
57 310 97
190 138 78
261 368 35
25 79 77
207 183 24
140 22 54
295 1 34
125 172 78
55 25 48
31 357 46
313 140 56
318 218 36
141 9 45
56 119 88
280 171 93
12 153 20
244 184 66
89 14 98
126 163 20
228 200 90
206 289 31
129 283 65
85 341 93
74 27 72
367 321 30
342 245 92
133 92 44
289 348 34
32 283 21
65 258 32
247 304 41
186 141 77
73 275 69
98 292 23
107 23 40
167 316 40
15 19 15
144 269 97
119 40 50
192 39 25
208 204 49
174 322 40
206 89 98
107 248 60
279 140 97
10 332 100
268 333 76
68 233 99
134 30 39
105 48 55
367 212 98
236 147 26
386 61 19
161 135 25
329 172 74
77 319 75
281 313 100
352 250 97
368 102 36
171 170 75
191 115 30
263 228 50
383 292 52
364 325 88
328 83 13
362 200 59
346 217 90
79 259 42
40 126 57
184 310 84
114 55 96
310 140 72
59 320 32
301 159 42
5 322 87
360 39 35
157 161 40
314 372 86
59 370 48
14 108 73
111 231 38
49 298 57
202 252 11
172 13 21
274 184 59
144 245 67
227 346 97
105 329 41
251 258 23
140 17 45
32 104 63
178 122 96
261 137 26
297 346 17
281 319 41
174 186 85
369 265 40
213 153 25
204 105 42
27 169 22
253 146 51
327 283 92
354 243 73
298 42 22
45 178 47
306 10 36
350 273 100
9 76 86
144 324 79
286 69 18
314 95 55
161 289 30
376 299 38
349 150 86
76 60 35
21 382 30
343 238 58
293 47 87
58 24 80
128 306 91
56 379 100
363 261 10
359 58 55
330 55 57
327 255 77
324 129 81
93 242 72
365 284 96
198 269 30
313 88 100
369 232 81
58 335 88
77 381 32
366 78 82
293 174 81
180 297 57
362 218 16
11 201 97
278 130 86
258 325 38
130 254 69
342 310 75
375 119 18
95 382 94
147 33 30
103 122 99
88 231 71
14 310 61
99 333 74
244 289 81
203 46 33
343 28 82
176 192 20
158 31 17
188 42 28
263 250 86
332 364 54
152 160 74
80 349 51
129 143 69
195 3 33
320 74 64
89 220 13
234 53 66
214 143 20
323 336 64
220 231 35
250 292 75
378 154 13
268 178 54
292 6 31
25 5 79
327 191 30
385 61 64
327 164 45
24 340 80
130 310 34
300 302 79
101 252 62
371 9 46
222 253 72
240 88 40
137 195 65
67 43 82
56 41 20
13 186 90
131 142 95
301 91 56
298 307 14
242 33 72
168 289 75
77 97 28
352 179 10
36 207 99
63 361 60
205 365 85
53 386 86
169 73 84
339 28 89
245 341 26
348 249 87
142 84 70
284 386 36
215 304 89
222 210 74
52 357 33
143 88 47
330 246 75
331 330 47
50 354 28
128 113 67
178 123 91
119 141 74
22 285 17
266 381 93
14 121 28
186 125 43
243 346 88
139 218 15
90 32 50
127 30 22
350 314 13
123 318 37
166 112 73
303 205 16
288 97 42
82 164 25
263 98 61
138 106 23
194 24 13
220 385 75
238 139 15
208 67 82
306 120 30
280 16 38
187 67 70
290 2 25
348 50 81
377 324 59
344 215 20
279 286 45
110 4 42
23 373 81
314 26 91
372 85 15
48 370 56
153 95 62
131 122 84
245 373 47
322 4 56
88 159 55
25 314 47
186 321 13
45 46 26
20 180 53
166 289 70
378 355 55
171 146 64
105 47 92
206 151 34
198 132 30
156 367 39
317 7 31
185 181 80
84 173 44
341 229 10
354 174 96
384 100 13
373 207 11
143 279 78
64 347 37
85 86 53
108 149 51
310 220 97
212 170 50
159 149 26
162 152 74
343 177 86
28 21 82
44 287 14
103 301 68
358 133 37
330 29 18
330 250 30
108 266 38
230 106 40
278 220 76
96 238 89
373 159 26
170 41 72
380 199 49
45 166 15
276 188 92
73 64 98
100 187 87
265 358 54
263 317 64
297 159 22
22 363 59
166 284 76
220 195 41
226 67 75
355 74 100
169 274 29
104 300 88
277 169 37
72 266 65
220 333 65
330 238 37
192 16 43
332 190 55
384 350 65
235 88 69
230 231 84
271 333 67
120 188 12
69 281 48
333 156 50
107 7 36
366 236 18
376 208 64
6 2 27
332 378 53
365 2 96
139 178 20
111 130 84
21 137 20
172 47 12
210 183 52
215 333 82
323 266 29
47 171 86
40 361 22
309 103 47
61 56 21
19 155 53
313 169 48
128 84 29
32 21 96
35 81 58
160 38 86
40 14 63
160 59 85
8 257 35
236 264 62
377 161 32
75 51 74
347 167 58
132 120 75
90 91 47
14 352 83
356 355 81
120 107 66
374 293 39
156 376 21
198 206 53
117 120 75
132 13 76
339 343 100
248 368 51
127 246 71
93 288 93
101 379 92
75 12 43
41 2 40
343 321 48
257 385 61
306 271 31
44 123 26
106 321 59
325 329 82
58 312 49
345 354 41
109 290 20
167 42 54
286 50 99
326 93 28
276 238 69
65 289 31
178 364 70
208 321 88
87 133 56
130 322 79
95 369 35
278 28 87
66 179 38
85 273 76
360 381 41
199 106 25
229 118 76
361 125 89
110 372 58
171 235 26
342 110 89
177 251 74
221 75 79
79 212 79
50 220 82
321 378 64
40 178 50
176 2 26
33 196 14
272 116 45
341 269 91
266 336 59
347 39 72
253 44 67
356 74 97
272 349 20
126 202 53
244 69 69
129 311 17
269 49 47
354 383 20
62 369 46
288 227 72
85 233 59
360 52 69
325 74 43
155 220 26
67 379 19
154 315 62
13 7 33
274 355 93
223 253 15
133 219 89
335 344 85
31 239 50
74 267 39
222 115 91
140 130 51
36 195 70
385 337 80
62 258 92
183 122 36
186 210 91
273 54 75
339 111 82
87 365 90
385 294 100
43 369 43
8 162 48
358 30 64
309 95 32
126 1 55
8 356 88
322 127 85
90 303 37
150 119 61
14 174 40
290 338 44
269 323 33
336 246 11
133 343 96
132 30 68
258 231 67
170 316 74
147 358 12
358 343 70
85 36 44
70 357 100
318 97 34
38 45 90
78 307 58
296 112 45
262 32 78
264 249 88
183 306 25
82 215 77
162 90 55
134 241 18
314 245 26
346 96 71
179 303 21
231 79 59
132 273 61
149 353 27
358 207 72
128 127 51
218 137 92
71 331 39
65 36 93
261 267 43
312 315 16
118 313 75
187 381 73
67 65 40
225 34 75
310 235 80
129 78 44
289 80 46
68 126 100
261 150 64
261 131 61
338 314 80
123 94 55
276 108 100
113 36 38
26 206 82
185 24 30
193 310 29
366 0 69
78 120 97
253 18 73
168 357 48
129 20 58
55 187 18
32 56 60
178 77 62
292 1 67
216 135 80
237 300 25
36 235 10
328 278 30
32 154 83
333 289 100
12 322 47
199 106 86
237 325 53
279 322 85
217 163 10
31 118 15
386 267 37
110 354 98
38 11 42
256 313 69
361 267 77
97 289 62
99 338 51
259 275 51
120 228 29
94 104 48
190 169 29
46 271 23
87 220 24
92 254 50
250 120 83
276 349 61
134 320 23
137 54 91
145 130 20
349 283 32
191 378 60
93 135 53
373 331 97
59 28 90
362 238 69
163 286 75
205 177 46
125 11 43
192 14 47
285 202 13
110 84 75
259 360 23
85 75 81
47 129 15
361 219 31
235 132 76
226 19 26
271 205 22
171 181 75
321 274 15
222 30 15
243 116 97
142 159 49
278 176 15
120 291 26
169 161 56
135 298 38
214 313 65
32 359 54
285 250 63
247 383 28
308 335 28
380 371 43
366 84 27
221 177 35
129 24 62
263 150 95
152 85 51
22 268 93
270 169 56
314 172 82
66 229 78
319 194 97
33 212 29
283 371 41
324 306 26
218 174 13
103 377 16
366 31 98
92 56 49
269 311 30
182 164 72
255 3 44
100 293 75
100 147 87
59 153 75
12 108 52
66 274 90
3 141 14
24 137 47
331 173 76
13 160 19
60 327 88
154 42 10
95 62 31
152 43 56
34 217 16
62 131 53
234 171 53
85 82 20
19 279 74
129 41 87
120 277 83
303 105 33
89 220 86
219 18 19
199 38 32
350 21 54
94 237 94
58 112 84
191 14 14
106 329 77
152 120 37
8 369 25
320 158 53
292 50 28
32 102 19
28 42 51
247 127 28
177 31 50
107 70 87
88 315 90
207 379 41
24 286 33
223 75 44
74 129 78
186 208 72
242 384 97
112 248 98
370 156 56
199 209 71
226 267 50
209 316 32
103 142 100
291 22 57
246 288 76
302 272 25
202 29 69
81 373 10
109 68 26
250 155 90
77 248 38
281 379 54
166 284 95
181 369 39
384 189 52
354 54 80
355 199 44
309 225 61
321 173 10
140 59 31
383 50 65
224 66 96
335 82 63
193 215 87
340 190 56
193 198 77
99 253 73
194 29 94
48 327 58
160 9 11
95 134 80
63 383 62
327 22 58
307 138 55
346 57 28
172 61 85
88 41 97
133 308 28
289 292 65
0 41 20
221 232 18
50 0 64
81 209 12
66 138 23
111 9 24
184 339 49
10 106 81
178 56 37
66 329 37
12 332 81
45 17 16
314 311 68
185 346 14
107 364 37
150 54 32
56 249 49
100 204 34
31 364 17
34 315 46
134 228 67
301 329 33
0 129 70
62 1 87
246 214 21
326 154 70
315 314 87
112 159 65
305 311 33
108 82 28
252 287 60
232 356 42
275 89 92
136 29 48
263 321 31
52 333 24
168 33 12
341 62 91
365 231 76
220 160 33
307 56 66
317 185 94
299 96 58
355 309 63
379 1 28
126 385 66
11 115 82
314 299 41
259 162 60
114 48 74
57 284 20
182 194 44
273 13 77
294 1 26
52 270 46
99 72 89
237 104 48
359 144 73
61 311 63
312 76 63
76 380 26
191 280 68
22 175 99
18 213 40
195 225 64
281 203 57
82 206 56
275 255 82
360 216 35
248 49 91
379 386 58
189 96 34
11 284 15
137 372 74
120 64 60
26 11 79
97 105 99
291 170 82
17 51 53
213 300 60
325 230 86
280 241 52
145 138 52
97 128 17
367 365 42
349 270 97
67 174 28
316 131 77
222 152 41
221 324 45
67 210 77
18 114 13
258 282 46
303 175 11
322 133 55
344 104 16
132 140 23
226 83 40
71 297 83
263 296 17
9 51 70
269 0 71
131 254 84
378 131 32
332 254 86
228 327 96
160 359 99
336 360 68
248 278 26
225 166 91
233 160 73
147 377 86
95 287 97
181 225 19
29 242 91
84 345 100
155 93 31
247 151 66
64 114 52
158 259 64
252 223 30
123 30 36
84 347 61
269 370 54
109 13 35
232 142 42
106 265 22
47 51 39
32 234 25
155 102 53
359 83 67
148 128 88
345 61 20
127 169 92
25 355 22
79 202 88
55 93 85
366 175 80
126 352 45
76 81 83
375 235 43
177 36 67
297 248 55
262 101 74
263 107 72
211 314 52
331 248 78
131 234 23
3 315 78
152 83 40
228 188 34
196 159 56
257 385 76
335 135 63
227 167 60
288 323 23
87 253 59
79 67 17
347 22 89
161 367 64
128 142 63
372 315 99
265 166 59
122 166 31
34 97 28
129 35 70
181 373 19
90 153 68
91 357 57
247 243 13
354 345 33
364 286 93
57 319 77
90 340 16
205 31 48
238 292 15
327 301 45
295 260 83
135 95 86
266 36 42
360 281 64
170 148 43
107 45 71
380 371 72
76 318 90
335 229 48
49 102 18
306 276 53
381 352 14
322 139 62
228 257 57
89 302 79
109 129 66
101 230 72
167 384 34
159 146 100
336 40 32
331 232 95
207 372 58
102 255 11
222 334 30
339 255 78
58 8 20
69 272 70
284 46 75
64 119 97
237 224 67
366 189 41
59 148 91
118 280 16
356 305 47
249 114 35
146 377 95
183 43 12
192 105 49
102 77 29
287 97 64
6 325 37
4 177 17
12 44 39
225 332 40
321 382 81
292 283 40
324 132 56
265 121 31
178 253 34
177 330 21
315 51 73
386 93 91
210 66 26
168 324 48
171 321 56
150 29 67
323 275 89
69 150 39
76 378 97
268 197 23
185 161 47
59 67 100
274 12 96
143 210 76
63 205 56
245 85 56
269 296 97
30 159 98
34 326 76
39 116 17
257 229 91
5 232 30
152 239 88
262 330 75
306 112 69
68 291 75
18 375 19
301 217 32
342 369 47
25 88 22
374 133 59
31 203 89
36 327 26
342 19 38
19 151 58
220 234 22
153 382 12
257 296 41
360 241 22
321 146 26
62 96 72
266 119 22
144 6 94
190 160 32
342 55 25
46 130 65
340 80 97
119 86 39
49 76 19
5 263 12
237 143 27
215 47 18
114 84 50
323 375 72
94 114 34
307 313 54
170 32 92
320 180 79
33 303 42
173 100 76
224 86 73
81 178 59
292 178 69
342 380 88
32 46 44
47 242 29
366 242 88
309 51 34
130 277 64
169 171 72
26 78 99
246 372 47
307 189 71
343 326 55
199 142 55
2 104 100
346 49 23
255 242 40
150 145 93
149 94 49
369 316 89
170 70 52
93 189 94
208 205 36
40 275 17
160 165 55
206 126 36
144 268 65
361 69 53
200 322 24
347 287 33
139 21 95
168 386 81
31 99 44
270 197 21
165 122 24
195 177 64
117 252 20
19 185 77
330 175 97
354 63 94
364 359 42
253 118 41
212 78 90
280 243 33
92 355 95
84 293 37
214 200 73
270 128 11
250 13 49
127 250 54
303 339 39
303 309 55
371 97 84
107 261 57
384 44 25
313 337 27
132 369 22
154 43 49
24 345 37
194 301 10
273 242 46
171 353 33
84 161 50
335 51 52
277 358 49
350 253 96
325 304 30
268 76 98
275 378 45
325 133 25
59 203 100
334 306 28
135 247 72
379 71 64
65 370 95
113 10 25
200 218 28
322 86 26
362 67 20
104 375 66
136 158 12
361 7 80
191 101 68
181 359 79
76 346 56
211 131 14
117 215 99
246 56 90
123 157 19
136 269 76
149 151 19
48 62 45
368 78 86
367 288 60
176 108 62
201 33 92
80 283 30
277 259 13
224 79 88
159 262 88
181 295 28
382 235 82
241 290 43
8 144 69
328 164 79
263 133 61
45 283 10
310 272 37
310 162 67
360 254 43
92 168 90
112 121 36
130 30 89
56 52 38
43 268 77
237 18 50
161 72 100
171 315 89
315 374 100
82 282 100
67 199 58
224 191 31
374 359 89
370 9 59
139 215 58
385 143 71
188 191 61
209 305 89
229 112 14
258 360 55
21 362 47
51 200 26
190 364 89
190 115 96
217 16 82
110 133 48
121 320 91
371 322 76
100 10 88
95 60 24
70 204 68
340 137 25
73 44 76
116 344 23
76 110 17
150 266 43
297 305 44
137 203 80
292 52 20
56 351 71
57 260 99
381 355 29
279 316 47
202 49 65
57 230 57
42 306 88
236 93 71
306 221 78
132 303 23
362 200 54
151 319 91
301 169 58
253 195 32
213 354 97
54 86 60
139 112 70
62 246 43
9 304 40
221 182 81
302 35 26
293 98 10
14 65 25
204 138 76
13 30 78
235 317 47
156 335 92
112 151 70
342 110 13
322 278 48
15 71 15
178 381 70
236 301 98
231 145 56
4 227 64
14 56 64
36 358 51
284 248 14
343 106 33
216 249 60
349 68 76
146 171 19
260 61 13
62 103 46
338 8 97
143 126 57
102 380 25
63 23 83
1 114 92
121 213 95
329 207 75
315 123 99
212 257 73
309 61 97
51 310 80
71 181 19
45 182 50
261 14 43
38 295 92
300 232 39
231 131 15
340 265 15
139 373 22
214 160 39
224 106 27
331 226 62
66 212 80
246 148 58
354 203 49
5 129 51
252 265 16
93 66 40
248 67 22
228 82 43
303 122 13
375 215 43
5 70 93
54 197 12
307 201 12
66 161 51
368 198 84
240 248 70
54 334 65
361 28 83
291 238 92
170 232 23
198 209 24
168 379 29
301 267 98
309 45 92
332 59 94
147 331 44
320 217 47
307 316 45
190 301 92
374 267 90
339 361 58
95 150 97
342 116 76
74 79 25
188 257 50
2 267 30
27 359 58
100 373 56
45 199 98
169 292 52
357 258 65
301 322 90
360 275 46
372 34 37
172 184 58
85 31 74
380 34 41
325 113 47
357 29 97
56 44 13
154 8 34
351 264 47
188 64 27
153 46 29
215 266 23
72 304 15
142 243 30
264 248 88
84 382 12
327 311 35
15 326 69
358 231 33
349 263 84
140 211 39
132 68 10
131 350 28
201 318 76
384 32 96
128 306 13
234 144 29
355 195 22
307 317 100
117 326 79
40 350 16
104 287 83
251 13 18
39 244 69
38 305 77
239 309 92
386 162 91
264 71 42
65 25 28
334 370 34
148 306 35
38 78 23
370 76 55
142 290 28
325 122 17
47 196 61
244 373 23
293 132 14
110 75 95
96 18 84
211 245 66
201 176 43
382 208 43
249 77 23
360 115 79
184 137 71
134 252 33
13 46 44
297 39 24
256 368 48
48 37 78
19 361 72
206 381 87
363 355 23
322 196 89
233 70 46
113 311 38
239 182 38
158 328 37
339 348 17
242 202 56
137 294 13
174 330 67
386 176 51
280 118 14
198 283 96
289 277 61
42 207 85
274 284 14
297 263 51
232 305 66
192 186 87
297 108 44
122 101 14
233 7 27
243 92 14
246 191 28
232 279 28
287 130 83
137 86 62
217 36 59
28 46 22
381 3 49
151 157 45
313 272 47
24 45 41
141 22 80
287 245 40
23 143 50
325 158 26
125 356 72
69 203 16
37 22 83
205 339 25
205 315 52
7 276 70
55 76 76
47 316 84
2 329 67
238 133 34
386 52 88
157 76 37
298 306 20
173 329 86
158 261 10
187 301 26
246 359 42
47 67 43
148 95 75
185 230 48
202 60 70
201 289 47
11 201 81
320 295 56
188 173 14
157 75 17
128 106 97
361 298 86
255 252 74
127 222 97
28 235 99
77 122 100
119 144 98
64 189 32
200 254 23
48 292 80
269 139 30
309 305 45
34 185 91
336 27 28
237 91 36
342 327 24
271 49 15
342 337 50
81 350 71
124 191 94
88 228 42
34 15 36
347 207 28
157 88 49
157 145 98
85 278 25
204 63 43
174 95 73
91 90 24
118 322 81
99 215 22
239 333 41
151 297 40
341 129 69
288 15 13
15 358 23
24 255 54
177 102 95
52 98 81
303 361 54
15 152 56
242 11 93
301 262 96
33 98 21
227 100 73
124 188 85
78 203 86
178 301 99
246 331 29
6 303 19
272 312 17
376 94 70
191 267 17
79 164 35
84 111 14
358 12 33
309 371 58
74 200 52
274 226 29
185 37 75
342 214 76
359 77 61
383 30 46
353 173 83
228 115 23
334 256 97
80 169 16
293 363 91
347 359 19
138 38 20
60 181 99
378 3 29
172 245 27
156 290 14
331 239 99
79 250 66
272 45 44
242 7 24
303 78 25
296 221 45
225 38 15
220 227 65
379 146 86
83 206 75
2 378 26
119 13 49
299 262 87
170 106 13
294 195 100
284 298 41
93 348 100
243 128 94
138 337 21
163 385 74
320 97 39
322 304 71
228 176 39
51 120 39
21 284 18
303 273 75
360 91 23
137 295 18
377 303 42
179 90 42
219 23 90
54 41 98
17 256 93
182 93 72
3 60 77
384 11 95
382 87 72
379 258 46
190 147 31
196 44 91
212 357 49
282 377 12
115 381 50
126 73 68
190 44 59
179 342 42
217 85 74
142 233 71
242 286 100
233 89 52
192 89 70
230 152 24
372 156 43
256 203 66
76 120 95
246 99 59
269 28 10
19 289 90
149 124 76
174 135 70
191 257 97
251 63 13
4 344 14
143 327 87
156 331 17
92 29 93
322 70 85
194 106 90
73 215 48
94 137 76
212 41 94
365 104 58
337 95 55
328 264 19
20 127 17
297 301 69
161 3 100
338 30 84
320 155 95
268 82 99
163 325 50
208 171 95
367 11 21
313 161 10
285 208 55
74 356 59
112 60 64
194 245 51
216 154 27
16 160 25
149 122 19
307 39 24
1 133 44
161 14 78
14 62 37
80 111 56
76 216 28
378 160 86
299 281 19
70 276 20
27 370 99
238 342 52
376 347 34
319 102 37
373 124 65
169 41 87
366 192 51
204 13 35
199 84 27
385 190 62
23 28 48
323 159 16
289 99 83
304 375 42
346 21 44
291 369 17
317 43 86
310 257 69
234 344 33
163 135 81
222 257 90
