2972 4846
2521 1546 67
1130 2879 67
2746 2474 85
2093 154 62
2083 1432 78
1426 1176 19
456 1805 51
2363 903 10
2090 1891 64
2084 358 86
2332 2465 49
852 986 47
2510 1077 28
2018 1393 30
2165 384 93
2623 427 85
1248 1829 19
157 2603 45
161 1989 93
2527 131 81
1416 2105 63
822 1457 92
1379 2635 99
2445 1935 49
922 270 39
1296 1692 38
541 1524 82
2772 1591 71
218 1121 81
979 1569 70
1404 1276 40
2885 554 86
1587 428 92
191 1247 46
2531 2618 45
2755 1196 89
1801 1568 16
1431 2212 64
46 690 60
484 1118 72
1771 875 53
729 1760 48
2753 2504 97
878 2924 73
2805 1843 78
694 2055 96
1580 1626 56
1271 1643 64
2462 689 85
475 192 13
1128 513 71
1536 2470 99
1826 296 32
983 974 57
2120 2463 59
1281 2657 66
319 389 46
505 2811 89
683 2204 15
2495 671 79
2402 1680 21
625 776 20
2847 2535 95
507 1809 92
2240 1414 86
2299 1206 47
1672 1336 63
1386 623 51
1615 1838 54
235 443 71
2250 188 50
958 2798 28
320 334 36
2140 1992 32
271 1158 21
2636 1379 84
2656 542 24
282 2238 61
2881 296 59
541 1084 78
1362 1691 34
1051 2795 74
977 2401 90
2035 2701 91
1739 1807 76
582 2465 49
854 30 90
2045 1227 26
2401 1354 23
1713 974 75
845 2501 61
2846 2321 81
1334 913 72
1673 371 88
2298 2399 14
2412 1815 93
2367 275 11
2677 2391 11
2576 2498 90
1873 1760 94
1297 668 83
564 2176 75
37 990 33
2602 1900 12
236 571 49
1761 838 65
572 725 50
2617 951 85
281 444 49
745 1659 76
904 2446 23
2680 1177 14
2558 915 55
907 1671 88
667 2055 37
213 700 23
1001 2416 45
2084 52 13
2301 1667 96
2301 976 73
2666 1059 92
2369 1806 83
2124 2683 81
2772 1134 27
2000 2376 38
274 1706 36
2945 2697 40
1271 899 41
1614 2744 65
1794 444 61
431 1759 93
1741 1787 43
1147 1816 28
1854 100 35
1967 934 61
361 2715 31
2343 859 41
2084 1006 60
1048 927 43
2906 1300 84
1754 979 29
19 1874 28
1598 1083 57
1044 1115 44
2680 380 42
472 88 53
1023 695 44
2514 2694 31
762 2433 53
1876 1567 92
2721 1211 18
1549 516 19
2916 196 16
2010 957 50
2267 1700 52
2711 522 17
346 693 69
2137 2160 27
603 2689 19
554 162 18
358 2828 10
1950 660 97
2834 104 92
1045 2000 62
206 608 75
1855 2750 96
564 646 55
1369 687 35
2175 2337 40
1340 1092 18
1450 1671 74
38 2330 65
817 2285 14
1532 2482 70
645 1589 93
853 2485 72
2332 1195 19
430 2410 72
1404 1719 98
1501 2489 14
1505 1828 21
738 1623 61
1978 2203 65
2533 1172 48
2827 1374 89
793 2285 63
323 2746 77
2600 1464 86
2446 221 35
1392 1990 19
1189 1063 58
180 2430 24
1326 2748 55
2749 2831 46
1796 2619 67
1742 783 30
2540 2230 17
2909 1895 63
1947 2051 68
2220 1749 80
2302 2309 58
2571 1860 83
2382 1490 25
2418 1237 88
1340 2624 39
2013 2265 29
41 358 67
1498 1420 60
652 2123 14
2072 2497 87
2658 2813 27
2158 2235 34
1338 131 100
1282 684 16
64 1288 36
1821 1007 37
437 1681 12
2917 917 25
427 2956 40
2098 2718 43
959 2482 33
2145 1563 95
2936 138 97
2633 1058 97
20 2040 55
2134 394 31
1881 1258 48
2451 2100 41
1827 1272 99
2867 2931 43
2278 2817 81
2848 244 87
1940 2073 53
283 319 73
381 1346 64
193 1616 17
1754 1983 11
1309 1332 38
1052 2358 15
2029 687 14
2186 1389 86
2188 738 50
1238 2352 66
2630 1257 50
78 2868 33
1009 1666 77
2542 685 19
2285 1849 25
196 2172 83
1732 73 90
1384 1802 49
913 607 52
1097 509 91
1719 1712 20
994 1180 30
1 347 72
2289 187 95
1970 2295 87
1006 1369 24
957 419 56
806 1572 52
558 713 95
960 767 66
127 661 56
771 1823 42
2296 84 56
2622 2485 30
1368 533 67
2332 1121 52
741 1210 48
1857 1839 18
2169 1010 13
1838 488 22
2344 1215 82
2455 1885 49
1001 2328 88
611 1369 100
2338 1960 94
2442 344 89
2397 1619 16
232 879 43
1764 1977 75
1305 1257 78
734 1178 53
2497 1782 51
2167 2769 51
1752 1243 55
260 720 82
1228 1733 82
1637 92 94
2015 1094 66
1588 279 49
2413 2920 10
2492 1914 96
2316 2922 43
2935 1595 45
653 127 61
468 2870 11
202 11 58
1534 2558 66
2204 1156 13
1315 1381 66
1972 1327 77
438 1738 84
817 2761 62
485 838 24
1513 2446 39
2386 234 30
2491 2400 16
762 2011 19
1562 1683 16
1377 892 52
1031 1399 53
2247 2130 92
886 2496 31
2269 1993 91
973 933 15
1204 1781 50
1054 1987 76
1562 646 42
443 656 58
823 432 64
642 695 97
2342 458 74
72 2658 25
775 774 100
2832 155 33
1094 2330 86
1606 1722 59
1433 2475 69
300 614 94
380 1177 48
716 647 15
1693 666 80
1384 2312 47
1040 1258 84
415 2703 30
2530 2898 61
2753 1833 45
2214 308 16
2444 1447 72
515 683 64
1228 888 15
1729 1101 59
1947 1072 15
2369 675 19
2904 2671 77
1593 2426 26
975 847 51
1534 585 44
844 1470 21
1063 615 52
287 2825 88
1548 415 69
2294 1071 12
702 1842 96
2463 1433 59
479 2668 87
2526 2655 64
743 467 71
2692 2683 82
2148 2783 91
1824 36 42
1334 2356 15
1026 462 25
2010 336 69
906 564 38
1311 2163 73
2680 715 48
1765 2071 34
2407 674 35
208 69 45
1588 1509 27
1471 1571 85
1390 1747 10
493 2781 22
2216 2649 55
1116 1207 13
2490 394 93
2075 430 97
2614 398 38
1617 1177 19
646 1542 15
2279 2442 71
983 650 81
2507 1593 53
344 522 11
2674 2673 21
1319 1744 61
2118 737 50
2567 1429 58
2701 226 16
797 1471 90
1105 2260 15
1459 488 40
2807 960 14
2956 485 22
163 1180 47
835 2659 20
159 524 32
419 733 20
2004 465 83
29 823 31
1441 211 43
2062 1613 60
1997 216 46
1301 2862 11
1325 1685 90
2128 619 19
2270 940 66
1616 1626 78
1830 2278 34
2754 819 69
1466 2069 33
720 1592 93
1574 688 100
1168 1391 18
1333 1218 72
1090 1129 69
2634 1393 94
54 1353 44
130 2965 28
219 1760 73
1638 1201 29
2853 917 84
552 183 22
1340 2386 12
719 1965 48
1957 1851 14
1859 2642 30
541 599 81
2260 826 60
1905 1223 88
1264 2397 80
142 1294 42
200 2809 65
1166 2193 38
1750 993 37
2153 731 49
485 136 82
1345 2853 57
120 2341 24
843 1970 93
1071 2944 58
1407 515 53
144 2024 51
186 1896 23
828 1104 45
2734 1939 93
958 1275 57
1643 1867 62
55 1287 48
1014 1335 14
254 483 52
1142 1207 98
1897 2503 67
349 1042 88
429 2041 59
2220 1003 29
2367 2759 19
1102 1986 88
362 2809 54
2265 2950 43
1974 1491 90
950 752 85
1765 905 51
1943 126 35
2794 1195 27
1617 588 29
249 1779 24
794 255 35
1846 1442 93
1995 1560 52
430 1218 53
466 670 79
465 1289 47
2337 2944 18
1395 1186 27
1835 1218 94
297 1803 43
824 1175 11
2470 1763 78
232 2636 29
2609 11 30
2302 1042 22
1723 2764 33
1556 2959 12
17 1809 28
505 982 70
2535 121 36
1566 378 96
1719 786 52
201 1781 91
1352 530 60
2659 1609 66
2945 1314 16
185 1558 17
850 759 31
42 2319 99
814 1972 11
2477 2406 32
2054 2634 32
2908 174 33
922 1332 41
435 311 91
1928 984 97
1982 939 38
601 1640 81
2769 11 55
1671 2017 100
1085 1101 79
441 1172 93
319 2694 68
2408 497 49
2452 1641 72
2687 2049 62
830 1765 11
2619 236 65
1997 460 55
352 2525 65
1913 660 62
2383 2071 31
254 1423 43
762 238 23
1535 2604 96
2334 5 10
1427 1080 60
1942 1028 66
1811 1294 49
2301 222 72
343 682 30
781 2074 68
604 2930 11
565 426 47
135 2072 62
2474 1753 99
2177 2599 41
1845 2301 25
2126 764 62
707 2055 24
457 877 83
2829 615 41
2702 767 78
2784 2779 88
2559 1229 61
330 2231 39
432 1045 96
1754 1489 66
18 2914 68
772 2314 78
2489 1605 40
2025 90 28
1100 1029 15
2213 2391 25
1017 723 34
189 1811 94
1293 2219 49
619 2593 78
973 1151 76
2099 2015 77
1411 2571 73
2332 1350 48
2364 1762 62
1999 2223 26
185 2166 98
2019 1530 16
1079 1272 67
566 945 14
1045 1343 12
1955 1083 97
127 1345 14
1110 2629 73
2763 1668 79
2624 1344 87
535 1282 99
1239 2497 58
103 143 91
1894 1984 78
2735 320 54
541 2299 37
167 2292 79
2001 2575 60
1215 2223 66
536 1737 45
1991 2036 12
2776 2853 79
2250 2108 78
2431 141 50
2890 718 18
1731 1539 86
1385 1205 48
1569 43 90
1055 1413 48
1596 2827 29
1324 195 45
63 844 19
720 2825 72
2418 2019 81
2091 8 62
2455 501 32
1058 584 87
2940 1565 100
2132 2418 33
1982 1106 50
546 230 68
908 2050 62
2901 2070 21
2180 1661 48
1844 2645 14
1492 129 55
1282 1566 47
1025 291 15
1491 2743 67
407 2803 74
2029 1655 24
921 673 15
2122 841 74
82 1206 16
1694 969 67
2537 1543 46
1866 713 27
2942 2443 46
1286 1451 92
1752 1359 44
2304 137 100
2697 1249 86
940 826 79
657 1325 30
1393 1687 20
685 2360 74
729 2090 78
23 1309 65
2493 1453 35
2288 2635 60
1557 2648 44
216 2025 87
1486 330 92
502 2855 27
2078 2381 88
1340 1780 49
46 2055 93
46 264 13
1799 1852 12
1045 1628 32
1720 2095 18
669 2477 71
53 1314 16
1364 199 58
1264 1949 88
1557 1824 34
228 2187 19
314 1935 93
1525 44 62
669 2120 42
1598 2681 61
1813 1703 24
2417 1151 12
2746 1257 91
2382 2422 59
1526 346 15
708 2488 99
737 2218 58
515 2150 81
2596 331 90
614 199 41
2617 637 39
519 1766 41
1087 1847 73
2875 791 54
2289 2095 25
1407 645 87
951 209 25
1824 2308 24
994 211 66
2845 109 38
1998 724 47
1029 1692 11
1895 2610 75
1193 2175 56
2553 1838 48
1666 840 58
1586 2221 73
861 2804 56
1659 923 88
1443 223 76
2331 2463 60
639 1371 25
166 2244 73
2416 966 53
2112 2817 53
2594 1743 72
1274 443 53
966 1092 38
2580 1673 25
1238 1638 19
2720 282 77
2748 2358 67
2709 2719 93
905 208 26
2261 1857 11
1685 2851 84
1941 976 75
2644 195 16
1590 1980 43
203 792 73
2874 1456 36
2457 17 89
591 905 63
1538 526 47
1953 374 19
1231 321 30
1339 2130 94
2943 2957 84
1533 1448 91
983 450 26
2799 2104 23
1293 107 90
1056 1476 22
103 1376 30
136 993 55
1530 2915 53
1591 1675 61
2175 1873 20
2752 2680 51
1721 435 66
101 1664 65
1695 2504 10
2708 719 56
2576 2381 12
1677 138 14
868 111 77
875 685 92
1533 2720 23
663 2592 63
1064 2611 33
1863 346 19
1987 464 85
2392 841 33
497 2712 29
1297 1760 13
1639 1729 38
2660 1772 48
2532 2611 34
1900 2336 64
1096 1001 11
1749 2577 56
289 1500 32
731 1358 88
1541 1374 49
49 522 25
352 218 73
2788 2254 70
870 1933 56
963 2174 44
2461 873 42
2960 2753 40
51 2017 27
1624 1372 78
1144 1238 38
897 2044 76
1473 1560 22
593 2060 93
2899 1554 40
1351 1384 99
2130 1084 36
2029 891 85
1949 2773 97
2235 1126 40
2883 2128 24
1376 1989 52
1585 1659 97
2555 878 76
1708 2261 32
1467 1949 63
2788 1114 69
320 1963 56
113 2151 48
2355 404 77
2236 1439 12
138 993 27
2697 1821 33
2101 586 64
2947 1547 56
1572 2612 70
2725 1229 52
1736 450 16
268 226 41
1027 1186 61
1999 470 90
2338 1617 33
1042 2245 77
2274 452 64
920 1616 78
521 2527 21
2594 2129 13
1361 2770 60
1163 1782 43
1425 2 96
1474 2945 65
2791 1585 12
1224 1883 93
1456 1404 90
540 89 38
470 2861 67
1962 2970 30
158 2381 74
331 674 18
1817 1616 24
562 1320 82
2752 857 58
2186 2693 97
2209 957 76
420 1520 100
1604 2288 90
532 808 54
489 559 11
591 2750 54
1117 2044 25
2566 1568 26
1281 134 68
745 2510 90
2241 699 20
1505 804 53
1490 436 92
2373 1305 80
1896 958 23
1458 1628 36
1000 2627 100
2726 2590 24
1167 5 43
2602 1814 57
2497 266 14
210 2437 32
594 931 67
58 603 28
862 1082 78
1540 840 15
2346 1311 71
2789 258 87
1864 2278 26
2682 2372 27
365 2861 53
1723 637 97
2831 702 78
266 1727 11
2386 1759 78
747 828 21
2380 777 100
2780 101 31
2684 2926 66
2136 2071 86
649 2395 50
2733 122 29
2048 1141 70
1641 1898 93
683 2379 49
632 2958 98
360 2749 71
2462 2820 41
2637 1051 63
2895 23 57
2017 564 44
2959 1893 19
707 277 11
2540 487 28
2479 96 82
2696 1079 30
1594 2141 91
1569 2567 92
1949 1276 74
2790 76 93
2245 2881 71
810 901 32
1649 687 86
106 2459 81
1733 1272 14
2947 67 27
2100 2836 17
2072 1845 55
207 2812 16
1231 46 82
779 1410 33
2556 2504 94
2604 999 39
2300 2108 36
744 967 95
2289 1050 97
1743 1134 75
1212 1292 40
87 2709 29
2562 520 100
2611 846 41
980 763 73
2329 2686 23
1495 1462 98
1395 15 34
859 1529 32
683 1357 37
381 95 63
134 1870 82
2843 528 54
17 751 12
634 1442 92
256 694 85
441 798 42
1582 914 90
311 1320 62
251 2175 52
2892 1050 99
1141 2058 67
103 2281 67
2620 2224 50
2276 2940 45
1122 450 47
569 1102 46
2537 1355 78
280 1761 76
779 2163 65
2319 325 32
36 576 57
1777 2950 45
1426 2464 23
275 736 86
2375 1727 94
778 841 63
2182 1932 18
2596 892 100
567 2687 51
463 2158 42
122 2797 50
1317 70 50
2739 64 91
2254 465 88
1030 1545 87
240 2645 85
289 200 89
1560 1897 79
546 2740 13
159 1911 96
400 2406 84
1951 337 13
1845 143 63
1944 813 73
1330 860 95
1937 819 37
2875 2584 72
564 453 17
973 2964 97
1899 209 83
2348 2319 75
1646 275 28
65 2522 91
2229 1516 17
2492 2079 92
2897 689 58
1172 2460 23
586 2461 63
2021 554 61
1296 2769 66
793 2734 33
1587 2103 13
2691 1376 77
2265 1753 69
101 177 55
276 2655 85
2550 1374 95
1258 2808 54
1192 1024 35
2023 2294 97
579 1525 31
1001 2220 61
2500 1919 42
22 2785 10
2497 1173 25
2623 841 92
860 1240 96
400 2720 70
756 195 80
972 1150 74
1443 1116 67
2736 2216 90
2719 883 63
497 2219 10
617 1078 55
1954 528 89
1043 523 86
2859 1253 79
1595 495 35
2207 651 34
2308 2503 28
1656 1655 28
1631 2315 74
56 1239 12
1827 2190 58
2760 415 69
1371 1088 66
986 754 44
1267 2750 47
2022 1701 45
2422 2253 30
465 2146 22
89 887 84
826 1963 91
1805 1632 10
2492 1156 65
1124 1256 30
15 428 93
2392 521 39
1014 1158 28
1162 695 16
1269 2224 15
2836 2340 60
287 651 61
1096 717 38
362 1671 45
182 2839 62
669 428 96
485 1795 90
325 79 22
323 1174 57
485 2559 32
1273 2588 80
2008 2263 26
1072 1670 47
1289 599 66
1018 263 29
2443 416 96
717 2316 66
1649 1523 43
1064 540 99
746 1986 13
2405 331 68
2495 1269 61
2554 2171 96
1948 301 12
2516 867 13
337 2708 40
1394 1909 43
506 1812 74
2652 2166 42
1194 1739 15
2153 105 76
644 1195 63
1528 1396 38
840 416 61
328 911 65
2911 2401 35
1223 1646 93
609 2900 76
919 1427 76
1824 1592 34
321 1271 22
1080 661 80
675 104 87
1132 1581 11
1195 2724 25
571 2550 57
924 1380 44
1973 1476 36
1532 2942 31
1248 104 16
2102 985 32
1896 1088 14
2906 1439 29
2581 2594 51
1232 442 49
2786 2285 34
1715 2906 41
1029 1911 81
2455 1636 30
458 1439 95
790 168 77
537 1544 10
2297 175 38
1449 2531 51
157 2640 75
75 1668 20
1930 1689 16
1305 2374 45
2372 1017 35
2671 905 99
2276 507 44
71 1738 81
1937 2963 75
1608 1821 38
23 388 40
72 20 12
1418 1756 94
402 1737 72
913 587 97
2587 7 45
928 399 21
271 10 11
2136 2172 60
1293 2039 34
2242 924 10
1967 2422 25
2040 799 56
286 2755 49
2562 874 90
1700 483 72
1524 65 13
1324 2214 46
161 2166 55
1235 2283 35
2485 663 69
1682 1377 10
2802 1079 32
1597 1356 79
1211 573 82
1208 1098 76
2041 2404 53
1035 278 58
1742 1988 99
2166 2500 86
1217 1802 56
1025 3 62
1836 812 66
95 302 29
592 1599 44
1734 2328 43
2180 2714 77
1331 2082 93
872 1137 58
546 1842 97
1046 1758 81
225 423 23
1447 1723 67
1948 96 28
1866 626 35
2464 2124 73
1100 1747 73
2911 1202 17
884 2375 59
2528 2965 32
2229 2864 29
2539 2892 53
1562 436 11
169 2672 58
2549 795 99
1280 2938 84
493 1 48
1828 2228 42
1502 2370 14
1068 2640 18
919 1204 73
1974 1490 14
1556 1748 89
80 2483 32
2334 1424 77
2239 1373 37
1897 676 29
2570 230 71
218 2908 79
1380 2616 28
2329 829 87
1369 2338 34
1012 131 33
244 2475 31
2606 503 51
2732 2100 29
1166 1359 73
1800 1183 80
610 905 17
2636 1150 13
1455 955 85
618 2827 71
317 1387 45
710 1822 82
120 1486 39
2318 397 75
386 287 45
2938 808 46
2026 897 90
1 1929 87
211 295 86
1343 1646 63
1724 1633 30
1546 2692 41
2776 1009 29
1296 1729 67
2477 2615 37
978 1825 100
1464 2860 44
119 2159 39
343 1849 69
1300 1258 74
350 1511 40
1912 2536 31
1034 2390 61
1578 2456 68
620 2484 78
1825 276 32
2343 426 47
1975 768 40
2247 196 35
2097 1065 78
594 1928 13
2478 1073 34
1475 2630 16
1232 550 97
459 973 77
2960 786 51
1970 2394 90
2434 1988 42
2398 1466 80
1619 1921 19
1195 415 20
1000 2677 57
1041 2322 91
1179 1987 67
914 2533 87
2377 1117 74
1070 402 51
2022 700 54
599 914 74
1704 2776 84
87 497 62
2607 2711 100
2772 2859 61
1216 1418 28
1961 1584 98
959 430 60
2847 2071 88
1973 973 34
2431 2447 34
1149 579 91
2764 1608 41
2789 1229 88
2768 2835 21
2244 1259 97
2318 2054 32
2140 1287 60
2439 2041 69
735 2365 91
2469 9 17
2108 1344 98
1007 2344 40
1546 944 86
780 1908 85
1846 2373 61
1290 1747 80
1504 110 17
769 968 23
1315 839 45
980 1088 28
1149 1117 86
1729 1222 59
1550 1980 33
593 181 65
593 2515 75
1303 1413 26
583 1982 95
200 1077 34
1415 121 88
1205 404 21
84 913 70
1660 2699 98
1548 1849 74
2164 492 94
1400 1861 59
1437 1952 60
1328 2185 12
894 1738 54
835 2942 99
2111 1735 42
1832 153 25
2730 2177 59
1613 734 81
175 1167 42
2897 1710 68
1837 235 47
2830 1477 88
2830 996 23
1969 2229 74
2529 217 93
526 2603 70
1739 462 37
688 1475 42
1878 577 64
309 1700 40
1418 1291 34
2403 1842 27
1205 1508 79
823 1502 18
572 1969 70
1345 2933 60
1856 2237 10
2920 412 91
1347 717 63
1962 637 54
1280 994 17
1050 636 85
325 1378 49
54 515 62
155 290 44
1441 2782 44
1492 2337 73
1438 807 50
346 2052 100
215 1476 41
1757 2746 19
262 1258 30
546 550 20
2480 13 16
2742 2625 62
2103 2393 96
1787 850 66
930 1325 100
2572 2612 50
660 2275 79
262 1382 98
101 948 29
222 421 69
2205 2864 20
457 510 13
2615 496 36
348 2899 57
731 2513 84
122 2864 49
647 2334 66
2471 1024 78
1059 739 78
2384 1980 71
1964 2348 63
2485 831 49
45 2640 45
1241 1459 81
1017 1336 52
2894 1777 35
422 2881 66
2168 395 23
2936 2396 54
2013 1786 45
1559 1014 48
2964 1136 34
2863 1658 61
1518 1218 17
2138 517 38
2935 605 82
2968 2230 36
2397 2213 47
2047 221 50
1053 625 37
973 1043 58
1889 294 74
2837 2022 100
697 946 33
1723 1439 41
1296 567 13
1251 550 27
2385 2921 33
149 137 27
2821 1102 65
150 788 60
339 864 23
2132 1852 66
840 344 14
1047 937 37
260 1584 91
2396 1495 41
2173 2182 51
1403 537 62
1409 2270 77
1814 1304 62
1488 2735 91
2290 2596 79
2821 794 56
816 2072 65
1270 2648 28
136 1893 86
2716 2384 24
530 2404 48
2641 1167 57
2286 2596 33
2899 1451 94
2594 862 64
959 2658 32
165 1879 34
2025 2215 24
2144 2790 67
872 339 93
434 1688 38
2135 2303 44
1392 884 72
2794 1135 11
2827 1582 45
229 2580 30
568 2316 63
1906 16 73
198 1262 40
2248 1646 37
29 2844 18
1244 808 64
745 2890 41
1028 1309 93
1275 35 13
1253 2200 76
2401 2244 47
2702 2007 71
823 1338 79
298 1390 76
371 1013 90
2303 2021 72
2970 2132 83
1793 307 59
1872 445 55
2736 2480 59
2763 2924 74
2431 2705 45
1965 76 96
2846 1706 33
1044 611 82
1880 2105 86
1761 2927 58
2047 2174 27
1126 377 31
452 2289 63
2543 176 56
1467 2601 24
959 475 86
751 357 81
268 315 90
2057 1848 17
266 2079 15
1012 2375 77
2221 2841 87
1654 2516 74
1850 68 86
1268 594 100
2965 280 47
431 1380 60
871 649 86
1941 676 13
2387 2470 29
1467 1325 59
791 1487 43
975 296 97
1223 1385 47
2560 422 51
149 2890 78
1746 435 93
2280 1131 20
2008 1560 84
169 2589 14
505 2229 33
678 2406 67
408 2287 35
1447 1120 85
2867 1373 75
1097 1215 50
417 1467 20
2381 1867 95
64 695 25
2895 287 32
151 1570 76
1457 306 22
1006 2948 15
130 1865 85
2814 2294 73
2827 2009 97
1309 2468 87
2186 26 67
2968 1983 32
65 2292 10
2012 2306 21
923 999 53
1765 616 18
1077 1859 25
913 1408 17
1702 2041 57
2735 1227 70
1132 1111 46
2464 1093 33
1582 746 80
770 1063 50
974 531 74
202 85 21
478 2674 22
2112 1405 66
2745 1642 36
309 2452 72
2794 853 89
1106 1931 95
2638 483 11
2944 828 84
1488 2532 10
1250 1085 29
2318 2148 85
2243 2457 24
1357 2734 48
1677 401 25
267 957 17
2333 2791 14
936 631 38
2209 79 21
2317 1844 37
2631 996 97
1235 1289 70
60 322 52
1616 93 75
2066 951 43
1836 1004 100
1905 559 59
1771 2244 52
2657 1429 24
516 1533 81
1744 2656 54
1442 1143 16
2904 1879 53
2689 983 31
1946 1620 86
1157 2503 84
1624 2689 23
1541 421 58
882 2342 34
2227 575 100
1528 1386 11
1411 2176 33
2966 8 96
22 575 27
1902 944 82
2253 2404 11
1174 2431 20
348 2232 75
871 1843 82
1395 387 56
443 1654 60
418 152 61
2110 2166 20
696 2538 62
1657 2211 100
2069 402 92
2047 1759 36
1063 1197 17
1274 2861 69
1975 244 73
600 369 83
2773 1914 18
2055 879 99
1032 2368 15
2305 2663 94
2931 2833 16
2326 1301 69
1830 2794 40
1409 1716 39
2775 2311 79
646 23 40
742 2599 96
2418 2134 83
1524 8 73
599 2788 17
1113 2500 97
797 1732 47
194 720 60
1446 1462 26
1288 2262 87
1980 2796 82
1599 1338 48
1972 1500 56
2557 1245 69
928 2037 55
2949 1928 27
332 1563 40
2726 1384 62
1814 186 37
1577 2627 34
1250 1177 100
2416 604 30
1431 2840 51
522 255 30
1303 460 70
2073 2614 19
1063 1583 84
1603 1016 100
1699 2760 86
1294 867 18
1420 1149 66
982 243 69
2586 2425 11
2493 1535 79
2132 2675 13
1723 2799 55
2781 1184 52
1351 122 74
81 233 52
2633 1041 54
2244 696 46
510 134 67
822 2249 38
2320 2523 96
1573 2265 37
1482 1318 95
634 2380 58
2326 906 56
1024 1693 55
1293 2797 89
574 1340 61
220 2731 79
882 492 41
901 2283 70
588 2030 49
2614 583 49
775 523 89
2430 1753 60
1310 1969 85
1483 1063 98
567 1988 13
894 311 28
829 1500 29
581 582 69
1813 2068 22
83 1551 49
537 2382 74
1836 971 18
817 353 48
2103 1425 29
1454 1835 29
61 895 26
2949 458 89
1786 2302 74
2267 2370 94
601 2084 91
1867 2374 20
1304 940 58
668 2774 59
2112 2913 50
1909 2311 100
129 1663 38
2807 2603 63
614 889 78
2836 869 99
2559 290 45
863 735 28
1437 2142 38
1312 2327 44
1776 2361 74
2924 381 64
1698 307 97
1561 1357 98
1514 2374 58
1027 790 71
2081 2479 46
2408 2171 47
2476 2107 83
746 383 80
2742 1990 56
2081 1169 36
2334 2274 39
2532 2650 73
2863 347 41
1941 2701 50
1656 2153 87
2166 513 50
176 2627 77
1108 483 87
908 1771 68
1626 101 14
2111 1699 54
2928 2600 17
2546 1184 25
62 2745 14
2780 2344 91
317 1965 40
2730 832 96
1638 2888 83
1052 2765 42
1281 1918 12
1470 2010 31
2159 2441 40
423 448 39
2745 1415 42
297 2007 23
1087 1485 94
496 1054 23
2682 2468 30
768 1695 38
69 765 63
247 2529 35
1922 1711 10
1011 2073 16
2683 639 55
522 723 60
2163 323 99
1660 339 93
1764 432 20
1687 568 58
645 2450 70
2149 2669 66
220 1201 86
2513 2410 74
724 1239 13
1064 2654 95
2538 2394 75
1450 222 62
1933 31 41
2845 986 12
1251 2567 35
123 2275 66
159 1702 95
847 996 73
1378 235 95
1815 1154 79
171 1459 74
2708 27 26
2497 2603 15
2194 2564 33
1492 1337 36
2551 1447 52
2704 681 46
1201 152 28
1401 896 74
1187 953 48
1382 2285 87
534 1834 88
1855 2229 96
807 256 35
223 2612 24
1835 1609 60
1583 941 19
220 2805 59
1841 1496 89
1909 850 23
223 1953 35
308 1035 87
2883 2732 25
1448 465 75
1209 2647 94
1937 1740 33
1232 1290 56
1140 2836 65
1601 1333 48
681 2179 85
1317 2207 92
367 756 72
815 625 66
2210 2405 27
1245 471 69
2174 916 70
517 2367 98
341 2887 51
479 775 74
2094 1570 41
588 99 41
2402 2951 88
1094 259 26
556 1533 54
1066 2207 32
2247 2672 40
2789 996 80
1041 668 49
1028 828 96
769 221 68
2442 1235 62
2284 2797 84
2 411 10
2812 486 81
941 1861 95
2854 142 19
2163 1626 69
2346 1369 76
2623 348 18
2201 805 84
1264 2529 69
2040 1087 59
1721 1234 68
173 411 70
2489 571 63
1701 2650 18
730 1065 48
264 1450 90
2574 954 23
2319 332 15
2644 1198 54
2396 1069 59
700 349 16
2048 322 75
1327 1375 51
2627 10 13
2248 368 79
294 1299 83
2518 1157 60
903 2146 88
1946 1974 65
2592 945 65
191 1211 38
1220 2857 32
2891 143 93
90 2098 18
73 2489 92
932 2444 91
133 2279 49
643 93 92
1764 621 97
2178 2841 83
2208 2171 80
430 2168 11
805 452 13
1702 1503 69
2301 340 64
1938 1221 72
138 1081 52
2185 2475 35
1139 679 55
1448 408 83
2385 2455 69
1516 1367 62
914 1156 36
1492 1527 17
1192 1800 95
948 2103 53
168 150 91
2679 1909 15
2656 1867 51
1938 2679 89
1115 791 28
2868 1515 43
1176 431 28
2733 2629 15
2710 2866 31
853 2449 42
954 2530 12
1661 2161 26
2453 1943 14
2965 933 20
1329 2173 99
1002 2564 20
187 292 56
2764 2202 73
2709 1669 40
2722 1576 24
519 1093 24
332 695 11
2007 2675 23
376 2253 40
1335 2536 15
628 1568 63
2629 2041 99
1462 2741 49
84 2155 52
1419 37 18
2059 2019 85
2762 1575 65
951 1404 21
798 1459 74
1045 1413 33
1938 31 31
2637 372 33
2290 1496 64
1828 743 93
5 689 62
1166 2080 32
2805 1302 67
1708 314 73
1899 2235 68
1748 1373 96
2120 1325 80
2304 157 21
113 1602 43
1804 2950 86
299 2161 92
958 2064 87
2677 1962 62
911 1744 53
965 2351 48
2502 2884 58
2493 706 60
114 2133 44
287 48 26
1009 2194 56
1018 1166 96
2688 1435 13
248 1053 38
1210 2314 12
25 2379 69
2056 2361 16
2387 2359 63
1700 736 13
1611 766 59
575 2332 73
1669 1318 64
956 2711 22
939 2046 11
232 2212 23
2214 1629 52
2704 121 94
1680 2479 36
2315 2121 59
579 784 87
1026 579 81
1999 2348 27
1993 2666 16
730 2097 45
2030 974 40
419 420 31
1217 2785 13
322 2622 37
878 2187 30
1653 202 14
433 964 84
1793 1745 33
2776 252 22
1912 2324 58
1004 1295 81
1232 1215 73
1414 2439 62
646 469 72
2344 1386 40
2155 558 12
874 2544 61
2264 1231 39
2340 384 76
790 2677 97
720 1647 12
1136 1083 39
2239 2460 36
884 614 63
1529 744 41
1906 2213 97
1408 2076 38
1527 2639 99
471 2377 37
2330 292 56
2618 2011 46
1405 1658 98
1063 2738 100
711 1083 83
1909 1618 23
1078 164 50
2245 983 26
1631 2687 14
2891 1916 99
1010 2725 28
1393 2303 76
552 2293 71
2406 1480 81
251 818 79
2971 2221 42
2497 2832 50
1790 932 66
320 2824 21
349 1589 45
123 739 43
130 1827 11
1585 528 41
984 583 65
46 1812 98
2616 1519 42
1728 728 44
591 179 94
1475 1417 57
1817 2385 84
2839 2037 61
2819 2942 45
1255 173 37
280 2819 45
2516 509 49
1021 2938 88
187 2175 91
1104 1142 36
970 876 38
2177 1310 61
972 591 76
2941 1029 89
1939 1397 90
371 1328 37
1678 2330 26
532 129 34
1020 2054 88
400 411 66
2316 2508 30
2575 737 16
824 2073 13
1159 358 44
1839 514 89
1552 2829 38
2674 2108 96
1012 2260 77
205 1974 85
550 1332 36
392 2541 34
1202 1806 31
2624 2966 31
141 1381 95
393 1103 77
2813 1690 10
2760 344 34
415 1541 11
715 60 70
198 1032 59
2542 984 39
2152 1526 38
90 1758 74
291 2412 77
1995 113 13
2515 2126 72
2047 1178 54
1759 383 61
369 2223 42
2168 34 57
1800 1120 38
2547 2435 50
161 2398 62
2510 1530 73
1542 1310 94
1380 783 43
583 1523 88
1353 1267 45
1200 903 65
2909 2651 26
980 824 75
2737 2266 68
100 401 13
2040 1542 89
2837 2591 38
2807 456 51
780 436 20
2637 1611 92
631 234 91
180 2555 82
2808 2460 51
1996 1355 69
1393 254 96
1556 149 24
187 251 31
595 1914 100
1614 1683 11
1564 44 83
182 2751 94
1292 2346 90
1883 234 56
2200 1161 42
1004 1011 71
921 244 55
2617 1615 24
219 230 92
1217 2040 99
458 1218 48
640 1838 12
2660 2147 30
237 1674 68
2630 2364 41
2098 1889 26
2368 494 84
1621 492 39
2630 2113 65
2818 280 28
1795 2392 30
649 1160 100
2119 334 88
553 1225 35
1178 257 48
2437 365 32
1127 1914 70
2720 2819 87
1776 2230 14
867 2388 39
440 2742 13
1797 2070 77
1180 659 86
131 2377 75
78 313 82
1808 2796 46
338 1011 86
645 1716 35
123 131 61
1317 1204 56
236 1440 12
1087 1791 79
244 278 58
543 2252 47
197 1219 86
2842 1367 68
1127 1614 36
412 2553 91
1315 2432 61
2564 2076 46
2071 2194 73
309 290 70
2358 1255 51
213 1898 28
1648 2869 100
2858 138 88
33 1259 75
188 2590 11
121 2859 17
2271 1445 45
1604 477 34
1553 2917 50
184 741 83
2894 2706 67
940 2862 46
647 459 15
2358 1892 60
1072 950 49
684 922 58
2139 1836 53
291 1241 79
662 1352 25
1821 1564 29
1649 145 92
2264 1294 57
1077 1217 76
393 2150 61
1048 1851 90
1404 1513 75
403 827 14
844 2086 52
1225 2758 68
117 150 88
965 1136 82
2368 532 76
537 180 98
589 2580 86
1775 64 95
2871 2848 53
1163 2139 27
661 1241 18
2031 1072 11
903 764 55
1625 2221 13
1066 1727 61
1365 1646 75
905 51 96
2900 2080 46
607 247 24
864 2769 27
2487 2165 97
931 667 26
799 825 51
1537 935 57
1178 2721 63
1433 389 43
328 858 51
86 1069 22
2089 1389 42
2266 1092 38
1793 2789 34
230 472 79
908 2197 78
648 2073 80
2205 768 50
1816 2851 43
1135 2340 62
2132 1223 81
2417 1419 17
731 2728 47
1090 1309 94
2868 2017 84
237 961 22
975 456 76
1782 1789 29
2948 726 51
2406 2948 65
2386 1090 34
491 279 79
2564 1628 89
2402 1803 42
951 1492 72
455 224 50
2293 890 11
237 914 30
1677 2111 46
2262 413 50
368 1492 27
2461 61 88
1157 140 48
171 1583 96
461 999 28
259 2162 42
545 2900 32
2599 1321 30
2917 1482 76
2670 569 100
2492 2072 83
2573 2926 41
507 2407 98
1808 335 93
1898 658 41
2359 182 45
2317 911 89
1850 1438 36
2781 413 53
679 880 75
1222 1811 21
124 600 59
2018 704 68
2338 2801 43
1665 2364 44
403 1880 57
2591 2767 45
2043 867 45
1280 386 57
1356 2578 90
134 234 13
1107 2446 86
2803 2885 12
1575 1167 31
2031 1406 78
1846 1968 66
593 1280 71
1220 912 31
1872 1138 78
2837 1138 44
2328 1184 89
1174 1905 67
1846 868 39
922 330 100
397 580 56
1178 698 32
420 1373 48
2490 1239 60
2951 2634 93
791 1577 100
867 2176 75
2150 1099 99
1306 1735 70
2104 1195 71
96 1942 29
2602 883 85
2553 1599 39
2226 653 11
830 346 54
1371 1631 47
917 746 66
2428 1640 89
797 2184 76
2287 2469 67
332 2256 58
997 2061 53
2528 2752 14
1519 1401 53
105 2543 81
1626 1463 47
156 315 98
582 2803 20
1281 1835 26
2914 1566 57
1489 1297 95
797 852 99
1635 1550 70
1383 2629 40
1998 1730 75
1767 1291 45
195 1261 41
1498 1978 69
2946 291 46
1114 972 78
2569 2172 79
354 1749 18
2229 1072 30
1099 2387 35
918 1562 74
714 2675 82
1369 289 88
2635 183 65
755 1157 19
2050 1900 58
145 1546 78
2940 2474 71
1045 1638 87
96 1019 73
764 313 34
1936 969 12
297 1980 71
684 679 30
1784 1282 26
1841 85 52
1612 788 48
1193 847 89
1335 2073 11
2930 333 61
1349 972 95
1119 1445 98
575 509 93
2138 2391 83
1187 341 97
2236 1016 92
2566 1636 20
3 1418 70
1642 1500 87
1335 2818 38
751 1164 66
1748 2090 76
187 448 55
2136 2265 70
68 2877 26
1052 2083 16
895 739 26
2572 769 29
1482 1032 84
1012 1457 72
1792 2574 17
2684 600 84
1883 572 81
1553 692 95
482 2659 81
730 224 28
884 888 83
928 1420 99
2494 2818 78
848 1994 89
1438 2475 100
2030 1583 72
2118 2368 12
539 1184 23
2823 129 100
2598 1167 21
2929 849 12
2628 387 82
650 334 53
1026 1873 72
2442 416 79
238 383 78
2160 2220 91
2867 2456 61
2243 241 41
775 2264 23
2878 2300 26
2858 1307 35
2456 511 75
2872 1997 44
172 1014 52
1792 641 91
31 1289 76
376 389 24
1224 2251 75
1021 455 22
1504 1443 21
2372 2755 16
1837 1545 48
1781 1976 51
2485 1550 88
2003 2731 60
1063 459 76
2924 1981 59
2531 924 12
2298 1427 35
2471 403 35
2861 2043 52
2684 2357 100
1431 876 86
2515 265 95
926 2742 97
2376 2224 19
150 1558 38
1200 644 16
2207 941 87
28 1286 71
2092 539 51
1809 868 53
2116 1440 41
2707 2531 44
960 2771 90
1632 307 74
1404 31 13
1513 1362 86
1553 2757 37
2493 1134 75
1424 1640 98
2018 162 13
1987 1010 89
78 825 17
2310 2416 43
866 1831 19
2810 899 83
1466 1950 90
1944 2684 78
543 1174 89
2295 623 29
2822 2890 27
949 2075 95
831 422 52
1973 687 43
2417 1053 86
2467 2640 22
5 1932 75
2309 2332 95
1089 2234 75
2723 72 22
901 2126 88
2927 267 37
1855 1396 71
510 2005 85
211 1425 74
174 2303 90
1409 1364 28
1996 1215 20
429 1957 11
1238 1145 14
436 2083 66
43 1397 61
2792 674 39
650 678 94
547 1283 13
1301 390 46
2837 2597 36
820 1474 32
1918 2174 26
2359 914 78
2730 2368 55
2012 354 43
1912 959 51
1328 290 12
2228 2791 93
257 1107 93
380 2930 63
1382 2927 16
1657 2776 59
2883 1406 62
1497 2552 38
2364 2174 62
1754 570 27
1095 2827 67
2053 1500 90
1208 399 19
2153 802 69
705 1281 70
707 916 61
2500 1549 21
2445 1931 57
509 1884 17
1161 63 18
2757 1510 99
1080 33 98
612 160 91
1329 260 79
707 2124 60
1179 789 23
2849 7 77
73 49 63
1377 2510 71
2101 2583 95
897 1726 37
117 1978 14
2820 1413 60
142 509 33
1488 936 89
2292 2165 82
871 2819 74
2951 1752 70
2838 2750 66
683 1638 78
790 2135 64
2122 2037 94
1673 1652 13
2663 1456 40
2036 2868 35
177 2935 83
1714 2049 91
1727 2965 16
668 2164 91
900 243 73
571 2747 99
2366 755 57
1234 25 93
2647 657 65
939 1750 37
746 1251 18
2797 1654 70
1086 722 11
2359 183 22
141 85 99
652 1060 55
384 2544 100
1768 1393 33
1514 503 36
1327 572 32
640 1799 66
858 2511 57
412 377 92
2288 729 73
1635 1180 38
1187 777 56
2680 2254 39
2002 2111 57
731 2720 39
805 1357 26
2808 1736 60
1067 1242 65
502 546 97
619 1619 100
2216 2252 71
400 1414 38
1897 78 34
2079 2454 74
2565 302 27
2707 2040 77
727 2667 67
2498 245 15
1388 2285 56
2625 346 41
1335 269 30
2668 1797 82
2647 752 37
1499 2045 87
1898 2433 33
1598 1757 26
1922 1093 71
707 2267 88
1800 2677 92
2910 2176 15
1190 1161 16
2531 708 43
190 1215 72
2607 2116 96
962 898 29
1542 833 33
2668 2793 81
182 147 46
189 2225 74
1199 2948 55
1416 592 98
2 2519 27
1858 2700 69
911 173 27
2566 15 93
1259 1508 55
11 2304 12
2488 58 43
2060 455 76
1905 1622 52
579 2226 96
1504 2674 44
1075 1953 91
2753 2101 66
1942 1473 65
2559 2047 47
2388 2355 48
2208 1728 73
1145 85 97
2177 2205 84
2149 496 64
2533 646 59
1184 1091 44
2652 440 65
1443 2243 87
1585 2289 97
1867 1286 98
1294 1211 98
2033 2015 59
1454 421 59
1667 1653 46
2355 991 93
700 2645 87
853 709 78
1205 379 29
2463 2790 30
370 2091 13
1152 1973 73
1436 557 26
775 1600 73
961 953 86
1053 295 34
2173 958 60
930 48 48
340 1190 84
2749 1557 32
624 2645 66
922 373 23
1873 2397 85
393 2952 72
888 2414 11
2209 1436 39
939 1743 25
1943 1750 22
2002 43 30
2030 1730 81
1528 50 57
1697 2262 16
2066 136 62
1232 2791 23
338 351 68
2822 928 66
2267 2362 23
2256 914 92
2138 16 74
1034 1205 90
1618 50 90
1498 1516 92
173 9 15
1549 310 50
1304 329 50
507 2608 90
2839 1561 44
1660 1370 96
1004 1576 23
2930 1314 71
692 1409 23
2765 2142 37
79 2142 61
1023 1108 65
1582 2081 94
1949 528 76
453 1093 15
2591 2418 82
182 1395 17
2759 383 18
2730 679 64
1089 2925 61
1302 2102 43
2779 2033 37
2092 1733 58
355 1302 80
715 1699 82
697 2828 36
1144 2099 53
2657 901 25
2213 2835 41
2900 1856 65
720 324 26
1726 829 47
2451 1401 42
2024 1814 28
998 2128 32
2949 2448 45
1058 2383 80
2180 2421 32
2163 2248 99
2478 392 46
1925 758 46
2949 2171 18
2612 2058 70
2255 998 22
2523 2666 16
940 2135 53
1226 2230 15
562 1159 12
1873 767 52
142 1742 87
1698 1084 61
2854 321 88
595 981 16
1519 1072 72
48 2080 13
1563 1715 56
1488 2555 63
1773 1280 51
812 1016 14
2054 772 10
1581 1989 33
111 172 99
2663 398 52
1997 2127 90
2204 2484 50
1490 130 26
1104 1239 28
1835 2380 55
172 1847 97
1872 1766 33
323 2256 80
1517 1476 85
2213 1995 73
1748 1773 39
1871 2675 11
2221 2134 55
926 315 83
642 883 73
355 2493 99
1140 1557 30
366 563 85
1820 50 87
431 1387 37
1856 162 45
1271 952 27
210 2209 44
1910 239 34
2667 1148 72
649 2610 58
574 2884 88
2069 2322 50
1380 116 77
371 557 15
1548 1058 71
183 2548 33
2480 2531 97
363 1077 50
1662 1134 16
2272 169 94
980 2050 56
864 557 65
616 2264 60
614 1006 36
142 916 20
1554 1262 47
79 1351 62
2115 2695 53
510 1540 78
1202 1530 21
2084 2347 23
166 953 28
1452 962 41
2904 2420 20
952 2132 54
161 2187 35
1940 2045 21
1461 11 66
2118 2242 42
2038 1355 72
1881 1435 39
2618 1544 35
2422 1173 73
2321 707 61
2830 1928 71
143 17 26
525 2678 98
2193 1486 31
191 2953 98
2410 2956 64
702 2637 94
994 1305 70
2737 556 17
1184 2380 100
1916 2350 78
786 1979 98
535 2181 12
1758 31 35
1102 1674 61
1626 1557 36
2297 1880 68
689 2737 23
2912 1742 57
1465 1570 47
957 24 28
831 2081 77
2367 555 77
1860 1444 57
2965 1781 81
1546 1950 99
2513 518 30
1805 1008 72
1951 2761 84
2543 1978 35
251 1111 94
2492 1441 97
1217 1692 86
504 2063 99
192 1001 49
1428 207 46
1138 1552 19
2452 2194 16
1031 1304 17
1536 2225 81
1093 841 29
2348 1054 25
2104 1058 73
2695 1738 86
2230 1687 98
1772 2885 72
2232 649 88
634 105 40
1662 507 83
167 2078 71
1100 2962 81
2688 2558 78
893 577 82
543 2339 51
1909 1828 10
704 382 23
2503 2674 96
2925 2081 61
6 1180 62
2698 489 91
2130 1894 30
2320 2547 31
221 2601 70
2484 486 18
1092 2436 41
1431 1880 13
764 1581 23
2493 2491 58
1021 1406 56
2737 366 23
716 2886 11
956 541 91
729 1790 69
2857 589 43
1189 471 80
991 2040 98
1848 2142 94
2775 1140 26
78 306 77
1876 44 82
686 1156 31
357 1707 10
447 2034 62
769 2847 67
782 1345 83
2528 445 19
1661 911 95
1032 1521 60
1427 2685 34
2723 672 78
577 994 70
2549 2411 23
1247 2485 12
1466 1739 75
2805 28 18
2515 1516 71
1328 1429 15
1251 672 100
1333 2135 67
2518 780 35
1384 1877 92
73 421 62
1366 1964 18
2571 1167 62
1128 2289 66
2431 1402 38
573 1804 83
2052 1349 90
2381 2657 18
2345 2405 89
67 1489 16
2252 724 29
12 1400 85
731 401 24
1125 222 58
2474 322 81
2057 1878 96
894 1179 47
2396 1863 78
233 245 47
2392 2849 35
1131 1931 71
878 259 55
558 1673 43
1504 1268 32
919 1779 10
979 863 38
2330 954 94
532 2126 58
2969 2636 92
471 2200 92
2837 1872 13
1274 610 70
1169 494 95
1237 2297 74
153 672 75
30 1852 87
837 501 86
662 111 28
1365 1256 32
2489 557 46
1685 2071 58
1373 1591 95
545 2351 85
797 781 85
2820 740 30
2850 338 16
142 1546 44
2466 1990 77
1253 2478 64
2849 2588 88
2039 855 46
663 838 78
2954 1677 63
1329 1271 53
1178 1240 35
282 165 32
152 1847 29
2871 1203 16
341 945 26
1268 1067 47
332 2870 70
578 2314 96
1981 400 39
193 364 77
2811 2934 50
1144 14 20
1446 1181 36
912 2662 94
643 578 88
2779 1423 48
978 1174 74
1248 2646 86
250 2038 25
1774 1400 84
1912 2200 77
892 1817 100
2268 1372 85
2062 2 64
461 2168 42
225 2442 79
2626 385 84
333 1655 32
813 2378 88
1815 2184 97
1115 596 71
1415 153 63
44 172 52
2848 1589 81
1317 2509 33
1192 2855 85
168 2575 39
2757 2041 34
1729 1338 95
42 1298 56
571 2347 63
2675 681 65
2648 1512 30
2312 2526 87
326 1693 80
2797 944 70
2174 1477 30
1100 1512 46
1328 359 93
790 232 63
858 1143 23
1154 759 54
1421 1234 99
2697 1056 11
2593 2177 68
1734 1814 15
2852 244 97
1518 890 16
1731 1945 79
1768 896 66
1377 906 67
1724 1396 59
1971 2530 97
1279 1563 97
2080 909 70
1208 2567 52
1374 836 62
2171 2836 78
1922 2294 10
622 207 18
2428 1438 68
1084 2229 82
374 1330 85
1810 1339 76
936 384 22
1777 358 64
1844 1748 28
714 173 40
426 1910 37
2341 605 35
1726 1438 80
1291 2223 26
1460 2374 34
594 2436 28
1652 2396 89
1113 1324 33
472 1074 38
608 342 45
2446 2385 16
733 2870 83
221 897 77
2066 1706 71
2353 1387 70
2067 249 93
461 1973 92
2784 1360 53
1571 1990 95
609 769 80
2192 1033 26
1216 357 78
1613 1892 39
239 777 46
536 1301 100
2775 249 74
394 2909 68
2016 2199 13
2443 591 57
478 777 56
1137 1346 89
2854 1773 31
2614 37 26
467 1248 98
1304 2044 95
2042 1922 35
2056 1713 34
94 1444 17
149 2795 69
2620 523 97
711 141 89
1738 546 55
775 2716 16
1054 973 84
264 1 76
354 1053 100
1822 1309 19
1619 2923 11
762 2571 45
620 2024 98
1924 1396 23
2367 29 89
2293 1530 72
1926 283 37
2659 2895 94
797 2383 32
665 1390 30
2455 2912 29
2043 1995 63
2926 985 52
2757 1868 18
96 1160 13
1365 2667 47
2529 108 33
79 1322 82
1584 1076 30
2055 1569 57
1541 1174 26
2590 443 58
1042 2363 47
2971 16 52
8 312 15
1386 1741 96
1743 742 68
2471 1533 76
837 508 40
2784 2730 98
713 2326 39
1771 664 29
2549 2054 29
1302 2681 58
287 691 81
1435 1242 93
2897 1700 18
687 606 67
626 2394 80
820 274 61
1200 1718 40
2832 1243 88
1784 1624 49
2038 2685 18
2732 1300 25
1499 40 34
2263 330 23
427 2723 29
532 1891 77
1136 184 50
554 2825 10
50 1296 15
2314 2295 95
734 641 22
2145 1364 67
2827 620 97
2019 1551 66
2044 397 59
2959 490 23
1455 751 44
545 1359 42
954 108 81
2526 1829 23
1878 61 10
856 1071 59
2456 1679 65
1395 345 46
2204 1285 48
2897 438 96
844 1518 41
2407 2649 48
130 885 53
2138 929 65
1209 2858 65
1782 1083 83
2002 103 12
262 86 64
1227 394 65
1506 1836 94
2421 2387 77
2422 2333 66
1462 2913 96
2900 1087 72
285 766 89
863 2177 14
2183 2673 74
728 1848 48
1137 2098 51
2141 461 94
1322 966 52
2099 54 42
1746 759 71
876 2942 43
2468 2845 41
2095 2909 78
1337 2914 29
1960 1033 24
1764 737 59
1237 1538 65
1876 345 59
89 2146 21
2597 225 25
679 728 20
219 297 16
1918 2588 91
2095 2281 30
1445 432 92
1479 2032 82
2620 217 43
1906 2190 100
366 1086 61
945 1026 66
2852 2822 65
1520 2559 65
630 98 84
1148 1806 19
1566 387 42
2079 166 32
334 670 73
2921 2437 23
969 1977 99
1639 581 85
1409 2638 22
2593 805 89
1980 1024 60
479 1899 66
2365 2195 88
905 2197 100
1314 2333 31
1231 1255 92
622 2794 89
622 777 85
2950 438 79
2147 2668 83
2747 1740 86
2428 2788 57
2633 2712 27
2562 1734 100
882 2350 31
417 2301 60
2610 1486 32
1533 1117 16
411 1323 51
616 1572 88
1905 2943 16
1167 1764 47
1708 1090 71
1892 1458 94
2756 2543 33
2041 1653 100
1937 2091 73
495 2368 27
1095 2091 31
2408 536 65
2627 1966 15
2742 1744 22
2794 1363 68
2024 166 21
2243 102 100
766 649 21
421 2193 27
1189 1737 14
1265 277 80
1210 62 80
1640 1376 91
1124 482 28
122 2392 28
2505 1760 50
233 1512 58
543 1598 83
2467 1679 82
1885 1913 89
2220 909 53
1570 222 35
1236 2635 23
2522 1249 79
2530 2902 25
983 2370 11
1211 2507 82
1540 1195 29
2157 667 63
2645 1197 65
1450 1642 60
982 1120 28
2059 2867 60
993 352 100
996 342 98
767 1109 76
2423 417 15
2521 1877 81
915 2291 15
2252 1978 60
390 1139 82
2885 178 70
850 847 100
1497 1928 40
175 1077 40
1958 1099 60
1334 2398 72
2086 1967 90
2093 2560 33
1874 821 71
2230 2874 90
1490 1058 29
1290 513 88
1391 1166 33
1778 2927 44
2142 589 50
729 1781 89
342 690 17
1765 1081 59
280 2412 90
2581 2655 48
1796 2431 45
2540 16 42
2319 122 14
523 1146 97
1253 69 91
2679 1847 59
239 512 83
1341 1723 37
560 232 93
934 813 45
2418 248 97
2852 2290 78
660 2576 58
733 2644 67
2770 67 83
2163 2728 94
1748 2720 34
1520 2303 60
1158 1547 16
46 636 75
1694 559 97
446 2526 36
2772 562 97
1279 911 76
2742 924 47
1365 635 25
57 1132 49
757 2596 81
2787 472 84
2192 552 94
872 2611 82
2956 2109 88
1228 2458 33
1409 1060 99
230 495 23
1044 1291 76
1180 2547 97
298 2311 47
803 2964 75
341 2652 53
1703 1632 45
523 1669 65
1725 2616 32
1259 1743 77
677 1901 80
2114 1904 18
2661 898 73
356 1611 98
481 848 17
1059 1825 27
391 283 44
1031 2569 81
1104 1728 91
163 2345 80
1752 1981 20
1201 1447 99
16 2176 99
1064 1550 83
1395 2239 80
1871 2249 41
1640 116 82
1339 1117 41
1377 397 21
1162 2487 49
70 1462 95
1742 539 51
499 2865 89
1744 619 93
2307 794 99
285 975 53
997 2738 77
1259 2926 83
456 2556 20
2187 2387 36
2893 736 53
1412 929 14
2781 827 76
1957 1727 13
1222 1041 78
2258 620 94
1483 2836 34
900 2052 84
2275 2372 58
2553 1094 43
1483 1184 65
1782 94 90
2205 1268 80
1414 317 45
1918 2787 12
1516 1881 17
932 1108 99
2245 2154 52
397 1186 24
1518 2746 88
742 1462 95
2331 1147 16
2478 2188 55
906 273 14
1713 1714 99
1450 1220 97
2133 1401 66
402 2023 97
2175 857 52
1850 1731 35
1825 2761 59
1294 426 48
1774 2270 62
910 1712 60
2343 1660 48
2447 1774 25
1778 582 45
1505 1132 66
848 1319 11
1303 2255 29
2959 2192 10
407 1555 57
988 2282 86
1429 61 20
1619 1539 99
2275 541 76
1691 544 40
1681 2219 26
2520 2173 86
175 818 17
2383 810 71
2069 2132 14
2612 1 49
1714 2630 47
2456 2147 40
2430 2057 82
1241 101 74
515 2376 12
2771 602 20
2263 2136 39
1737 2534 86
360 2020 26
2540 1126 91
1167 502 97
2040 177 47
2826 2040 48
2116 2013 60
1403 1127 47
2224 423 87
2124 2455 35
2038 1533 38
2828 1867 35
2406 1869 23
2953 229 82
2798 1248 85
590 866 100
1314 2934 70
2688 2106 77
2134 148 41
1694 45 94
1062 1269 37
2512 2786 32
2198 1059 81
716 1875 100
1317 1783 11
333 1379 61
1540 768 51
2042 2671 44
3 2486 89
738 1530 15
1213 1703 72
1426 1232 64
1929 2557 71
2144 441 26
1939 1407 38
2547 2884 78
462 2393 81
2203 2426 14
167 1978 72
2512 1987 80
2864 392 19
2369 2465 52
668 1915 28
378 707 88
310 1913 35
1964 6 27
422 1824 77
1360 1789 13
2775 1652 54
2038 1929 93
2749 1758 65
2324 242 61
2128 1664 11
1692 913 75
2565 875 55
2599 2028 44
463 2511 58
178 645 48
1367 1234 89
1894 1592 72
1091 1470 25
536 1931 32
2818 342 25
1229 241 71
2077 2862 29
657 649 91
2912 2657 95
1726 196 51
2289 2658 84
2746 1376 48
665 780 48
244 350 68
2343 2295 67
130 885 69
118 2220 25
682 1068 29
2317 2518 36
1652 1868 73
2791 1136 44
1067 2590 71
725 1746 25
499 454 29
730 2050 32
626 1851 97
464 1559 46
248 503 23
2581 1040 57
1099 2589 50
2089 838 10
1187 151 38
1347 1914 49
1373 2840 66
1964 1443 97
484 2757 86
223 2869 19
1275 633 53
92 2524 40
2781 34 60
226 839 86
2412 729 25
2845 1129 34
1114 29 43
461 720 96
2019 2637 87
964 478 76
208 728 48
1887 205 15
187 2441 73
900 803 13
1867 583 36
802 2098 85
275 2441 96
2396 1768 24
2627 2501 50
1931 2573 88
1713 867 57
1086 2172 71
2623 2540 61
817 2584 60
991 247 45
1008 88 65
1826 502 72
1001 542 63
2248 2886 37
1196 2127 13
1134 566 58
1207 1677 30
1696 858 30
2482 1768 64
802 490 39
1856 517 62
2800 1159 98
1 2760 100
1019 1674 68
1780 557 96
379 2946 51
1255 2081 42
2459 2506 84
745 965 70
2778 1747 59
806 1580 63
1519 2169 70
1635 1743 61
1520 2506 86
2889 401 81
2168 1702 22
2151 2519 80
2505 963 58
1624 2889 32
2605 689 82
1845 2697 93
215 1007 77
294 2349 83
2460 1738 85
1065 945 80
2234 14 86
1193 2476 15
1283 1882 19
2187 1439 95
245 2110 53
1080 2169 47
1529 1138 60
1040 164 50
742 1639 81
527 1825 64
1262 357 53
422 146 68
877 1354 71
2740 1542 86
2444 919 95
159 1657 48
2947 1013 50
1321 970 78
456 340 54
1649 1443 72
6 733 40
2590 106 39
1589 68 55
2738 190 73
2630 274 16
2320 112 40
2491 2488 29
2911 956 71
2707 983 78
553 1484 80
1785 2487 28
1012 1780 85
312 1629 76
2652 1872 55
1070 2911 51
406 989 71
216 459 27
1837 2709 81
2115 1290 22
1789 2684 27
2216 349 83
1173 279 39
2298 985 41
690 1467 58
2594 438 42
960 2839 42
993 2638 92
2129 2727 31
1549 476 31
2691 459 27
1716 2072 62
2224 954 48
1034 218 97
150 2662 98
510 1948 21
2231 932 27
1107 1357 65
1123 1891 51
1065 2864 37
2912 1381 92
775 585 14
1757 585 30
977 2128 34
332 1681 73
2302 1251 51
1889 2114 31
1215 879 63
365 724 46
947 1875 45
1165 2277 62
910 2517 46
2419 1519 85
1572 2332 58
28 2338 54
2279 1142 68
1236 739 24
49 2804 82
1062 988 85
2167 77 49
195 1146 82
145 1432 38
2961 1673 12
30 1995 84
1805 508 60
623 2157 62
1482 2390 95
2758 162 68
1460 1733 78
2633 131 20
901 1389 64
129 330 97
67 348 52
2391 91 33
952 2890 55
2204 2598 83
499 1948 99
559 1915 49
2099 2435 93
2203 521 21
2375 2259 58
2113 1136 48
2173 1628 97
2535 2752 52
2485 2576 92
806 1849 53
2016 2358 51
746 2065 60
2357 2036 99
110 422 45
30 114 60
2633 1914 80
909 551 44
2183 1072 89
571 2483 69
1067 2847 44
2564 1921 22
492 482 62
972 2618 42
1183 1238 36
1168 1180 98
1507 1637 27
1690 111 51
2006 2188 67
1333 113 38
2624 2154 85
2600 385 32
2006 361 41
1099 2192 91
2828 734 26
363 2269 19
2470 46 54
1609 1920 79
526 116 14
1548 276 10
1845 471 50
37 916 67
1284 2167 86
1552 2367 21
1327 1501 69
1985 1852 15
2249 2970 43
360 869 100
2129 1054 37
1991 768 94
2406 1388 63
2505 681 82
1205 1663 25
2132 2217 58
2391 2073 14
1811 2793 52
267 935 18
2267 1857 33
514 1263 19
1193 179 14
1749 2377 37
53 2192 42
941 351 10
2964 2275 41
179 1409 64
1638 1165 21
505 1975 96
465 1982 35
1242 1304 87
1294 1894 68
1406 1897 40
2434 2046 32
2430 1738 11
826 2529 44
2067 1867 74
234 1762 19
664 202 11
1295 448 97
2658 1754 95
901 1097 14
742 64 20
1585 261 98
215 2825 79
2826 1915 34
1300 219 62
2925 1127 36
1168 714 51
675 213 22
351 1454 11
533 2817 34
2794 1028 71
2696 887 12
1736 2149 76
2305 613 99
1625 2409 65
2613 2703 88
218 2317 46
2446 2656 29
2933 607 66
1173 1088 23
2686 437 91
1695 2708 90
1965 2602 40
2943 373 80
2453 2005 90
1580 2163 81
818 1140 16
2404 837 83
2096 2136 26
1984 973 57
1694 2461 53
2652 501 46
1691 2086 37
483 1105 50
1922 731 72
1859 2777 90
2831 1300 51
1600 1781 29
1045 117 94
892 1079 81
1771 2759 78
802 307 90
1091 2221 35
2849 529 63
1846 1777 58
725 611 78
2642 2815 98
933 2134 90
2113 663 67
1337 2560 98
2817 589 21
1703 1773 43
1203 712 76
2955 2780 71
2363 707 32
1072 678 37
2078 2223 42
2731 1961 52
907 1687 91
839 2562 57
356 1352 98
1555 1369 58
1143 2010 21
310 1010 51
1658 1126 64
2137 1448 81
78 2221 30
1984 1028 54
1002 2229 92
1373 145 84
303 563 87
2895 1214 28
1667 542 65
2506 51 20
2068 397 84
1112 1891 29
2372 703 62
2602 2492 67
1596 311 96
2606 400 72
1270 2841 89
2261 1489 82
1101 1666 95
138 2228 78
455 618 100
2851 2048 52
1537 1395 51
2000 2701 26
440 1573 23
2491 2323 63
967 1771 34
1999 1100 20
626 2437 92
460 145 31
1851 551 29
1329 2616 61
1129 521 56
987 1367 68
804 643 65
1125 2058 81
862 2554 26
1835 2369 100
1127 622 18
7 1884 65
787 583 97
2693 830 89
2362 1028 20
571 920 15
2709 2770 38
827 1058 51
1353 2439 95
96 840 27
262 2092 64
252 2768 40
2556 1782 54
1515 1565 36
638 2754 37
163 2194 64
2566 1428 75
859 1349 27
1640 2123 14
588 2217 99
970 121 46
847 259 78
2661 2227 45
1309 869 76
469 882 84
2359 2766 52
2245 107 10
649 861 54
148 1467 99
870 1633 82
2338 751 77
83 2111 54
752 463 93
1369 1566 56
2675 2457 82
1451 2120 24
424 2135 46
1688 1432 42
1222 2795 35
473 2363 90
2426 1693 55
453 247 15
2594 2539 95
465 2032 73
855 1256 91
1934 2229 43
350 2292 46
862 2256 28
1905 1077 87
1869 1060 51
1651 2665 81
510 2444 20
1851 1941 69
176 2539 47
758 175 80
747 132 94
29 2661 61
39 1545 18
639 2019 85
2199 702 64
769 1114 93
58 1876 34
1962 2497 86
1024 1304 24
1838 1735 89
1479 2643 65
707 597 13
1712 527 27
2719 538 32
336 2852 24
1098 2296 78
1740 2529 86
2252 1076 96
155 1169 12
780 1832 60
2571 518 76
742 256 76
503 1106 85
1334 2904 28
1544 139 15
721 1846 20
99 779 55
2799 1122 92
553 804 36
1587 350 31
922 1693 69
0 1311 91
837 2000 62
855 571 35
546 2780 96
1389 1926 89
1566 979 18
1200 118 19
1658 1519 76
1527 1031 71
699 1836 67
781 2128 36
1895 704 64
2375 1295 34
2492 753 91
1231 1764 14
2203 1366 87
1225 1056 46
1855 1441 99
686 1052 56
1845 1385 45
2585 673 61
856 2949 48
1208 2915 38
1601 1298 16
1095 603 89
1754 1743 50
415 1927 19
884 2001 59
1829 2676 67
2605 476 27
346 924 82
1709 2971 81
116 1666 10
201 728 64
2659 1724 90
1711 420 52
884 673 69
2552 192 10
1265 567 73
2810 610 30
737 2841 36
1263 967 43
1633 659 87
400 277 23
198 875 41
2431 2450 78
2515 754 84
1829 172 72
632 1523 18
279 2851 63
1572 920 75
1596 524 47
1097 1631 45
1759 2210 74
1014 164 17
630 1652 46
2311 1044 72
2804 936 55
80 1784 11
581 28 52
989 2137 100
2782 1724 56
75 1532 98
733 1015 32
2569 2893 69
2419 1855 22
494 767 35
1926 533 10
472 629 83
1678 675 49
879 188 59
1466 1293 55
382 320 43
2241 1965 74
1915 1997 28
2611 2281 56
18 1000 49
361 1269 66
24 2839 87
169 2688 25
506 2681 52
711 559 79
2306 1842 93
1922 674 57
404 1526 35
991 2732 55
1159 929 78
2356 1735 50
1434 2443 98
1785 2870 23
1017 1245 14
2960 1212 23
2567 754 91
420 2833 22
2287 358 53
2893 960 65
2419 2798 91
2468 2655 42
2483 350 38
2143 1155 39
2452 2277 70
204 1011 51
203 1458 82
1393 1185 91
784 2247 47
673 2734 80
105 2068 17
2347 1097 30
1857 295 56
1522 1138 19
2186 2676 89
641 2692 62
2620 803 53
1207 865 76
612 1185 48
925 1598 23
305 1469 52
1930 611 28
601 2003 83
2331 2358 74
1074 1697 46
506 252 82
2520 493 79
1255 2003 47
2343 858 44
1816 1914 80
613 1217 52
890 1114 65
2747 1500 51
995 1362 51
1429 2808 26
1631 1429 23
1526 456 76
1487 1993 58
20 2201 66
2376 2669 41
2511 1090 74
2238 2245 18
1493 2774 26
2940 229 32
1160 2968 79
2742 2090 71
500 1773 86
1075 2000 70
9 2392 95
277 1321 67
2210 745 10
1188 649 80
678 562 86
1435 1484 42
2201 2364 31
1529 382 99
306 1104 83
2330 2888 19
1771 763 76
2797 2151 30
2489 675 45
764 271 64
2906 801 11
2168 2701 99
2964 2667 38
1633 137 88
898 613 27
676 1340 28
293 589 59
241 2279 21
888 487 21
2011 2617 73
2310 381 20
1244 2848 50
734 69 87
2710 576 45
412 2119 43
322 2004 13
2643 508 48
1552 1574 51
2745 1161 22
618 871 99
1789 1302 99
464 1419 86
486 675 83
2474 2030 94
326 2708 37
532 2920 38
2015 2014 27
502 1385 26
237 8 80
751 1932 44
280 2583 17
677 1753 90
1230 299 84
1783 633 95
2119 1631 16
430 2772 41
494 2189 16
1649 59 75
1264 881 77
1951 2940 81
880 543 62
2210 613 65
2589 49 56
744 2622 43
1068 2447 86
1529 1411 93
1483 1140 63
1380 2901 75
1271 2624 39
1759 1115 87
789 1180 60
2149 1902 31
1152 2184 60
824 1915 34
2592 2801 58
1411 994 58
2106 1194 97
1262 105 94
2263 27 53
2261 2918 59
1618 2861 43
2060 2464 87
522 67 90
939 1435 67
497 1579 87
1402 2695 64
2111 2269 59
1605 1475 98
1523 2604 44
2531 1607 53
2849 2780 79
2270 401 10
1311 927 44
1457 2461 80
241 605 63
2418 98 81
1719 18 95
2282 1666 44
1466 1606 76
149 1764 55
931 1823 42
94 2360 81
232 2387 34
2875 1124 50
2351 1019 25
164 2514 46
377 2263 33
1426 915 69
682 1559 74
1381 2824 49
2586 2781 49
1828 156 93
722 1738 90
2436 2537 70
189 2955 88
159 2598 20
1506 328 19
695 2334 22
1168 348 99
1986 2078 80
2306 510 53
2332 2072 35
2910 645 36
1444 1465 26
783 2175 65
455 1597 66
1909 1857 28
1309 633 85
1432 668 87
721 356 41
2545 2126 17
2205 825 52
1764 1029 17
1463 2744 11
603 1585 40
2911 727 66
2330 2087 32
600 1628 83
1786 1571 81
2615 69 71
1862 1174 43
2905 1072 98
2955 798 35
2746 68 74
2906 1659 20
2367 1575 89
1387 1646 19
227 317 86
790 2783 59
1148 1677 89
1139 472 23
2726 925 86
1308 2291 90
259 1301 87
252 926 57
1843 1605 28
1249 80 51
1721 1373 78
2062 2362 63
517 2399 63
2545 604 37
272 1014 63
1911 352 83
2197 1037 16
710 1431 45
1323 1074 52
2945 719 93
1526 2096 59
181 1808 98
225 1508 37
2537 707 26
2690 241 91
2133 444 36
2900 1796 34
242 1166 35
2948 2040 20
2424 356 28
2573 2368 59
1794 1034 94
2880 249 61
940 2351 82
1738 2294 65
2020 2234 54
1301 2536 96
456 2087 100
2168 2667 81
2491 457 54
2593 2604 13
1396 674 20
2099 722 33
1075 1359 65
971 1577 16
1876 501 17
2685 2024 74
1046 340 71
543 91 38
1708 841 42
281 1088 75
2918 536 59
2903 1016 54
1312 610 55
1986 2879 40
2379 1368 93
2399 386 34
636 2356 12
672 1193 93
2616 39 63
2429 2857 22
2850 1161 49
1795 2810 22
583 1653 94
1123 721 73
2413 2645 86
128 1028 23
2053 1121 18
2494 1795 48
2770 1178 43
1320 2414 98
735 215 68
36 2946 25
1986 100 87
2713 791 82
980 388 77
327 605 90
2216 2645 50
2483 1509 45
933 977 72
2345 1772 57
119 90 55
1835 938 19
1727 952 98
1404 2041 58
528 2529 82
2051 2700 61
2524 2258 31
2758 1812 87
1690 1015 46
2306 2196 99
260 2227 73
58 891 58
2395 2710 53
492 889 55
1906 1011 41
106 2781 51
1553 1080 20
2880 1080 56
936 189 81
2766 2649 70
2554 2288 94
53 673 53
840 2923 25
2166 2492 19
1540 2678 27
2874 804 72
2874 2117 74
932 2556 21
2393 1455 52
2510 350 30
487 925 70
2489 755 74
2883 238 64
1415 2762 74
2120 271 93
665 724 56
991 2553 77
568 2857 90
872 1996 51
387 1320 38
1536 1316 49
654 1406 46
2266 2637 54
1107 686 74
1451 908 10
2225 958 58
927 1590 57
2199 42 11
96 2681 84
1544 2704 37
969 2559 39
1176 2680 78
2640 2313 53
2802 2789 97
1678 2543 52
2349 1373 34
9 886 97
211 1041 87
208 1331 63
2807 709 64
715 599 62
1267 962 23
1390 1162 49
2097 552 32
2767 2935 20
2762 2817 64
1747 1442 73
2287 2781 24
215 1290 62
1446 2231 64
491 1668 11
398 2370 73
1578 132 52
2284 1061 65
363 2585 68
734 2234 14
1166 1405 33
2777 2181 18
1358 665 40
32 2423 27
2777 2076 15
1729 2310 70
2447 2061 91
2817 1230 47
32 518 43
168 986 39
1605 1857 80
668 1626 45
2367 2777 15
2508 1554 58
155 445 26
1371 1130 14
78 2016 49
660 2191 74
596 2288 77
2299 2924 92
2208 862 21
876 1740 45
1602 2024 40
246 1576 94
2343 196 26
1888 665 43
1644 172 29
1699 1029 77
2479 2954 25
451 1019 98
882 1588 71
1302 1238 16
1081 2398 10
2080 1786 41
679 423 64
2431 1392 11
1972 1252 48
838 1460 100
258 638 79
1352 1216 36
2919 1613 42
2625 1184 14
2749 182 10
78 690 87
2099 2825 49
1857 820 44
1830 1367 58
1305 2766 89
2682 1732 39
1368 1515 76
2823 725 89
929 42 74
1497 1397 72
1545 302 100
2613 1737 34
2721 2808 80
1775 2212 13
619 1829 66
2141 717 29
1374 545 17
2385 755 18
636 1911 22
2352 2097 98
2273 820 85
2658 2464 17
238 2020 84
1978 1817 41
1590 1126 56
1587 209 47
277 2232 91
795 2743 69
170 1755 16
268 1227 67
1520 102 49
1269 206 18
2649 2557 97
1292 1542 81
1406 2633 50
5 2762 49
732 676 22
1424 142 13
2508 2674 97
861 752 93
913 1595 88
228 2724 79
164 443 57
439 285 82
204 2815 88
2339 1976 23
849 2192 83
1697 579 55
1976 2327 12
101 759 95
399 2833 73
1348 704 61
1904 1127 61
2343 857 68
2163 2140 87
1331 2219 90
2859 805 69
1612 2180 39
752 1829 54
1821 1177 79
2150 1005 57
702 1248 27
505 560 93
1515 817 77
2412 940 64
1695 2499 99
1834 1803 21
2485 16 13
2805 902 61
1883 302 78
1722 2129 20
1323 432 47
441 162 79
1047 1194 85
1786 1383 81
2464 1933 84
2968 2572 58
1472 913 75
1544 1386 83
2395 581 32
1219 1434 64
1014 1277 66
2288 10 35
1835 1877 60
2534 774 89
383 1043 57
1324 2009 22
173 1932 46
1765 107 75
2088 661 32
2892 352 32
848 373 27
2381 2395 77
1867 1665 78
688 2240 11
1237 2162 42
63 218 19
1660 377 13
2462 2585 38
1589 2892 84
247 2378 75
1059 224 42
2585 1120 29
2685 1286 74
388 2932 85
2274 1956 31
743 2 91
2725 2060 92
1037 1102 72
1416 2928 47
303 1350 32
1328 1436 51
356 2050 91
1262 1281 57
1871 2364 85
2472 229 26
2543 306 44
2822 404 68
1204 373 92
502 2570 16
151 530 23
1098 1531 42
2229 251 20
2521 1666 35
2934 1289 100
1031 1760 24
2090 1768 15
1144 2590 33
1765 1560 50
2063 1531 39
2970 1623 23
1918 23 88
2495 366 95
2880 540 60
1285 1551 81
2891 2673 35
1189 1403 29
1358 429 75
1887 541 78
741 266 85
2718 1718 31
2929 363 91
643 2328 49
705 61 40
1672 564 13
778 2936 12
2539 2921 18
1031 1287 68
2844 2907 30
288 681 84
680 86 63
1236 2447 98
1247 1810 19
279 2822 55
2391 47 67
1967 625 60
1930 2171 51
2180 962 47
378 2408 87
1613 2885 43
1788 925 80
2863 2562 21
1970 1385 33
2611 1555 11
2433 160 10
1778 566 35
2734 1965 84
2545 1191 31
774 1102 100
759 2042 72
2026 86 19
484 2796 29
8 2317 33
882 2935 64
1562 2270 70
2280 2417 67
2117 411 10
93 2606 73
1509 2051 68
505 1831 18
1665 310 72
2697 2007 11
2866 1068 73
1240 668 63
2956 394 91
47 375 30
1805 2889 47
2823 2881 80
1637 740 12
1611 752 89
917 2013 10
1586 1427 26
1111 2197 33
2076 1454 26
1462 1955 35
1128 1542 21
2212 2181 68
1022 1206 69
1805 1847 44
990 1474 59
54 1498 11
1569 591 21
2095 2947 87
763 881 73
614 2201 97
1343 177 63
2778 650 71
82 1347 35
2872 1196 33
988 1286 66
241 1748 100
973 438 34
1569 1877 56
230 1409 93
160 216 97
2834 2828 76
1713 1914 86
2725 322 20
345 1540 39
2308 2062 59
781 2082 27
453 948 47
389 731 24
1900 2539 76
1622 2273 19
920 1317 27
1861 2854 36
2102 991 56
1540 265 38
742 2484 45
849 1076 82
1212 1339 68
1956 2969 25
2867 2819 24
2295 215 14
2646 1541 83
1713 2783 37
292 2463 43
47 1385 25
411 641 79
806 734 63
835 825 100
915 2279 65
787 1339 64
453 997 85
18 2670 86
1874 1518 26
1778 1089 68
564 2963 51
1362 654 94
517 1988 72
431 2020 35
2593 2840 14
2865 1376 34
544 1270 67
819 2919 19
2249 2389 33
1725 1174 42
2912 36 33
492 1183 86
706 564 32
1312 2256 86
975 1661 16
1961 1846 41
2098 1539 79
986 1646 62
1886 982 50
2743 320 51
320 1087 38
2602 75 38
235 706 94
1443 1133 28
1801 1765 78
937 1734 69
1638 777 78
2588 2902 45
436 129 46
1044 320 56
46 101 90
1576 1789 62
380 2400 79
274 1768 22
2237 2341 26
1983 1212 63
2451 497 33
1919 2170 68
2410 825 29
2574 2465 42
2700 423 21
2207 1147 85
2743 2511 79
2455 844 18
2406 490 43
2723 2214 37
1901 2094 50
1059 1907 91
1423 2799 40
2133 2957 14
1460 1380 93
1236 2111 73
1476 2869 84
351 2803 64
2324 2166 87
2797 53 35
1851 190 47
2339 1366 50
711 2236 39
2948 1523 48
1351 1927 51
2090 41 45
1734 1555 28
684 2933 52
1865 134 39
420 2243 56
111 755 17
48 2816 87
2148 2330 64
51 2564 54
1953 2597 86
1347 1438 45
2575 2493 59
1916 1260 96
1565 2526 38
98 1893 43
991 102 48
579 778 31
2269 883 17
2744 1381 30
2575 797 62
605 1655 15
904 1914 35
977 789 63
12 449 51
2341 901 27
117 2133 69
2467 2489 86
2806 120 13
821 580 40
2362 1722 58
1370 607 93
1246 242 85
763 1327 68
2677 2669 54
2746 1437 56
343 700 75
409 2176 95
1605 1939 37
2543 2879 21
2079 396 78
2281 1568 17
1155 1862 53
293 2221 54
2478 2571 61
1438 1806 42
780 1037 100
438 2542 68
809 1686 40
524 2869 11
1911 2243 99
2553 1561 24
818 834 47
698 1694 86
851 966 38
245 1666 97
733 939 61
1411 1303 30
2803 1691 66
164 1639 28
1556 2548 97
1278 1525 27
139 689 85
2454 2653 82
1615 1918 50
1128 13 76
2375 790 97
2654 1104 21
530 2246 16
2544 1282 27
1244 820 11
1915 1886 16
2936 1649 43
1442 1452 58
107 831 79
119 1056 85
1069 620 72
2237 1577 23
158 317 98
2633 280 60
489 444 78
1526 2093 39
1653 2642 93
1599 1531 39
1924 713 52
2916 279 88
153 938 57
2040 2419 52
2254 962 54
2261 3 54
2821 1927 80
1027 2837 26
2307 2945 100
667 392 54
1030 2191 50
2476 1781 43
2157 1538 65
1539 2338 64
1197 2316 40
287 1420 70
1322 965 91
2147 1918 50
1436 453 89
1109 2279 96
2777 662 41
548 2234 13
2509 85 36
2863 529 37
164 648 20
1499 1312 16
1364 1884 41
662 1370 53
139 1686 80
1914 2195 79
1109 1550 81
1732 935 70
289 1275 55
2814 808 90
1494 1101 62
1107 1299 10
1812 1848 21
259 1035 23
1947 1229 32
1254 132 89
1289 832 29
1212 2298 90
1886 2571 31
93 1256 97
582 2543 42
1958 1700 84
2842 320 67
2019 1695 29
1911 52 50
2772 307 50
197 2160 94
2483 685 12
2631 855 91
1441 268 29
230 2251 45
2759 2785 96
1123 1972 19
2562 748 44
2886 1404 38
2674 1268 70
2814 1758 72
342 1047 67
1902 1665 88
1737 2213 80
1177 2854 43
64 2873 47
1426 111 95
1397 2458 56
1643 1083 30
2245 2965 35
1509 2331 19
831 2684 69
500 2072 14
420 798 18
1536 1917 52
429 2784 72
458 2182 72
2683 1246 69
2534 833 20
2240 1514 61
2933 752 67
799 2430 33
1450 2480 91
2528 2420 73
1216 808 26
848 2621 69
645 1511 60
844 2068 24
2334 503 17
1138 1500 73
11 119 86
2452 266 92
2231 1029 39
676 50 85
300 44 31
2393 1696 42
1228 633 25
980 2541 52
428 1108 64
2015 2684 65
2346 468 71
1012 2884 39
1923 2571 48
1167 757 32
1170 2125 29
2448 1625 71
2596 1806 16
387 1644 10
1294 1301 45
1144 896 63
650 132 47
1268 2965 60
1964 2916 58
1194 131 99
81 2958 52
1626 2908 24
2448 661 39
1225 964 91
2650 1550 83
87 881 96
2173 2709 63
1981 912 81
