1162 3360
696 1013 46
644 902 89
786 942 60
581 220 23
1030 123 31
813 621 78
704 106 12
312 567 70
11 750 36
714 952 18
1146 780 38
893 626 61
8 29 43
363 537 80
715 1069 16
112 960 32
546 691 61
364 106 31
1005 948 54
264 915 20
843 2 16
14 901 97
501 219 75
759 991 84
727 600 67
1111 1140 96
488 949 21
308 123 59
84 1124 94
683 963 20
765 875 81
279 45 37
376 821 52
1122 1099 20
1067 984 81
1072 395 69
443 903 77
978 481 78
664 78 77
475 233 99
51 1010 58
820 453 97
893 639 97
226 464 88
86 886 29
174 1102 26
768 640 53
970 214 57
226 496 90
1107 663 97
1082 843 10
1024 205 39
453 1090 71
261 450 11
1101 908 47
142 13 36
433 947 71
643 90 46
379 1083 87
628 825 25
856 467 88
1161 278 24
446 797 79
1125 253 39
62 400 41
337 397 50
69 485 63
356 216 62
645 906 32
540 321 62
446 567 41
890 1111 78
127 178 61
1124 750 78
739 551 24
874 279 66
847 446 79
467 788 67
987 316 84
360 132 70
1074 636 70
847 607 20
182 3 54
1080 572 30
192 933 14
898 337 17
464 1021 30
355 316 25
735 993 57
744 100 90
197 865 84
6 751 24
809 432 37
86 1055 25
297 303 94
756 556 48
153 962 14
118 1066 64
1034 240 73
1160 971 25
599 324 62
621 926 63
980 1126 34
33 329 13
87 437 69
1054 895 100
161 702 98
1058 961 99
1086 623 87
958 1013 84
348 755 34
60 553 17
249 636 21
452 41 80
885 531 67
135 609 100
727 613 67
853 529 62
244 88 60
436 776 25
288 1081 12
784 1003 48
131 255 39
295 95 48
183 680 64
1106 626 49
848 867 43
214 535 12
590 1000 46
474 41 97
546 748 53
1070 600 74
853 219 89
1111 219 71
242 1009 100
261 1010 34
185 402 96
169 893 32
158 995 84
875 248 84
1026 679 81
338 718 67
838 1032 62
492 1160 67
459 695 84
1152 765 42
572 99 28
624 102 52
572 1069 33
120 2 95
264 784 17
874 893 34
267 666 30
347 868 37
504 195 58
981 999 88
430 1120 88
1119 1161 18
24 261 46
273 277 21
1104 36 96
250 225 41
18 498 54
231 1066 61
275 456 46
733 842 99
466 352 16
745 669 46
725 431 67
999 40 74
538 993 36
658 960 37
996 434 90
518 592 34
707 976 95
1036 812 79
485 1090 29
597 309 49
554 858 43
926 1052 70
685 325 39
717 843 15
990 380 38
1120 1142 68
797 515 74
509 872 37
587 879 89
835 394 67
151 92 58
119 473 100
591 90 54
169 656 32
428 1055 68
759 795 35
102 186 99
1072 255 19
384 718 31
1094 932 79
658 36 65
887 377 46
959 5 20
279 678 44
182 148 58
1012 372 10
293 244 47
532 1152 73
383 621 34
854 602 29
170 784 40
1134 338 10
426 374 91
316 1083 75
249 765 94
1077 746 82
891 206 73
842 283 99
304 31 69
199 154 51
567 607 22
1042 40 90
720 955 76
330 379 31
895 636 26
32 547 70
1008 1121 21
916 493 93
519 392 17
1112 351 75
1080 543 45
374 498 48
29 101 83
1027 791 52
781 5 98
39 976 56
6 668 18
1063 1090 60
561 543 11
173 458 64
550 1114 34
554 1107 94
464 484 66
29 1078 76
233 723 75
758 489 73
544 656 68
905 590 98
1083 1114 48
474 415 75
402 1015 36
8 761 51
92 177 56
739 231 49
249 655 16
699 340 41
534 1012 52
318 457 89
678 69 15
230 831 29
4 25 100
333 516 79
401 242 84
256 280 80
1005 595 26
235 309 37
789 860 92
427 1120 85
352 66 19
794 264 74
1060 895 20
901 232 42
612 983 75
510 1089 17
1114 347 89
1054 1103 85
317 1141 34
261 790 61
572 1142 99
23 610 46
682 1015 21
888 15 71
38 90 60
1026 578 56
393 1141 90
220 577 57
115 586 42
763 1080 64
888 73 46
805 917 63
999 728 17
472 241 35
752 450 22
109 372 62
591 849 33
253 1103 25
834 748 80
1 1062 89
342 296 80
685 26 78
1086 106 35
257 782 15
159 751 53
1158 598 30
941 912 70
533 241 43
15 648 23
404 656 11
989 176 51
607 1121 96
388 472 54
667 1048 45
1114 210 90
510 774 22
146 997 80
577 746 41
415 744 80
735 62 39
338 886 78
622 868 26
42 161 39
309 1008 28
4 577 72
636 1118 87
936 815 77
603 10 98
395 400 44
821 696 96
25 310 91
587 9 40
931 813 93
873 1039 40
158 793 44
217 653 88
708 639 59
892 255 97
118 1144 87
607 774 68
237 72 90
1092 15 100
984 708 63
735 1150 87
974 860 64
467 225 34
142 431 97
202 782 81
210 30 64
233 573 75
907 678 11
464 693 70
650 795 62
430 911 49
1114 824 57
939 852 97
624 642 10
1131 1106 80
788 315 56
708 256 25
589 18 35
238 476 39
312 123 39
493 101 24
558 480 60
618 481 66
211 614 62
412 565 33
451 838 10
809 1015 32
937 1112 91
569 837 27
497 965 25
274 658 70
959 652 93
681 1117 30
952 945 86
167 1098 100
908 240 11
196 914 94
770 818 59
447 97 33
142 440 97
65 858 97
170 766 48
778 1119 81
421 72 95
745 664 75
1016 857 50
1041 305 76
385 475 22
630 290 26
161 293 84
683 557 51
339 229 14
205 875 45
728 634 10
439 400 58
465 793 74
269 783 63
1089 296 91
395 354 50
424 856 35
155 759 15
932 400 40
730 485 19
1121 805 79
892 328 66
473 9 89
1119 774 32
977 1105 14
55 298 33
919 1093 36
916 730 100
63 261 26
493 441 27
1140 267 57
271 333 62
582 474 74
1146 1017 13
572 53 37
330 946 63
62 301 84
503 924 23
184 210 98
967 530 10
1144 178 66
455 5 14
973 836 34
101 898 42
503 231 54
1102 510 22
152 184 94
35 691 84
617 1132 38
443 848 83
307 943 38
112 1048 10
86 1030 17
622 389 71
691 298 71
904 276 34
205 165 81
68 106 39
902 1134 20
666 500 50
155 921 77
665 354 15
400 597 27
832 1020 23
24 903 54
882 1024 99
933 329 21
325 625 68
908 695 32
824 488 43
1040 505 93
750 56 97
1041 868 71
584 830 64
908 555 95
785 774 99
756 1096 78
162 1102 84
694 216 77
746 963 63
664 989 89
422 397 59
488 959 36
815 194 52
655 889 20
1129 383 11
942 736 12
719 284 93
82 1159 80
203 1134 59
446 319 36
197 390 28
856 118 74
936 61 55
488 605 45
1041 1084 99
489 1067 88
562 796 69
566 463 67
132 92 14
1146 480 53
204 1115 12
47 1022 95
1075 757 14
578 879 54
983 475 63
710 380 62
1045 746 17
168 925 11
945 1085 28
954 863 65
529 1019 100
570 1011 53
482 134 66
714 334 13
1148 382 60
870 238 41
654 237 93
418 693 57
804 1040 66
155 837 82
893 437 14
567 17 84
144 806 11
141 549 86
187 630 75
485 381 92
458 368 66
480 566 28
152 1123 38
1073 167 56
800 83 59
1007 201 94
112 249 100
134 257 42
763 622 76
521 1107 71
1146 787 14
566 480 80
663 402 40
274 619 10
392 382 28
118 980 72
460 678 82
211 532 68
665 775 60
1100 103 23
59 746 21
635 1105 87
1000 339 32
762 303 69
947 371 73
246 181 15
879 75 76
1060 779 63
418 784 48
3 551 65
71 1129 39
535 151 99
762 559 21
613 700 50
92 506 64
0 928 93
224 349 42
1071 282 23
142 116 78
143 1088 44
1080 86 29
1035 609 91
202 277 22
639 633 65
762 513 19
172 1142 65
670 713 83
416 155 32
759 404 49
833 851 60
669 750 30
762 1097 28
1150 694 62
924 239 34
1138 436 65
604 286 51
504 658 52
1130 132 57
5 876 93
172 326 41
323 475 18
30 412 16
364 407 56
340 809 59
118 481 62
680 564 87
786 95 30
1050 1029 55
1136 362 48
789 455 66
1155 480 70
652 609 61
546 707 21
1052 1161 80
1153 510 96
563 523 17
56 187 30
612 262 43
486 366 28
1101 68 72
364 452 43
382 187 75
753 803 74
107 1035 75
1058 172 84
508 133 34
471 447 50
40 318 45
841 300 88
604 835 74
406 973 35
825 110 66
499 91 20
553 815 57
399 826 18
537 488 54
181 433 77
455 493 78
314 411 77
931 407 96
974 939 30
463 30 79
571 457 84
187 464 23
552 715 10
327 1077 42
289 695 35
225 381 51
188 154 40
304 261 71
491 957 52
333 255 46
153 187 44
1092 554 50
283 308 73
730 250 43
960 965 88
642 86 87
926 702 51
809 601 96
916 5 64
961 687 65
1049 610 14
639 748 49
977 917 76
491 787 96
1100 820 10
919 132 53
1014 745 83
865 716 91
377 379 68
740 1060 58
496 403 32
873 996 93
99 766 16
596 151 59
1058 754 77
356 237 73
892 82 40
939 256 100
292 566 79
697 483 47
184 187 78
2 819 92
1145 1089 23
492 85 74
740 1052 34
187 708 78
963 771 76
418 1033 96
700 969 57
814 829 81
806 246 30
959 613 29
8 538 53
804 284 84
529 871 44
702 1125 75
758 324 25
733 292 54
1077 226 21
1019 768 13
822 132 16
1151 641 71
140 1103 45
661 358 57
1029 240 98
45 19 88
553 511 68
247 257 92
1014 10 72
948 903 59
1142 259 56
99 533 46
1047 363 76
1125 143 45
520 43 11
141 317 30
551 515 18
95 148 63
640 199 94
1123 91 95
944 485 50
926 1155 27
524 137 33
912 433 71
550 565 70
67 553 68
347 1072 32
346 1065 69
869 793 65
613 412 42
363 685 27
1041 112 89
557 1148 93
1146 271 51
779 276 37
179 1082 29
164 766 48
1072 187 50
156 979 69
957 398 75
286 409 77
782 380 47
803 611 54
735 937 38
863 874 38
607 302 28
790 1037 17
0 177 36
330 929 52
255 920 68
708 255 37
757 1000 53
383 1155 51
1018 521 70
1057 940 83
544 1063 32
588 177 86
8 529 70
949 400 83
1044 1039 77
425 627 39
656 1110 86
886 693 80
1078 355 79
933 982 68
930 583 83
641 157 98
1077 711 76
335 593 43
347 978 24
111 1077 14
548 700 100
732 1148 64
974 841 70
865 148 54
310 656 70
371 675 76
233 828 59
554 82 76
136 982 53
315 278 41
619 800 23
570 1158 83
641 990 18
788 284 25
542 722 57
1036 378 81
1016 144 17
544 751 73
618 683 72
415 1157 23
452 849 32
442 1067 83
809 932 86
859 676 83
984 916 73
1123 983 100
1134 1078 30
1021 530 74
419 1001 54
681 77 12
129 184 43
793 56 88
435 1063 41
404 250 87
134 62 66
454 1112 24
999 1140 40
582 1140 40
420 1001 57
110 61 79
877 395 10
1038 1053 38
932 603 18
658 972 58
50 368 86
509 863 60
1101 72 74
710 176 87
35 930 77
1126 467 95
990 900 18
198 1099 18
594 922 12
178 185 34
963 1152 30
609 836 19
682 664 73
540 152 48
627 466 85
667 540 57
369 327 52
489 816 23
19 748 82
15 1066 27
803 433 41
646 337 25
671 162 81
815 825 18
211 935 23
232 320 12
551 122 16
554 636 42
1069 1141 11
899 3 23
21 550 23
125 488 19
615 752 22
901 954 78
384 202 93
877 156 81
255 1 71
688 746 15
893 421 10
959 185 13
765 156 92
172 910 72
684 435 48
154 596 60
850 809 39
187 590 86
1095 439 93
1045 141 34
70 1038 95
389 1157 35
991 493 24
1027 1156 72
858 724 73
429 1048 50
602 671 81
891 818 93
818 995 34
199 667 28
333 847 43
574 763 97
510 465 57
772 454 86
218 486 27
728 877 66
1110 139 67
994 1076 67
427 884 33
87 834 83
804 687 60
109 1091 45
193 1092 11
625 668 95
118 470 15
16 10 15
20 905 94
449 532 95
200 352 20
90 882 83
645 6 17
98 1031 17
977 708 11
986 441 77
543 386 25
653 1006 29
224 480 91
375 1000 57
213 1134 87
152 230 39
589 863 59
941 202 96
31 820 25
1061 178 29
713 792 37
1054 163 59
1148 725 83
282 383 60
966 1119 36
552 653 21
872 1043 99
423 667 95
470 375 42
50 514 70
262 21 42
889 910 65
224 810 65
161 180 95
209 787 30
838 682 59
151 933 85
1093 45 85
523 550 10
660 90 47
91 953 21
1029 1126 27
802 1061 96
904 1016 42
967 1 83
530 262 92
722 1017 63
87 325 50
522 65 42
107 911 96
1032 499 77
235 802 23
1087 257 53
508 132 97
557 105 82
634 252 26
598 564 17
986 682 46
715 676 76
17 864 63
217 807 50
841 886 63
888 338 56
228 857 85
321 577 27
989 34 90
118 1134 46
109 735 41
993 114 81
119 394 33
809 331 79
543 364 34
89 139 19
576 1 86
137 298 80
836 169 16
120 280 45
501 885 33
995 770 24
351 680 13
192 341 73
485 427 87
1122 112 37
685 661 65
1024 1035 62
1122 440 53
91 595 17
291 765 55
713 992 97
950 791 42
474 931 18
995 835 65
1123 650 75
1081 309 90
398 343 76
42 74 35
547 915 65
1160 1079 17
1031 743 82
256 590 21
713 661 97
751 828 67
836 680 87
413 1161 62
726 466 62
69 679 64
841 376 36
291 412 64
1005 665 94
946 944 75
26 682 62
131 155 48
901 945 57
763 60 84
485 793 50
539 1064 72
539 948 82
255 853 69
473 535 77
171 137 84
943 474 95
300 800 75
1153 119 36
405 552 12
904 127 71
692 862 15
1043 197 82
334 284 51
1037 360 86
3 873 85
21 463 27
262 559 81
413 532 73
1099 420 31
247 110 47
156 190 98
997 473 20
1148 576 90
1060 113 57
528 1025 56
979 965 77
181 162 21
740 1127 46
624 1076 84
404 487 40
614 624 66
597 456 96
672 827 40
966 695 74
520 820 80
92 339 25
57 495 70
490 410 70
498 475 22
774 535 86
331 942 90
131 434 66
857 463 81
27 664 77
509 655 14
901 1047 11
160 704 12
627 156 33
595 126 43
950 26 63
564 51 10
542 986 60
251 382 55
562 118 10
311 1094 45
380 501 50
286 88 99
296 605 75
540 626 20
361 795 34
462 761 10
876 28 15
214 985 20
1146 931 44
973 856 34
867 1087 54
298 1092 29
608 960 33
30 73 11
121 809 12
970 1048 99
345 1121 99
1132 876 68
56 1040 94
1129 271 30
1088 581 99
600 425 78
1159 534 41
381 238 11
363 1141 86
140 726 75
738 619 47
633 171 79
341 180 30
248 543 11
72 281 99
1091 318 27
1134 1012 47
995 69 29
731 420 92
895 402 27
870 861 84
204 800 43
504 1102 42
985 495 39
466 1102 18
672 668 24
866 900 28
507 814 33
1047 548 93
932 767 94
619 894 91
44 1025 98
1094 286 33
20 178 80
844 408 88
435 857 67
292 726 23
168 457 81
686 1105 16
1068 415 86
45 650 80
405 711 14
577 412 69
435 226 23
1040 364 87
1032 821 99
675 164 66
717 457 100
177 868 80
834 57 73
688 891 87
418 176 69
1069 1145 79
1111 445 82
1017 752 60
670 517 94
64 169 89
113 715 100
817 399 97
131 1076 39
680 473 40
145 88 77
713 512 22
16 824 10
662 795 47
407 392 12
379 795 16
364 890 31
884 853 30
655 136 62
1120 1030 93
302 377 22
864 956 82
436 462 40
757 1058 44
1114 731 48
878 544 90
1028 1114 88
278 687 68
781 137 100
227 788 16
1045 531 43
246 228 51
523 67 64
636 1007 49
1052 162 38
746 833 43
743 963 72
352 414 91
842 958 78
1064 916 28
108 690 47
1085 746 80
372 799 12
808 720 35
1007 448 92
229 780 72
669 839 72
444 568 89
780 171 10
819 557 26
300 733 14
0 457 66
381 1022 24
1107 162 90
920 957 100
596 434 14
359 1138 33
706 825 58
1083 526 86
3 757 22
614 1000 83
982 1134 15
111 1047 95
596 662 67
730 803 76
434 174 22
588 629 31
136 578 73
68 103 69
1083 194 77
765 568 37
775 156 17
815 1061 48
531 809 51
1113 958 68
291 344 50
564 1009 39
8 20 55
270 935 71
1023 130 76
875 809 76
609 696 30
541 202 71
679 330 58
1131 308 36
198 628 52
669 248 98
334 975 73
1011 75 12
578 1142 96
634 985 80
105 609 52
123 98 93
787 360 44
204 1115 25
390 212 93
893 328 26
867 816 64
653 1088 75
1157 74 81
332 1141 30
134 461 12
1147 321 42
1020 715 30
90 328 54
291 190 11
1135 341 33
687 371 17
640 132 77
82 762 60
225 256 63
1054 519 22
452 289 38
209 1078 88
1080 953 84
234 599 15
885 65 92
248 730 85
193 926 65
303 75 30
196 84 96
1072 1076 61
1065 830 59
371 563 30
709 960 13
615 593 77
1065 787 45
25 337 67
952 82 48
852 267 37
144 932 29
243 293 55
511 232 56
1007 1151 56
694 269 44
41 979 41
385 488 31
15 706 33
595 517 40
854 401 87
761 643 38
219 612 72
338 1061 11
863 1076 43
654 672 18
613 693 88
1143 877 68
475 425 15
319 653 44
554 602 30
222 665 53
271 527 85
903 904 60
177 53 86
447 883 87
664 827 47
278 920 73
244 552 46
1001 852 61
506 270 30
145 786 12
704 835 17
489 325 44
659 428 92
611 914 55
821 591 43
346 854 11
982 815 81
839 1054 54
619 71 15
179 989 22
346 604 46
799 1044 73
189 415 72
157 845 83
737 745 63
454 15 37
1121 302 19
918 599 73
584 6 25
949 574 64
1052 1084 15
290 164 19
660 186 23
1121 805 64
211 520 92
155 357 59
1070 941 81
1108 1123 45
143 243 26
288 1117 98
11 775 64
949 1136 20
938 407 60
874 162 52
721 1 43
477 1103 16
588 300 96
697 915 99
99 661 91
480 538 65
419 169 73
1098 101 73
180 812 62
712 586 64
175 870 48
200 546 62
581 954 61
453 391 55
348 1061 56
962 910 26
98 484 85
850 616 71
992 1149 77
403 452 23
268 469 12
1090 543 14
582 872 71
596 453 88
197 346 42
971 319 82
51 565 59
704 246 89
1088 167 68
982 588 73
97 1024 16
1017 1048 11
333 178 17
344 1027 71
876 815 24
406 823 93
630 996 38
58 1148 19
80 637 98
979 748 37
266 788 16
598 247 41
106 272 47
247 274 81
899 475 33
391 453 13
344 538 77
311 20 14
1022 1068 56
376 169 19
477 384 13
729 151 56
95 1095 70
149 1087 66
354 601 73
307 1147 82
778 982 70
1120 221 49
582 899 83
0 932 42
525 1049 85
386 395 84
1156 671 35
398 465 52
724 894 55
701 262 20
779 542 13
859 1058 40
683 982 41
125 685 45
908 275 17
847 1139 20
1039 378 98
550 52 46
434 933 12
1156 424 98
97 1097 42
57 553 79
594 698 23
216 281 27
99 835 50
187 724 19
384 38 94
1019 979 47
138 646 92
321 1152 91
513 731 61
524 784 41
572 502 97
126 373 18
636 894 53
951 277 45
876 444 13
514 478 54
1041 718 49
990 343 19
824 345 60
61 653 14
1003 732 97
1120 756 74
464 683 32
410 49 47
1 929 18
373 362 21
411 504 37
495 662 17
346 832 81
818 862 69
344 217 70
618 258 19
719 81 74
634 690 24
990 15 94
850 795 75
271 669 48
379 568 48
896 569 71
88 1129 22
169 1038 74
620 1125 89
963 712 56
1048 775 44
156 426 49
41 505 32
940 211 28
577 302 38
534 1069 51
699 827 83
702 648 25
1083 840 88
656 342 98
865 1140 88
118 926 77
502 45 25
319 507 37
778 855 84
263 798 48
540 409 11
294 40 17
705 143 68
367 710 15
84 572 47
346 699 13
723 442 55
1086 765 90
281 265 24
945 584 73
859 71 49
317 1003 51
805 89 71
102 786 30
1052 1082 67
163 862 67
838 747 24
923 497 89
879 847 23
1152 163 39
1115 424 48
967 1118 81
194 402 65
485 206 70
840 72 100
693 214 100
664 1156 99
77 1021 33
612 693 42
188 603 30
601 437 98
353 580 74
371 1083 88
487 917 99
829 1135 38
212 415 94
770 782 73
936 1022 78
644 723 15
1022 771 77
68 1075 100
726 510 45
8 209 92
410 517 34
529 997 55
836 804 24
581 85 40
967 729 23
221 121 93
245 915 76
593 1023 47
72 684 66
453 931 28
430 180 48
860 668 39
286 944 48
63 360 22
185 23 83
115 542 81
1050 209 15
354 944 13
630 94 41
844 857 28
840 615 86
1102 180 48
710 914 30
54 718 88
1096 899 21
303 148 66
662 947 19
110 1009 75
1138 371 62
931 875 63
249 447 37
170 942 40
389 1102 32
845 398 86
575 940 89
110 825 99
718 1058 100
326 199 42
625 733 47
716 248 79
141 509 89
222 274 79
529 882 52
207 94 45
407 657 83
86 1130 78
1061 790 62
1134 85 72
656 652 86
291 988 20
1074 875 39
428 983 65
1149 86 28
279 736 24
997 816 63
614 445 27
322 719 13
193 817 54
105 241 95
292 707 10
138 934 74
749 1118 74
989 60 38
0 180 60
456 856 63
787 399 54
693 121 42
703 947 52
629 1091 74
413 535 62
367 337 50
1012 317 47
924 181 54
369 288 53
784 455 74
1132 37 79
926 87 96
1097 601 51
837 707 85
728 758 42
941 429 85
859 1160 82
892 692 37
506 466 24
429 1069 50
357 281 75
1073 933 82
696 1001 61
1090 337 45
139 530 86
766 185 55
9 560 45
97 308 47
310 809 71
112 324 97
352 353 31
525 522 93
1150 475 38
232 979 42
745 107 38
796 955 35
710 315 47
736 443 47
768 116 76
835 1006 63
913 824 38
670 565 36
221 209 90
432 751 42
960 480 68
419 389 34
507 225 31
468 65 44
513 99 86
326 387 54
584 491 98
443 159 62
1031 1049 20
456 42 78
530 190 98
249 834 90
420 438 37
612 745 34
852 704 44
581 289 68
344 1060 47
432 238 81
249 440 54
570 594 69
647 646 27
347 1156 69
565 401 79
1038 618 77
63 627 62
1105 0 45
369 349 80
459 206 24
1090 334 77
353 626 88
692 415 94
668 151 51
973 921 56
264 285 50
319 80 44
1002 838 29
930 882 14
93 50 55
289 792 11
336 1155 49
196 980 65
176 786 43
948 560 75
995 231 35
102 441 30
267 371 71
732 254 40
663 619 75
644 1037 32
648 842 13
14 376 52
142 334 27
1052 1025 16
170 643 62
400 444 47
403 865 55
472 503 35
300 1001 77
75 298 12
1124 424 73
82 475 48
651 586 100
901 5 94
735 369 18
669 634 83
922 485 24
967 92 38
991 167 80
38 332 85
97 617 90
143 1001 30
205 769 55
342 962 20
914 569 78
1006 530 26
1098 71 13
1098 19 28
1126 1041 12
131 137 85
279 770 26
744 426 35
1155 344 62
945 485 17
75 708 54
936 750 10
289 1006 62
333 669 43
314 806 69
254 121 19
202 1127 58
132 472 47
1028 1084 87
348 591 70
395 491 11
504 1053 93
228 477 78
1128 443 47
1008 360 88
529 860 33
543 939 17
143 620 97
998 43 14
89 163 46
1145 1112 29
1127 206 95
761 578 92
200 640 99
765 775 99
429 884 37
880 982 22
544 349 99
690 856 46
137 729 10
739 742 83
531 926 48
978 1036 81
396 162 88
305 65 22
219 424 30
893 1018 81
967 755 21
339 835 77
331 689 100
1061 5 68
961 623 45
1149 644 98
264 639 100
953 796 15
410 330 91
845 975 36
1148 166 13
22 1099 52
35 505 55
524 33 100
1023 75 85
203 35 93
767 47 24
512 912 84
306 450 98
404 655 14
1161 316 87
1078 1033 25
182 40 43
936 149 14
269 1040 79
337 445 48
755 823 94
160 957 37
86 599 34
49 478 93
330 940 86
879 390 34
138 499 38
325 929 73
1084 551 19
612 708 99
656 823 13
401 25 30
375 1081 56
140 130 70
650 304 31
153 1005 19
317 522 93
892 618 62
454 642 59
269 473 68
353 1077 71
351 684 40
68 265 49
717 68 75
795 673 13
726 860 74
475 30 78
291 495 18
935 805 99
556 440 27
370 417 49
739 1117 27
705 1114 57
957 259 91
39 0 48
223 633 15
923 1116 100
585 142 27
663 266 62
251 1044 33
1106 610 73
935 425 85
928 228 99
899 708 97
138 595 21
142 518 68
444 652 74
339 730 31
268 939 73
831 947 31
476 382 81
895 1117 58
838 1066 97
723 747 34
1005 603 40
696 578 68
431 1022 16
93 769 42
936 923 11
168 1152 78
90 857 20
537 1015 95
860 679 96
774 438 30
205 540 82
412 387 75
48 1051 96
423 1117 21
1029 296 96
632 182 62
776 440 70
96 243 21
430 264 64
1049 487 31
759 310 12
705 674 17
614 908 45
740 969 39
763 312 36
1149 873 78
909 359 20
623 699 22
287 1108 27
492 825 34
672 939 17
816 980 54
1009 951 30
416 866 82
802 963 97
813 531 81
976 634 25
562 122 79
1017 1146 64
898 648 90
87 645 34
341 901 42
458 603 26
49 794 50
113 123 23
1147 319 50
129 927 37
751 561 85
864 238 59
623 1026 47
221 555 20
40 332 11
176 737 22
771 805 70
922 420 44
1111 162 10
1117 836 27
172 139 53
789 448 28
765 1062 61
158 971 99
717 249 76
7 628 12
644 249 38
866 176 98
378 885 52
286 270 53
584 375 74
1044 820 91
158 79 82
389 413 25
320 841 71
914 201 57
682 481 94
511 1146 76
804 414 45
491 276 80
856 415 37
994 727 87
171 6 18
381 829 65
38 814 22
102 924 81
1056 236 43
188 902 16
685 142 46
945 516 24
991 948 69
852 1008 88
676 788 36
18 633 66
734 55 93
532 300 34
665 164 15
678 543 93
227 789 39
332 912 32
517 669 70
403 216 42
514 321 63
1067 560 81
877 267 23
184 40 16
962 459 89
551 296 36
1090 823 78
1034 1013 64
327 440 39
149 829 47
929 1133 46
866 640 84
307 1067 50
1159 43 46
415 565 83
1065 587 100
830 824 95
1087 604 77
684 987 28
381 665 79
947 761 10
25 441 61
375 453 69
656 1102 15
1000 83 12
19 1012 57
187 918 80
872 1035 24
1037 494 45
7 770 74
543 1088 77
370 195 13
337 528 38
644 780 65
843 889 31
538 32 87
309 262 46
53 135 82
1117 609 34
1014 1028 92
326 1064 45
621 543 53
274 225 77
402 1038 71
992 515 44
1084 151 71
625 942 25
933 924 95
834 919 76
940 622 87
253 286 20
1139 543 52
1018 204 25
488 839 82
699 319 77
841 221 20
106 440 23
590 1081 19
138 1023 34
493 345 78
435 62 21
317 848 67
696 300 24
193 1015 18
1136 36 26
831 327 82
427 1158 10
1112 926 73
1130 1146 22
1044 350 52
443 252 13
917 352 17
576 78 90
134 367 57
1134 1109 43
63 1157 91
915 981 42
34 162 19
151 664 24
138 460 25
575 787 10
1006 357 90
479 234 23
628 197 45
35 837 21
331 682 10
519 750 48
41 758 45
1100 879 10
465 574 94
889 158 66
819 475 38
545 717 35
1137 64 27
685 1063 87
128 471 21
607 279 77
194 707 43
399 596 53
322 2 26
192 579 83
370 48 62
240 615 74
616 826 71
499 928 74
537 934 93
513 626 40
1034 417 78
1133 1059 95
830 530 84
982 849 17
790 665 24
295 325 90
133 248 72
335 95 71
723 294 80
888 220 66
1072 21 14
490 771 54
2 1049 26
1141 395 85
831 56 34
910 611 93
429 995 18
253 738 41
649 1020 33
571 637 86
881 420 97
487 689 76
1101 235 58
495 733 60
1085 669 50
385 263 69
600 917 70
980 124 83
549 90 22
618 956 31
259 874 56
81 47 38
1016 73 69
793 890 19
735 857 13
542 663 62
129 249 67
170 496 48
637 44 77
968 699 41
505 654 43
1095 9 75
403 236 57
305 531 33
1111 436 12
259 1041 48
503 236 78
828 226 32
831 584 28
756 377 22
1129 248 36
632 966 74
547 1158 69
474 354 54
63 97 56
192 895 69
255 669 53
946 1115 89
608 983 56
921 778 57
839 170 84
426 247 77
544 1023 93
37 245 53
686 344 35
209 1082 71
843 1021 61
1111 280 26
411 377 92
554 277 77
607 505 61
504 326 81
540 447 93
689 241 89
843 1070 66
927 38 69
312 960 79
257 632 98
685 1050 58
593 232 100
817 493 94
525 1161 24
108 586 64
380 164 65
888 377 17
76 411 10
664 480 67
825 390 39
420 718 28
369 510 87
198 716 21
782 992 65
1041 55 19
207 675 36
677 360 88
525 1154 64
1082 526 66
374 756 89
390 372 55
2 140 40
253 142 10
950 335 64
575 117 52
348 756 70
191 482 46
727 450 49
181 205 76
1054 223 95
695 407 43
601 707 56
834 735 58
149 1041 68
705 691 58
551 429 74
918 964 29
184 1121 99
117 854 34
814 8 93
602 903 98
102 919 71
465 1159 30
1017 160 41
48 882 86
82 69 45
979 959 75
1054 1093 73
461 1023 13
483 444 98
593 485 75
908 75 86
632 445 28
551 941 97
419 1097 80
440 495 88
793 317 75
990 668 28
691 514 85
276 112 52
1032 577 10
321 1029 82
946 1029 86
399 127 15
545 977 29
61 765 13
836 252 17
315 994 39
304 1114 63
465 651 17
743 1011 32
76 424 43
992 229 69
835 1018 56
404 369 35
250 424 40
965 379 66
834 755 81
795 579 92
980 148 25
646 1066 95
192 1085 87
528 341 70
296 278 68
61 1087 28
203 623 87
819 145 78
245 265 44
877 830 68
1108 129 47
841 921 62
621 405 24
567 1122 99
120 750 38
971 983 29
845 954 32
103 201 40
439 143 25
24 236 97
1014 85 94
982 936 88
475 986 63
956 291 19
441 572 69
1125 975 59
219 541 43
644 1121 32
923 85 84
501 649 19
156 554 68
1032 705 67
43 365 97
1121 442 75
3 1036 29
1145 648 18
134 843 89
442 676 72
651 294 70
55 540 93
442 874 98
1131 279 55
691 11 19
1072 937 79
49 85 56
265 6 66
714 437 98
255 375 22
1067 297 57
1067 1124 46
84 1075 47
616 114 87
815 570 50
860 9 100
651 90 55
544 385 70
610 668 92
328 846 32
1094 885 50
977 989 75
312 407 91
510 728 70
516 141 81
816 1069 26
747 791 81
562 193 63
252 1156 95
725 1152 37
49 865 74
145 468 87
473 804 60
494 894 54
55 501 91
194 846 65
253 276 53
776 925 59
453 251 96
363 1131 53
1112 919 34
1014 145 37
717 239 31
221 489 41
40 97 98
1137 131 39
667 778 28
222 1091 88
172 163 65
1006 1094 30
217 535 95
440 1115 26
444 568 53
688 51 37
362 715 57
1039 1012 73
286 66 18
987 94 66
898 622 11
424 932 27
605 528 46
948 26 38
260 806 40
440 1155 96
944 352 76
554 761 17
852 465 36
540 772 70
387 482 47
988 1156 76
241 865 88
668 405 65
1108 927 43
678 276 27
655 581 19
983 783 50
331 600 47
202 236 90
929 1059 72
1104 113 98
424 751 57
258 773 97
302 906 42
885 1115 65
908 594 80
342 722 37
355 1089 91
980 1147 42
497 571 91
39 707 97
50 1067 65
130 855 11
687 496 96
773 943 100
330 1066 98
566 754 62
656 1044 57
1152 1083 18
557 789 25
873 1142 15
910 507 51
235 361 74
1007 710 34
870 108 33
731 436 43
287 415 49
1129 876 68
572 558 76
603 186 93
1115 389 34
1075 977 11
883 3 10
273 791 15
862 867 19
545 534 89
1094 975 12
1065 514 16
139 249 98
446 306 47
29 81 19
960 840 27
446 134 23
36 53 74
271 573 89
1119 198 47
60 357 10
130 517 74
655 787 83
218 460 99
255 81 100
833 773 10
370 1151 24
707 844 86
160 682 12
990 543 69
319 883 69
737 1114 85
817 190 20
557 386 22
811 1012 89
184 965 49
1107 884 70
902 936 80
132 1002 21
870 497 78
444 1066 13
444 1036 42
466 90 81
1103 604 26
1018 670 84
80 239 40
843 790 90
322 539 16
684 559 21
1143 843 51
302 682 36
443 992 14
201 428 37
61 1149 93
128 928 25
112 21 20
1043 321 77
597 524 33
746 1013 73
187 417 82
822 689 58
696 1143 83
866 1044 34
945 733 76
222 401 23
173 270 59
543 994 19
543 648 53
170 1110 19
452 519 48
739 552 97
776 245 62
236 556 59
873 63 49
319 1001 73
1064 742 100
272 794 98
622 1091 78
1026 715 82
547 698 84
707 99 62
797 1126 72
69 673 84
1007 618 58
173 989 52
44 733 52
679 300 29
653 464 16
22 709 68
606 882 50
593 1072 15
319 156 19
380 275 97
426 169 96
57 336 97
620 826 11
392 1077 56
490 199 32
67 400 45
769 955 22
344 1027 24
830 12 29
168 770 77
481 878 24
874 861 83
338 12 80
129 316 41
910 1 10
940 152 74
365 12 64
102 160 72
691 77 22
324 648 21
981 902 28
567 859 50
51 575 62
200 981 20
1120 897 27
332 407 53
1134 955 70
107 230 39
545 729 33
1158 775 86
633 924 22
771 171 90
866 883 48
1068 315 86
337 1142 83
832 131 76
228 372 47
1081 362 95
795 272 79
1043 672 19
246 537 92
381 579 67
36 1011 86
419 322 19
817 507 71
227 610 79
408 473 70
833 777 79
764 921 36
488 1058 58
1050 657 87
527 116 83
232 416 58
731 935 77
674 396 67
419 921 13
1120 1027 90
904 1130 64
1035 833 76
954 49 47
138 561 55
316 53 78
503 373 96
149 979 91
595 1146 51
712 440 26
87 1072 50
1057 631 30
1062 186 65
98 1103 67
839 169 64
161 502 78
437 918 24
960 389 98
118 1144 76
697 446 55
766 759 62
731 773 91
97 1034 22
28 838 12
868 466 45
590 361 33
592 751 43
1154 292 80
1026 191 39
839 214 90
149 445 63
138 421 37
243 661 39
1106 85 53
325 77 11
217 800 65
87 404 54
898 875 13
653 1032 54
577 220 43
789 222 90
1159 503 48
936 425 58
856 361 45
836 1003 42
711 195 74
226 778 20
1115 387 32
92 1101 98
102 6 44
589 34 22
980 116 69
778 1067 33
433 594 62
631 1091 64
501 305 33
145 759 58
266 704 26
785 722 73
392 171 93
236 466 39
879 1049 88
672 540 23
837 607 61
520 209 35
1109 666 29
1124 580 88
654 101 85
452 975 14
482 148 36
223 389 80
54 603 51
619 1049 83
155 865 32
198 387 72
205 644 40
961 652 11
496 991 95
987 1104 21
769 552 81
44 493 78
449 616 65
439 158 60
180 799 96
958 80 85
1115 57 48
738 782 78
483 714 92
0 298 66
492 1151 25
784 789 43
288 437 34
706 1098 32
282 823 36
109 213 31
507 514 11
30 34 10
766 761 83
289 107 43
909 367 32
1036 780 77
273 412 26
949 404 52
356 977 30
686 532 73
297 709 80
21 716 62
223 382 37
795 896 86
719 1016 96
189 138 82
298 1159 98
1045 863 36
816 3 34
937 225 21
89 532 42
600 165 37
999 513 68
857 893 71
231 607 84
963 599 97
763 245 36
691 982 46
418 382 13
928 961 52
702 978 47
484 560 13
1028 237 71
806 1116 41
490 892 68
448 820 81
837 298 62
42 26 40
848 439 52
3 677 100
240 1117 35
1137 684 25
201 409 12
128 653 97
1118 847 42
309 40 23
583 237 46
421 1052 18
89 743 87
205 427 72
639 861 92
1104 822 66
170 690 41
671 912 82
649 895 30
325 799 62
442 1093 30
889 963 100
263 655 31
973 755 73
233 643 33
433 1024 93
81 234 31
648 622 54
55 762 86
802 1091 86
570 1069 55
729 351 69
274 986 21
192 466 72
387 340 11
842 544 13
733 510 57
157 1079 94
87 680 30
1049 441 48
896 948 29
700 781 58
100 916 31
1130 1132 25
161 888 62
79 46 86
844 436 44
904 737 57
555 402 21
657 56 99
497 1050 38
656 770 96
783 24 89
301 1008 38
918 511 13
593 8 30
1081 232 95
959 688 92
393 590 54
1160 927 11
270 187 73
473 393 97
432 942 61
68 139 61
997 162 67
451 680 15
83 642 98
256 544 98
116 1097 94
851 1112 37
634 209 14
395 1 49
81 924 45
314 408 94
244 1131 17
53 1106 17
467 17 46
404 597 15
364 1028 89
478 92 63
304 213 87
777 140 74
615 1005 15
464 1148 73
870 623 20
19 204 64
265 1085 27
747 57 18
307 955 24
685 596 14
224 96 23
408 35 40
254 839 71
447 974 13
1010 421 18
287 503 68
1155 785 73
573 581 21
1121 548 21
297 304 41
570 285 61
94 665 96
310 984 95
537 1054 21
87 973 18
431 1125 69
467 1015 62
971 908 32
905 379 31
1073 44 92
94 1079 43
859 570 53
579 434 48
553 711 64
989 1121 18
203 721 92
440 1138 61
856 861 48
474 309 88
1086 643 87
985 47 30
331 795 23
614 740 60
667 517 10
538 141 34
45 766 78
677 300 27
1088 50 79
247 795 52
736 1022 86
91 946 87
1156 214 69
196 748 59
927 536 46
577 687 89
1111 916 71
162 541 26
1095 405 21
715 359 84
295 107 46
564 624 92
639 558 31
185 660 67
923 1065 17
750 769 90
420 1042 60
903 965 22
218 292 33
750 168 93
116 633 68
408 45 25
139 491 34
96 837 61
423 440 31
1159 515 29
1035 873 62
252 840 18
507 474 96
6 976 64
793 833 76
228 970 25
1066 926 56
790 369 96
513 79 87
693 412 68
643 956 26
776 763 51
185 844 74
347 317 48
166 1131 20
1134 642 61
545 660 55
623 789 79
480 1159 39
288 738 90
1120 325 84
394 863 56
674 659 82
55 516 100
576 1025 34
397 62 18
11 555 28
987 955 60
176 1149 73
803 423 44
885 708 38
232 207 62
292 840 33
167 98 22
936 958 66
747 97 100
294 974 73
150 1115 24
769 714 50
575 35 83
928 1052 45
735 711 88
655 429 50
795 165 16
94 765 37
178 1077 99
122 1034 36
1142 61 19
392 950 97
216 436 46
492 780 40
1014 79 74
929 960 80
877 230 60
113 727 58
1015 599 96
247 46 51
118 854 56
832 469 17
903 757 92
421 58 58
206 677 34
169 793 34
1032 651 47
733 156 68
46 1017 75
675 572 40
525 820 71
361 46 57
52 638 23
1005 933 43
1046 253 38
5 672 68
1015 800 32
188 133 57
582 693 75
603 597 76
91 853 34
51 659 46
815 1121 42
442 614 83
598 429 53
826 984 84
812 182 30
67 795 59
130 392 23
1077 213 17
564 445 65
807 1034 47
432 589 30
106 627 13
1072 70 26
419 764 45
1083 678 51
616 1112 52
414 952 28
122 1157 42
166 1116 73
1131 1042 87
949 819 43
185 256 13
466 372 91
306 812 21
762 187 45
548 543 98
1064 312 38
736 704 64
275 547 23
136 367 72
301 212 62
551 1086 21
243 391 83
399 73 16
831 645 77
1085 462 37
925 745 30
774 1107 20
630 364 57
100 1144 23
1133 339 45
943 357 37
1105 771 87
292 81 18
278 1089 49
723 216 54
1123 1090 92
986 560 97
605 181 29
368 957 66
956 1152 81
185 514 79
606 635 68
996 248 48
342 990 56
56 201 13
1094 8 71
729 651 66
917 726 98
56 396 95
251 467 34
1112 377 17
245 651 73
934 848 30
1132 75 45
360 788 23
54 255 55
96 54 74
808 983 68
652 623 59
176 18 50
342 921 55
1160 182 38
1056 713 90
944 42 82
391 41 11
1042 1032 88
631 377 10
243 742 88
528 333 99
315 876 29
433 482 30
997 1121 57
1062 767 70
1012 730 66
7 232 49
353 1077 91
1077 465 25
563 1109 23
364 183 87
685 76 48
146 822 83
482 682 84
841 612 40
41 1150 57
1155 860 43
124 673 62
134 1053 100
155 356 50
293 217 86
369 536 30
654 597 83
965 553 72
529 1026 96
156 541 68
58 399 90
474 271 23
926 251 46
174 434 55
541 212 84
347 888 56
204 872 60
404 1101 12
137 345 58
620 335 94
77 113 44
837 223 80
571 205 47
21 527 11
3 1127 99
415 5 46
1042 649 25
1112 772 51
893 735 91
380 452 79
486 495 13
950 581 34
177 839 51
722 550 54
457 585 64
334 850 52
123 129 76
50 415 53
659 800 27
259 444 42
833 884 36
179 542 14
1105 555 13
490 641 22
694 56 14
1081 363 99
424 558 67
650 216 56
392 1086 21
1128 291 25
427 45 24
613 16 69
737 1054 84
575 829 71
820 477 43
399 1102 95
510 1009 38
1091 13 78
750 267 13
187 584 80
963 911 21
172 834 44
966 708 91
638 971 23
54 1130 52
928 50 10
141 385 70
854 423 15
553 1090 41
855 708 39
19 95 66
385 759 46
1160 392 97
476 988 53
743 41 74
1071 481 78
610 208 48
569 124 54
123 899 89
256 13 90
493 286 31
3 1015 85
648 280 93
1139 104 84
1143 1036 72
91 340 94
473 172 93
486 366 69
1052 698 24
138 624 57
1039 589 47
1097 310 91
123 17 97
64 372 20
943 477 35
35 354 80
479 112 19
1126 72 61
841 9 80
263 154 64
894 408 54
977 653 14
239 556 60
83 564 85
946 1139 38
126 985 66
419 932 42
933 549 97
627 241 62
718 199 74
1074 793 39
342 1048 94
909 1089 83
982 1086 13
592 867 69
911 415 65
358 45 65
429 1084 88
988 858 88
696 1033 57
747 298 45
1036 843 68
262 1001 98
997 712 70
534 1153 48
576 653 21
994 983 65
28 879 39
874 679 63
551 404 26
409 611 40
918 92 51
454 319 12
75 1130 84
632 88 35
401 121 44
424 1090 37
904 574 81
758 392 10
175 559 43
772 732 23
533 739 76
700 691 89
1062 943 50
799 112 35
1034 697 22
803 849 10
725 968 42
1081 504 71
37 989 41
97 1009 16
317 324 17
645 559 35
92 443 70
860 214 100
320 133 62
221 404 63
749 93 89
795 590 95
547 754 38
1083 1062 42
988 47 79
43 49 54
135 722 16
949 512 28
1074 789 11
530 1156 54
122 631 58
560 927 37
580 729 62
586 1125 21
704 689 97
976 806 31
262 698 71
298 946 73
643 926 21
1086 602 82
385 138 33
742 1029 87
604 532 54
56 451 67
126 1119 32
224 521 36
926 819 68
509 1158 34
569 867 46
9 171 64
202 857 69
993 208 61
357 1038 85
38 1000 32
261 645 69
67 1036 45
775 687 76
634 322 66
45 788 43
458 995 86
16 314 44
372 98 71
346 850 88
983 1025 36
335 345 75
145 245 60
583 581 54
975 747 58
3 1076 27
592 585 74
734 520 48
490 1001 31
712 169 51
735 61 81
640 1083 77
622 343 98
266 228 20
589 832 90
73 1125 57
687 992 53
969 191 24
1100 590 86
46 125 15
639 866 46
468 112 15
718 668 35
67 659 46
744 979 33
683 165 28
33 276 57
747 1080 28
194 552 23
431 181 78
276 497 100
644 606 24
809 128 69
248 127 51
1016 959 86
741 669 51
630 566 28
226 845 99
320 453 72
665 461 42
1102 1130 82
1119 145 36
241 1005 15
1027 583 88
459 821 85
191 394 43
238 844 43
300 338 25
158 1029 65
653 1113 99
1157 1081 41
529 806 88
970 555 33
745 1131 68
464 491 32
84 437 51
1109 658 34
385 444 91
336 1069 85
789 293 58
62 1087 27
465 324 70
336 224 30
233 1155 88
289 656 83
665 392 33
429 1083 59
1142 838 92
93 973 18
636 709 84
1117 728 100
30 648 93
797 750 60
1019 81 14
570 743 17
694 962 24
1052 308 37
15 324 18
172 487 30
121 664 62
592 895 18
398 980 85
746 264 64
112 548 61
831 219 50
538 947 90
353 615 65
427 59 80
516 339 31
706 1059 60
97 524 45
884 294 73
903 582 46
211 409 16
626 341 42
864 723 13
197 891 12
99 569 92
354 803 31
861 162 10
989 486 10
761 290 88
192 763 100
234 853 55
989 554 95
529 250 31
1064 974 59
544 1114 12
155 609 96
527 987 47
1118 485 31
842 746 14
168 378 85
670 632 41
56 233 65
658 492 66
269 1052 61
537 1160 53
511 1005 80
928 707 68
429 508 34
279 323 87
701 751 72
307 163 42
81 728 96
425 1039 22
182 691 79
356 770 56
650 753 17
367 703 98
714 644 51
1093 352 84
1078 203 11
655 172 95
273 89 92
235 402 41
266 1065 76
604 1138 69
582 251 40
1077 701 81
677 958 55
638 421 18
679 68 17
735 767 74
984 361 82
410 593 28
601 397 61
651 81 39
681 127 33
349 518 51
204 674 22
880 1078 59
296 540 34
348 891 28
550 436 44
717 152 58
722 291 24
221 1006 33
542 1139 81
859 69 22
549 1151 90
72 611 84
172 326 97
175 505 61
621 759 78
1085 439 86
325 390 71
161 250 41
1028 429 27
179 276 64
439 629 96
254 990 97
1043 130 97
905 941 18
951 90 95
729 19 77
746 839 52
609 331 25
566 1127 72
504 239 70
644 978 60
30 545 62
357 666 56
511 904 18
813 140 71
771 1094 50
190 63 42
331 1110 96
785 1143 27
1056 365 82
19 643 12
336 196 24
20 201 60
202 574 34
4 1038 14
832 455 15
1119 1092 30
489 493 42
417 138 17
252 1100 81
665 669 26
950 967 36
231 150 94
650 654 39
430 743 72
1144 372 73
694 446 50
1130 998 64
272 286 13
721 875 13
436 37 26
382 870 34
1159 1077 19
200 1153 83
615 816 58
989 1091 73
1056 766 44
547 947 54
234 1013 31
732 158 60
87 506 95
306 294 76
488 162 60
487 967 81
519 348 39
1095 1127 86
624 32 91
1077 817 64
131 494 51
1141 106 31
337 888 85
558 8 35
478 0 60
97 358 35
932 527 60
1150 229 74
497 336 42
671 666 77
940 1063 90
276 159 85
346 240 97
141 443 48
1005 628 12
134 495 22
65 452 43
620 696 52
183 1159 66
448 892 76
1056 486 99
1 949 38
419 813 41
124 986 88
793 128 28
161 1148 86
537 1129 28
538 649 90
766 129 24
324 339 92
965 1106 77
486 513 40
264 249 13
968 590 98
317 54 66
1029 554 74
1132 445 73
223 471 98
