172 8621
72 164 53
110 16 44
116 99 94
11 156 95
30 133 92
146 43 28
79 88 10
163 169 31
17 33 80
103 48 73
40 5 72
63 147 68
41 156 97
149 54 98
155 21 39
46 82 76
107 87 53
159 15 10
101 136 60
102 55 59
148 18 89
47 16 85
159 1 72
57 98 18
99 140 100
151 167 80
79 163 50
140 104 51
164 18 41
0 148 63
168 110 94
164 84 91
4 7 100
91 128 19
144 171 28
127 128 35
26 57 38
92 127 79
75 144 26
24 119 68
80 61 35
115 68 22
67 17 78
104 55 57
31 154 70
146 96 71
30 32 72
148 21 62
132 31 86
133 75 13
145 88 74
84 25 10
168 19 76
150 131 59
167 98 16
46 105 44
163 86 47
36 96 11
42 161 51
93 104 23
166 117 64
83 84 58
22 160 35
141 108 85
146 164 79
27 13 75
83 2 60
66 26 92
17 5 23
82 47 57
138 137 82
5 18 76
120 29 50
73 132 45
60 81 13
119 56 23
147 106 93
107 116 89
147 123 20
66 21 35
154 36 35
112 135 53
90 38 36
80 22 96
60 165 11
135 76 16
108 30 95
66 95 36
86 104 57
78 58 75
96 145 97
34 100 68
166 42 21
161 77 44
37 104 26
91 75 95
123 128 97
91 118 38
169 133 20
9 165 56
150 76 13
58 128 18
84 43 66
163 14 98
81 31 20
22 84 51
35 135 94
73 157 85
107 54 28
131 17 25
54 167 61
113 93 85
28 53 55
76 161 22
171 154 97
117 35 93
116 77 62
156 11 93
46 162 53
49 92 68
137 129 55
25 7 12
75 81 62
27 106 64
129 151 92
36 151 94
71 150 71
16 7 61
125 33 55
115 160 34
166 25 42
135 107 63
132 0 95
59 61 19
92 143 64
2 0 39
68 110 59
105 156 56
120 24 49
13 167 98
48 36 48
76 80 63
118 15 37
147 121 37
43 46 96
162 15 57
91 64 49
119 80 48
64 155 46
16 73 69
52 109 72
63 160 30
127 37 50
144 113 76
45 118 55
24 155 69
32 161 13
85 171 12
73 8 59
86 34 93
131 109 49
110 92 51
42 160 78
61 117 20
164 115 90
96 135 66
143 137 54
138 34 42
1 71 71
15 108 90
115 53 51
131 58 44
63 149 47
9 103 26
33 80 18
104 73 94
2 164 35
57 155 45
143 52 41
166 12 26
0 98 50
170 125 92
23 140 72
31 120 30
165 25 92
28 73 50
28 85 31
82 62 78
113 100 26
17 104 14
62 3 27
10 138 20
167 56 67
153 100 27
161 108 50
85 150 92
59 134 96
115 145 36
21 28 22
162 170 48
58 129 60
48 144 20
137 12 56
47 57 64
62 117 60
166 70 76
104 46 16
110 141 31
117 130 46
46 30 60
132 86 10
127 76 23
68 171 36
108 16 37
146 134 92
167 95 84
138 72 35
164 107 68
115 84 67
80 100 89
21 92 79
170 67 99
23 85 28
24 137 23
49 56 69
51 153 95
76 67 60
37 132 44
147 108 65
43 115 42
129 61 14
115 51 39
106 24 89
35 164 72
64 150 52
138 121 64
66 35 88
115 12 62
22 24 72
167 134 44
109 24 36
153 116 34
7 78 66
89 47 42
127 78 59
73 69 23
138 8 69
133 49 97
42 74 77
17 84 18
79 168 63
6 105 62
20 0 14
53 11 74
96 122 49
64 38 59
45 91 86
21 75 28
101 95 49
17 64 70
49 51 56
28 110 26
28 99 100
117 141 32
114 32 40
32 151 49
98 40 37
163 101 75
35 4 88
64 5 48
29 138 64
92 55 65
105 47 92
57 93 55
150 40 10
133 154 98
143 35 74
153 125 38
139 14 37
46 122 40
66 47 45
158 2 52
118 154 73
41 49 11
50 145 83
147 53 92
76 89 53
137 70 73
92 112 18
122 150 91
70 71 27
39 137 38
49 97 17
145 77 60
114 138 27
76 92 86
4 13 71
104 95 15
110 80 38
2 95 33
20 120 28
149 90 36
17 41 54
89 107 16
102 121 18
26 21 79
123 12 11
17 125 96
158 26 81
171 35 69
169 163 63
121 42 63
41 160 49
108 109 19
73 168 68
88 143 23
82 75 84
150 59 48
96 35 13
149 123 73
142 100 28
123 61 92
134 14 97
49 52 87
35 111 16
112 61 100
102 148 22
136 148 66
7 16 41
11 42 88
136 100 21
43 29 47
3 35 59
106 38 18
136 88 42
42 160 74
83 112 43
57 79 93
153 102 65
167 151 20
142 26 11
9 155 40
75 83 78
16 157 92
103 64 42
2 167 70
1 164 51
51 32 63
162 50 60
104 156 68
168 31 59
142 47 35
133 161 69
23 122 46
133 54 90
82 5 82
15 37 97
136 85 34
149 106 53
48 50 76
128 44 47
132 157 60
8 10 46
67 143 85
35 65 86
91 133 94
52 16 57
50 25 84
136 152 98
38 97 39
68 42 98
83 146 78
161 141 61
38 142 18
137 103 78
5 120 57
137 135 88
109 71 89
85 145 56
106 23 20
121 42 57
107 29 63
103 162 37
136 16 87
128 73 33
39 92 20
71 14 77
86 108 25
24 43 28
105 169 62
143 127 31
157 80 93
70 98 81
131 36 13
71 156 22
57 22 91
103 45 75
140 108 40
117 41 84
74 19 87
82 31 34
144 73 19
73 45 43
19 51 81
136 149 48
102 103 12
157 123 46
49 122 53
11 50 71
60 141 88
41 62 90
22 97 74
2 166 43
169 56 98
102 171 25
1 84 60
164 133 27
98 60 24
129 135 17
148 102 50
12 100 67
114 89 57
29 129 45
148 125 24
57 81 68
159 43 60
121 23 100
66 79 84
117 44 62
54 77 62
78 16 25
132 154 85
147 101 92
69 133 58
149 151 19
21 36 83
146 161 24
150 134 98
122 143 49
110 70 89
168 72 34
132 96 100
101 110 10
22 98 48
123 115 98
81 58 11
43 137 24
94 170 50
48 93 69
49 78 37
113 55 79
138 61 11
49 7 19
23 1 25
68 14 52
1 92 28
57 145 58
162 50 93
144 137 35
139 138 11
63 140 57
24 41 37
152 171 49
166 74 100
59 42 33
143 169 63
127 109 42
82 66 84
154 169 72
40 131 56
120 57 64
126 168 91
97 0 45
74 166 43
48 86 49
77 17 86
29 35 99
71 72 34
33 16 78
26 99 72
47 30 38
154 83 39
165 117 88
121 100 17
166 38 44
105 145 12
73 106 16
147 133 94
162 37 81
41 31 92
147 10 30
164 165 80
31 35 89
149 45 92
142 45 85
20 18 81
168 38 40
136 22 24
7 64 66
15 118 80
31 142 84
65 2 33
55 123 47
66 15 90
49 42 31
81 68 86
13 115 63
119 146 75
163 65 93
82 152 57
62 103 37
169 34 42
24 120 90
15 115 85
145 19 29
26 0 84
115 157 70
63 18 60
67 98 51
50 148 83
68 120 15
32 33 91
109 129 35
46 110 68
147 30 80
30 43 100
125 156 79
117 120 76
5 140 47
33 168 12
130 84 54
103 96 34
170 94 72
79 53 45
138 49 34
165 46 62
117 167 10
158 167 90
44 132 48
104 73 97
23 71 87
17 67 25
126 57 40
116 99 84
122 55 40
26 34 60
85 82 37
64 133 53
1 13 64
11 171 10
136 78 83
85 90 78
151 4 25
17 63 42
43 50 28
52 24 13
72 117 32
157 46 61
25 88 53
158 6 31
169 146 86
58 136 78
53 125 55
10 78 45
0 59 14
142 148 10
30 71 37
132 56 100
21 17 35
107 94 97
5 171 18
77 155 57
15 89 50
152 64 76
59 160 90
39 5 36
112 8 76
123 32 50
62 45 42
34 92 57
60 120 37
64 69 11
16 104 37
109 121 18
102 129 88
95 57 15
74 124 21
158 54 79
91 93 43
54 44 51
103 138 49
18 35 40
141 154 76
3 45 28
157 107 12
13 18 24
57 80 29
19 58 15
160 30 35
10 6 40
88 14 27
32 25 16
122 37 72
108 52 70
13 165 71
137 20 37
10 81 69
130 5 27
93 144 51
39 4 26
85 115 34
157 124 18
68 151 30
41 32 97
63 99 72
65 16 81
88 44 43
92 112 59
136 171 98
129 46 100
152 40 24
107 76 68
86 148 52
23 109 79
54 131 58
72 125 34
35 26 95
167 122 31
102 54 62
35 126 86
75 142 76
35 112 47
51 129 78
37 110 39
92 66 72
74 34 68
97 121 100
25 39 37
127 28 67
36 95 85
61 65 26
159 56 39
136 67 34
110 56 40
1 15 53
163 164 55
126 23 58
34 143 62
124 142 83
92 46 81
68 28 23
48 113 39
149 70 31
134 45 44
168 91 73
164 34 92
164 78 79
89 167 53
141 61 24
94 21 14
47 158 13
28 78 55
9 116 44
120 108 59
6 112 66
156 20 88
77 108 62
16 169 81
44 56 22
165 88 35
129 56 77
64 2 51
171 89 50
156 153 18
80 115 26
55 24 58
139 45 33
138 153 32
28 105 47
120 26 16
161 169 49
31 166 78
101 69 96
78 66 76
27 97 88
70 21 81
9 162 62
41 28 64
97 49 99
100 82 45
116 43 43
113 17 83
1 135 28
54 155 30
135 62 98
129 148 35
165 69 63
155 111 49
7 153 37
56 82 24
148 3 98
101 74 68
40 2 56
134 15 13
101 71 36
27 107 71
62 42 79
12 119 12
87 25 50
126 3 91
109 141 33
76 87 23
146 130 56
39 139 87
95 14 63
164 36 57
137 52 37
92 164 78
7 63 49
54 59 52
20 43 20
127 78 15
150 163 22
84 138 92
124 21 28
94 124 16
15 16 39
164 114 86
154 3 81
126 32 75
21 48 59
124 157 17
61 164 79
13 69 42
46 160 79
27 21 69
168 44 27
115 168 62
137 66 79
123 24 12
112 35 68
5 145 23
19 166 93
138 49 19
136 61 55
127 125 66
29 126 54
129 125 48
149 98 12
54 95 71
74 90 37
61 151 69
57 127 84
157 68 83
105 130 91
25 154 38
70 35 92
77 65 100
158 11 74
105 64 82
23 140 100
169 35 37
27 25 57
140 67 100
0 157 27
61 45 45
129 35 20
93 165 32
125 104 42
139 62 23
165 53 54
0 138 94
146 114 42
0 98 67
114 155 10
152 99 40
8 55 45
8 104 80
1 71 53
83 120 89
22 13 53
40 78 79
29 61 92
13 162 32
55 114 14
133 130 48
99 19 35
82 128 37
74 37 87
170 168 96
69 120 91
135 61 39
29 74 55
112 73 63
67 98 54
66 87 10
55 29 79
123 71 91
107 84 26
107 163 37
44 156 27
122 110 85
104 144 69
147 115 73
50 94 32
163 135 94
18 109 46
153 121 20
170 100 64
136 52 71
65 164 84
108 79 92
102 9 96
113 114 63
104 92 61
95 33 30
10 50 98
18 23 93
152 99 26
113 152 25
125 10 79
22 35 41
2 154 45
133 115 30
103 93 33
144 125 12
90 41 63
102 5 65
46 51 10
127 111 73
23 84 26
16 165 95
6 9 69
80 88 44
44 90 58
2 98 60
72 168 84
123 114 20
4 136 84
96 87 59
115 72 76
62 136 35
114 111 14
146 134 84
30 33 22
10 133 60
107 115 71
39 110 64
119 157 30
73 164 89
78 164 64
147 131 73
162 23 79
73 13 22
147 130 93
128 40 48
17 157 95
27 157 33
28 152 64
60 123 47
104 108 86
16 25 48
149 55 14
149 72 73
40 105 25
150 11 50
134 160 38
10 0 43
114 131 60
156 38 58
119 25 97
114 81 29
154 127 78
170 90 55
68 1 10
11 120 62
145 141 98
139 53 67
147 131 42
108 46 63
77 82 13
97 101 79
36 170 20
133 136 92
3 100 55
163 126 83
156 126 64
123 34 81
132 118 59
55 43 83
106 100 22
32 148 41
142 79 24
28 81 75
114 51 31
85 60 70
41 17 92
167 24 19
79 75 42
120 11 19
138 144 55
5 155 88
12 171 43
122 35 86
39 102 75
37 59 68
51 114 12
77 113 61
81 142 30
140 93 35
68 39 74
15 141 43
35 68 16
158 13 46
166 19 89
145 80 93
145 44 26
32 122 27
12 125 11
135 18 40
58 20 86
20 71 43
22 49 99
70 137 68
95 97 35
33 27 38
141 122 86
49 21 64
105 13 85
103 91 93
157 108 60
30 50 14
69 110 53
28 22 67
54 110 87
140 112 73
150 15 98
29 114 94
19 130 90
122 126 67
167 128 13
80 104 42
0 40 100
27 139 16
111 45 28
92 45 28
59 9 65
53 74 92
136 40 34
51 41 51
71 163 74
8 11 66
171 86 84
130 115 75
111 95 36
136 67 77
101 117 70
80 51 27
31 48 72
167 142 63
165 34 38
143 146 35
22 130 88
18 152 87
90 75 29
117 99 57
127 128 64
50 148 53
171 40 26
77 55 79
112 138 97
86 12 21
162 42 93
81 131 35
116 94 37
128 136 30
20 151 22
20 127 82
145 25 48
170 80 39
39 29 63
116 8 10
29 56 87
128 146 41
107 16 69
72 58 88
53 26 45
69 37 52
80 127 11
54 88 73
90 15 93
14 152 93
134 19 55
157 133 100
48 80 75
98 89 13
131 146 78
70 157 29
104 82 20
83 29 45
126 115 85
140 46 63
130 76 100
166 148 48
41 10 73
93 104 40
145 80 93
72 153 21
133 0 10
16 127 82
47 105 40
13 48 77
113 38 16
2 119 29
26 69 56
94 121 10
80 99 15
153 159 99
28 18 42
142 53 32
109 52 57
87 8 79
80 151 14
101 53 93
134 55 40
120 50 35
105 85 41
163 114 64
126 48 16
111 148 57
15 108 75
64 36 44
100 149 14
5 108 28
126 169 41
141 127 65
48 72 91
93 34 75
151 5 31
110 32 85
24 167 30
95 62 18
67 8 30
170 22 32
79 96 48
22 98 34
106 107 24
86 155 72
31 91 58
164 22 60
32 143 74
162 126 21
93 97 35
54 135 16
152 96 48
14 128 12
142 59 15
26 127 22
166 115 15
124 164 100
139 92 50
126 142 76
16 141 43
50 77 49
81 9 34
114 154 29
165 121 50
47 157 88
31 107 57
74 169 48
104 100 89
8 159 24
152 95 93
73 44 54
100 144 30
94 134 39
109 50 15
66 97 73
146 14 40
51 25 60
122 159 62
42 154 62
49 58 49
82 33 93
132 134 43
47 1 13
158 154 54
144 46 37
151 59 45
88 76 32
3 133 63
41 5 29
65 112 98
118 73 64
17 130 79
67 119 35
86 32 27
75 107 18
82 125 75
157 167 100
100 141 96
78 53 85
86 75 19
124 111 87
107 77 16
11 140 52
67 43 41
144 148 78
74 162 92
141 160 13
40 104 71
163 139 68
66 171 42
166 120 61
154 93 37
68 21 43
97 139 72
19 150 48
94 156 75
122 27 24
127 77 89
37 54 62
35 27 30
155 91 78
28 114 91
107 143 15
72 107 79
4 116 90
25 61 41
46 44 70
143 111 77
15 108 79
108 121 85
39 154 52
120 40 88
156 95 96
76 56 81
153 67 76
112 107 25
117 69 79
67 2 45
148 55 35
142 43 91
136 5 44
20 48 70
157 63 33
37 74 69
168 102 51
140 16 11
4 170 67
133 158 72
169 98 69
116 95 17
75 12 71
111 46 74
149 30 79
77 136 12
78 58 35
124 51 52
45 18 55
119 124 69
117 80 88
169 66 93
32 154 69
166 97 28
80 45 23
39 171 95
149 12 69
44 124 40
104 124 84
118 126 84
80 97 67
123 64 59
66 109 78
51 105 35
151 16 71
81 171 94
0 38 71
44 48 42
88 7 10
5 157 55
41 72 68
18 56 68
5 93 36
129 30 49
159 154 90
140 3 10
60 27 29
28 59 67
84 117 90
115 1 65
90 108 18
150 10 13
21 144 93
162 16 68
56 169 49
45 68 15
159 133 13
105 79 86
103 81 67
46 8 31
124 64 12
99 29 65
161 140 84
149 113 34
65 72 49
166 122 87
164 92 61
146 74 31
34 24 16
167 72 51
156 69 79
26 143 52
39 53 25
170 47 96
142 114 73
94 168 89
55 125 37
139 47 51
95 145 63
119 93 47
100 0 10
79 50 58
19 127 72
154 96 67
88 80 26
162 70 50
22 34 27
39 59 43
103 122 46
86 125 13
106 51 22
93 138 48
90 9 10
83 48 18
108 13 45
168 62 72
117 109 67
66 39 41
41 124 37
16 149 58
54 45 37
43 78 62
77 35 89
27 105 83
88 76 38
151 146 31
126 53 25
142 17 100
163 3 88
6 103 43
166 79 62
33 119 28
9 28 52
134 123 23
119 145 94
23 150 55
53 52 31
12 74 98
124 33 30
85 152 68
91 75 31
153 14 48
19 76 35
149 21 49
66 30 68
142 38 56
122 110 15
113 124 19
63 55 29
141 29 44
80 107 62
16 149 47
1 126 67
95 139 22
37 20 35
86 115 31
125 147 89
1 156 19
168 42 62
125 29 16
34 23 83
169 42 54
51 153 86
10 71 61
25 110 75
137 47 31
2 11 94
101 103 25
95 142 60
158 156 94
116 160 71
83 158 86
72 103 10
58 16 65
132 3 66
122 169 61
94 56 58
31 95 96
76 1 12
163 95 50
30 86 31
44 71 71
46 105 83
137 2 10
68 26 18
170 74 76
48 148 21
132 67 30
133 50 59
20 106 97
134 161 11
43 37 56
18 120 16
170 161 79
97 22 18
103 27 29
64 23 77
20 119 78
20 153 78
66 124 60
91 101 50
137 166 69
52 22 89
168 149 89
146 81 69
117 32 33
148 147 75
37 80 89
11 77 87
38 104 51
86 127 60
152 6 82
35 111 41
53 11 67
125 52 53
128 142 91
71 126 94
118 87 58
79 20 12
82 5 28
13 57 23
68 26 50
15 148 42
115 146 78
149 147 91
10 97 74
132 105 89
120 35 63
156 154 27
16 32 35
169 11 83
136 166 82
83 37 13
115 46 94
61 31 74
10 137 70
147 69 80
85 106 77
104 136 94
53 169 58
61 45 80
43 77 46
164 86 30
88 78 22
152 110 33
144 71 57
54 132 61
102 64 39
86 63 42
67 133 23
76 36 77
35 83 86
16 28 55
102 93 26
76 54 16
137 76 47
20 106 10
59 25 65
59 114 89
51 85 78
45 24 57
120 135 84
53 87 94
28 43 81
46 105 52
119 170 61
130 121 82
140 43 100
83 115 75
119 117 42
101 158 56
148 12 96
152 43 56
111 112 62
53 33 55
0 165 75
21 98 50
61 143 83
99 60 93
166 148 34
27 5 49
34 5 30
148 81 94
61 99 57
85 0 16
41 63 86
168 31 63
68 123 72
54 26 56
17 26 85
125 167 79
54 137 81
16 101 16
149 91 57
103 22 86
136 36 18
99 60 57
167 144 36
119 50 33
38 85 16
123 80 87
81 121 27
60 58 58
142 85 75
157 107 23
141 41 90
141 14 51
150 16 85
156 124 19
55 3 42
122 100 60
89 33 52
52 20 63
34 5 45
98 153 81
14 70 53
128 101 21
8 104 38
13 12 38
129 166 23
113 126 56
151 71 75
124 94 43
151 146 62
19 90 44
5 137 11
129 99 92
29 132 76
87 158 21
146 154 57
69 113 43
141 104 98
32 27 74
97 17 84
113 19 45
109 95 30
137 4 66
104 131 49
19 30 29
92 18 20
28 115 80
119 169 71
13 58 25
111 58 19
156 148 69
99 160 92
141 56 34
112 93 49
22 88 76
91 6 38
133 35 48
134 88 68
6 142 99
32 138 11
25 60 38
6 136 79
71 53 62
77 32 55
122 145 35
132 109 31
48 54 49
135 7 86
157 35 61
16 32 31
121 144 35
134 16 82
49 71 17
8 107 99
78 159 86
138 41 75
90 61 88
3 135 65
165 96 41
170 34 15
2 95 38
119 35 64
141 39 57
130 123 97
129 41 85
86 136 38
84 111 78
101 55 75
20 59 67
66 5 77
94 119 15
149 37 11
154 29 12
64 12 59
108 53 61
7 142 32
0 43 38
111 146 43
108 56 93
7 11 59
87 155 65
46 96 95
54 152 78
104 109 31
73 40 100
157 95 51
124 149 99
18 19 81
169 6 93
147 136 46
76 126 67
85 51 53
48 49 44
109 146 44
116 11 29
95 74 60
117 108 37
6 40 31
127 22 34
2 63 30
39 69 48
91 55 23
73 147 59
146 33 69
130 100 47
112 70 76
124 4 98
94 128 66
135 8 98
15 109 94
154 141 63
148 3 96
168 93 61
113 97 69
101 132 35
27 153 64
19 166 99
167 71 32
10 129 15
6 87 55
150 161 37
52 111 11
165 157 100
77 35 14
123 16 63
36 97 42
130 36 61
145 85 18
124 23 76
116 156 10
49 127 64
94 12 61
67 78 21
59 32 73
68 10 71
86 6 15
24 170 19
139 35 92
137 64 51
168 130 47
9 59 74
77 24 100
4 97 46
123 119 20
120 164 95
5 171 46
120 60 30
58 151 59
35 47 20
155 69 47
82 76 24
30 125 14
17 91 58
139 130 78
53 35 61
42 16 80
12 85 15
115 160 25
171 71 17
152 120 58
171 168 13
103 134 53
83 156 39
101 155 49
60 95 21
101 71 13
86 23 87
101 39 40
8 82 15
77 139 68
140 23 26
10 12 18
39 162 90
134 40 50
94 92 62
12 14 97
27 64 68
81 36 68
131 35 36
50 73 90
80 11 96
48 57 30
168 36 39
115 96 73
153 25 40
106 14 64
115 5 51
39 75 23
111 171 60
45 70 90
32 140 26
65 11 25
17 21 99
156 119 11
148 6 38
114 41 76
59 157 50
82 167 85
166 77 27
45 140 36
124 80 50
129 50 81
155 148 21
10 16 94
160 168 11
41 113 99
49 14 69
28 127 16
133 108 94
24 58 89
145 108 63
34 102 57
170 146 22
12 124 85
85 67 78
111 71 63
41 8 29
64 15 55
3 155 89
142 130 12
50 28 76
97 158 83
157 146 16
135 153 55
154 72 64
116 162 95
118 146 37
49 44 46
128 111 10
8 167 93
20 26 94
76 159 53
13 10 96
13 124 62
82 104 32
126 19 43
77 124 74
118 83 27
30 86 61
104 107 86
56 115 46
98 81 22
163 70 93
93 10 16
144 97 24
66 37 47
84 105 10
23 126 29
57 146 94
167 144 56
6 49 48
118 37 68
12 129 52
114 149 21
20 60 89
94 93 60
129 125 96
70 94 81
109 97 89
114 7 29
159 67 14
65 122 35
135 140 28
55 112 83
23 9 69
24 68 47
31 119 16
162 122 75
1 94 89
33 117 100
78 91 39
154 98 74
60 21 81
111 18 66
17 38 47
10 91 42
112 80 46
25 49 92
102 139 63
103 28 41
56 23 38
67 117 37
47 164 73
78 108 24
78 86 78
107 54 43
144 69 51
38 151 36
168 56 83
76 139 81
158 56 26
149 21 24
148 61 74
94 86 11
7 30 47
120 162 46
35 51 91
86 166 70
153 76 22
33 52 93
37 165 93
132 108 79
141 51 84
41 9 31
72 49 88
137 116 81
47 136 18
22 123 49
20 153 72
68 130 58
82 125 15
157 111 57
99 20 95
167 75 55
22 93 95
84 94 34
62 100 77
161 92 27
37 48 86
10 57 11
17 86 82
170 49 24
98 14 25
26 60 18
165 21 37
8 139 77
73 156 21
156 118 42
49 71 72
70 28 100
63 44 48
0 10 75
48 102 16
74 50 94
120 167 80
36 114 65
83 113 16
21 166 30
17 73 80
81 110 61
91 165 31
126 119 16
6 88 13
69 128 18
35 112 34
121 74 33
97 50 43
99 102 32
72 98 67
122 156 99
129 103 37
123 2 55
98 142 11
101 138 50
155 111 94
47 107 49
34 109 70
166 89 73
24 96 20
112 116 22
73 93 67
1 120 72
68 135 47
35 134 34
129 13 75
101 91 97
18 119 33
62 66 34
43 9 59
154 42 47
140 21 91
42 45 41
50 12 59
168 170 61
118 123 69
167 133 38
38 63 19
116 80 39
148 97 43
91 1 36
14 169 12
16 109 20
13 87 22
2 41 66
136 5 90
132 153 26
76 148 33
47 64 85
150 4 75
41 4 32
121 153 65
160 55 42
119 60 58
3 22 100
35 105 46
51 11 87
158 19 22
55 3 90
46 84 63
41 86 21
39 113 40
89 5 85
169 23 51
36 167 85
61 128 15
44 63 60
55 134 74
84 13 84
33 77 45
11 31 40
95 137 15
92 3 45
86 84 24
29 27 42
153 75 37
131 122 32
117 142 38
119 140 54
67 93 63
90 6 16
119 20 78
62 15 88
81 112 86
5 70 55
1 84 24
119 109 38
93 126 95
54 36 79
44 159 12
25 139 83
12 49 27
103 163 49
164 158 43
138 100 98
158 62 45
156 133 19
28 162 70
19 95 61
121 132 94
124 68 43
43 19 61
147 33 72
134 30 76
68 79 37
141 5 24
60 103 14
24 16 57
65 69 34
28 73 59
44 144 86
54 91 25
121 167 32
146 75 48
19 51 42
59 0 76
163 103 90
58 42 65
117 52 74
93 150 56
116 62 50
171 114 60
156 158 18
156 142 73
65 123 26
137 74 73
132 5 67
73 84 14
36 39 47
2 61 45
130 73 85
71 105 81
127 102 86
49 151 30
143 104 42
165 13 89
85 86 32
87 26 30
45 68 23
171 41 61
162 2 85
86 107 49
2 133 83
151 44 41
87 49 36
139 162 66
105 35 53
24 158 53
130 34 41
155 153 44
159 107 86
171 65 61
63 81 72
11 132 97
166 112 88
125 32 39
86 128 42
78 59 16
4 21 23
57 148 95
162 116 88
61 7 15
35 78 41
150 34 24
73 27 62
93 11 65
36 77 73
5 156 10
15 140 22
128 32 59
57 27 93
105 47 12
72 73 94
122 126 84
55 143 93
164 1 78
60 52 65
123 165 83
105 83 74
44 137 21
85 153 65
170 161 74
18 29 53
91 55 58
37 1 42
36 85 16
165 58 42
72 143 47
36 69 26
8 77 65
145 116 33
26 53 74
74 129 61
160 134 85
112 25 38
138 67 44
141 11 81
70 151 37
138 20 37
80 164 45
124 40 93
4 2 51
38 123 60
31 137 19
156 3 71
156 48 74
111 86 82
76 2 98
153 89 35
32 168 75
117 96 33
147 58 13
1 93 39
119 6 44
124 12 97
77 56 43
21 117 19
102 144 43
112 3 48
76 10 51
133 102 54
118 7 15
7 146 95
92 25 57
114 97 14
154 95 15
159 86 93
34 107 65
32 27 27
153 129 35
24 133 90
52 109 34
154 143 36
15 101 14
41 132 58
41 105 46
113 118 74
9 1 56
55 158 53
80 26 59
52 36 22
110 23 93
109 9 24
116 46 13
15 88 35
21 17 27
62 89 40
160 105 73
21 112 82
111 56 67
12 150 26
18 133 63
159 168 58
61 76 31
30 124 98
39 86 91
106 150 85
54 75 100
110 136 57
7 56 17
169 79 21
27 42 55
76 58 13
23 116 58
12 34 65
114 57 27
103 144 40
135 1 50
84 168 67
163 22 15
150 96 18
89 163 80
41 113 40
120 50 71
98 87 78
116 48 73
170 5 35
61 148 19
77 161 49
131 52 49
159 8 36
16 147 80
72 162 11
78 132 39
69 74 77
83 2 83
138 3 85
119 149 39
78 166 18
95 11 18
69 11 86
134 131 84
67 115 59
152 81 12
60 1 81
34 109 66
124 74 77
127 40 30
3 74 99
124 103 98
32 64 23
168 40 80
140 120 20
106 8 57
3 79 50
22 133 90
12 110 19
78 66 63
69 79 93
106 66 31
59 115 69
166 145 30
69 143 62
76 124 72
127 78 68
167 136 44
130 62 86
81 139 51
17 99 98
29 79 40
65 117 66
141 28 26
5 4 25
105 118 38
52 143 60
133 6 94
39 104 19
131 93 42
171 127 86
24 51 45
53 10 95
67 146 38
110 139 23
167 114 23
39 47 53
88 116 79
11 57 29
152 48 33
99 100 24
9 158 96
126 80 67
129 20 38
33 162 44
123 105 62
83 5 12
10 140 44
102 120 58
24 119 14
20 91 95
64 10 53
94 116 29
133 161 94
116 30 13
89 0 85
160 16 40
103 159 60
36 159 58
89 136 94
28 163 58
8 111 76
1 154 54
11 155 74
68 99 19
2 124 60
103 97 42
117 145 36
138 145 19
37 16 78
113 88 24
78 43 90
109 79 48
121 6 88
97 70 61
121 138 39
15 56 22
119 135 95
15 9 38
0 109 12
110 23 76
103 108 63
153 135 14
60 44 44
154 128 68
153 88 21
14 153 91
25 162 30
141 101 29
84 9 43
55 151 33
24 134 43
102 6 24
168 135 74
2 156 44
17 167 78
37 165 42
134 56 49
122 114 76
157 72 79
53 95 56
115 76 98
84 106 73
142 58 86
143 41 89
44 83 21
91 167 83
27 143 55
155 124 41
19 46 74
44 160 12
99 72 87
19 142 61
78 72 26
144 48 93
89 28 24
120 13 53
119 73 14
80 159 21
93 36 68
109 37 69
94 25 33
47 31 43
10 163 90
68 78 60
134 138 81
128 25 68
136 62 18
24 5 96
59 45 29
122 117 79
30 81 29
73 153 57
46 47 85
92 116 20
14 122 53
58 154 16
113 13 15
129 102 18
120 47 58
104 49 30
30 86 59
65 37 41
84 171 71
36 70 42
166 24 25
88 1 90
128 41 35
95 27 99
49 34 42
157 161 41
7 41 53
143 46 26
45 63 66
35 14 90
1 44 68
19 83 94
169 38 17
143 24 20
116 147 98
53 72 17
169 99 42
137 99 38
47 34 74
71 58 92
122 47 92
96 9 93
170 132 89
126 28 91
35 150 41
133 36 76
5 28 63
121 30 17
76 13 39
162 104 49
78 128 65
43 70 60
15 128 17
86 114 67
124 161 67
19 161 77
137 114 82
38 44 84
144 49 45
24 35 71
169 68 87
105 24 94
79 49 38
40 143 58
2 57 72
38 137 14
91 50 13
151 35 83
39 117 87
7 37 87
82 57 60
67 15 99
60 131 62
22 150 69
120 89 92
128 115 92
58 125 61
78 41 89
34 102 61
102 15 28
29 3 20
108 133 30
41 139 62
111 6 97
75 23 41
28 110 16
137 65 77
87 63 93
109 163 100
92 153 69
131 164 68
78 27 30
29 12 55
84 61 70
73 111 30
118 54 22
138 40 34
63 151 30
0 148 29
30 10 62
32 60 30
30 62 39
74 81 10
71 101 52
125 57 42
19 14 67
71 157 54
89 31 18
142 129 46
45 80 16
114 108 62
54 70 73
68 33 85
95 72 49
19 3 29
116 151 68
54 106 39
31 95 61
123 120 91
33 71 57
158 4 45
54 16 18
77 65 43
145 19 57
56 159 32
13 140 88
9 111 80
43 9 55
127 101 60
159 110 84
64 143 80
80 127 54
8 118 75
143 117 39
61 150 93
73 114 92
6 89 10
164 131 53
11 162 73
5 104 27
123 126 43
57 119 19
44 5 73
116 25 78
25 96 28
27 130 39
134 53 72
43 40 99
80 84 68
121 160 28
126 134 85
148 29 35
61 13 15
99 8 36
86 5 41
40 106 51
113 158 29
47 35 64
76 161 80
132 90 13
36 66 62
106 62 35
161 168 40
50 166 49
113 165 39
170 11 36
144 75 80
131 68 21
94 134 44
108 171 17
83 108 46
115 44 68
101 69 94
130 84 75
40 143 76
32 110 74
105 160 31
167 107 29
41 135 86
23 93 73
151 143 86
164 121 98
83 78 20
160 113 86
21 18 31
12 115 32
50 99 35
20 108 16
126 23 27
95 117 81
121 89 11
118 31 100
29 108 10
163 143 53
109 107 79
164 33 58
124 3 38
16 62 77
166 114 85
72 6 98
57 1 64
110 30 94
5 42 12
0 104 21
159 84 85
149 106 61
107 164 47
90 11 35
10 113 25
65 51 38
28 1 87
25 43 68
41 50 86
144 162 24
90 118 45
161 107 51
118 34 73
170 127 100
124 140 71
73 102 24
125 15 82
87 122 85
18 119 17
68 58 79
6 146 81
40 24 64
78 46 73
145 109 13
121 158 51
56 20 51
156 118 41
137 39 38
27 53 73
114 102 17
36 161 77
104 39 63
146 65 45
85 70 71
101 9 33
27 10 84
51 6 84
139 45 20
47 46 10
113 154 81
80 18 91
136 120 86
2 105 98
103 27 84
65 102 12
43 157 76
26 95 43
151 36 92
107 171 36
26 19 87
127 58 97
162 37 13
44 166 43
83 100 55
115 97 51
169 55 26
132 31 50
73 33 73
10 16 94
145 13 16
91 31 74
141 3 18
107 117 65
43 88 41
30 56 75
10 111 40
30 63 71
13 59 92
156 132 37
98 113 76
74 30 63
137 101 42
109 6 58
129 69 55
14 62 16
34 98 79
113 114 41
13 113 58
161 15 67
153 135 30
138 38 69
158 143 46
120 105 40
150 156 16
80 166 71
157 19 29
160 35 87
88 168 65
139 99 72
159 74 24
120 79 16
106 170 17
103 107 100
100 29 40
47 131 20
95 7 17
145 30 50
133 92 52
68 6 93
83 101 82
109 91 82
167 118 41
20 125 47
27 87 69
3 129 38
45 51 58
52 155 42
138 50 91
9 73 78
135 79 36
98 108 82
35 135 19
42 107 86
109 103 96
34 50 89
22 168 53
149 71 81
163 91 46
160 143 49
113 94 24
61 47 50
98 151 37
167 120 76
35 62 51
13 24 56
33 63 39
29 10 84
57 4 74
44 50 37
19 93 97
95 1 98
126 100 28
18 77 55
69 29 96
65 136 37
49 53 19
150 26 51
36 146 68
85 12 65
96 31 62
38 114 84
50 7 24
71 110 58
130 109 48
9 148 64
6 41 78
77 82 69
167 110 100
155 54 59
5 59 77
123 142 95
46 139 82
125 115 96
103 1 42
117 162 63
145 91 33
24 46 88
30 14 21
73 59 36
14 171 67
72 128 31
121 149 87
138 155 52
110 18 21
27 171 76
56 51 26
36 9 78
54 4 81
83 1 29
6 4 26
36 137 47
148 65 97
70 131 26
100 4 78
75 153 16
111 125 59
18 146 27
126 0 57
56 58 80
58 137 84
86 80 57
72 18 12
15 39 25
12 109 83
93 13 21
50 149 65
93 140 32
48 44 54
157 9 52
118 115 13
114 145 88
65 49 18
15 66 24
43 9 93
25 90 19
73 42 37
114 103 87
115 37 66
0 110 28
27 48 68
133 80 88
34 137 81
124 111 90
21 59 28
27 94 11
33 143 97
0 100 35
43 81 90
74 35 15
154 37 84
126 63 13
137 46 86
100 74 20
110 26 30
54 43 95
147 2 64
15 160 78
117 42 21
109 86 56
114 102 77
144 155 45
99 24 36
169 9 51
45 1 72
96 141 31
12 106 98
19 139 35
75 99 42
114 118 62
98 167 36
129 52 77
16 141 71
27 75 72
7 105 48
66 59 94
107 49 95
52 70 62
134 56 61
85 115 54
86 136 34
166 19 19
95 44 74
105 125 61
156 66 97
125 57 17
38 79 32
137 38 86
52 165 98
112 82 92
152 24 26
123 68 38
20 90 19
29 101 30
22 17 29
155 162 45
102 25 65
126 149 25
91 151 54
82 16 91
59 89 44
27 164 96
50 39 69
69 122 26
61 33 89
38 47 86
102 164 10
96 6 14
130 126 84
104 69 42
57 100 85
95 26 18
95 5 27
81 86 58
120 109 93
116 104 70
56 92 61
125 29 45
76 170 57
168 159 85
167 86 15
76 126 90
54 131 12
28 94 83
52 60 33
128 103 45
21 162 10
152 36 95
143 127 96
1 83 60
149 119 15
116 108 55
69 108 34
4 5 65
13 108 16
141 33 58
129 86 29
113 115 82
146 17 35
140 126 43
51 23 92
104 97 87
123 167 19
22 111 96
147 114 12
56 37 18
145 56 60
0 155 85
128 142 80
84 169 77
55 31 92
90 15 93
76 1 35
98 17 26
140 11 87
169 4 45
20 27 95
29 87 72
108 113 98
32 60 36
130 32 61
6 45 51
131 109 84
19 166 55
143 102 91
24 68 74
119 130 89
64 103 37
18 97 59
3 25 76
166 62 73
109 157 24
60 93 99
79 109 46
27 113 30
97 27 53
70 118 40
31 91 40
121 98 19
76 88 61
122 95 47
103 120 72
120 153 67
49 157 72
30 134 37
170 5 68
39 31 52
158 159 90
16 109 44
122 25 11
167 98 81
42 147 56
46 85 89
30 0 33
100 96 42
13 78 12
19 79 83
146 11 45
146 94 60
12 43 68
39 87 93
171 9 69
50 2 86
49 44 82
60 1 24
99 20 17
51 170 18
58 38 92
114 123 10
97 126 26
99 57 32
78 166 22
76 105 91
13 148 66
124 61 43
33 35 12
77 93 45
37 50 76
105 104 87
63 34 48
142 168 51
55 8 94
30 43 83
8 168 45
149 52 99
19 138 51
113 54 27
104 86 28
163 151 79
138 87 95
82 26 41
106 113 45
137 33 40
45 141 77
8 105 59
32 45 28
7 157 29
61 84 91
13 134 31
69 121 30
108 148 15
160 49 40
19 86 38
44 145 36
76 110 18
169 167 56
107 90 28
89 113 69
142 146 24
158 134 60
101 106 48
50 55 40
148 23 54
81 108 88
123 102 46
153 28 41
78 13 77
73 46 39
96 52 91
116 129 12
167 141 70
128 146 71
1 54 51
6 25 73
69 26 30
138 163 64
170 18 80
113 47 14
8 41 52
100 150 83
74 47 65
46 68 28
152 112 58
42 169 24
17 94 83
162 19 41
20 88 65
99 139 80
92 143 35
73 85 55
31 161 12
64 10 61
48 155 76
49 57 78
31 139 68
4 8 82
36 80 51
52 142 50
137 39 49
67 73 86
96 168 82
107 159 95
71 170 61
70 31 31
35 59 88
92 75 89
119 74 94
87 94 87
171 115 48
106 11 60
157 161 92
131 83 86
109 137 82
122 114 41
80 156 13
110 43 86
50 86 49
144 96 86
125 52 100
61 25 44
8 30 21
107 49 65
167 24 97
21 71 27
108 66 46
153 133 85
150 118 74
169 17 90
93 72 51
100 107 19
127 116 97
54 60 98
147 67 95
39 116 15
30 115 34
121 96 18
146 141 40
163 60 55
153 144 84
25 109 41
149 84 46
118 146 85
101 16 21
120 99 86
0 112 93
107 70 40
87 147 61
62 53 38
94 88 74
158 149 79
142 117 29
161 42 53
76 81 85
11 89 93
167 144 19
60 116 85
163 145 43
60 38 18
62 154 50
128 21 22
21 16 61
97 130 94
151 54 56
75 159 13
52 4 14
31 85 27
79 112 21
32 121 20
56 167 63
10 2 56
37 159 89
147 45 40
34 158 79
157 134 29
117 58 22
167 125 37
95 140 75
49 87 34
53 153 96
90 31 98
111 71 65
146 165 82
35 131 64
27 24 72
81 108 77
107 62 55
120 122 44
77 162 84
77 15 53
122 104 56
65 83 58
54 55 40
28 142 36
123 11 26
67 159 89
33 79 89
31 18 19
79 80 46
135 60 28
29 124 48
4 161 60
138 45 48
68 153 48
82 138 84
121 7 46
109 164 36
137 161 76
155 19 51
125 6 78
56 19 87
130 170 14
108 95 72
83 154 89
57 3 33
170 155 98
165 151 55
52 159 25
40 75 24
41 20 82
131 4 21
102 13 41
59 4 13
44 128 78
16 112 86
43 159 67
15 23 28
168 52 97
56 108 53
151 77 73
77 69 26
104 120 67
164 52 37
154 84 78
151 96 79
47 123 99
84 48 44
110 167 13
70 144 92
119 151 87
80 36 53
89 119 60
157 93 68
17 100 38
33 4 27
51 52 32
133 148 31
118 133 96
12 138 64
140 32 82
144 55 86
5 150 53
168 165 56
109 155 78
112 162 84
135 5 27
98 75 48
20 80 69
8 12 14
116 87 42
38 63 31
82 106 99
14 60 33
93 156 29
23 134 72
122 66 36
148 151 10
4 98 18
147 47 99
152 33 91
142 151 83
43 95 19
152 1 10
47 15 51
122 73 42
22 87 64
134 145 15
152 103 76
26 27 40
79 1 17
49 77 50
11 51 99
66 92 53
19 159 59
120 61 73
137 52 80
10 46 21
171 28 69
49 81 14
121 46 71
43 59 22
116 81 56
121 128 89
171 73 56
151 84 100
1 143 34
77 121 23
40 76 63
111 143 35
33 4 37
78 139 22
27 8 35
9 31 53
41 159 72
25 51 12
94 138 24
147 57 89
16 91 100
58 10 93
17 138 34
65 14 48
97 83 15
55 124 69
106 127 34
124 157 33
85 75 48
35 113 26
23 160 49
128 36 39
170 39 89
88 38 63
109 1 29
33 103 52
156 145 37
82 52 38
79 151 52
103 25 84
168 115 46
46 154 56
27 26 25
71 39 23
136 82 49
139 25 42
152 96 77
10 98 81
2 161 65
53 133 61
106 27 19
116 97 91
160 163 32
75 23 29
10 41 93
114 28 40
48 171 20
150 34 13
134 145 35
157 91 24
148 95 92
160 99 55
153 151 33
155 156 76
58 68 27
108 161 55
40 116 91
128 13 34
123 48 21
105 58 56
45 131 34
139 18 14
115 155 40
54 40 46
93 127 22
152 39 65
85 151 85
92 15 63
90 137 65
157 137 13
136 107 73
23 57 49
26 44 64
157 44 84
34 31 100
35 44 100
96 141 37
76 124 93
64 6 86
119 80 86
65 89 81
97 113 70
163 79 47
104 37 51
34 13 88
51 17 16
114 109 90
40 15 92
97 136 50
22 128 52
18 121 10
106 10 20
170 105 13
94 169 24
160 66 10
126 48 77
141 17 41
110 32 28
113 9 13
66 75 25
66 52 34
28 140 67
133 140 12
163 109 94
40 19 76
130 78 72
5 8 99
139 90 56
66 73 58
20 0 43
158 162 54
144 89 59
64 127 14
40 140 89
163 106 77
11 82 11
39 115 55
106 69 39
122 164 62
0 160 100
117 53 22
78 65 27
121 129 32
152 64 42
81 54 17
77 148 51
17 158 72
69 54 63
18 118 34
77 101 26
28 20 37
44 60 20
127 28 96
160 151 83
35 147 48
134 33 71
158 65 85
87 136 15
34 30 41
47 111 73
161 125 66
101 2 57
16 96 97
128 70 25
3 63 58
14 150 88
140 60 97
116 30 42
51 72 89
135 14 52
75 84 40
28 123 97
29 87 15
15 75 67
75 128 22
152 112 75
166 96 77
144 161 48
72 158 43
131 69 74
26 135 34
125 155 71
66 85 60
152 114 54
149 21 66
68 86 38
20 82 91
39 150 39
157 98 57
112 77 37
105 92 63
18 125 89
108 161 95
76 167 74
140 29 81
152 15 77
42 136 78
71 50 22
54 39 52
80 81 74
135 121 33
80 38 82
87 84 33
64 29 30
111 74 29
163 126 82
85 44 10
122 150 53
66 154 79
50 118 43
131 170 54
52 70 62
127 79 69
50 21 90
142 59 38
20 85 58
61 124 10
125 105 90
99 76 69
170 96 58
101 161 88
29 41 98
61 91 80
25 95 77
112 110 79
4 99 51
93 123 66
154 11 84
69 111 57
115 61 58
36 68 94
96 159 86
166 144 95
37 43 36
36 2 78
1 42 86
164 41 95
113 155 70
75 156 57
58 3 35
96 49 70
31 8 84
41 26 57
145 97 30
42 124 36
132 51 57
137 55 53
85 82 33
90 16 26
114 68 45
36 156 31
51 91 12
135 20 82
22 37 90
95 74 17
57 141 90
88 27 44
118 166 84
3 67 60
12 115 45
159 104 43
14 78 46
146 90 13
162 37 23
60 3 19
11 10 59
161 17 14
6 105 28
144 70 36
108 149 58
68 2 56
43 117 52
121 111 19
120 115 35
106 161 58
5 105 25
171 128 77
123 94 22
103 61 93
35 31 86
28 13 94
20 42 24
136 16 76
123 130 43
81 49 81
156 77 46
138 134 27
111 151 58
12 145 33
125 36 61
162 110 77
49 139 76
154 43 60
104 114 29
70 26 94
122 161 30
54 26 23
78 79 47
166 56 20
88 15 74
83 111 96
126 120 78
65 66 74
127 14 23
96 103 16
153 87 20
75 125 45
72 131 46
138 16 97
39 113 65
35 144 56
121 134 31
156 103 12
6 109 68
77 7 82
113 42 55
139 117 96
53 59 30
8 90 59
138 101 22
165 54 10
14 117 83
163 94 12
50 154 97
80 131 91
57 164 14
10 75 47
42 53 50
15 151 58
145 30 85
107 101 50
25 148 20
125 84 74
170 137 52
154 113 57
128 17 10
41 77 22
25 148 28
26 21 38
135 159 58
43 148 33
40 161 78
78 8 59
137 34 27
110 151 35
158 143 33
125 53 80
122 162 83
55 43 76
106 2 93
87 35 19
101 84 60
2 60 90
72 1 57
32 77 85
97 57 99
47 9 78
38 168 99
150 10 62
40 129 99
52 124 32
39 136 20
103 70 89
95 16 53
7 41 88
112 148 72
31 145 48
114 59 26
41 140 25
153 87 22
33 132 47
5 157 11
8 77 76
77 143 93
110 124 61
119 106 69
80 27 23
126 157 20
150 67 89
147 29 86
145 42 46
3 113 67
68 146 94
43 33 87
102 151 58
148 127 42
153 126 52
8 149 48
105 127 53
95 129 54
62 90 73
146 96 67
108 116 36
126 97 33
166 61 73
77 121 38
2 133 47
59 71 41
83 91 57
93 97 55
8 158 76
28 16 35
109 27 11
132 92 98
163 153 99
109 53 93
54 165 91
73 166 45
30 88 53
76 58 35
42 101 23
157 140 67
49 23 69
140 55 42
134 144 20
53 37 89
73 161 61
33 74 30
32 139 83
46 131 99
71 155 78
60 152 48
109 111 57
99 26 61
131 30 62
19 46 61
162 64 43
66 21 25
166 55 51
9 99 58
166 41 80
43 125 90
69 160 60
156 87 14
93 45 81
112 132 31
70 37 82
130 92 39
27 52 39
109 39 29
58 41 96
162 17 97
101 137 50
72 118 36
20 152 79
140 89 42
32 125 99
140 61 63
59 46 56
86 69 71
152 61 30
12 140 14
163 154 65
112 165 45
99 60 37
152 41 29
158 161 51
1 18 74
83 96 67
65 30 66
11 2 41
35 29 25
19 35 27
30 73 51
124 155 55
76 137 32
65 26 34
71 100 55
41 146 83
156 83 49
102 71 33
77 146 93
46 81 23
116 170 47
130 164 41
43 128 34
86 152 42
88 126 40
19 104 87
152 59 47
150 30 53
69 77 29
43 36 25
114 130 56
72 159 64
58 141 13
21 79 20
15 152 62
160 137 72
50 34 50
97 124 93
83 148 25
137 50 93
127 144 15
79 93 49
8 156 28
62 94 40
1 90 13
58 147 97
58 149 83
152 82 84
37 150 41
18 108 79
3 11 87
40 65 17
10 161 16
143 13 14
106 94 19
62 115 98
59 10 35
79 48 38
139 65 70
73 100 28
44 62 18
43 121 57
15 8 34
107 98 77
74 115 10
30 34 36
50 162 28
97 48 62
132 146 32
24 97 35
64 48 21
92 7 62
112 20 30
125 15 21
116 157 23
42 143 21
144 162 68
26 19 42
100 66 51
91 133 91
77 11 25
0 145 81
83 60 60
21 46 34
73 48 54
28 151 71
155 13 31
49 119 29
77 167 68
10 115 74
109 121 19
117 15 33
40 18 16
47 64 89
164 91 100
148 46 92
19 0 43
170 132 98
45 75 24
136 38 84
126 107 47
2 73 71
9 47 44
105 61 39
34 152 20
21 37 17
170 163 79
171 101 36
17 23 52
66 41 61
7 161 35
45 54 92
64 31 12
54 89 41
127 156 70
132 22 22
63 151 97
156 140 30
135 164 83
76 0 42
61 159 29
139 110 71
169 61 60
116 73 87
20 159 71
96 97 69
105 171 81
88 22 20
90 72 80
118 17 24
75 118 59
13 103 49
29 141 54
9 49 74
12 15 40
25 75 17
162 125 50
12 126 77
147 105 50
53 43 32
156 138 43
74 100 35
79 163 34
3 153 47
100 148 54
84 71 57
116 46 82
160 67 82
144 121 16
70 166 35
54 157 78
130 29 42
141 116 93
104 138 46
13 49 87
51 152 66
71 5 34
65 69 25
23 127 18
68 142 67
100 12 34
6 89 40
7 121 42
9 135 55
140 23 59
41 141 35
100 68 39
143 33 21
79 123 28
161 1 93
55 159 15
149 136 49
0 30 13
126 87 49
142 169 59
77 56 74
127 50 13
22 153 37
106 18 30
87 21 99
171 102 85
15 104 61
2 29 49
35 98 100
83 54 17
57 42 57
58 81 96
127 74 76
111 166 97
143 125 26
64 134 27
36 60 49
118 108 76
6 57 89
55 107 52
78 17 93
126 114 56
154 85 53
19 9 52
43 108 29
145 7 83
84 157 51
36 12 33
37 130 53
103 79 51
78 7 53
170 139 16
61 12 46
69 138 24
5 136 14
121 74 85
124 74 43
44 58 91
146 43 99
11 43 93
85 74 15
31 156 37
125 6 25
19 54 92
24 51 100
40 25 87
127 93 11
66 62 78
106 88 11
62 47 27
112 95 94
121 57 84
155 105 76
161 50 34
26 35 41
133 92 43
17 0 66
145 126 30
85 20 13
128 140 69
48 117 68
129 31 22
28 9 86
139 16 11
105 132 95
141 51 47
29 169 58
138 28 69
123 72 52
40 161 99
4 127 98
125 80 68
162 46 62
4 51 68
17 94 85
17 23 90
16 135 87
42 138 78
16 136 97
19 95 72
16 59 60
25 105 100
20 57 96
127 13 89
20 59 31
40 72 65
171 47 49
146 51 85
22 66 63
154 99 65
95 13 36
162 101 72
42 124 51
139 47 43
142 21 54
95 41 90
163 101 49
127 58 32
166 47 65
116 167 20
154 25 26
169 107 42
95 131 23
139 56 17
100 41 90
127 42 23
145 11 52
83 132 28
144 141 13
50 169 58
122 163 94
156 11 93
0 60 34
162 84 68
52 118 53
61 6 33
14 166 46
111 42 54
117 78 49
25 147 36
112 41 38
6 83 29
51 48 49
123 69 38
116 21 68
107 11 51
152 46 85
145 26 74
133 41 12
165 71 97
8 114 86
152 67 19
39 154 53
105 144 37
37 116 70
103 151 60
54 143 63
91 45 32
132 11 59
57 38 26
31 123 20
62 133 11
69 89 74
77 76 23
72 24 37
139 81 37
171 114 48
30 9 59
133 0 21
18 93 71
126 44 24
160 71 97
80 146 15
98 146 35
97 49 20
102 31 60
18 90 94
143 164 73
8 33 38
21 167 67
149 143 38
37 93 69
2 26 13
97 129 37
90 7 57
63 97 78
121 134 66
92 93 27
124 165 59
113 90 59
144 0 29
168 124 69
103 11 70
108 152 92
106 144 72
74 68 84
90 170 81
25 31 19
108 17 69
46 28 34
44 68 94
6 21 60
164 121 23
101 85 16
166 100 71
49 123 10
65 120 45
36 40 86
123 113 31
22 52 17
80 93 24
18 164 16
130 133 72
40 148 37
157 171 35
120 52 62
124 28 37
59 108 80
28 112 13
65 25 46
17 2 39
85 162 89
63 69 31
75 142 88
0 171 84
99 93 97
16 17 24
167 89 51
76 26 35
20 19 48
40 83 44
46 14 10
71 133 18
133 127 44
46 104 70
146 35 62
134 167 78
44 18 58
19 57 24
147 71 76
87 88 83
76 93 47
23 11 41
26 32 73
91 131 50
101 133 30
89 93 39
148 128 81
44 141 56
33 14 14
145 87 62
95 72 71
115 95 85
86 128 50
126 18 46
163 104 19
47 105 18
115 0 33
103 27 99
72 139 99
145 161 25
151 100 78
170 41 88
141 107 95
167 109 96
129 109 81
101 150 41
149 98 95
137 128 33
79 72 24
146 141 57
66 88 67
36 8 56
57 13 13
162 27 76
27 164 38
54 149 79
77 8 85
50 137 14
17 29 21
15 94 40
105 148 31
124 15 85
110 54 77
69 87 50
77 110 78
17 147 66
131 15 21
27 90 21
68 145 56
64 152 25
109 156 57
4 10 64
91 3 34
68 49 98
11 152 18
32 102 58
29 12 85
112 122 34
171 26 81
9 59 47
101 41 19
71 75 29
107 67 72
3 134 52
57 138 32
19 97 58
26 20 36
62 124 96
24 52 83
63 121 38
4 100 11
12 95 49
40 164 29
143 156 56
67 5 32
166 30 92
60 103 76
4 78 41
142 85 44
62 149 45
60 121 11
77 96 94
30 76 90
114 102 15
15 39 58
45 146 66
136 18 43
113 170 94
121 158 73
93 10 98
163 22 17
94 116 17
0 39 59
19 43 42
116 89 42
28 72 43
150 78 30
160 137 58
88 47 95
128 153 98
48 25 89
159 116 81
114 168 21
11 116 45
14 37 19
127 96 20
164 93 48
88 89 42
50 17 55
63 136 93
116 33 55
20 2 51
53 129 10
81 26 61
25 153 53
124 168 94
123 95 28
169 119 24
151 147 10
171 133 79
24 110 90
59 76 45
3 72 83
119 1 58
108 91 22
159 3 66
90 21 35
135 51 30
154 45 94
102 11 74
142 48 52
139 121 27
97 100 38
130 25 42
109 143 94
145 47 54
3 59 20
146 57 76
63 151 26
5 17 66
164 23 12
45 158 85
126 62 19
69 3 80
171 161 58
52 43 12
165 82 85
44 130 46
68 53 17
8 119 41
47 21 63
107 90 23
19 105 61
34 43 39
110 46 90
66 102 77
105 129 31
46 127 58
56 52 68
68 41 98
137 140 35
63 103 100
25 55 31
7 52 92
5 112 53
120 152 19
132 164 16
72 40 67
75 39 33
48 20 31
120 37 10
70 146 79
70 49 78
144 131 38
67 124 28
70 141 11
127 19 92
98 79 31
54 34 28
134 97 35
26 146 62
167 79 58
88 60 62
32 18 29
70 137 34
110 53 82
69 147 77
95 63 76
117 169 87
48 70 61
163 145 63
145 130 27
40 87 62
76 158 55
80 31 73
87 125 30
35 13 20
36 53 77
34 24 24
113 167 17
117 74 42
10 44 31
45 27 26
66 50 11
43 63 70
72 21 51
75 160 90
49 120 73
164 166 92
23 112 19
30 36 79
135 4 34
57 41 73
135 79 39
130 112 39
80 167 42
10 125 50
0 98 88
166 133 36
105 160 11
117 47 48
130 114 11
86 139 41
24 50 87
118 85 54
59 99 100
168 160 18
7 133 97
65 58 85
62 90 54
24 78 18
143 13 77
145 50 66
171 73 31
73 133 46
109 39 48
26 164 11
130 148 28
73 166 38
63 88 55
118 18 30
86 20 22
8 134 96
125 140 17
20 56 30
102 130 56
138 63 66
84 132 50
38 74 74
148 29 75
64 170 75
104 112 35
81 147 78
90 82 67
46 0 57
14 13 82
155 58 91
121 82 78
155 122 55
139 80 93
90 28 63
118 101 49
89 150 18
96 148 24
160 21 56
152 34 80
124 147 46
140 117 63
163 158 52
104 127 33
142 117 95
135 125 21
1 4 98
119 164 48
136 147 11
135 108 72
85 153 16
166 32 53
164 96 18
156 77 13
114 7 30
57 124 88
99 104 78
109 88 47
114 89 88
9 39 34
35 140 76
94 44 18
36 123 40
164 34 96
11 29 88
8 93 41
89 139 90
127 154 30
23 117 84
162 170 12
45 163 65
68 45 54
2 25 92
33 38 18
5 107 48
135 146 27
93 98 27
120 64 74
171 150 87
63 148 35
19 139 44
42 65 77
154 165 92
97 42 52
148 169 48
111 14 87
79 100 56
127 129 65
83 145 18
167 28 11
86 68 27
147 27 48
108 87 51
133 95 85
103 113 18
121 39 95
73 75 83
49 128 17
79 132 62
28 20 98
7 26 42
45 8 38
30 45 93
108 65 75
87 81 19
44 94 95
87 37 23
94 27 86
152 168 86
160 126 86
34 87 26
72 41 33
42 86 86
35 21 80
103 77 56
23 81 45
58 63 27
143 1 59
153 78 74
105 48 37
128 10 99
143 28 64
41 140 39
109 35 35
35 41 29
10 124 61
150 37 68
37 101 33
54 65 53
151 94 33
155 63 66
63 122 46
91 57 74
19 16 46
92 127 82
36 7 41
1 167 55
131 85 64
104 135 55
14 25 55
88 34 18
72 139 80
104 81 33
144 47 20
160 104 62
81 8 49
136 137 90
60 26 21
28 168 70
9 143 49
142 105 23
45 63 97
100 74 13
98 154 81
52 15 94
126 89 86
66 23 79
162 117 36
53 63 25
24 71 77
124 0 13
61 157 81
76 136 71
56 66 49
86 145 52
167 103 37
25 38 89
37 79 79
99 132 15
112 113 81
160 126 62
118 154 78
125 15 90
58 146 20
78 70 22
160 15 57
133 111 74
44 171 72
109 88 47
20 159 85
43 134 89
146 14 22
88 70 38
79 40 37
63 12 47
117 171 22
157 97 11
133 138 26
165 102 90
129 157 40
6 83 71
128 93 61
27 144 29
36 50 68
62 33 39
78 75 14
119 81 96
149 121 11
135 26 88
40 95 10
141 101 92
127 69 22
28 109 29
55 4 95
120 7 90
117 112 55
62 87 94
20 169 71
165 89 100
48 113 73
0 103 84
127 99 26
74 62 65
148 133 47
110 67 18
156 57 80
16 71 71
11 58 97
19 160 73
143 124 39
163 22 55
143 94 49
51 148 72
138 170 14
23 24 34
55 141 60
41 112 82
126 149 48
79 169 86
94 65 83
52 14 93
167 93 93
100 102 62
84 50 99
24 65 78
141 67 86
68 22 35
10 171 69
59 16 78
171 1 82
40 142 28
57 103 27
61 12 12
126 70 31
121 44 12
170 22 56
53 142 40
8 83 58
106 116 41
153 23 85
116 82 61
75 137 32
141 55 42
117 139 14
136 167 64
82 111 28
152 16 71
88 93 20
5 99 100
67 84 47
58 84 78
88 133 53
23 59 29
146 46 81
30 161 29
38 115 63
120 64 78
150 21 76
118 56 91
71 48 78
94 129 40
35 6 67
19 77 65
130 168 65
150 81 41
140 73 99
49 44 40
164 32 46
131 27 13
78 170 19
151 50 99
39 47 94
90 54 95
74 92 26
54 101 48
125 160 21
31 8 40
96 140 68
18 153 71
168 22 35
5 84 87
49 133 74
50 52 39
149 128 62
4 64 27
27 105 10
136 84 50
26 17 97
15 27 48
52 60 28
153 109 81
60 89 68
41 170 59
169 163 27
46 58 37
169 86 59
93 54 11
78 3 89
162 126 18
23 43 69
100 56 74
5 17 77
137 128 57
106 7 38
0 92 92
142 24 92
123 75 86
37 69 68
78 118 42
129 102 24
166 41 64
109 53 29
110 156 72
99 108 37
3 39 26
78 124 80
126 141 37
72 108 36
147 17 12
167 39 78
131 115 93
35 97 93
48 28 24
125 57 73
4 98 80
162 147 100
38 140 63
105 74 44
132 13 31
135 28 33
146 140 75
15 43 17
47 54 25
122 135 34
28 57 24
138 131 66
79 142 77
27 51 87
113 123 40
25 145 75
138 110 84
79 30 28
16 128 69
91 36 91
148 50 76
166 64 35
17 33 28
126 82 100
109 124 68
107 45 95
49 95 51
110 13 37
131 26 80
116 13 96
99 10 43
111 57 45
81 101 35
4 75 49
120 49 95
52 96 34
101 79 25
62 53 77
30 123 33
132 65 60
123 164 43
49 62 83
33 113 96
54 95 94
105 115 14
150 66 79
9 129 67
36 114 34
114 161 73
101 151 51
36 32 12
92 91 84
94 77 53
120 4 87
5 36 73
11 50 25
117 135 13
109 103 26
87 128 34
156 124 32
165 145 25
70 21 15
68 160 44
70 45 36
50 156 68
48 66 96
146 96 64
22 35 13
157 147 87
22 171 23
71 154 64
145 97 77
65 111 40
33 107 81
148 30 70
105 16 100
41 139 33
26 154 67
108 159 99
82 111 92
47 27 22
94 153 85
140 74 20
91 107 64
62 105 67
17 99 90
139 49 28
31 32 32
92 20 13
145 78 49
93 150 32
95 35 92
31 69 94
143 14 86
57 64 14
127 30 42
6 55 49
142 47 10
42 49 88
34 110 59
93 102 12
156 118 100
84 121 57
150 53 28
124 156 14
170 18 21
72 82 91
104 67 76
157 150 39
126 12 94
62 59 37
56 55 62
93 18 84
4 16 62
32 151 31
125 51 54
61 170 96
2 61 87
15 141 36
105 85 28
126 133 72
25 72 97
98 47 68
5 33 36
43 105 18
71 77 14
95 68 10
153 136 14
153 18 11
50 7 33
89 6 26
146 135 75
24 37 72
11 93 39
141 56 94
96 129 80
141 113 76
72 163 81
41 81 69
15 16 100
12 107 46
95 123 60
143 110 80
89 130 92
119 156 52
86 33 65
72 139 85
7 96 47
125 117 38
15 169 60
64 146 38
21 104 41
145 95 40
41 63 59
99 0 30
92 163 40
132 6 37
133 142 72
113 1 88
168 123 83
6 56 43
137 91 69
154 39 62
71 63 79
152 151 22
29 113 58
26 75 20
18 38 68
147 72 55
39 110 95
36 116 68
133 2 86
53 50 75
137 28 58
83 13 51
77 97 27
114 7 98
67 114 98
65 170 65
11 170 69
83 150 98
31 96 42
83 110 74
16 29 44
134 94 52
31 69 93
94 12 94
113 25 100
165 27 47
21 140 43
93 28 17
49 12 63
29 7 40
69 113 100
130 34 93
93 34 12
8 20 76
63 38 76
6 119 74
32 43 64
147 82 14
32 151 45
16 75 96
40 154 85
166 144 18
144 14 85
93 11 79
125 63 62
49 96 89
89 165 45
138 59 71
22 16 21
132 107 79
135 145 65
88 156 98
125 67 51
30 95 87
20 168 82
93 15 15
131 125 38
76 109 81
28 36 22
136 121 44
134 164 55
86 48 19
102 160 80
17 59 89
143 74 13
161 95 33
10 26 35
14 123 87
124 66 97
115 30 83
10 62 54
102 13 56
124 139 29
64 84 26
123 158 78
124 158 70
96 61 21
55 86 82
60 53 95
23 57 55
48 24 84
38 128 68
68 14 92
160 122 60
59 111 66
59 40 68
62 38 92
20 133 96
80 90 26
150 62 81
29 110 98
5 83 32
93 121 93
80 75 64
15 11 23
68 27 71
111 118 32
46 54 34
124 53 90
158 31 45
90 158 33
111 117 76
127 110 41
84 19 21
140 168 47
94 10 38
163 129 77
52 83 93
156 146 40
116 168 21
84 154 66
101 34 60
60 81 30
55 126 27
143 169 36
66 19 90
115 95 22
1 63 67
13 99 90
44 4 62
50 159 89
28 68 23
23 108 95
47 74 15
122 22 51
43 128 32
22 72 11
128 3 45
35 58 14
93 41 23
134 74 43
118 136 65
151 89 80
2 88 77
10 80 17
69 87 60
38 132 55
11 90 85
67 117 46
119 169 75
0 165 66
147 111 93
106 91 45
142 124 62
89 126 31
165 153 22
147 27 49
143 111 96
125 136 11
76 45 54
151 68 90
63 112 94
7 165 54
31 90 17
88 85 23
50 76 99
8 118 93
149 163 46
21 108 56
77 139 90
120 77 85
164 135 43
12 117 10
121 70 25
49 6 91
47 96 85
139 43 33
119 33 63
105 46 61
66 169 39
131 13 39
153 106 77
99 65 95
112 105 15
36 68 69
18 80 70
83 57 51
76 85 23
51 69 92
37 86 58
50 21 48
36 54 12
74 108 51
162 124 54
27 134 26
74 0 33
105 9 15
59 76 39
67 86 81
11 119 22
142 58 42
143 6 46
1 110 92
111 104 85
3 73 80
70 105 82
56 131 27
0 49 28
70 19 77
44 102 34
3 26 22
40 166 85
22 79 22
79 147 75
117 52 43
75 59 51
40 6 41
136 6 92
101 97 67
141 138 76
52 60 91
142 121 67
29 11 43
16 10 92
5 135 83
20 1 56
60 16 81
145 103 53
25 163 88
37 130 84
63 157 23
42 14 24
167 3 90
57 105 51
108 167 12
65 100 49
99 140 80
70 146 84
142 9 99
59 135 40
163 32 79
33 142 19
142 108 12
80 97 36
32 33 84
32 69 77
47 83 34
141 125 35
8 62 50
129 25 65
54 57 77
165 33 86
114 39 100
134 171 100
102 149 15
113 144 53
22 0 96
6 96 30
113 114 50
110 168 17
81 63 42
26 157 55
153 88 32
70 161 73
130 33 21
55 109 33
16 104 62
104 125 98
53 24 35
27 8 61
95 70 88
141 163 47
75 122 67
116 36 67
168 68 60
78 4 51
77 19 28
42 28 73
25 42 42
130 152 66
115 29 59
117 105 16
148 67 26
57 74 60
56 152 98
54 61 21
145 79 51
130 99 96
24 142 96
44 116 74
23 72 37
93 106 56
57 84 16
160 129 70
148 36 88
152 23 34
16 23 69
13 95 60
115 104 73
35 117 46
75 110 36
49 150 79
87 70 14
21 84 18
120 92 21
100 66 64
146 57 42
42 112 28
41 132 14
12 107 50
24 54 93
64 44 37
114 152 83
155 139 16
107 120 98
74 163 39
146 19 69
94 125 57
65 144 20
130 114 47
102 107 66
34 155 24
157 75 95
28 19 56
0 167 59
84 102 100
18 166 55
56 31 100
159 79 56
154 161 83
61 76 34
61 118 45
31 133 25
105 64 14
66 96 29
141 31 88
14 80 60
107 44 64
11 117 15
156 20 82
166 91 95
49 110 22
5 134 67
1 155 67
170 48 47
131 20 68
40 127 69
36 40 96
48 68 90
32 92 70
126 65 84
133 112 85
103 80 18
89 167 39
111 115 91
104 70 66
127 158 43
50 121 10
44 83 44
17 133 78
74 33 13
91 152 13
3 48 23
159 38 66
66 75 49
125 75 39
51 83 78
126 115 10
129 120 35
105 118 57
138 60 79
80 81 70
133 57 53
19 44 29
103 106 96
162 47 82
142 84 45
140 144 90
2 147 80
80 137 85
61 83 61
53 57 35
107 138 20
155 125 30
27 159 54
16 165 86
122 96 52
4 60 37
92 46 22
170 25 39
106 58 47
156 109 94
58 33 44
163 124 73
24 157 59
24 74 97
50 9 84
38 42 23
60 132 12
47 0 14
158 102 87
137 40 18
139 50 73
131 87 68
60 86 70
32 133 13
24 135 65
154 86 75
98 168 45
95 7 81
12 114 42
13 17 70
71 72 93
50 121 84
141 14 44
116 117 55
163 22 34
16 109 92
160 147 21
72 1 42
56 139 53
16 59 36
12 72 76
129 31 24
137 96 77
83 61 20
136 65 31
168 17 21
148 103 37
109 153 21
126 94 34
26 167 25
52 29 95
16 69 76
6 163 14
68 81 10
156 46 97
66 150 38
145 25 55
27 118 95
127 128 63
91 93 86
20 151 69
79 153 15
76 162 91
9 127 21
83 2 40
123 88 98
83 125 58
17 91 41
127 6 56
40 72 76
43 104 23
12 18 16
137 20 100
124 28 67
127 161 25
103 39 28
7 9 31
108 113 98
168 137 100
80 5 100
140 30 76
141 114 85
103 54 67
97 31 92
39 72 61
36 85 69
16 29 54
110 117 59
115 25 100
7 22 82
69 119 97
2 78 17
105 17 87
25 50 15
114 53 86
155 151 37
97 1 15
127 95 10
146 39 91
155 97 85
34 135 84
162 154 60
91 27 21
110 49 97
7 96 14
114 101 56
133 111 40
10 152 93
77 170 55
55 106 51
18 10 20
73 117 26
135 100 81
31 62 36
44 155 19
164 22 74
75 4 48
140 20 30
158 87 45
66 61 96
30 169 54
63 111 28
130 109 87
82 3 76
130 118 18
96 62 44
80 1 99
126 26 83
151 58 44
152 26 67
151 127 69
13 84 34
139 94 26
146 151 42
66 11 98
68 45 88
20 13 79
43 153 98
114 23 52
10 64 49
110 11 53
87 3 11
52 151 93
129 107 25
94 110 25
164 138 75
67 80 41
138 49 62
37 154 45
56 134 11
6 48 56
1 4 53
77 111 64
139 72 53
91 154 37
153 125 46
13 149 24
31 105 46
143 132 48
163 20 72
50 24 56
125 105 74
35 25 60
5 162 18
137 102 36
41 146 25
142 160 63
103 134 16
12 26 56
126 124 74
138 4 85
50 16 27
126 23 96
52 76 63
53 157 34
74 4 16
7 139 61
55 7 20
115 118 42
75 101 81
138 26 62
57 12 34
144 16 68
115 135 69
41 115 10
168 87 52
129 14 77
154 61 99
42 149 61
126 11 17
61 36 41
171 84 60
111 106 93
1 13 57
3 21 43
127 40 24
73 69 90
123 102 20
51 15 81
140 116 13
91 115 71
111 133 39
160 157 60
4 6 51
78 34 55
119 149 36
1 103 37
64 62 72
89 170 56
47 87 49
73 127 80
64 12 40
22 136 28
95 10 75
86 99 32
149 164 54
5 84 88
4 27 59
26 72 99
147 104 50
89 2 58
116 67 30
156 67 79
117 2 78
121 150 44
88 72 59
110 158 29
114 14 10
117 6 56
112 20 80
64 106 96
14 32 37
108 129 80
75 126 39
165 147 46
86 54 60
127 17 84
135 71 59
2 109 40
169 4 63
160 153 25
108 12 57
47 67 86
133 80 11
22 9 34
141 78 61
2 66 16
78 77 15
2 84 87
65 16 90
164 149 47
154 133 74
134 5 16
154 18 82
81 35 74
113 59 22
5 102 15
143 79 57
8 137 28
152 36 59
22 90 34
139 43 33
26 91 41
37 153 23
147 9 12
132 6 14
59 30 78
162 82 71
63 67 65
50 13 69
98 56 33
40 82 17
125 58 89
19 140 87
168 72 16
90 139 84
56 29 44
128 131 57
90 68 46
119 97 99
3 33 19
46 34 82
23 97 50
72 147 16
141 50 70
159 115 37
68 110 10
0 74 94
126 67 53
84 50 71
97 154 60
111 10 45
148 124 98
101 144 91
82 29 57
66 124 82
145 122 64
164 61 71
0 13 82
90 92 86
48 73 50
85 108 25
86 22 19
114 85 90
4 34 81
70 150 35
21 163 76
143 70 90
41 2 60
60 99 93
32 117 84
131 57 96
41 49 89
40 141 79
169 31 63
109 53 92
122 100 40
160 3 78
36 83 79
33 103 93
157 30 97
125 25 15
122 28 52
40 127 65
48 77 46
25 86 44
121 44 92
28 67 36
150 131 43
141 87 46
156 37 98
115 66 68
108 170 88
103 112 22
18 21 75
73 171 69
36 161 86
15 165 60
132 23 56
63 148 33
14 11 10
84 90 73
128 145 26
58 8 72
23 98 23
121 137 59
120 132 57
54 36 36
41 11 30
17 65 63
154 86 48
121 31 49
149 137 66
109 144 10
129 44 59
67 124 82
48 147 79
84 86 64
110 44 93
144 152 72
137 32 24
133 29 86
69 142 86
93 157 93
9 10 25
134 4 33
62 48 33
141 66 96
86 159 12
13 27 39
16 158 85
116 148 64
73 5 12
65 162 17
16 144 38
161 94 16
54 5 60
62 146 10
4 135 14
113 92 62
162 103 19
2 154 19
147 68 12
15 36 44
156 101 85
163 143 10
145 134 15
45 93 70
74 85 63
50 15 93
127 121 17
149 54 97
91 144 27
11 13 77
53 87 49
128 120 71
77 138 16
87 165 59
90 59 36
48 134 10
117 84 72
52 139 63
117 125 18
37 57 28
20 146 88
83 20 14
98 102 20
163 87 67
9 122 82
64 169 59
35 30 85
98 92 100
1 109 73
42 53 90
60 91 63
124 24 25
166 138 76
42 95 65
135 101 69
100 21 42
16 120 36
147 82 88
102 55 85
28 14 25
147 93 55
72 128 38
51 149 18
40 126 68
150 37 80
33 110 80
125 118 67
137 114 46
74 108 12
24 25 89
36 80 46
113 56 65
37 134 82
29 106 100
163 104 10
157 92 75
65 73 50
122 0 15
23 127 98
11 14 36
30 137 25
18 75 52
64 93 84
151 139 43
12 35 12
99 82 65
57 26 89
68 34 100
168 7 11
126 142 62
169 63 92
160 27 86
158 5 78
122 34 65
56 168 26
61 122 21
139 124 31
134 7 57
112 141 38
85 69 98
112 51 88
57 0 18
40 146 70
121 57 11
162 64 40
20 140 57
63 84 60
154 68 70
98 122 10
76 160 15
83 166 35
91 64 60
53 106 86
57 16 23
69 53 16
164 123 99
46 162 98
143 117 17
154 28 67
79 118 28
68 131 64
51 152 61
100 164 40
85 69 64
139 138 79
63 87 92
98 8 35
10 77 40
23 74 42
87 106 66
3 84 39
6 62 18
132 116 65
48 154 23
5 72 18
114 15 75
157 108 25
147 117 73
110 168 90
83 107 87
159 72 79
58 165 22
39 104 71
138 131 37
162 128 27
40 39 32
1 63 61
84 42 78
75 126 11
103 129 39
66 33 64
92 86 97
10 71 45
36 164 99
145 34 82
23 16 79
47 170 89
65 159 79
11 64 89
61 115 39
168 63 74
115 156 67
89 136 11
12 106 71
141 121 75
143 130 32
43 10 56
114 164 51
44 38 56
156 18 37
43 31 83
151 1 92
92 97 18
104 19 42
28 149 87
135 38 19
102 39 85
95 0 44
158 43 69
74 23 44
159 170 79
5 48 30
142 110 33
123 106 16
88 63 86
143 57 34
50 137 86
80 165 58
21 170 87
18 119 49
162 4 33
20 147 16
21 56 14
160 60 13
52 16 59
17 87 32
44 152 69
0 72 48
27 59 91
42 6 11
41 132 81
169 114 15
3 89 25
82 139 35
146 128 40
51 27 31
113 137 50
152 131 73
31 112 86
153 136 40
128 65 46
66 19 61
127 68 92
7 47 29
16 66 59
167 38 100
28 84 10
57 111 34
132 1 77
81 78 81
146 74 29
9 29 70
68 74 90
141 135 77
166 168 11
51 143 96
142 35 46
164 80 20
64 11 17
66 28 28
84 68 52
150 78 65
62 31 69
22 86 55
82 67 41
113 12 54
45 144 46
45 111 51
82 55 20
3 52 88
126 111 34
7 27 55
17 170 36
41 145 46
75 58 65
52 71 61
70 47 45
142 137 99
157 5 23
145 119 72
83 34 68
24 150 47
5 106 69
166 10 19
44 104 77
78 169 90
74 164 98
71 68 66
124 168 20
166 29 79
86 120 19
5 170 63
90 104 85
166 104 86
26 9 36
68 137 68
44 135 91
155 100 42
160 83 32
16 168 24
171 72 79
85 130 62
127 155 20
49 168 55
39 116 43
30 97 44
2 169 16
32 14 84
152 154 26
26 56 38
50 54 42
84 65 28
119 17 62
148 6 72
171 58 32
54 115 30
54 6 54
28 130 49
79 147 49
5 124 16
121 44 15
41 83 43
169 32 66
165 138 40
86 72 75
46 71 29
116 37 37
15 168 28
33 7 48
48 40 96
32 107 98
147 115 33
45 163 37
62 97 35
75 60 25
43 48 58
89 163 17
111 94 58
45 154 27
62 48 66
83 14 88
79 83 78
120 19 65
140 102 82
20 99 18
112 29 30
25 129 90
34 12 42
49 99 29
34 73 49
25 148 15
138 58 33
104 38 42
25 80 46
19 6 21
44 80 36
80 136 57
121 36 56
44 16 100
78 157 89
97 56 88
135 126 78
109 35 94
114 36 19
97 96 56
37 71 29
119 162 28
17 148 71
40 147 97
99 5 54
170 33 14
161 71 34
133 137 54
138 113 17
103 9 38
133 111 94
109 160 38
111 43 29
37 84 63
69 38 93
105 9 37
164 147 80
75 109 39
80 112 24
169 82 84
155 162 47
65 37 18
164 60 46
148 100 43
124 109 65
21 137 72
100 80 62
79 118 99
113 154 49
21 142 58
103 81 31
18 48 50
77 19 65
59 67 49
118 160 31
33 122 44
94 134 98
68 70 86
85 94 32
33 100 28
16 123 40
70 44 98
67 111 80
91 135 47
35 157 62
73 60 94
2 54 29
114 111 91
89 4 71
28 130 87
162 1 92
165 11 65
70 115 46
122 128 25
122 89 46
31 35 52
68 151 55
152 96 79
118 116 38
60 20 68
10 28 57
127 54 42
80 135 92
81 98 87
66 57 34
84 74 71
13 63 52
100 108 12
159 155 59
135 71 43
101 144 83
34 156 58
118 157 36
125 114 18
143 166 53
42 44 85
33 135 16
8 74 58
98 80 19
79 56 38
146 29 62
105 93 47
33 146 88
150 82 68
0 147 29
2 149 54
78 47 54
70 111 69
151 160 66
66 9 30
63 93 40
21 171 30
79 132 98
147 25 72
43 129 28
159 61 71
24 59 61
127 5 46
39 78 58
30 13 62
63 40 88
31 46 43
100 6 46
81 129 86
156 171 29
72 73 44
100 132 93
87 15 25
167 20 87
156 2 67
6 89 90
25 116 60
36 124 97
21 104 98
125 46 20
107 41 27
108 146 38
89 102 75
96 55 76
164 87 33
16 115 63
55 41 10
43 62 47
100 57 73
39 106 11
41 161 96
102 72 45
80 154 70
127 83 74
139 35 88
119 58 49
157 118 84
72 115 14
96 100 69
60 99 83
110 22 67
26 21 81
4 40 92
103 88 53
48 107 80
92 133 48
131 120 40
157 18 94
69 36 20
171 105 80
18 92 91
16 39 57
137 76 40
111 98 85
60 99 81
168 114 22
5 35 92
160 20 80
166 90 30
137 146 16
31 49 58
57 161 49
136 16 92
95 89 87
41 70 99
88 109 57
121 80 31
105 98 82
101 79 100
10 39 88
149 58 15
95 138 22
76 118 30
104 143 26
80 11 73
136 142 73
142 166 36
54 120 17
19 141 56
122 28 40
24 133 52
17 170 76
168 86 18
100 155 46
130 22 98
139 40 30
50 107 23
15 58 72
113 98 20
11 32 84
99 38 19
88 70 84
162 126 69
50 97 58
83 4 24
26 153 40
89 0 87
70 171 85
64 75 46
160 126 93
47 36 61
58 23 15
53 171 92
71 73 16
158 85 100
95 89 44
96 164 41
46 84 49
3 109 13
54 170 93
152 98 16
98 33 14
52 46 61
170 147 92
136 165 57
105 135 30
137 156 68
121 108 10
14 129 96
111 136 100
12 1 95
0 131 28
153 54 97
113 21 38
108 99 93
169 17 81
1 80 76
142 149 93
26 128 95
101 55 85
125 141 55
83 73 87
88 67 78
42 141 89
23 108 57
74 24 24
21 59 89
170 4 48
108 103 69
148 67 80
166 18 47
118 134 20
143 37 47
141 47 41
102 1 10
63 164 16
153 30 73
21 151 56
24 147 26
22 97 80
6 40 59
108 11 30
134 12 11
83 53 78
34 146 57
38 7 97
115 139 86
13 133 92
119 40 48
34 129 13
29 68 24
130 32 42
28 80 97
46 13 39
13 52 26
11 8 37
64 88 78
33 118 66
32 38 46
169 88 21
68 108 88
24 62 44
127 125 34
65 146 42
116 38 93
138 108 48
33 36 71
86 9 17
56 165 63
58 3 79
124 58 89
58 40 69
87 39 77
27 59 96
170 43 59
125 162 71
125 96 47
84 63 12
165 67 14
23 110 57
158 81 96
115 166 98
18 66 19
63 100 20
23 14 50
105 7 16
164 84 26
36 98 41
44 114 37
127 8 17
52 40 95
84 5 71
149 145 78
159 67 45
162 121 13
140 39 37
50 157 53
149 40 19
111 112 35
69 82 74
90 149 46
169 114 65
146 25 38
117 32 56
65 132 51
163 13 22
13 105 70
5 58 67
94 34 43
8 82 17
60 14 87
170 171 64
47 145 17
156 3 40
148 159 84
58 34 57
68 35 82
72 134 34
70 106 13
143 115 79
71 113 37
100 121 60
153 47 76
123 159 73
110 119 10
153 136 67
39 26 33
139 84 44
147 146 18
143 13 46
124 25 69
90 91 55
32 7 66
51 125 76
88 93 79
150 142 72
76 86 23
33 68 74
106 60 55
19 49 87
102 45 11
92 48 33
94 144 55
143 106 43
57 146 39
113 124 89
120 127 61
42 57 95
10 68 99
74 112 51
28 15 61
150 21 54
124 2 17
85 153 88
169 52 68
131 158 83
171 1 79
110 53 97
162 76 30
106 167 82
137 93 99
51 5 14
77 47 85
171 137 24
109 83 37
90 84 38
71 110 97
154 17 85
15 50 21
80 28 66
125 91 24
171 7 16
7 156 43
9 129 17
165 34 12
110 8 93
159 111 77
91 97 64
161 126 24
79 143 45
61 129 10
57 43 48
156 86 28
117 37 74
49 46 23
37 160 18
91 163 77
34 130 12
72 9 68
6 4 57
115 108 20
104 140 56
21 111 92
25 83 18
105 66 36
55 46 36
134 52 50
71 47 51
32 126 97
132 50 73
59 6 96
61 30 43
12 65 57
25 66 54
72 15 82
144 5 68
111 103 20
167 63 86
24 84 27
47 154 54
12 99 73
111 85 56
54 92 96
164 62 35
163 94 17
57 54 94
14 54 87
71 119 23
104 153 40
56 83 28
140 92 49
163 133 80
154 142 10
32 56 40
166 36 94
91 164 87
162 22 81
59 133 89
27 149 30
145 169 77
108 94 90
36 120 41
100 82 84
160 54 39
132 70 58
117 86 45
1 106 54
103 79 36
88 156 79
51 136 66
5 82 51
73 2 68
21 58 15
97 87 31
90 113 80
75 55 59
123 67 44
33 0 10
72 42 86
45 125 100
167 56 55
122 99 67
66 130 10
75 110 43
77 75 36
70 90 57
4 129 12
142 154 100
103 99 37
117 103 21
115 150 45
123 168 15
33 52 74
72 159 88
63 130 34
144 88 74
114 166 14
96 85 14
10 18 43
128 146 20
116 108 24
87 47 95
91 121 16
55 104 90
8 129 39
68 75 61
46 57 64
84 19 89
153 42 37
8 7 51
122 46 65
106 148 49
8 32 22
81 47 48
114 90 44
84 25 94
61 158 24
159 161 93
148 169 94
35 143 13
168 16 43
142 152 43
66 60 11
133 35 49
147 162 79
110 44 54
34 25 78
126 131 57
80 137 37
82 30 70
13 30 69
47 151 95
71 58 95
95 130 29
81 166 16
32 117 17
85 70 53
28 115 90
88 50 81
156 164 76
23 98 15
138 98 99
86 145 28
113 166 38
43 143 52
60 45 49
151 159 20
108 60 40
97 137 86
7 122 80
160 135 98
106 58 16
95 11 86
92 52 72
90 58 11
114 20 70
33 92 59
85 124 42
169 21 99
93 146 43
19 139 41
97 83 88
3 75 27
19 86 99
38 13 30
122 171 55
22 94 49
100 126 82
138 89 46
135 133 30
53 108 81
72 4 34
86 45 15
91 104 47
62 158 29
35 110 16
86 167 76
101 40 16
162 109 31
72 19 87
122 93 52
25 87 48
158 86 78
89 160 37
52 43 54
44 33 82
49 148 58
161 130 35
144 108 42
44 108 62
16 96 46
10 68 62
21 93 74
143 130 86
33 137 35
151 105 58
116 122 23
19 155 79
76 70 66
85 124 59
8 41 88
107 4 52
33 154 65
105 67 60
28 89 28
20 113 41
167 163 10
119 151 19
129 160 19
51 59 82
94 147 49
58 160 36
148 81 53
87 9 30
131 91 25
57 134 16
37 78 24
127 45 22
69 89 89
124 156 70
123 170 46
78 93 41
16 9 66
132 46 62
136 108 90
160 92 95
62 33 23
14 8 10
89 0 55
45 59 59
119 7 40
78 96 40
26 134 77
32 148 47
159 8 43
49 112 46
40 45 92
150 5 42
151 83 21
136 96 39
15 56 83
109 123 90
140 83 46
21 152 54
3 81 28
1 77 98
43 6 44
33 11 35
44 144 58
162 1 26
65 75 30
116 16 58
115 164 16
108 70 83
59 167 39
5 62 80
73 145 43
75 32 100
55 45 29
23 54 51
157 40 66
137 39 70
23 100 45
125 65 58
153 36 97
155 61 43
84 70 40
143 93 16
22 86 77
146 167 10
43 114 98
96 21 88
70 41 48
144 134 43
47 118 32
169 117 62
88 21 61
94 32 60
142 112 53
82 116 36
35 42 96
156 119 80
157 123 24
11 121 79
38 51 18
96 65 22
148 139 77
33 28 17
139 28 50
72 59 41
0 86 47
32 37 92
69 106 95
160 62 87
72 61 86
39 120 14
169 108 48
63 160 13
19 140 32
151 57 81
134 71 49
162 165 56
31 81 20
121 20 66
0 38 43
135 46 16
120 148 96
10 88 78
66 144 17
52 100 71
140 80 47
36 120 11
119 30 47
145 13 19
86 70 58
59 155 43
95 146 67
11 124 23
14 28 78
37 53 97
44 50 87
7 158 58
44 57 21
36 115 31
45 103 69
85 25 90
31 127 29
41 31 69
48 56 32
36 128 19
169 138 78
16 64 46
73 13 33
129 143 98
51 70 81
122 170 100
0 132 77
47 161 23
149 5 78
34 86 59
74 105 37
105 88 27
26 57 77
32 29 23
130 144 87
163 4 22
110 73 91
49 84 80
55 3 95
60 26 23
115 27 86
133 113 19
22 91 78
62 145 21
167 40 40
115 130 39
122 24 58
28 44 25
37 35 23
119 98 67
150 4 34
18 153 73
63 17 81
25 158 19
28 61 99
100 90 85
169 109 32
54 158 43
125 56 89
87 91 55
9 36 21
1 29 51
65 6 22
25 130 76
55 144 50
143 98 96
4 106 14
167 55 74
56 97 42
153 61 36
78 45 93
101 111 85
139 71 42
91 46 83
120 165 99
11 24 76
3 62 98
22 117 53
45 73 63
139 38 92
40 152 90
142 96 69
81 2 89
120 14 52
56 165 53
106 170 16
64 120 58
109 152 73
158 76 75
141 44 70
50 36 80
100 159 97
156 52 75
31 114 79
119 154 13
170 113 38
111 9 37
2 152 29
114 72 56
171 92 42
56 154 82
142 3 14
168 40 48
14 130 43
44 167 22
123 132 75
92 3 16
79 88 78
8 91 54
9 159 63
109 146 57
126 121 97
103 109 70
151 73 96
17 39 49
28 86 89
169 96 27
30 24 98
72 110 88
146 130 47
123 74 68
98 160 79
24 94 45
109 50 51
141 165 79
114 144 59
104 118 14
143 86 90
97 109 40
94 143 73
133 81 15
15 100 41
133 168 44
61 34 57
129 52 70
149 166 83
102 67 93
85 132 71
95 6 98
28 128 70
11 129 65
17 73 52
44 127 63
52 129 19
50 81 94
124 73 86
69 49 71
70 133 35
60 5 47
93 111 16
156 48 35
106 13 13
167 110 15
58 67 47
116 151 33
15 111 31
146 105 25
40 135 81
65 31 87
114 44 86
167 126 31
2 118 41
15 27 95
67 56 75
37 80 70
103 91 77
123 130 64
22 118 74
45 14 44
26 21 88
111 82 83
94 129 64
149 121 53
78 45 28
131 145 95
56 48 71
76 78 82
167 166 93
81 86 14
138 132 44
42 2 44
48 125 12
150 117 71
34 89 99
116 161 82
109 160 69
152 169 12
83 165 40
101 137 50
105 60 47
88 12 71
44 48 67
123 116 18
94 103 87
93 149 49
90 168 86
112 117 20
74 97 84
123 82 46
23 89 97
94 12 17
99 52 26
145 72 91
47 83 37
90 64 69
102 131 44
122 113 74
43 108 43
74 155 80
80 35 45
11 140 59
145 37 51
130 161 68
153 57 90
39 56 33
57 53 65
96 26 73
119 140 86
89 170 35
158 60 10
136 142 83
152 119 44
94 37 12
100 131 17
22 106 91
84 140 52
110 38 36
13 25 64
59 14 18
149 23 23
28 129 61
154 142 14
96 38 75
48 93 82
3 144 70
170 71 98
170 70 73
102 57 73
93 154 20
67 50 98
92 94 36
77 42 14
164 27 17
57 32 42
3 31 93
169 64 22
36 111 65
95 70 56
143 132 48
14 29 45
166 1 52
83 65 35
156 84 54
19 67 56
142 98 81
122 89 59
22 77 35
50 7 64
12 135 83
55 30 66
162 63 35
73 42 64
59 48 100
134 157 59
47 87 59
21 136 55
32 143 83
5 96 59
13 92 18
53 87 79
118 57 51
130 160 82
66 28 96
72 129 23
2 60 60
75 58 98
39 142 36
24 169 50
100 163 13
28 70 90
77 44 43
148 117 42
17 7 92
167 92 64
128 76 46
149 117 20
49 47 53
115 139 36
25 109 75
69 45 66
18 51 53
46 136 27
165 96 90
149 84 75
7 153 28
92 86 10
83 68 57
102 24 75
72 76 93
157 132 69
143 52 35
31 71 54
38 3 55
2 59 41
33 168 53
70 5 79
74 170 73
138 163 61
120 44 84
40 32 96
7 92 92
116 111 62
147 169 63
111 161 96
69 150 73
62 0 64
114 133 39
31 124 20
10 44 30
13 111 20
163 65 57
93 130 23
132 122 58
18 38 90
124 90 83
149 91 66
169 49 14
138 141 48
141 29 63
79 75 46
122 100 78
170 143 37
119 44 62
41 131 63
19 78 87
38 100 76
112 63 23
147 69 12
89 142 93
48 170 11
35 44 21
147 30 16
19 82 41
168 71 22
88 144 97
28 152 51
102 105 18
71 6 66
12 78 100
52 40 90
78 12 57
82 115 71
99 22 20
138 21 21
46 169 54
101 133 27
110 39 74
142 170 52
17 20 26
102 154 19
80 54 86
35 19 20
56 134 40
71 74 40
46 123 46
70 18 42
97 107 84
3 1 46
99 21 82
47 11 99
57 59 26
45 104 25
35 70 24
101 54 30
141 149 91
139 104 54
20 1 51
59 116 67
135 117 32
159 169 57
147 33 78
81 165 64
25 101 24
109 17 66
8 156 67
132 3 92
124 131 14
101 112 29
64 145 69
79 46 20
10 130 92
122 65 56
9 158 100
36 97 99
117 23 40
129 152 33
36 153 93
51 153 73
3 26 24
3 80 16
159 158 95
82 33 77
71 126 16
159 152 12
82 122 44
89 124 90
144 13 50
128 153 61
52 24 63
96 111 31
122 69 45
34 50 43
103 150 61
64 43 34
46 117 40
42 79 83
37 50 50
115 128 69
70 141 32
147 152 11
22 103 73
1 114 29
56 31 33
20 75 53
54 114 80
8 20 37
161 69 23
111 38 87
73 134 24
7 74 66
154 23 66
88 167 29
163 73 27
128 148 37
168 5 96
64 59 57
30 21 73
163 88 83
141 110 45
169 141 88
122 72 46
127 94 25
138 34 33
3 164 97
107 23 64
28 3 41
118 102 62
129 119 10
159 85 23
139 80 78
4 70 26
154 145 99
147 24 82
155 98 74
24 10 89
91 54 49
125 69 82
161 118 53
44 23 45
58 84 94
116 39 83
123 131 11
30 38 44
56 144 80
83 0 87
56 33 51
163 32 35
120 118 86
169 53 97
159 33 18
92 54 89
142 14 97
126 161 56
149 61 42
47 0 45
4 0 44
21 91 80
28 40 14
150 60 32
87 71 20
49 11 18
99 28 68
23 81 26
6 35 34
71 133 40
158 75 30
129 14 34
163 146 22
48 16 100
89 137 12
98 87 66
69 35 22
138 127 65
68 143 75
82 20 53
93 119 43
131 4 27
32 103 39
69 12 87
28 162 12
36 161 14
120 149 90
118 64 76
155 83 23
49 3 64
96 169 27
32 141 47
53 160 44
5 151 45
127 162 91
66 148 79
41 61 96
125 20 65
52 43 55
71 11 55
139 28 72
1 91 38
139 32 75
11 90 35
54 109 40
123 97 63
38 134 44
49 104 20
165 76 70
13 7 85
27 125 42
29 120 86
16 132 93
26 65 26
37 26 59
9 0 24
86 114 78
157 136 14
91 101 32
98 37 43
87 72 72
142 135 51
138 28 25
70 146 83
96 28 49
118 45 59
131 27 37
18 66 24
95 38 64
146 124 74
133 89 72
94 81 67
6 90 29
131 114 93
23 16 62
115 106 23
91 106 73
113 53 59
61 24 16
25 64 96
121 61 26
35 134 58
114 64 26
62 120 50
8 117 86
152 43 58
59 82 46
127 98 32
131 142 87
20 39 77
153 155 29
38 112 57
144 128 90
117 38 32
136 104 62
164 167 76
96 62 68
52 44 63
80 100 88
70 34 19
104 2 51
23 144 71
36 6 74
157 142 70
112 99 18
122 43 26
113 146 73
6 4 100
11 81 68
0 32 15
101 136 86
136 117 11
101 79 29
80 89 14
148 21 41
20 63 48
20 90 32
112 39 15
138 164 33
50 137 23
122 142 71
29 4 37
149 169 65
167 74 100
53 72 93
41 103 71
90 36 49
91 96 58
106 164 91
23 26 70
170 136 23
18 152 11
151 4 83
17 39 30
69 135 94
151 14 66
63 57 48
13 28 23
138 103 98
41 66 84
104 17 72
1 37 25
95 171 67
141 152 84
127 19 21
9 136 10
88 166 45
18 2 12
167 88 72
61 83 31
146 101 87
150 35 82
138 125 86
148 84 36
55 146 17
107 1 83
51 88 34
163 25 96
52 75 67
102 127 97
136 47 100
22 160 92
64 168 30
128 157 19
76 122 49
134 100 47
26 20 47
58 109 66
29 140 97
140 24 74
121 90 89
70 131 75
54 151 22
57 148 86
48 137 92
47 155 81
7 23 93
164 18 96
29 167 85
104 161 94
106 69 83
137 82 20
168 124 90
53 97 16
122 78 25
135 171 14
97 105 68
96 103 91
10 3 35
117 53 67
66 154 57
55 98 17
53 40 40
146 162 46
73 70 70
167 60 74
73 60 82
162 149 71
134 105 45
72 27 46
161 171 100
81 102 23
132 66 29
5 133 86
154 120 25
132 10 80
72 127 21
91 109 54
126 82 58
27 126 75
164 7 41
85 28 38
16 97 74
95 120 52
45 99 57
136 0 43
120 125 75
165 22 30
71 153 73
74 99 61
51 20 16
167 39 58
126 1 87
157 37 85
48 147 86
154 168 54
93 41 33
51 96 51
153 60 10
153 135 54
29 57 94
84 96 57
129 26 40
130 48 80
4 77 61
9 0 62
79 32 97
128 141 44
136 156 80
163 27 64
164 139 78
118 126 39
163 105 91
7 37 72
170 96 31
54 114 97
127 40 98
69 5 54
168 27 71
149 123 24
109 90 64
116 100 75
19 27 94
63 64 27
151 122 27
23 13 35
3 135 96
31 156 100
156 37 14
98 148 70
0 113 43
77 164 92
75 1 39
119 129 27
92 141 56
80 135 17
50 171 75
70 10 52
110 117 100
63 159 52
170 163 21
68 156 33
0 4 98
152 20 58
8 121 83
1 31 55
153 6 40
89 140 69
136 98 76
47 161 11
102 103 41
143 58 74
62 151 26
80 69 98
95 52 30
29 48 64
5 146 56
6 26 62
124 52 34
73 88 35
89 52 32
90 31 86
98 114 13
70 96 44
45 124 12
50 111 59
0 85 82
150 78 49
57 31 12
153 53 73
41 61 96
127 90 41
59 164 79
98 145 27
24 84 10
154 98 24
112 87 61
24 134 100
4 70 24
71 84 67
63 109 98
164 40 15
26 53 45
116 115 15
62 42 36
44 26 21
154 30 54
21 169 42
44 167 66
85 89 54
37 126 52
53 2 93
112 0 63
145 29 33
37 144 10
92 98 85
63 47 69
64 153 54
91 168 61
1 53 49
66 7 28
17 86 72
102 109 17
94 51 65
63 64 96
12 125 13
14 79 94
47 123 89
65 27 32
158 34 15
83 161 24
16 84 58
140 42 98
45 25 38
80 126 94
95 119 35
43 2 71
71 97 61
38 12 51
161 1 66
77 130 60
82 46 25
13 93 89
10 114 39
167 34 87
66 108 28
43 101 90
96 122 98
73 28 44
128 131 35
88 86 22
16 115 61
26 126 42
22 67 27
44 15 68
118 42 36
10 33 37
129 155 64
142 30 100
103 143 68
56 138 94
59 150 67
31 15 13
85 140 80
140 73 17
97 162 16
116 72 100
105 168 23
98 108 45
116 75 49
168 72 96
74 146 25
151 137 16
120 62 36
157 143 41
50 104 41
30 118 79
82 73 77
19 25 42
80 128 16
134 171 54
36 77 51
116 140 88
0 169 28
155 142 41
108 6 96
51 16 21
170 25 49
171 51 55
165 101 59
107 10 73
119 135 17
68 27 32
9 10 10
123 161 29
11 20 23
123 160 75
159 5 37
153 12 78
62 48 98
12 67 57
49 94 73
95 65 13
78 3 37
85 116 23
134 21 24
40 41 81
2 37 61
52 11 78
77 126 13
136 42 37
33 43 37
133 163 98
44 167 22
102 127 23
57 54 40
127 35 48
118 25 86
132 143 98
52 26 64
48 159 95
68 156 64
94 106 93
40 56 48
153 54 28
136 51 28
84 91 25
105 123 52
75 150 69
124 123 66
64 4 30
129 24 83
129 50 15
131 150 75
67 31 14
13 151 44
61 138 82
52 5 63
138 134 61
79 27 97
107 34 26
95 10 69
39 64 33
97 157 23
134 63 95
130 70 11
162 47 73
133 149 21
17 75 43
36 99 96
39 114 90
148 146 25
71 48 32
145 30 81
129 117 17
96 163 25
114 57 10
1 71 26
17 3 54
11 80 71
105 5 85
51 128 27
7 132 73
130 75 37
146 62 75
17 98 45
77 13 82
23 96 71
38 33 88
169 74 43
150 53 10
167 55 87
156 132 45
145 29 82
58 20 41
140 75 80
53 73 44
0 29 69
112 21 41
126 37 49
17 24 73
103 162 100
65 67 55
146 115 45
74 96 69
126 162 84
159 34 68
107 150 80
145 113 34
68 160 78
47 162 55
55 118 63
145 132 45
87 51 11
12 0 25
113 26 19
96 101 85
100 167 63
32 48 29
145 30 69
100 84 74
100 142 75
157 25 50
66 62 10
87 16 38
127 147 82
17 147 58
74 98 87
80 23 73
38 42 28
113 82 69
8 14 95
35 6 71
71 123 19
132 7 29
120 61 33
44 134 37
24 36 60
108 26 86
168 61 100
124 67 73
137 151 32
113 11 75
148 16 62
111 113 78
63 88 21
97 38 54
82 111 30
74 94 49
114 33 67
1 95 85
56 26 90
133 54 31
67 168 74
143 28 100
123 16 18
105 131 11
170 122 90
97 137 82
81 8 11
169 5 32
15 151 84
66 135 85
120 6 87
167 118 54
37 125 34
171 124 93
121 22 31
123 39 38
110 125 69
101 66 52
56 130 93
171 54 38
54 36 23
74 141 11
87 18 40
166 104 28
61 36 45
81 70 80
7 93 25
11 47 75
31 125 74
12 78 52
163 95 17
29 113 87
78 51 27
10 56 92
114 11 90
25 21 64
152 81 99
154 150 38
19 90 62
48 123 80
125 4 58
148 116 48
157 57 70
12 4 60
5 94 32
121 103 85
70 153 20
2 39 96
166 82 95
33 86 37
170 2 84
127 166 97
11 64 24
102 167 40
128 94 58
60 169 34
21 117 75
152 168 13
135 136 38
43 72 49
168 2 92
109 125 93
75 171 74
159 158 13
130 84 38
23 65 48
149 90 41
44 158 40
140 165 58
112 58 66
54 103 59
9 166 35
146 161 17
38 70 16
124 119 15
126 151 66
101 70 48
84 140 89
109 134 18
103 39 99
161 137 26
77 96 92
108 14 38
7 131 20
13 23 30
104 31 56
95 124 98
142 141 28
46 69 85
73 128 62
79 43 17
78 70 39
135 109 56
144 167 83
109 128 54
20 88 64
59 101 52
108 76 76
61 160 19
108 142 29
39 154 40
123 156 35
144 88 63
51 162 92
63 166 16
20 48 21
128 96 12
118 169 19
7 154 24
98 171 22
88 130 75
80 131 26
147 64 65
132 154 18
38 25 32
99 9 81
47 113 55
62 79 75
96 86 44
143 131 31
94 79 94
120 154 94
127 152 74
125 67 65
98 22 96
97 78 90
160 86 40
28 144 51
121 20 49
88 0 15
93 98 85
39 77 32
135 39 76
110 89 67
71 48 70
151 82 50
12 75 13
47 114 19
82 56 43
98 1 86
154 94 98
28 0 37
113 80 61
125 138 74
80 98 90
99 20 14
89 138 11
131 76 94
49 85 95
131 32 89
3 171 17
24 52 31
31 51 12
34 127 67
62 113 12
8 104 28
76 51 69
60 147 84
76 113 79
170 116 70
64 145 78
94 71 30
76 104 79
144 1 79
89 155 36
89 154 94
19 61 100
19 66 14
17 73 97
16 171 21
142 0 84
11 14 26
162 77 14
78 123 53
93 99 28
53 92 69
87 33 46
40 11 74
89 25 75
129 105 67
104 67 24
61 166 67
72 17 72
128 123 86
129 81 13
91 99 33
152 76 65
162 76 16
8 113 96
89 46 86
82 68 85
89 12 12
141 6 44
88 17 87
163 12 18
157 52 74
4 33 92
55 19 77
10 147 64
88 128 59
47 125 94
23 163 75
40 89 74
107 69 33
97 50 83
82 130 34
116 119 44
159 48 83
31 73 19
32 61 66
37 40 100
158 146 48
153 130 32
48 114 34
107 22 26
38 49 60
61 139 59
132 154 94
164 122 98
163 164 32
81 88 51
159 122 68
65 71 60
57 148 55
51 88 89
128 103 48
153 97 65
13 110 34
151 71 28
29 70 70
44 117 29
62 153 21
16 103 63
22 157 41
144 123 66
101 9 38
160 38 70
72 104 70
93 88 28
1 146 22
138 13 82
135 149 97
8 23 96
0 4 51
9 18 27
19 80 90
44 16 20
158 43 39
160 92 95
84 138 11
140 54 41
121 151 48
168 4 98
76 165 61
148 74 68
23 134 82
63 117 24
41 88 93
111 4 37
145 11 77
159 156 19
17 161 32
154 99 40
112 23 70
42 146 39
66 21 80
27 37 54
17 42 19
166 100 74
120 0 35
53 112 57
126 132 48
161 29 60
33 79 56
132 58 71
44 82 14
160 24 55
51 22 54
30 99 22
109 5 61
12 100 43
122 114 55
85 102 80
78 46 46
17 24 74
53 32 63
36 65 95
103 79 40
131 108 97
88 45 73
64 133 96
131 2 39
152 125 69
124 7 43
95 99 55
135 4 85
61 34 53
169 76 61
73 121 12
171 69 98
69 73 17
74 42 25
19 155 86
159 81 47
129 2 26
110 12 75
148 162 74
157 77 61
23 121 54
54 13 47
145 43 68
136 123 11
35 162 88
146 91 78
153 32 88
141 116 81
74 170 45
120 84 19
42 52 34
88 65 79
9 167 20
93 10 15
139 4 12
119 113 31
75 62 67
136 79 100
152 74 46
148 87 51
26 113 49
92 163 80
113 99 49
28 42 27
20 89 45
2 128 37
164 11 14
166 83 99
133 144 19
103 59 54
79 113 51
121 74 77
68 142 68
45 117 59
140 43 69
144 152 15
151 41 11
170 118 26
170 41 71
23 108 98
144 151 92
94 12 11
13 71 93
135 16 100
46 52 10
58 72 61
61 141 62
148 43 19
21 114 50
103 83 17
7 158 76
80 26 72
12 121 42
57 119 98
2 133 90
64 96 13
158 78 27
157 167 97
71 139 48
134 83 91
39 52 71
13 101 89
132 140 24
146 29 19
57 164 15
162 4 63
19 162 61
81 115 74
25 153 74
142 80 27
43 22 54
66 127 40
16 164 62
17 50 67
163 56 53
100 144 57
111 26 50
141 126 99
4 12 20
18 134 44
29 32 35
46 8 31
171 144 52
156 105 77
42 46 51
117 27 17
73 142 37
21 34 76
17 93 40
129 151 62
115 102 89
90 118 43
135 58 58
21 129 81
171 163 54
66 54 62
47 93 18
27 29 80
15 16 91
148 146 71
121 91 57
3 43 42
60 94 91
141 89 79
44 108 73
46 126 42
17 37 55
57 87 97
114 25 10
75 66 61
131 105 96
101 33 87
91 70 27
117 34 35
168 140 86
55 5 77
79 168 11
71 9 21
71 30 27
94 37 93
150 104 20
65 98 45
110 53 84
160 106 20
54 120 89
91 163 13
108 3 77
14 11 100
155 134 34
32 143 79
7 37 18
16 94 21
46 86 23
161 36 42
134 106 91
142 48 74
68 144 48
52 111 68
136 113 70
23 139 88
143 164 12
140 51 29
132 24 28
83 49 55
124 80 74
95 168 62
138 20 63
66 136 23
89 95 66
37 2 34
52 104 64
98 38 42
33 24 59
20 37 80
104 115 35
19 47 81
23 89 51
76 125 83
19 28 66
130 165 16
68 119 37
2 9 66
106 57 21
160 135 59
171 142 96
84 171 36
129 48 84
11 0 14
48 67 25
53 49 54
123 64 85
138 169 13
107 127 91
44 165 49
113 50 44
162 87 57
37 31 97
171 18 75
78 151 75
168 35 59
144 54 85
141 112 82
15 9 70
94 127 25
47 11 39
0 130 77
29 82 79
143 47 46
148 110 55
49 35 55
168 26 79
139 81 77
74 128 56
91 42 76
4 22 94
113 56 38
28 108 78
11 23 66
67 130 93
143 47 71
25 50 28
22 4 18
133 87 17
67 113 88
86 57 54
37 121 18
81 26 83
163 141 40
9 30 54
18 77 73
111 81 66
12 35 53
50 154 74
105 30 98
108 128 24
77 108 89
97 152 35
114 123 35
107 144 89
155 138 88
75 79 40
126 1 69
30 39 28
65 125 25
119 52 25
68 39 29
9 129 25
101 14 80
77 162 50
97 119 14
45 92 97
127 69 20
110 122 37
76 63 73
93 51 67
10 26 34
28 97 13
5 96 58
19 144 33
105 133 35
164 125 74
153 39 75
131 71 96
164 44 57
58 108 47
27 85 38
74 92 36
58 61 97
56 33 77
74 21 92
29 109 73
124 93 74
12 13 68
35 3 63
39 57 97
112 7 33
76 65 79
43 28 57
42 73 56
1 19 21
48 27 57
49 161 72
70 145 76
128 145 23
43 111 83
166 111 92
33 68 96
143 5 55
10 64 24
49 5 90
123 33 21
73 169 15
98 20 22
23 9 89
8 49 14
21 8 30
109 23 92
113 118 93
89 97 41
145 142 95
129 121 28
93 72 75
104 149 84
72 119 66
2 128 27
167 49 50
85 4 69
49 45 85
106 25 64
139 128 78
135 31 51
43 130 20
167 43 44
88 131 71
171 85 87
101 54 14
160 145 67
96 51 44
127 137 64
102 130 62
139 137 50
68 88 66
66 120 41
42 154 50
127 119 95
137 26 13
0 2 81
140 85 65
75 136 93
112 56 93
58 75 77
139 143 83
105 136 79
82 112 37
49 155 68
37 45 77
142 131 37
63 148 60
76 122 58
28 5 36
146 135 62
125 108 78
107 83 38
20 64 41
46 7 75
42 56 100
27 153 89
119 141 30
101 148 94
19 17 90
140 35 93
79 115 43
45 97 69
29 13 88
143 153 22
110 112 39
72 10 58
65 140 56
45 31 64
55 151 39
152 102 12
36 131 95
84 139 40
36 4 27
135 115 69
49 100 55
94 140 42
113 86 31
31 34 44
71 30 94
91 101 46
40 28 32
102 26 46
35 163 26
4 89 24
81 56 96
122 7 44
23 136 24
50 3 89
153 135 17
10 40 58
154 90 85
168 54 70
54 147 18
121 155 72
47 68 48
43 168 97
169 19 24
88 41 94
5 128 62
24 53 10
107 25 80
167 126 26
69 67 68
44 64 55
91 33 46
107 84 52
167 104 43
20 68 29
106 130 19
86 154 91
19 41 42
98 156 47
150 30 33
16 32 81
115 19 25
85 148 94
16 103 99
31 22 24
98 147 12
109 49 22
60 126 66
4 158 51
53 66 25
19 134 58
103 107 90
74 28 72
15 161 38
45 42 26
64 31 86
163 168 46
152 10 10
81 45 100
169 23 20
60 15 34
2 128 81
5 46 82
113 21 86
157 56 57
83 38 99
119 27 81
26 90 81
163 11 58
30 128 56
14 19 66
141 7 36
127 40 74
1 86 71
69 105 69
87 148 31
165 160 64
61 66 82
27 43 93
23 79 46
57 68 50
149 144 94
61 75 34
70 149 83
42 71 48
41 105 99
113 22 52
54 64 13
113 140 10
163 109 85
136 78 98
139 134 84
49 66 35
124 163 83
67 161 25
73 134 35
157 27 88
61 40 51
15 96 69
71 145 16
18 36 41
73 107 78
98 131 33
70 3 55
147 66 16
43 116 57
110 69 53
116 64 98
23 150 91
82 19 21
145 27 79
35 130 69
111 62 59
9 108 36
60 18 31
109 82 23
33 101 91
34 14 45
0 68 64
58 74 72
47 35 92
66 161 30
118 112 17
117 6 44
146 15 18
154 84 29
66 32 51
26 134 20
13 166 81
135 163 58
149 16 25
48 98 18
98 112 39
17 139 85
154 128 20
78 21 68
42 79 99
163 30 35
151 81 63
24 34 54
52 18 96
34 18 24
68 24 11
10 45 78
12 132 72
132 98 18
41 30 100
25 145 10
1 130 100
29 166 88
167 78 38
53 26 49
115 145 46
29 64 76
29 3 45
110 10 22
16 3 89
111 73 10
145 41 49
124 108 78
163 52 75
61 69 68
17 4 31
22 152 35
38 171 51
118 132 22
54 76 19
128 51 92
144 72 47
133 123 66
109 76 78
1 70 78
69 16 25
32 127 75
65 101 40
19 11 16
11 29 26
154 68 40
45 19 23
57 116 17
73 85 62
27 113 100
103 35 61
56 86 29
118 98 82
144 81 12
26 157 27
14 162 57
107 3 67
43 127 33
33 61 20
144 59 77
18 21 41
30 40 37
40 61 17
24 3 74
85 134 39
40 105 91
141 33 91
134 151 87
95 71 57
53 155 11
136 43 86
140 30 99
74 110 39
94 10 17
28 30 35
128 22 11
129 149 72
133 126 36
34 83 10
135 95 83
113 146 36
164 131 90
16 151 36
45 33 49
28 121 59
33 163 28
19 83 19
115 89 49
54 37 37
98 167 58
137 95 76
98 131 24
4 100 89
78 95 13
51 158 81
28 0 62
118 28 51
87 159 71
14 152 51
77 111 63
168 66 27
65 15 59
14 152 48
9 155 21
153 6 69
164 102 96
168 37 50
37 24 62
57 66 98
166 78 10
81 144 31
146 138 10
29 77 21
64 16 56
99 158 20
155 141 37
104 46 74
32 2 21
83 73 33
3 31 20
103 140 37
85 18 70
80 99 30
102 92 33
86 64 63
143 141 51
147 88 100
71 61 11
14 101 52
149 122 60
156 18 68
69 149 27
147 168 84
91 107 22
45 49 29
100 2 96
41 18 58
84 36 65
23 109 62
39 14 91
39 21 93
94 115 61
159 107 50
72 149 56
18 39 72
19 38 46
99 29 34
52 168 69
14 160 58
94 13 40
112 155 12
123 31 91
78 110 41
44 117 29
167 107 57
108 145 97
17 166 44
137 56 39
15 64 52
55 26 70
152 149 96
88 87 64
98 87 90
108 23 29
154 40 60
103 32 61
121 27 38
15 85 34
23 98 47
23 124 23
34 7 75
49 75 72
21 106 45
164 141 39
117 167 56
105 166 50
120 102 38
68 150 75
46 80 33
164 159 35
139 142 66
95 25 13
129 104 17
138 57 59
9 164 79
120 134 88
9 67 65
31 154 34
159 84 93
135 104 33
60 31 72
45 58 89
38 105 84
23 169 15
113 87 52
157 115 22
141 1 59
34 136 90
91 163 94
98 68 73
103 14 43
40 36 33
42 132 14
32 30 47
3 169 54
21 80 11
0 60 66
43 21 99
60 90 49
32 168 86
85 28 85
119 67 19
116 55 68
1 43 42
108 90 73
68 120 73
22 108 37
106 127 93
110 134 22
76 29 21
20 132 56
170 4 43
61 113 55
13 132 100
152 37 39
111 55 71
98 26 69
166 137 83
146 96 97
2 97 42
153 78 68
105 138 33
67 93 78
149 134 83
158 54 79
67 145 50
105 55 20
1 171 60
81 146 43
140 147 66
30 33 18
82 13 88
119 13 35
57 151 80
16 157 96
13 74 85
92 45 95
40 153 47
91 157 24
81 30 75
109 42 54
116 12 89
139 52 98
58 47 65
134 99 39
51 70 12
165 14 39
26 85 98
65 64 15
21 65 49
124 28 83
78 24 33
98 15 32
49 48 55
113 107 25
77 93 33
99 66 68
11 38 51
155 160 33
8 152 27
89 54 90
29 96 89
130 6 94
155 28 85
145 11 59
143 130 82
43 13 32
35 73 36
1 123 48
55 59 40
13 103 28
25 27 54
150 34 100
50 69 59
67 156 12
11 140 16
147 84 15
86 116 85
78 27 79
79 155 97
9 105 74
148 139 95
75 27 10
153 41 54
170 2 22
38 46 90
130 164 19
17 30 37
96 0 86
154 3 62
166 60 47
106 141 99
18 24 40
101 27 71
135 30 58
66 157 60
6 118 81
68 38 59
6 10 94
35 135 61
139 83 24
61 71 57
144 98 24
143 60 71
158 97 60
18 50 24
107 158 65
9 64 84
32 105 15
98 31 10
99 135 30
119 50 45
62 33 76
153 55 36
68 102 79
121 44 66
33 72 29
35 11 90
153 96 24
108 135 92
138 164 49
157 26 58
112 34 27
71 7 44
27 93 36
45 123 87
3 88 86
140 119 37
6 153 35
41 46 48
121 103 95
69 112 27
106 83 14
64 82 91
2 96 12
27 92 30
168 106 19
141 7 14
132 4 94
119 52 83
21 100 84
163 3 82
120 144 61
77 56 63
56 108 50
101 155 62
116 97 72
80 60 58
112 170 73
123 33 38
115 58 81
103 110 63
114 129 83
133 82 13
18 154 27
146 18 78
11 110 35
97 119 67
15 153 97
146 33 42
86 39 90
37 75 15
54 20 18
99 107 100
74 158 36
123 167 68
139 104 31
87 129 19
0 96 99
136 106 59
114 145 22
161 74 15
141 2 26
31 57 89
81 88 95
116 93 46
137 74 73
150 36 36
102 87 25
150 129 68
31 160 68
103 100 86
94 148 44
50 109 57
137 60 76
142 109 53
78 89 44
45 19 35
165 152 10
32 82 31
0 88 94
154 88 69
68 140 24
97 27 26
33 58 36
156 109 30
55 121 61
135 43 87
166 43 89
153 86 83
119 147 84
21 0 25
17 52 41
121 32 55
7 27 86
59 129 53
15 53 26
12 73 58
94 97 45
20 139 56
48 123 52
98 32 76
40 80 73
115 23 42
32 103 44
105 162 24
143 91 98
43 12 76
124 5 13
170 161 56
76 152 19
5 141 93
20 126 77
112 40 13
6 23 63
12 171 25
89 8 17
78 152 68
95 29 26
65 89 100
2 160 67
11 70 54
50 121 38
86 156 16
69 8 49
4 50 66
166 60 17
164 22 84
124 32 45
148 40 75
113 140 17
16 7 37
66 134 52
96 101 59
36 135 88
62 152 71
164 9 65
118 37 48
71 6 54
118 108 29
81 26 93
79 37 29
124 21 64
169 36 63
118 111 82
