3419 4145
1278 2648 57
1989 2526 87
366 2716 71
1303 1613 88
1703 701 10
44 2717 60
450 1992 69
3371 3130 27
715 1250 40
1747 3366 11
1409 363 55
1926 826 64
1095 1620 66
1055 3049 83
486 1538 32
3414 1746 22
2102 2103 100
417 1668 61
1641 3409 70
3175 2593 50
243 2104 99
1700 3103 11
1131 628 35
3044 2801 11
1311 111 18
3151 2760 45
922 1852 52
1947 1351 14
3274 660 17
2720 1176 89
426 1817 85
1359 1587 58
2763 321 68
3044 2780 78
300 1089 82
2495 634 77
3251 1843 83
1996 1561 77
3149 3250 20
1920 3389 33
306 1109 26
1857 1020 69
2359 1042 11
2175 853 92
2818 482 34
415 709 45
3062 695 95
651 1836 54
690 791 84
489 2619 80
2145 1212 79
587 498 98
892 3417 55
2321 2168 27
3044 2915 81
616 2548 40
2173 3189 94
1541 1778 78
3386 2517 68
1684 1592 97
3226 1965 16
2671 2338 93
1073 2985 81
2898 1118 85
3130 2428 76
2765 3127 30
397 572 51
2123 846 95
848 127 63
2710 2164 29
2581 1843 84
2423 35 62
3083 895 41
1518 849 38
1015 1347 87
1352 3055 48
719 3015 37
740 1739 46
53 2874 60
3355 1656 86
724 861 55
1055 1185 80
1329 2792 65
1833 243 18
378 2735 15
3391 1870 34
1020 36 96
307 3198 39
135 1141 34
723 1388 60
2616 1291 91
2815 1188 89
1986 2829 60
3305 3086 41
1883 1582 74
894 1870 43
478 1677 29
2490 2850 81
333 1439 18
1461 1306 81
848 1251 92
1212 2616 31
1352 2959 73
292 2864 87
1117 2656 50
2007 1348 18
746 1319 73
3230 2818 25
569 1238 77
3168 2210 58
2563 1141 69
220 1822 54
77 2121 69
1600 1764 11
1715 2316 42
3399 2029 88
2868 101 11
2957 1289 86
1282 2922 94
1029 2958 92
44 726 59
1952 385 64
2253 734 47
683 1304 25
1135 2619 77
487 1934 25
77 3381 47
2174 2438 59
2145 1054 19
2855 124 15
2880 2008 25
3389 433 15
765 2133 16
605 1889 54
571 1632 79
3044 3046 59
1176 1632 14
2862 463 55
692 1583 32
866 2607 32
961 3304 93
956 254 97
3084 716 90
1291 1014 54
823 1002 92
2502 1277 76
2958 3321 30
1485 1566 71
2480 2882 46
2329 2018 51
1299 2522 87
203 195 82
404 1483 20
3375 217 25
135 787 61
2176 2333 63
942 494 29
892 2578 93
2980 1047 27
2017 2416 88
493 646 86
1842 242 57
3089 3101 30
775 2370 69
707 2219 52
2545 1590 22
1280 3280 60
1712 57 80
3203 1104 32
2057 618 23
1606 1053 81
210 1711 17
2003 2625 81
1734 568 97
745 2005 67
1324 2663 86
1263 2106 79
532 963 29
1965 485 66
2650 2152 80
3355 3076 96
2326 2895 87
2081 1723 28
449 479 90
901 1879 32
89 3019 53
113 151 26
641 2267 18
1531 39 27
2619 2849 87
2433 364 48
335 3220 95
1019 440 38
1178 539 42
2596 2389 79
2968 1083 15
3038 3361 10
1172 1007 29
459 1438 57
1070 1996 13
2603 1751 96
2043 1261 95
1372 3069 63
3124 1469 39
848 3149 78
1613 3020 30
1839 155 76
1351 3212 83
951 3004 72
3024 435 74
1370 290 47
882 31 44
2308 1507 70
3013 1962 32
2413 2527 35
320 1916 72
1954 2402 21
8 2307 72
854 541 77
1883 251 47
1980 15 11
3001 1799 72
1552 2791 80
306 2530 31
1153 1864 74
3008 50 33
2655 3305 83
964 2667 24
1351 1716 32
3104 2682 88
2760 412 29
550 3112 93
2330 1581 73
2822 3400 44
2251 938 73
1924 1684 39
1824 1838 68
3167 320 37
3176 1451 76
1885 125 10
1486 721 25
2428 1596 76
1646 121 89
1550 330 21
544 2015 75
221 30 43
1593 2546 14
160 1094 72
3001 1007 54
2933 594 78
2159 1429 72
202 1834 25
1979 278 97
2371 1748 69
349 1678 43
2673 3209 69
2616 1889 46
1239 565 40
1626 1852 10
1454 3127 46
954 653 65
2064 3051 83
2068 1087 94
791 2726 16
538 992 96
2284 1513 49
3365 565 25
2576 2395 82
2625 3374 25
1125 1167 89
324 134 64
2809 2146 36
1312 3112 20
3353 1294 17
325 2324 63
136 2860 61
2552 1980 12
2499 3111 29
2145 948 48
2272 1242 69
374 1876 82
3070 899 90
47 1446 27
3105 3291 31
1919 2908 28
1708 738 19
20 3 85
3143 3188 89
2840 1728 49
2572 2002 49
1740 2510 13
2825 2820 84
2469 2729 19
103 2341 77
1138 3138 74
251 2613 38
565 78 40
1684 750 70
1134 668 92
2833 1789 88
1950 2831 36
1392 1951 45
578 2329 40
739 1039 91
1200 3149 99
1781 3287 36
1698 2642 25
3418 898 51
2086 1509 16
565 1352 91
3139 410 21
384 2159 16
1292 3220 63
1460 3286 47
2913 674 53
245 2218 85
2352 277 30
3221 2220 19
501 1528 59
2052 2517 46
442 1110 42
2656 971 71
1197 3317 63
2573 694 39
362 1304 21
2284 2444 23
1423 949 58
1508 2988 75
2434 2808 75
3180 1005 27
623 3389 92
1561 1213 61
3203 2097 23
2978 3062 54
72 3412 39
644 2299 92
972 2329 98
1054 2150 53
172 3127 100
1501 2116 62
3109 2335 25
968 3215 99
2226 2590 89
12 2325 64
1078 283 54
814 3291 12
451 2244 47
2931 2415 11
2674 229 72
885 1102 12
2942 421 84
899 982 58
2685 1696 100
59 3146 79
1207 3076 23
869 875 30
538 599 74
1007 624 38
2086 1472 85
787 1265 16
2648 2319 48
2399 2347 12
2323 2130 18
3238 151 13
1524 453 88
2125 1600 63
1917 3021 36
3169 1800 22
2613 269 68
1415 3072 93
1229 665 63
556 1338 41
3391 69 40
2507 3248 27
2744 984 88
404 1544 64
1436 2231 53
2567 921 74
1949 2684 18
1527 1320 43
53 1247 76
2651 1360 51
2760 1263 30
2417 2127 39
140 146 93
2976 1878 57
1059 2813 91
2216 2980 22
1713 555 24
791 1612 99
2385 1883 65
2605 1559 16
2560 1456 25
267 1111 34
725 510 91
2649 184 15
705 923 51
2771 1077 74
2558 2986 89
918 2633 62
3324 97 98
2686 2547 66
2875 1508 21
812 15 93
2010 3398 33
413 363 79
517 2375 41
2661 1954 13
3375 669 90
878 1567 40
1088 412 12
769 750 47
1626 3062 13
3101 3248 16
263 694 70
63 1513 72
1458 1968 41
2684 1090 50
2672 2384 25
3146 860 61
2324 1049 69
2656 1818 33
727 2206 79
1339 406 19
1771 1115 71
1146 1816 78
364 2371 37
2364 442 18
1514 1561 93
837 2729 34
3080 2509 28
1585 1085 38
2588 1859 27
3123 2976 44
227 2328 87
3096 444 100
2973 161 14
1524 1793 79
1554 3395 51
1763 839 65
2940 275 16
1391 502 84
513 2358 73
327 707 36
1502 1065 67
959 3377 29
1134 3103 78
649 1017 25
3050 572 58
1055 1651 62
2166 2612 57
1436 2519 10
1347 2033 55
2263 435 94
2407 1666 34
1306 407 32
1256 1932 24
1860 832 51
597 237 22
367 886 87
1051 3014 23
677 2051 46
1242 1733 24
891 2926 24
60 667 39
782 34 65
2154 3316 58
1150 597 76
1703 2535 33
2628 1318 37
2998 1350 57
340 1443 55
60 3233 96
220 835 66
666 2545 59
2875 120 21
144 1620 68
2236 1993 12
3412 128 14
2716 3300 26
2281 2057 71
1762 397 89
654 3073 52
2860 2535 22
2094 2526 51
2358 3182 80
2845 910 91
990 877 56
1848 618 83
2232 3118 25
2797 3054 70
508 780 12
2005 864 46
2945 844 46
903 1402 52
3031 457 20
1506 211 72
90 524 61
2167 2631 49
599 193 53
313 88 78
2487 141 11
539 687 100
2127 243 41
1108 1453 49
2898 855 87
1607 917 93
1730 446 32
1863 2778 17
1753 2835 35
2353 2526 18
2003 2562 52
2322 1532 11
330 843 89
671 980 86
2387 453 38
2346 2002 46
1222 127 41
1183 3237 73
1604 2604 65
2490 153 70
1712 1095 82
3007 1354 79
3218 2813 96
131 228 60
3246 2862 25
999 1811 18
2066 2940 29
2535 20 51
989 626 13
2765 2399 20
278 269 89
809 327 61
468 2673 25
460 1190 86
2136 2116 84
2437 1735 97
3172 1674 51
669 1248 18
1834 3031 25
2388 1631 76
2604 3250 15
256 1311 93
93 2088 98
861 2764 78
1459 2731 19
810 409 42
2416 2821 82
497 1495 69
509 592 49
2047 961 36
3228 3283 43
2205 442 32
1156 2897 50
398 74 10
2966 271 40
1412 582 21
683 404 85
2945 1627 75
2596 3336 42
2281 2240 68
2817 2571 33
3259 2885 77
2462 1325 85
2260 526 36
322 3174 41
1199 2563 79
2202 3230 11
503 1467 92
1482 2367 62
2096 2819 32
1159 2204 40
892 3005 83
2209 2479 10
1649 2429 64
2184 1835 32
2626 1879 85
2379 3047 76
2320 73 43
3282 1579 50
3231 2678 23
236 102 99
1685 284 41
1839 2777 98
19 3330 21
723 3406 100
2606 2981 57
2570 2657 48
1081 146 77
2993 1965 44
1506 950 96
355 2358 78
3252 2054 92
1018 1084 77
2719 221 12
1825 2464 75
339 2973 66
214 3038 19
3334 1648 28
3385 677 23
2744 1848 69
169 1597 34
2353 790 26
154 3199 10
2738 93 85
2771 1804 32
2401 1022 13
2249 790 64
3258 3398 66
73 3073 15
1253 821 47
2203 1922 60
2224 3225 67
1867 2663 15
1411 2058 15
635 2828 77
931 489 56
3293 1232 66
1403 290 65
65 644 99
1192 1926 50
1078 3399 17
1948 1705 23
2980 477 41
1836 1394 79
846 2071 14
2331 964 57
1627 2746 75
1975 3174 59
1221 3069 97
341 1583 42
3084 736 16
602 1402 27
1614 1566 94
2109 768 23
3404 2484 33
3112 510 83
1859 2000 28
1923 3191 88
1327 3209 59
2662 3092 79
3284 440 98
294 924 69
1603 1061 43
3289 702 40
2996 1274 33
2006 1273 75
637 2045 93
2079 3015 45
1709 1416 84
464 2986 91
420 688 74
1336 3234 100
275 3128 31
1033 260 38
3116 1409 30
2871 3029 20
3163 683 92
1864 2822 40
1421 3312 57
1848 1321 53
1775 3261 52
338 3357 41
2179 701 13
1280 31 65
1594 2234 48
1905 2651 69
946 3181 12
2778 2094 61
53 1656 74
2112 15 47
1572 702 16
2520 1794 90
3151 666 20
1982 1847 60
1794 1399 20
2150 2565 28
1655 606 52
979 2228 91
852 919 40
16 207 83
563 3035 43
2702 2340 87
2439 2460 73
1058 2794 74
3408 2035 43
2635 659 47
3191 1164 68
808 2993 87
3159 341 78
1646 1085 34
223 2344 58
2870 412 14
1998 2750 29
1980 1943 77
2993 3251 74
1629 954 95
410 2310 16
2161 1068 21
808 3145 64
49 3151 24
125 736 94
355 182 63
2949 2425 45
3015 1084 12
2463 1768 54
2339 1155 91
268 1443 58
2109 2416 23
1815 451 23
543 270 54
1147 1088 100
2412 2611 58
639 1913 11
1320 577 100
393 114 52
2627 709 75
43 2596 14
2165 81 19
3311 2252 12
1515 1868 49
3068 2048 34
254 1372 43
571 1417 74
1428 1935 93
1333 571 38
1610 1425 65
3313 1239 93
3315 2824 96
1228 1629 91
319 1357 86
3221 1917 85
2587 3329 21
2120 854 43
2079 2737 59
856 1482 15
1687 1710 57
1784 1777 97
963 995 33
2195 621 96
2563 2520 28
2332 3085 66
1355 964 38
3332 2480 55
914 2831 80
2841 510 55
1216 274 26
990 1874 23
1214 2851 62
3165 2805 20
2563 2247 16
431 135 77
3323 1893 66
485 1359 85
3321 705 49
2592 1407 91
1913 1088 58
1477 880 82
2301 1674 99
1385 858 36
3292 2897 77
2399 697 95
186 3111 81
1613 2161 69
2630 814 20
1756 2438 47
1032 1093 79
2326 3100 46
1900 2864 64
489 1882 59
2203 2186 47
1671 1840 45
2942 1787 65
752 176 57
1805 21 73
1346 1697 13
2268 3146 16
3005 893 86
316 2494 75
1759 1745 61
1383 509 19
3391 2135 82
99 2049 71
1283 1313 94
753 747 67
2175 76 51
2732 993 51
2751 1574 97
1472 1757 74
1885 2909 10
833 1329 63
1909 2414 70
455 1871 60
2312 1491 39
6 501 90
1881 2177 29
2954 1687 45
292 491 50
3037 1355 39
162 3205 98
1770 2158 82
1000 2714 24
583 1587 22
1802 1610 83
2798 2952 76
792 544 77
375 2174 97
1084 129 88
3281 1039 60
2915 3363 13
1612 3296 86
1214 84 67
701 790 40
866 629 49
2777 2199 44
1777 489 71
292 2583 77
1334 790 99
3240 600 35
3396 1080 68
982 3155 19
796 2723 96
620 1859 29
2093 1871 60
1311 425 46
1141 616 70
1904 2758 45
719 3201 60
1312 1674 41
2147 2841 89
248 1631 46
429 1269 16
3095 166 21
2910 2963 19
511 542 73
2499 3236 93
1910 778 40
2819 1893 85
1160 2852 10
1106 2831 49
2235 2626 56
2835 179 65
191 2250 86
2506 738 76
323 642 55
304 1076 26
1962 2325 38
2407 494 61
2331 3177 41
1366 301 11
272 2111 68
882 1564 62
442 2666 42
1776 1617 94
3099 2326 31
1261 429 63
1167 2887 52
57 808 90
1798 2543 30
1058 1451 91
2192 3117 94
2599 1753 56
1816 1737 33
666 1465 27
756 432 86
1407 1896 49
3146 1030 66
1125 101 10
1697 2494 68
3163 498 18
2084 806 21
1297 296 55
3012 3158 12
1496 1176 25
1270 978 67
1713 2054 41
2323 863 10
1004 1111 58
1908 2641 55
176 2577 69
1918 3103 62
2089 3268 45
1074 3110 79
2604 2270 17
2248 391 77
1197 629 94
991 685 26
1286 660 87
926 1693 35
249 2510 63
3228 2307 80
2283 3038 72
1093 1639 21
557 2868 11
584 737 85
2483 1457 36
845 2400 76
3073 1442 45
568 2996 11
508 1019 38
3223 147 50
3276 1816 19
3369 1894 71
942 852 19
746 1095 74
14 2921 97
3029 1311 54
408 460 41
3085 1702 38
925 2080 45
1509 572 68
304 2340 90
2367 2369 25
3222 1930 99
465 1130 55
3104 1390 19
1508 1632 43
2765 896 51
1296 108 97
1694 2840 55
938 3156 12
1301 3166 12
752 3372 73
354 1865 90
2220 477 67
1696 301 32
926 1079 27
179 2161 62
1151 864 71
3068 3309 80
1323 157 75
1070 2610 17
2884 2392 93
3061 1830 68
1835 790 20
670 1149 23
1813 3186 44
106 528 91
3022 2941 85
1607 1451 89
1314 2873 20
1936 1288 96
923 936 38
2780 1518 60
2592 525 31
49 725 97
83 2277 78
2772 649 32
976 69 68
1853 3077 24
2083 1567 92
796 1006 61
3088 3408 31
905 892 64
1578 1361 71
3069 401 53
193 679 59
1065 2454 94
2466 792 92
845 3037 78
522 2863 35
2968 1077 70
433 1071 42
3084 2505 10
971 246 33
1215 1115 16
424 1435 100
2679 1953 96
2712 2092 84
3303 905 23
1918 189 63
2360 1964 47
2972 3 81
1389 2603 20
2303 2496 45
1273 808 59
1143 1800 23
2180 55 26
2966 2480 36
314 1132 76
1880 2438 15
1032 317 55
108 1057 75
1753 3123 66
2102 2088 45
259 1563 26
183 287 80
2433 3041 66
998 3411 59
644 3249 51
2757 1805 16
3392 2851 97
2220 2357 46
2425 1302 87
2965 1171 76
903 2873 48
3118 2010 26
539 1637 75
2 853 55
1164 1541 76
3136 2630 12
1575 3015 68
44 2980 74
1155 2865 50
89 2301 16
589 839 85
2612 3010 41
32 465 85
2414 3165 37
190 1756 82
3029 1011 61
2206 1326 70
113 731 21
2024 2945 97
2783 3350 52
1096 733 28
1820 389 15
544 1911 100
258 689 17
1440 192 54
1421 1947 55
3316 8 32
714 363 14
3240 303 37
3098 853 20
1441 2347 68
3341 2472 35
1141 50 82
1098 3029 36
2158 1719 42
921 1601 28
1791 569 89
2750 2072 27
2115 1901 39
637 2461 63
1951 1556 92
55 1695 59
1848 2112 29
3094 13 23
2262 1314 25
931 2119 41
1046 551 61
152 1612 60
747 1895 18
2533 3362 89
483 2162 82
552 1910 76
2842 1326 75
523 1422 93
141 2382 16
2081 25 88
1231 2699 75
1458 1554 46
1273 2227 87
2502 3313 61
1253 1647 51
986 736 65
536 697 93
964 469 22
1403 2263 39
33 340 35
3176 223 23
2207 1115 27
1991 3307 69
3198 967 77
971 2646 30
812 2876 79
1245 2383 39
768 228 19
2930 3272 50
3104 1501 93
2804 1356 39
2424 1947 42
2308 268 20
3173 3193 38
1915 98 34
982 2575 51
2376 514 32
2764 2028 68
1384 303 92
1761 475 57
1179 3338 66
2743 3276 92
2674 874 20
826 2870 72
2018 2017 44
2502 1680 77
2401 2578 35
779 755 91
2300 1633 86
971 2616 34
813 643 31
510 2154 11
3241 2529 87
985 1325 55
2331 2495 95
223 3067 38
383 325 30
1820 2003 63
2030 1871 60
2006 768 32
2640 975 59
2095 1071 11
2058 2192 55
2043 2655 40
2969 2721 24
4 2070 77
2898 1841 95
2784 3004 96
2447 1869 66
1141 2925 37
599 3007 77
2066 284 49
1994 3301 74
195 2513 21
90 3262 10
79 667 54
2680 1932 47
2800 2632 71
777 1188 96
759 1166 34
1451 2897 83
2941 1214 98
1877 483 45
425 2211 87
5 311 72
439 1640 43
3146 2315 14
3206 465 11
1873 1695 96
1275 1771 22
2048 489 23
2387 265 71
3285 2251 46
1166 1815 93
1294 2532 18
880 3058 46
502 481 19
1645 1522 94
3140 966 95
2740 2397 47
1750 3231 54
1693 515 79
351 2057 28
762 477 20
2842 2817 43
1787 505 48
1047 0 14
6 15 90
676 1414 44
417 1928 65
1976 896 10
3084 408 61
2098 1857 70
2064 2817 66
1209 2005 65
1482 3029 13
2214 2863 64
1424 2958 39
2361 1339 89
2906 1158 67
558 2619 68
2784 1119 47
578 648 97
380 1822 56
2752 2291 88
763 1530 51
3125 1648 46
1964 1054 25
680 2843 58
1882 3356 73
1144 3391 46
3248 2226 39
3337 1771 55
3364 1444 85
2627 823 28
1863 1787 76
2465 2132 42
2163 600 19
1204 1626 52
2216 3009 75
792 2503 19
2439 3337 78
2456 1752 81
938 2967 44
2779 3154 94
1694 772 17
337 3254 90
3118 228 21
2315 3086 43
2967 1240 16
2637 2327 28
1184 2023 54
1266 3075 14
996 2814 92
2577 1707 100
1577 3196 42
558 1339 84
2959 3119 92
1589 696 19
1580 1781 87
1022 2092 53
2302 1989 62
2230 0 34
3397 1876 13
3217 3182 44
1903 180 31
1645 2307 39
1174 650 99
2095 1209 42
1131 3182 47
2822 3206 24
2035 2655 79
1779 1805 34
1254 1815 39
791 2372 81
258 1900 36
3109 1330 28
3313 2399 69
60 1746 89
1601 2591 36
149 3030 92
2151 1996 41
77 2218 63
1072 1975 79
1320 3293 92
2748 2655 84
2581 2743 34
2514 1203 80
1364 448 88
3342 1372 85
1839 671 42
1877 1549 83
2724 2353 50
1223 327 45
1808 970 81
1867 3075 47
3268 2339 66
3179 2943 62
3352 2786 83
1875 1698 31
680 2151 74
124 1208 69
1641 1654 89
861 2008 87
2001 1293 85
2558 1945 40
3160 2397 57
2410 687 10
605 2061 23
878 1322 24
696 2679 10
3392 2942 94
1431 133 37
1347 2799 82
1243 164 84
3249 1556 88
1963 3204 24
3264 2240 10
3203 73 52
249 927 59
1186 249 73
3409 19 78
708 3159 94
2727 25 39
2180 1920 25
3346 377 31
249 2271 80
221 1706 75
1312 2239 52
2585 1668 34
14 1267 62
224 65 63
2999 3199 14
2788 1673 23
2436 2312 55
2313 2505 62
453 3252 43
1400 2608 54
1586 1394 70
1938 3279 23
1549 3303 37
1473 742 80
2467 1097 19
3305 1199 57
3170 141 54
789 3044 56
335 537 74
470 1535 39
2528 491 49
487 1353 54
881 1122 40
1044 315 43
3223 2527 80
2465 1970 42
148 1555 98
3319 3401 65
587 1569 43
2998 886 54
2885 3337 25
728 386 14
1895 435 53
1733 3393 55
2197 3155 70
2380 1287 76
1900 2763 13
1647 325 15
322 2997 67
2662 2567 22
3155 1003 43
1248 2363 15
2494 1340 56
1863 2810 27
1374 353 18
2112 2672 70
3414 2608 77
3126 794 19
2098 324 59
1782 870 51
2443 3198 62
1831 2637 79
3389 673 97
906 3148 87
2372 888 82
743 2991 63
958 2512 39
2163 727 12
1702 3016 46
2919 1106 91
3032 2428 24
2868 844 62
1339 339 15
943 942 86
1180 1246 37
3402 1968 99
889 2417 61
2759 902 77
1657 2965 35
171 421 28
1499 979 98
2021 1397 29
695 100 45
2910 1977 53
2703 3003 28
2157 696 62
625 590 49
1428 1613 24
2540 104 55
1858 1838 31
2179 2283 38
184 2120 99
190 308 33
273 2536 11
94 3381 50
3146 2737 35
415 1096 61
1950 1010 37
989 1725 42
1171 190 25
2569 2666 90
2856 1886 28
2347 1979 37
1527 3041 31
1157 3286 35
2160 927 95
2154 2006 83
338 2280 95
2950 2765 65
334 1009 51
1923 963 26
1794 3211 57
590 1372 70
1447 2646 58
1847 761 95
3242 173 54
173 2482 60
1690 3375 59
38 2103 37
1349 2690 69
2731 3363 90
1119 29 48
843 2549 16
2829 748 10
665 627 78
1067 1027 30
1779 3077 86
761 2760 97
3343 3214 19
2311 159 89
840 1143 83
3142 807 80
924 2092 61
2741 3413 59
1331 3179 40
2548 2749 17
2765 493 12
2848 1966 17
1311 1306 46
1813 979 62
3177 1124 92
3330 2873 22
2279 1809 51
1163 52 97
2648 2118 92
2468 220 82
2987 875 29
1752 1357 87
418 636 37
1357 554 20
2608 621 84
1743 1456 92
1819 2820 10
783 2954 27
475 326 83
1772 2183 44
806 3254 31
156 1597 88
605 294 75
908 3264 63
12 1243 24
836 356 61
2719 724 41
2508 1950 78
2466 2848 68
2484 1112 95
748 552 23
1726 2129 89
2398 1437 23
2314 2642 45
579 1280 37
3413 2999 14
78 1524 98
2455 1651 39
1939 3102 25
2857 1212 72
2270 2263 82
239 3236 89
1794 3307 16
2657 568 29
2451 1679 64
164 3153 49
3139 1227 37
1872 1175 56
1679 703 77
1774 858 41
815 275 14
498 2068 74
1284 22 65
3315 2188 10
27 2589 48
2218 1326 69
1739 19 61
266 3172 28
1382 1955 78
1696 1924 66
2544 3146 34
2324 2470 68
2643 48 25
2146 2578 23
2077 1673 44
1869 2050 73
92 747 17
3305 1048 23
2182 1899 53
393 602 37
1428 1750 36
804 176 56
250 1173 92
2903 1938 50
2995 2756 72
2799 334 67
2595 3363 85
2607 3102 66
1446 2787 32
912 1661 86
2775 3036 62
1653 2672 19
1775 2175 32
1746 821 66
3177 3269 83
2755 3228 73
1072 737 21
688 1427 70
3250 113 66
2683 136 35
971 1264 64
199 2571 73
2540 922 58
3354 3295 68
447 680 14
2774 242 50
48 303 37
499 2081 46
2895 2263 64
2623 2529 11
573 1062 77
2129 1723 80
1740 821 47
1029 2291 14
2937 3150 74
1809 2159 32
2541 1708 21
3019 1697 11
2474 2431 75
537 835 10
561 3236 42
1359 3415 36
3208 880 66
402 170 77
837 175 39
2475 2234 21
436 2243 94
1296 575 22
1988 828 87
3146 3348 81
3119 1410 59
1890 966 46
1007 928 51
2560 1597 44
2982 727 61
95 747 76
2152 2576 95
1225 2380 81
2283 2291 24
3396 2544 49
2035 271 94
1695 447 25
1215 1636 75
1886 532 67
2128 174 95
362 2950 14
519 2492 94
1625 2634 95
793 2168 21
3205 2558 71
3235 2789 50
3413 2873 71
1095 2029 91
2992 706 40
3222 2348 53
2142 2187 70
153 3118 49
574 2793 12
2650 3163 87
3075 2049 61
1220 2227 75
3270 2273 69
3011 1147 41
93 3073 35
1749 2485 44
976 270 16
1541 674 89
35 3018 20
1873 742 16
2848 1227 38
36 802 62
38 1573 99
2625 2302 24
913 1499 73
1609 725 54
2685 2741 65
3369 1359 81
1278 573 89
3211 1832 87
641 1210 66
1998 2549 78
2474 232 19
1184 3240 69
1649 1989 46
975 26 21
6 2964 29
1555 1051 79
2380 898 51
63 1665 78
1505 2136 84
796 3068 20
911 2394 68
3269 1967 72
3303 3283 41
62 1386 75
192 1364 27
2645 758 99
1258 2264 90
2951 659 30
2049 921 85
2728 444 45
2820 2739 45
1485 1488 92
307 651 20
2735 2899 56
1219 1056 24
393 2140 40
732 260 52
3341 2483 79
967 1114 89
3054 885 58
1729 2827 13
869 1477 27
2006 2197 66
1000 1382 68
1623 2973 50
350 1330 14
717 1549 48
1532 3168 92
2327 2339 74
1959 2552 81
1127 3359 35
2549 3380 93
3166 1122 86
2657 2840 62
344 2610 14
2889 3094 99
2354 1374 96
2914 835 30
3031 2549 11
2034 1044 11
632 883 89
1421 2574 25
2210 41 49
2077 1708 46
1961 1387 35
2427 2376 79
1013 2666 61
2930 1166 45
2072 3137 66
2872 1668 64
3068 1855 28
3004 631 32
3024 3300 16
263 2459 42
1593 2791 25
2948 1084 19
1141 933 45
971 429 37
2715 2728 15
282 2741 30
14 1638 73
630 547 78
3364 630 88
2961 1859 30
1024 521 20
2699 1078 91
2488 3278 92
2101 2167 50
3057 514 90
1690 3214 45
610 2495 97
3089 64 72
1441 2957 35
1454 3307 79
1553 8 37
377 2600 57
2179 950 38
3388 567 64
33 2422 59
1341 3038 70
1512 62 63
2513 593 31
3264 2799 38
876 2731 28
1883 2878 82
399 521 94
1539 689 60
1553 835 74
1490 2430 56
2005 2561 100
2224 1303 62
863 3292 76
2155 3001 57
2886 2991 58
3067 1251 86
906 699 29
1604 3122 62
2624 1799 40
1979 2950 31
2188 3116 98
951 2786 94
652 1138 81
1324 3387 71
1616 170 74
1996 1262 55
326 975 54
2709 2261 68
343 2925 10
3025 1663 84
635 3390 87
2558 2432 80
2693 1796 68
140 1430 37
719 1559 29
973 58 53
2965 2991 25
98 2942 63
2593 2506 95
1679 2045 35
314 2632 45
826 2938 39
1085 1517 38
3361 1239 58
2196 1706 16
2906 993 49
609 1643 99
166 2725 51
279 868 48
118 243 95
3301 1616 11
1987 325 16
2984 2404 15
2640 3131 78
559 1822 69
3335 3080 88
2913 1096 82
784 3262 93
929 2395 41
2939 2418 78
319 3217 53
1104 1785 40
1269 2884 73
3141 1150 81
3411 2092 41
1347 1797 79
2075 211 27
1990 861 67
2923 2811 11
2512 2592 31
3002 2364 33
2057 1999 53
433 2097 50
1389 2696 76
19 3339 34
1078 589 32
1141 2656 51
3021 1624 75
2606 527 90
539 703 46
739 1318 81
3150 1241 96
1449 3222 65
1431 1875 31
2844 3341 82
87 951 10
112 3265 39
1676 982 16
102 1718 30
2428 49 52
494 985 97
536 2093 98
36 70 90
3012 2353 41
2263 2719 57
918 2557 48
2952 6 30
1354 1115 24
462 1675 98
2265 414 53
3197 2557 49
3083 48 63
1399 360 61
3402 2764 86
1858 2331 86
2849 3111 65
2207 2131 76
589 2535 48
1995 1834 36
2228 437 99
3055 471 33
3215 1482 18
558 2552 26
2634 440 24
1799 779 88
3154 1529 51
2321 1428 34
1900 2117 15
2403 3179 91
2662 1216 98
2196 272 35
1223 565 34
674 1037 59
669 1628 54
1525 984 54
459 528 36
1638 2120 69
510 1981 36
457 328 44
2829 2243 85
3179 3329 63
3156 1546 98
1497 1407 13
1085 995 16
3010 2355 11
23 51 16
2059 2899 50
1485 232 64
893 243 47
3288 2519 22
2338 2275 71
2249 914 88
901 502 40
1290 2819 78
136 3417 12
1096 1059 33
294 3103 28
2550 1725 72
172 2632 61
1259 1026 61
2302 3013 87
1060 2219 72
2963 237 79
1904 453 14
2030 113 15
2746 1446 48
28 1492 41
3188 144 20
2200 2719 80
2365 3137 57
2146 2228 80
977 1984 22
2499 1138 98
100 2027 52
2226 2257 74
682 3151 10
1557 3230 52
3144 2429 16
3194 23 62
2107 821 32
1167 1092 67
623 2359 66
2595 500 84
505 1890 33
152 389 98
1687 1698 58
3224 587 75
1118 3313 69
2826 2624 82
2097 565 55
2157 2232 65
1297 777 59
2310 1814 65
322 1979 10
2900 1122 83
1687 2856 65
3049 2155 26
930 2732 46
1935 2341 77
291 1290 78
1966 2690 85
2982 166 77
2588 891 86
1810 3354 38
493 1749 20
2116 1249 33
2539 1214 99
2660 3351 63
1702 3185 37
912 1780 15
637 2296 77
1631 2836 84
3053 2543 60
3365 1978 76
1329 2703 67
1946 3013 32
83 37 40
3051 2212 46
561 2953 59
390 1264 70
2218 3247 24
2260 3402 65
2524 1172 13
1545 368 27
2148 1625 26
2780 2876 94
724 3278 41
158 2205 97
160 2630 28
2631 1685 34
2516 1757 45
1007 756 37
2472 1529 84
422 1948 98
2040 1329 74
1538 2538 66
1278 2803 14
928 254 48
89 3301 99
2599 1225 69
435 3375 22
802 626 41
709 1506 40
1834 1056 81
748 2298 21
1348 2919 28
1741 643 38
3319 250 87
2206 2421 49
862 1869 68
84 1698 97
2994 2848 71
1518 1978 40
2882 2259 49
2723 3351 74
817 2765 13
2477 188 35
3047 1679 93
2266 2571 78
1864 2573 50
2692 2635 68
636 3085 17
571 402 29
700 2792 51
1869 112 47
827 1343 50
1074 1959 73
1785 1228 77
2344 1552 84
164 1932 65
2758 70 65
2448 1737 27
373 2496 80
1347 2849 16
111 2559 22
2128 2291 39
2079 2826 92
1015 1770 97
1063 496 38
3047 3064 64
171 1741 92
2832 1874 43
944 3149 96
2087 897 57
2502 2108 80
800 3257 83
1951 667 88
659 2803 80
1135 1792 95
1128 1768 24
2080 2993 56
2151 2221 87
2694 3258 58
2860 89 86
24 2673 10
2688 731 22
2343 2889 70
1356 300 16
2543 1637 41
1484 2657 81
3062 2974 27
1022 475 45
1808 403 25
809 2405 57
111 3258 19
1661 1624 14
1273 2913 44
3036 1935 14
1412 1738 83
1012 174 61
2217 1001 60
641 2434 29
3376 1446 79
1763 2240 50
923 1394 26
3036 1306 89
1219 532 14
504 1370 32
3375 534 69
1296 1922 80
3342 1602 28
2522 2815 13
126 1401 24
413 2448 87
1753 1917 19
906 189 37
1645 2241 60
2207 2077 62
2466 2703 22
88 2818 42
2835 2504 43
2998 1600 50
2523 2506 64
1154 1638 90
2879 1838 41
206 1773 83
416 1034 63
3366 1531 52
2855 989 61
817 3280 12
3328 2952 23
1054 2847 36
506 2318 32
2453 2303 42
1241 750 100
1094 1014 62
2497 2100 55
65 1538 84
1560 67 92
863 1644 37
1795 2027 41
189 3317 30
1516 2182 37
1947 522 68
1727 2112 13
2038 972 28
2569 4 70
2709 3205 95
343 375 78
1775 1052 51
2854 2578 48
1843 1431 35
3411 1364 74
1830 2517 71
1535 290 24
2691 2285 21
1785 610 66
2003 574 80
2527 1387 48
2589 1797 65
1570 1455 37
654 66 27
3026 1013 24
3260 410 41
1301 257 16
3055 482 43
2227 2940 54
2865 373 19
372 2457 52
835 2706 86
2328 1447 64
2385 1938 61
1323 1468 97
1563 674 33
2238 368 25
1052 928 41
3197 1080 80
2809 2043 76
1803 1098 39
2977 2021 94
236 1529 79
485 932 32
679 867 67
1212 353 21
1749 3357 38
1469 2050 77
2393 63 97
1836 2486 34
1431 2516 99
1501 2103 24
3306 2976 38
45 2586 81
2849 1112 20
1485 1927 32
2291 168 70
1439 379 58
472 3359 31
1195 2211 20
2604 2797 97
1878 1632 14
323 1822 19
2510 3201 82
148 3361 87
2193 2127 41
3357 3092 58
1338 2759 18
404 2620 58
883 1712 92
3155 818 67
2891 2572 18
1214 837 94
1633 1334 61
3201 1477 94
1526 1803 17
1790 2742 86
2385 74 56
522 1470 30
3100 392 50
1455 434 56
1643 2720 24
1025 3246 73
2838 1349 20
618 812 33
312 501 29
3327 1401 20
789 897 80
2842 2001 97
3360 261 36
391 3055 68
613 3185 90
206 616 83
1560 1302 50
668 1003 54
3093 1892 22
1090 935 14
3053 1301 73
869 166 82
3256 1321 68
2572 2142 46
1844 354 60
2060 2004 77
498 610 43
3280 1334 32
1092 1023 73
2188 1317 50
3382 794 23
295 1373 20
3170 2178 90
1791 3289 12
2327 2618 85
1753 918 34
2585 3150 39
2978 530 79
752 2072 48
3264 228 66
1839 949 66
2676 3043 75
2295 2996 86
46 1502 54
2860 3295 19
1342 3406 79
3023 945 75
648 3329 20
680 1232 64
2495 738 21
2875 2296 16
415 2082 46
149 620 51
1764 2207 90
2339 313 46
631 2460 81
3008 2095 27
2985 1121 37
2492 3104 17
1022 1387 46
1119 1824 68
1190 2374 86
2277 3415 23
1207 657 62
607 1942 83
1683 2205 60
780 3279 79
2190 2028 33
1092 379 26
3239 2733 57
1427 2782 81
887 1728 13
2998 3133 45
434 2858 45
1227 219 93
1729 441 23
139 2839 94
3403 3057 87
1019 2423 68
3277 2335 86
3286 228 69
2528 2350 54
1005 2382 25
778 2064 45
253 277 12
2822 2900 74
551 936 61
764 2749 40
48 276 13
982 133 23
1725 2178 12
534 3016 48
2419 1594 60
2873 3183 43
3027 1903 38
525 645 23
2161 3045 94
1216 154 23
288 3144 55
3271 998 87
1090 89 48
2227 1399 100
2054 2299 13
472 1055 36
2787 2776 39
2690 2974 69
193 402 33
2681 2968 77
1641 678 65
3010 2794 62
237 1744 73
2784 844 12
879 851 70
1080 1777 86
1294 2152 62
3217 369 10
11 1613 79
576 1327 75
932 1441 58
845 1915 81
1141 2599 55
2195 136 59
2359 1399 64
923 276 22
1489 205 42
1474 7 77
3246 2426 94
2837 2117 60
171 2602 51
3347 2302 13
1314 2732 79
2673 32 28
2608 1485 46
2248 1276 33
10 1922 95
2818 1829 74
2889 288 64
1453 2221 57
2255 2806 24
3105 163 56
2656 86 70
1380 158 15
2603 1303 70
1695 468 45
1019 1112 36
487 1342 60
1875 2603 61
2696 1471 49
840 1804 96
2530 112 39
1124 2737 26
1314 2764 47
824 1023 44
1667 2626 62
1893 883 30
1706 173 25
881 3392 67
2726 2372 12
3188 677 91
1026 1360 90
1486 2097 99
3333 2971 27
912 1663 15
2542 1099 15
2643 1991 17
1067 2136 47
261 1513 86
3054 2515 77
957 691 51
2014 2445 41
2326 3209 67
1242 3006 59
1302 726 37
3179 2833 43
1449 1947 85
2802 1758 79
2046 1629 98
1544 1880 43
1439 647 64
2773 1828 21
775 2435 42
1618 3197 21
2613 1550 93
3392 506 91
1216 3011 41
648 1724 14
3356 2643 59
1592 1337 83
2665 1771 85
815 2888 60
2119 1016 67
3386 1901 92
1236 1943 86
3069 2277 63
1918 1637 54
75 1830 54
2698 1170 21
2087 333 87
810 2288 60
2402 1494 32
1995 2031 56
2617 153 14
65 1956 16
1489 1660 56
169 252 79
711 1729 91
785 1589 71
967 1808 21
2449 312 15
2062 1186 83
94 1006 53
1872 2439 77
1386 532 60
761 2677 26
2273 654 38
1643 965 69
569 2992 92
2741 951 25
1657 1033 80
3189 2631 88
928 1402 66
3027 2327 73
1704 944 45
790 2911 43
938 2815 19
2653 1351 18
2907 1052 50
2203 511 35
221 3076 28
2859 2815 44
2252 1132 83
2102 684 32
298 1748 82
2840 193 97
1638 2390 58
2221 2644 94
1600 3041 78
146 1837 18
1262 2850 67
1080 648 81
1603 248 67
1926 676 48
2105 1673 64
489 148 73
154 2211 36
669 1358 76
125 1206 95
1712 1222 92
3082 2151 35
17 1991 24
977 1728 11
2474 1662 87
1554 500 87
2404 397 53
1365 1674 15
274 2541 76
567 2249 49
2117 3186 90
3086 736 65
2176 1309 30
3077 2262 27
1429 1734 37
1790 1877 40
2241 3192 79
2403 1415 90
1538 2986 39
1796 2492 49
3038 309 85
1026 1446 64
3376 625 18
1637 2016 61
1185 771 82
1176 673 100
2144 2440 54
1987 1362 18
1770 440 92
2219 163 38
276 576 37
2940 518 77
21 983 50
1125 2115 85
667 3310 56
2672 1646 81
2233 88 61
170 82 89
1509 3290 15
3074 1637 35
3239 2871 62
2452 194 93
168 2968 71
2868 1030 26
898 435 49
1295 1027 64
2192 1159 71
2258 1005 31
1587 3177 35
1765 2602 47
581 2883 35
1024 322 15
230 3299 69
3182 923 25
2811 1804 80
3304 3234 37
2927 3156 80
2850 3040 90
927 3089 97
474 3357 38
1724 2059 26
2884 3145 19
2683 1698 92
2659 3050 87
1678 677 12
2006 2376 47
2176 2024 69
1029 2866 76
588 1967 53
2635 560 89
569 2102 53
2287 2261 23
1556 2070 90
2438 2088 58
1276 2511 39
765 2931 95
647 2735 26
988 2828 78
955 458 40
804 2098 95
1976 1543 79
619 1979 28
2947 3278 71
380 1399 72
3406 1351 75
2197 422 33
1922 1447 89
420 2240 70
2596 2903 75
901 1706 17
1221 1922 29
2688 1215 66
822 439 90
766 1441 79
2598 1629 62
2452 1287 95
847 531 90
1841 2891 71
1457 336 78
2845 871 48
1741 1436 18
2970 188 17
2758 1842 49
2858 3158 36
853 1566 74
2848 1129 69
1582 2036 54
1443 437 62
768 3357 60
2016 2521 24
639 3162 42
148 645 83
152 2563 50
3213 1467 46
2943 1170 51
2527 20 71
3246 679 51
3028 1094 79
358 2626 48
3003 786 86
1257 2233 92
1855 2873 74
1964 1604 48
2756 1733 24
2186 1944 76
2226 1433 69
821 2130 31
863 1106 59
1218 3095 40
2574 2846 44
1936 2914 96
1678 2643 22
3197 1047 13
1953 253 59
1603 1678 23
1666 2750 62
3217 2093 67
2227 1143 41
983 842 55
1196 890 31
2851 2756 54
1448 3250 20
1023 2925 63
2188 2178 94
3018 251 20
1374 1714 100
2569 1283 62
1950 2894 14
714 941 26
3143 19 78
2187 2921 18
1543 3252 39
1455 3105 65
376 1819 55
2096 2641 19
2042 3076 93
375 978 88
2241 1957 64
2113 864 43
2211 447 66
2001 1916 70
913 2791 35
997 361 100
737 3366 12
2290 1310 17
2488 1723 84
74 1474 49
1866 3363 11
3258 2090 73
2315 894 39
2397 2164 84
1307 1961 68
2170 1474 21
1948 1583 76
1383 2547 76
618 864 36
73 739 78
1866 2095 74
510 2031 41
2173 3281 84
2674 626 34
556 601 50
2969 333 12
294 3299 75
312 2643 24
861 22 57
161 1497 30
26 1808 98
3254 2829 41
3408 773 97
979 2062 32
2671 2069 50
1975 135 56
262 1186 93
568 1106 47
331 2220 18
2243 389 23
3238 1297 88
3086 1097 19
948 2763 73
2220 915 57
1685 2545 15
619 1616 76
3266 1290 52
1774 532 10
135 674 52
233 2747 45
1349 3219 40
2320 2747 24
251 120 26
2690 2171 97
1494 514 23
474 553 37
373 2169 39
241 661 45
1467 2383 13
100 2735 46
2460 3124 50
467 2523 32
1184 2945 48
382 1296 36
2151 1312 48
2768 1210 71
2477 2154 74
1211 3085 90
1191 2170 24
2652 1650 24
642 2756 75
3063 717 83
676 1962 11
1147 2817 60
1610 432 54
391 2144 80
1156 552 30
1781 835 76
86 166 78
834 1971 98
2116 2799 60
3006 2084 91
1797 1511 97
1269 392 84
2357 2599 59
2327 468 41
1287 1009 19
1570 3199 52
851 3046 66
2190 1377 29
2606 783 55
161 41 68
2091 156 11
152 994 10
2367 284 19
3245 2060 41
1272 1310 61
2281 2014 77
2309 501 59
2016 2549 24
3118 1380 33
3414 446 98
1210 59 17
1122 2849 83
3359 1425 91
3006 436 100
1425 19 22
572 1036 98
312 24 84
1122 1656 42
1778 2095 68
43 2212 78
2046 1840 65
2404 836 83
2555 1520 36
1609 1699 93
839 3120 20
2794 3241 82
579 2525 70
258 1918 38
2256 716 16
233 3298 79
1894 2161 28
2226 930 13
2417 2096 29
2962 852 69
261 2813 26
2480 2946 41
985 2739 15
101 1927 45
198 811 91
929 1003 14
2349 2416 83
1083 1629 46
2359 3265 65
1660 2533 53
3058 362 43
1986 96 14
966 3117 57
770 1980 58
1867 1980 67
246 2582 86
1572 472 90
1787 1552 60
1550 3378 25
2913 3369 47
2222 640 13
2850 2964 68
653 163 15
738 999 54
744 2054 93
1364 2364 60
2221 2405 97
443 2837 10
772 523 32
1514 1627 71
570 1452 78
96 3402 93
81 1499 95
512 1739 10
726 1435 49
2035 1373 84
2008 2085 28
227 1828 65
604 2190 76
3072 1131 24
127 922 82
2364 752 40
2543 835 88
2434 104 91
694 1107 67
1206 969 14
2335 320 88
2681 1236 29
2909 1804 67
2701 1245 81
2416 2032 78
1397 1752 44
2580 1067 36
2988 1877 100
1875 3203 84
2910 2336 82
1052 1781 30
2768 3245 45
83 2863 15
2023 3023 26
2353 2835 18
2005 136 32
3374 129 38
697 2128 99
909 789 92
812 2289 100
3230 1749 24
2301 1758 57
2817 2157 36
1978 2637 79
153 2259 36
2687 476 21
2786 1225 97
2306 1291 10
18 2485 67
1398 538 38
69 1382 29
1066 2497 96
3050 1928 99
417 2018 38
2247 1801 38
2249 1673 71
2393 870 14
2839 214 53
2022 1700 91
2651 183 20
2055 1687 94
1077 3106 75
1953 1065 64
254 2962 56
2410 2601 13
709 2704 71
1328 1660 80
2429 2748 59
3310 1894 99
2706 1130 68
3072 2624 27
3411 2186 40
2689 2371 32
232 2007 24
2476 1291 12
221 1929 67
1942 1195 67
509 190 37
3257 2053 32
1165 1480 90
2561 1186 82
1542 1854 38
1952 2768 44
2367 619 40
810 515 86
1084 1892 46
196 596 18
2301 1913 93
2026 743 48
3219 2080 48
2089 2857 43
1650 1011 34
3043 3033 91
2687 2734 70
1305 2585 34
583 1435 31
2956 3298 85
1503 879 43
291 401 36
2353 3184 26
1633 1470 89
552 2577 94
107 616 45
2264 1793 35
1876 2889 90
1397 3374 88
1224 593 27
1149 402 73
2632 2687 78
104 2927 76
3369 169 18
3073 139 29
3196 2935 68
1829 1908 83
1183 2405 62
2909 1474 41
908 1158 72
346 355 64
27 2319 15
689 1629 77
1933 2144 11
48 1310 47
2258 3245 19
2489 2732 60
1489 705 51
1638 2655 21
1185 1069 61
2922 2720 96
258 1396 30
392 3218 44
1109 1083 26
2556 3184 61
1695 1519 90
211 547 100
747 794 63
7 1538 28
1706 2549 100
3048 499 21
94 2014 53
1126 995 52
1966 1761 40
1990 2760 22
855 2754 88
1871 1321 30
1164 1211 74
829 3223 89
780 201 60
1793 2926 45
2642 2656 48
1058 1362 91
180 268 61
1368 3129 69
1223 2600 91
2698 2285 32
3037 3271 62
1045 2180 64
1937 1336 20
1755 1487 13
1171 1761 48
1955 2555 79
2959 1276 94
2086 946 66
169 2618 69
47 1285 17
2207 1951 68
1559 258 75
2336 3254 100
122 195 54
1289 1988 49
3270 882 28
1235 1357 17
2377 3358 34
3085 1287 50
591 1422 30
1359 773 63
1616 1719 16
875 1869 35
3254 202 20
1913 3327 52
2394 3375 57
1704 1846 11
30 2183 13
2891 1137 100
2196 2437 97
1055 2152 51
2152 478 88
2621 1256 44
63 64 98
52 257 20
1393 3237 18
2414 236 67
739 1288 82
3379 1162 53
1954 3329 92
2243 1980 29
2822 1288 72
1366 1420 14
2923 1126 76
2850 3190 12
1795 2955 68
543 380 76
2316 2595 55
2408 1786 98
409 975 66
1937 927 77
3386 94 10
3418 2285 88
2200 2252 59
2270 1097 93
3397 2401 57
332 198 82
3319 2736 21
2863 913 59
397 2596 46
357 2030 57
2364 1904 35
3003 3344 63
2971 1121 34
2884 1445 22
1091 3104 39
2847 2402 30
3027 3116 77
2560 890 59
2318 562 31
2768 1152 28
1933 3259 77
2360 264 77
642 3328 50
2674 15 56
795 2164 87
2235 2792 20
2094 2342 23
2155 578 53
658 1069 97
771 2582 99
1249 2332 10
2001 3059 43
2485 395 43
2140 2855 24
2837 1116 48
3180 2696 21
3078 3199 87
1454 3245 81
122 962 34
2824 213 80
1632 129 16
1841 203 29
1634 1884 86
1806 3238 41
1653 3334 97
183 1469 98
1482 266 68
1592 3407 40
919 566 88
655 1369 48
3086 2986 26
1519 2959 34
19 1742 70
3036 3218 55
870 2484 68
2378 2502 54
839 2632 97
680 1436 63
311 1495 91
29 2231 41
2022 1835 41
2852 2590 44
1318 3088 90
279 382 46
2374 1428 96
3322 3036 55
51 42 96
438 1076 96
3079 2491 68
948 2027 93
469 508 50
2378 1946 56
826 2440 47
1214 43 41
1484 1502 88
1285 2324 33
2993 573 45
2319 3023 84
2134 1264 55
2372 514 81
106 3073 64
1261 1996 38
2301 3414 78
2288 3053 63
2970 2873 27
2560 3086 41
103 899 47
2165 580 65
618 2982 94
243 366 52
1639 1431 76
632 222 23
2223 952 72
1910 3354 12
1925 1922 95
1522 2533 94
956 2764 22
306 1940 96
3162 2126 36
1830 2697 66
2243 1632 21
3111 846 23
13 1250 58
3263 73 92
1378 1092 93
3032 108 54
1244 2415 22
2095 1178 61
578 2415 20
2372 1477 23
1819 2609 29
3219 615 39
3347 2988 42
2738 1138 97
2938 305 38
637 280 57
3203 582 85
747 2651 28
61 313 88
2320 1144 81
2399 47 48
3192 2773 82
1399 1137 77
2079 3230 80
2278 624 50
3007 2353 74
1085 2822 95
1679 3001 15
792 778 21
2184 2676 75
2601 460 11
3268 428 99
1338 230 19
2114 2279 28
3143 1016 45
1303 1371 89
2824 66 31
1209 1692 88
2344 800 31
3414 2226 15
373 200 52
941 2645 20
1089 1596 74
1694 140 39
517 1874 37
1688 3278 50
2729 79 24
3273 2471 21
1967 2854 28
1495 1232 30
1317 547 41
1152 174 73
2331 3024 45
2788 1158 66
1482 1576 36
436 1810 26
2719 1234 63
793 1416 79
1206 521 60
598 3382 81
2156 3010 82
3184 3111 29
1692 386 59
2608 1924 95
256 1287 65
2513 3050 14
659 3122 84
2222 443 40
2879 1088 74
2179 2412 51
2593 799 53
2935 1653 79
1177 1881 65
336 1748 33
766 2791 79
1702 2086 10
2556 2780 49
2359 2409 47
2654 2552 80
2526 2446 10
124 2405 71
3276 1858 98
1418 1811 95
847 1695 83
963 2832 80
2068 1475 92
2040 2599 37
335 1130 83
802 2242 46
1064 1900 66
2225 2931 21
2437 476 81
1705 881 73
1672 2061 91
2277 1117 19
1767 2835 98
2671 575 89
1526 1136 27
254 2173 79
564 776 77
2011 1801 78
1529 1557 89
1115 2011 75
400 1630 86
1358 2145 83
461 1823 63
1144 2697 25
2017 2845 84
3300 2309 29
2791 540 92
529 2292 52
1343 2901 68
2034 1633 76
112 2297 70
1474 526 30
468 1629 83
1054 1610 24
3163 2418 23
1593 1139 36
787 1473 29
3109 1532 92
1502 2678 88
1604 1737 42
140 1491 23
2707 2479 51
2602 2449 67
1509 2770 52
2786 2619 19
1225 1454 73
1697 2564 25
1552 2325 21
1302 2331 81
2254 135 71
2575 3127 11
1186 1248 10
1833 897 24
1090 1954 53
3235 818 61
1590 2503 88
2527 1277 52
277 521 88
1787 2533 97
1172 2329 88
1353 933 80
950 909 91
1899 2825 72
2444 911 73
3229 2173 42
1484 2577 46
2950 2604 36
106 799 31
2763 472 39
383 2096 13
1358 304 49
1316 137 42
1536 2588 17
1427 2980 20
3223 2907 82
3017 765 48
1047 2285 70
1823 917 97
2795 2850 65
2422 1005 98
1124 707 93
1864 756 54
486 2264 26
1667 2365 25
2147 2894 16
823 97 76
3006 1241 77
2015 1029 90
544 3105 85
2305 1098 76
1600 2488 20
895 2249 24
939 300 13
2751 3016 52
994 26 45
2687 2980 70
2551 3074 19
1142 2784 13
1424 3055 37
739 1041 62
3252 2985 11
2852 2991 25
214 877 70
1668 2058 41
3050 1219 52
2757 2025 25
377 299 32
747 1061 26
2501 1461 41
2117 3166 50
1833 3189 99
1858 1825 44
3174 2743 37
507 2627 43
197 787 88
903 358 10
974 581 82
344 2517 15
1057 932 37
23 2966 33
3313 2887 51
1558 758 49
165 3198 14
1241 2575 78
2346 3088 91
2311 1298 96
2377 972 69
270 1863 65
1532 1527 25
960 48 27
1710 1355 61
1385 968 36
1848 3094 39
1051 3079 42
873 1404 78
2124 1115 56
610 316 100
1363 67 55
669 1946 62
604 199 41
3413 3059 87
1531 1303 56
3314 1940 59
1260 3067 72
3110 2040 13
3344 3111 55
2790 2061 78
632 2414 12
2311 343 39
2811 1464 27
2470 1461 13
479 3018 30
2719 969 86
1323 2612 41
2119 2850 64
2497 2145 60
3336 96 94
3367 2588 86
427 3069 82
1482 1011 10
2316 1792 69
1085 2797 29
1268 1106 31
2505 1693 85
1013 943 70
2341 3081 37
1553 1715 47
753 2999 50
2861 1816 100
3006 2538 40
161 1406 32
3350 2551 69
1754 328 53
1274 228 86
2682 717 22
96 2186 92
1919 2418 71
223 3418 40
1140 261 36
1333 670 43
2946 3223 11
3287 432 78
1231 1414 74
238 389 39
28 2510 21
2045 1891 67
1974 323 25
988 2254 100
2690 1804 23
2447 1174 71
3071 3152 95
3199 1800 74
3051 1482 37
2013 2145 32
553 1933 44
1682 1121 81
540 70 35
2160 53 70
727 2750 44
524 1773 23
1920 133 72
460 2315 30
1925 2213 39
1149 349 32
363 3149 43
825 3418 39
2396 835 84
2763 3390 88
3077 2968 75
2987 471 22
1720 2436 37
1742 1574 73
1304 515 65
2118 1575 77
2887 1634 53
2090 966 78
1038 2901 73
2760 854 22
1200 178 18
3251 1689 35
649 2589 62
2617 202 97
3190 2225 58
725 1564 68
3382 2417 97
640 2740 28
621 2747 82
1712 3164 55
972 2477 39
2097 2573 92
128 551 37
190 1093 35
2679 956 27
1753 574 82
1579 2136 88
694 2912 68
2102 874 32
2159 1718 31
2093 3365 65
3247 570 100
893 2674 10
2955 2670 87
607 1764 35
1365 3387 52
2916 1172 21
2081 275 32
759 1688 24
2281 958 23
1105 2257 46
1628 1376 68
966 3074 28
2092 1789 37
1927 2985 88
1910 203 61
1686 741 13
107 2078 13
2177 2960 44
757 3052 39
946 251 98
1485 247 26
2522 271 70
1464 1106 14
2508 2708 50
2131 2288 42
3305 2103 90
2537 1871 85
3210 1955 75
2367 2607 61
2236 2539 39
2948 1596 100
2382 3343 74
338 2809 72
550 302 98
60 1021 70
476 703 59
173 2062 28
2875 2284 84
2870 2867 96
1999 2676 78
1127 3188 25
382 686 67
1304 3006 96
2452 3070 59
655 3278 50
2397 28 13
1980 2385 39
879 2550 35
3118 270 86
1166 3117 29
1002 388 31
2769 200 33
3169 2037 76
660 3161 37
3249 2297 22
2408 1666 11
637 1494 92
478 2245 72
725 2128 56
2905 2474 26
17 2026 85
2059 2196 74
2454 1562 25
840 87 41
3078 1704 99
2491 553 62
1043 2411 37
642 1180 29
3190 477 36
2393 1340 34
755 1970 100
865 1564 49
1539 1164 78
924 1253 11
2422 1395 81
1220 3169 54
3316 1482 67
381 1470 96
519 2982 92
2559 2409 90
1300 1033 51
1043 2548 76
1689 3170 90
2550 1858 86
2329 1732 79
1499 2367 80
553 1702 94
2079 3006 61
682 648 75
154 1074 43
3142 2293 50
773 2424 67
858 294 82
1258 3286 86
1194 2393 90
2153 2474 41
775 2654 69
24 1585 43
2951 1816 35
2783 1477 72
1389 2471 43
1975 3133 60
2946 2471 14
2215 2480 15
3144 2137 28
1852 562 99
3304 2965 36
1022 2030 31
1925 1329 30
1726 568 49
1137 3251 32
1324 1436 66
3046 2004 22
2598 2327 46
1099 3271 56
38 304 80
2199 2268 67
1180 1809 93
3233 2340 11
991 2356 87
2809 693 57
3169 719 29
17 2103 88
2989 8 64
151 1741 28
248 2687 93
2681 950 50
1683 3338 99
1762 876 63
121 804 10
251 289 11
2356 1183 14
1775 2018 55
2356 1452 45
519 322 39
579 1417 68
2430 1342 36
3235 2598 11
2332 812 78
778 2846 89
1407 178 68
3298 1230 29
541 3313 24
2079 1171 48
3038 3353 67
2857 263 76
1701 1457 72
2047 269 36
3413 2117 55
778 767 32
2470 556 39
2060 3106 93
681 3180 62
2332 3331 83
2992 6 87
900 1670 59
1172 1683 77
241 626 15
1077 472 52
573 2861 11
2661 2390 87
1498 3048 67
1694 2401 70
2023 1337 79
2645 2150 21
1411 1248 45
479 562 29
2104 2084 82
416 2074 86
1693 2208 29
1374 17 41
492 2264 44
980 2215 64
2406 2356 81
144 1900 31
139 1147 18
2548 2855 15
3320 1091 81
1620 586 53
52 1483 68
919 2372 87
766 2284 71
2165 2147 16
2079 851 45
2357 50 47
2585 1407 44
3115 2454 97
956 3379 94
380 1764 60
2655 2064 88
3076 2801 67
967 2261 91
938 507 54
1708 696 100
2924 2640 76
2197 3125 21
1448 2549 26
3409 2050 57
2354 3356 88
1203 366 24
340 109 35
538 2626 53
454 1286 61
1865 2714 73
264 1840 46
2109 1108 69
1683 2712 36
1220 3299 22
3010 1124 20
318 2782 43
607 259 47
362 647 36
2701 2310 26
1612 758 53
3036 1718 13
1274 1810 77
147 43 80
2905 1383 68
2241 1875 81
1307 2912 66
2140 2048 91
1676 224 57
1657 2024 77
2872 2539 31
2923 3106 90
1017 626 91
2658 1611 18
2535 2406 86
2382 303 25
3069 697 58
1628 1546 79
3351 2334 40
2409 1811 75
2406 3358 30
3229 1329 73
2530 2668 72
3196 877 81
3096 1854 77
2810 3404 47
321 1531 63
1715 2541 32
3407 989 76
1887 1143 24
2144 2745 89
2001 386 96
1182 506 82
2032 2702 58
983 1500 37
1293 3273 32
1767 3011 78
1513 973 66
1616 2919 37
1201 766 23
1773 2790 21
503 57 22
2811 3119 89
921 3113 93
2111 1561 21
801 3261 21
1205 2153 29
1522 3399 87
1748 415 40
2656 2161 55
1716 963 68
188 625 44
340 2894 79
3227 1336 75
1796 1280 39
3407 2133 72
1558 1634 40
3324 1445 27
273 3307 18
2535 370 67
2704 1901 82
791 3029 67
2068 3147 82
2990 206 43
668 1963 20
2067 3021 88
2860 1957 67
530 2168 16
955 1964 88
2218 3316 40
1585 2796 87
44 426 63
1005 2880 99
696 1235 71
446 2785 72
3403 3336 77
2163 1674 26
2527 1238 89
2342 1376 32
420 150 13
2585 944 92
2710 2479 91
2328 229 51
2431 2958 56
1493 390 94
3159 1921 48
292 2868 67
3343 1188 87
2008 1675 98
2723 1071 73
2351 1849 35
545 2016 84
346 75 92
1925 1792 82
624 2111 17
2989 3025 40
3394 3281 95
331 2265 49
2684 1231 18
2572 1000 39
2662 1334 59
684 3024 69
1926 1994 51
813 2091 18
1903 896 49
464 3389 73
15 1903 17
1984 2480 63
2258 2924 46
3057 331 65
2877 2450 35
2691 490 35
3065 2505 37
3101 295 58
2948 2859 30
323 672 38
1190 13 31
149 2744 48
2256 2369 84
807 379 92
2412 1748 96
3364 20 13
1700 2386 83
1817 1005 33
1297 3144 22
1082 1479 42
2393 1211 74
3192 1449 74
2007 103 56
1106 130 89
3140 1193 62
294 3004 68
1519 1618 72
128 1505 17
373 357 28
1355 2731 27
1243 2212 89
2387 2623 55
1251 1615 92
1388 950 45
444 843 23
3057 997 97
2893 3022 87
444 3302 99
2548 1443 54
1325 2039 47
3304 3266 76
1188 1325 23
602 2113 35
2069 2795 25
444 2147 28
1534 495 57
83 2754 23
741 2311 59
2844 1277 42
1924 1116 14
758 630 26
2678 995 12
759 376 14
1260 2713 71
1745 2215 29
2361 2405 97
182 3400 34
793 2037 89
693 3156 97
2365 144 17
3311 2044 71
1406 2137 91
1785 1513 99
1784 546 47
2363 3310 65
3132 1371 42
2511 803 32
2341 569 25
3220 637 65
1314 2959 30
3380 1234 40
3308 1810 73
3280 2260 74
2293 222 57
382 1860 14
1653 3310 70
275 1043 31
421 1643 30
2698 2120 82
1037 2950 44
358 192 27
1345 2937 67
3243 877 90
1782 1238 29
2405 414 32
3313 2752 92
301 1948 45
2415 893 51
1692 1538 57
2726 2869 56
1372 2120 70
2134 1279 47
791 2440 48
2413 3016 33
508 716 76
1407 2006 39
1450 120 50
1065 1192 35
1696 2491 18
1932 749 54
2475 1949 15
1904 1697 11
2802 973 98
2485 658 57
337 1776 95
351 3093 40
2562 3072 33
189 733 56
1285 1607 47
218 2056 87
2314 478 50
1353 3112 73
2688 1686 12
2792 3081 12
139 223 79
1310 1008 11
1975 3246 52
2960 118 96
1593 2225 62
2273 1270 12
2982 1914 60
3184 1927 56
1266 2888 63
1583 333 58
965 30 81
633 427 67
2225 3299 87
1857 3260 23
508 1640 39
3308 2404 89
3257 2791 65
2753 2408 61
2874 2100 69
316 1764 40
1352 2155 50
1024 2612 88
3391 3122 14
122 1991 82
1204 387 69
49 273 40
347 2230 37
761 1404 59
3401 3190 70
2018 2565 54
2502 552 34
1509 1148 12
974 1026 76
1011 3108 28
1403 1259 31
1258 2218 27
2486 670 41
816 66 100
552 2270 99
1376 378 97
2062 680 36
2789 2450 86
2226 2181 80
1720 1714 44
1477 1040 86
2877 917 52
1916 992 88
2088 3081 94
1090 1434 27
1918 2229 79
1448 977 95
2574 1657 70
2443 1287 76
934 1197 20
3219 2330 96
2108 1965 91
456 1193 73
2201 21 96
1171 3169 42
3112 2057 91
333 1732 53
2738 3074 77
312 1879 39
1634 2382 47
614 1425 43
229 1372 100
728 1753 42
182 1122 61
2654 1337 82
2634 197 57
2200 2866 94
1385 1315 45
1098 301 36
1306 760 41
2575 385 84
877 1734 89
1961 363 72
1774 1579 13
1037 2757 40
3155 1242 38
742 1113 90
1005 3131 45
2035 2294 33
1005 2406 80
2239 2182 53
3343 1330 96
508 2347 98
770 3219 12
2597 564 62
275 90 30
23 1257 72
2502 2408 34
387 1353 88
3191 1336 18
3280 631 85
2407 2998 69
681 2449 45
1705 3336 94
756 862 82
2181 189 96
426 2877 82
1743 66 61
2571 2434 86
444 3190 17
2095 996 82
78 1842 18
2929 727 19
1591 1893 67
660 1972 12
663 1321 98
2358 3000 84
2223 901 88
1458 2006 62
126 2973 77
167 1696 58
2017 329 89
821 42 67
3283 1295 68
2058 143 80
1925 1735 21
2590 2436 78
279 793 60
1514 1406 67
1352 1609 23
1155 1098 49
2948 1995 100
1789 3210 53
2080 73 46
1234 2295 85
2821 2047 31
2524 1812 12
2376 654 38
1141 1157 19
357 840 61
1533 2258 63
2115 1946 24
1887 173 51
2560 2919 58
1465 2282 38
801 266 48
1440 3357 60
2768 1092 64
2578 112 43
836 1847 74
1411 3200 11
1309 1106 56
3273 3139 14
221 3001 71
2782 138 93
2374 3402 17
433 3092 50
3231 2631 96
1526 1483 52
3174 2430 82
1224 2404 59
1998 141 55
1814 1623 52
235 1200 28
2895 1297 54
764 1851 62
2950 232 18
538 2655 84
3200 2659 38
1029 771 21
1230 3016 91
2895 2725 54
2690 2164 70
293 378 59
1164 991 52
384 3088 49
90 335 31
880 358 41
2587 1575 99
680 963 18
2833 1986 93
1052 59 22
743 3181 54
505 2052 69
2255 369 68
3344 427 75
479 2238 72
2182 811 15
1796 1139 96
2073 2747 36
2499 3166 43
3217 2463 69
72 2621 34
2251 1041 72
1478 3136 76
2698 645 77
2393 2880 44
1122 1809 43
231 2743 13
2907 391 38
272 638 54
289 3297 100
893 278 53
1897 1956 76
2794 1380 85
406 2549 63
1826 2590 44
2932 472 96
1726 3145 67
2504 2219 62
1010 1823 10
1159 3165 73
2568 1435 54
1068 499 37
941 387 11
2796 1972 67
1577 718 75
2740 2484 82
2446 866 15
3115 742 14
1600 2799 96
948 507 43
3092 1797 80
2993 644 18
1953 1042 16
2454 1647 48
3032 2976 64
2070 3273 82
1634 506 50
286 2159 30
1905 3207 83
2341 305 72
1552 47 29
2223 1476 95
858 732 65
2470 719 81
2447 2720 86
2710 1471 58
3034 2407 57
1665 487 26
2117 1579 11
3033 2818 28
3186 2843 42
2037 3222 12
2243 2514 41
2182 1414 26
1884 2863 36
2813 2653 42
810 966 76
1914 792 27
1391 559 74
786 67 33
1274 753 65
529 2357 54
3340 1204 19
267 1376 28
1738 2419 73
320 3095 36
3184 1571 86
712 3250 89
2081 1517 87
2391 1482 44
2335 1418 84
1573 1566 81
2959 1168 41
2759 2108 67
1772 1910 25
1393 1048 19
3279 3085 98
86 1742 90
467 265 31
431 2695 52
3078 1698 99
1248 2698 51
2364 278 78
2832 1936 67
1660 534 43
763 1998 51
177 1975 42
2684 3204 50
2815 1097 75
383 138 92
2048 2790 44
3127 3102 60
1212 1631 88
341 256 68
47 397 90
635 3297 89
1857 219 32
1551 448 58
1522 3236 46
29 153 21
391 2718 62
1819 509 24
2009 2992 42
727 2998 16
2883 1084 51
743 641 96
1853 1169 69
243 171 99
3356 2423 42
1655 24 53
853 3418 56
3300 140 27
410 450 40
1397 3282 100
3174 2581 80
1423 748 45
1155 2204 47
288 474 41
3249 830 38
2751 792 27
1103 2265 77
333 1819 83
915 2814 79
157 521 90
2877 1627 13
2685 1609 81
2161 1182 18
3142 1012 44
2150 2462 25
639 454 57
2771 2660 72
2407 3131 60
660 1343 48
371 187 72
2994 473 95
988 392 20
2806 1214 40
723 2208 14
1621 1392 42
2640 1842 16
1749 2645 20
1491 688 46
1588 2449 62
3200 1876 43
1982 901 93
913 3392 71
341 1288 49
1021 3395 61
3213 1006 63
22 697 18
3225 3345 38
3271 3277 16
2572 3154 14
1439 2349 80
2778 3117 95
2728 1227 43
759 2215 86
3290 2240 27
953 910 43
2470 522 95
3247 3349 76
2542 1477 22
964 1073 44
2243 1527 37
571 3121 22
1478 2775 51
3090 2713 25
2192 2791 35
1589 558 26
2252 1179 79
1061 2356 70
2090 3279 36
690 3099 12
1393 2476 36
1859 2328 41
101 2354 32
330 690 18
2539 3222 59
90 1714 15
3056 444 63
1894 910 72
1873 2200 97
228 2804 90
1512 1130 39
2055 1576 70
1007 1036 53
1276 2099 52
753 2430 72
1407 3116 86
281 171 13
533 2613 95
1922 2359 45
810 3169 96
2614 2286 18
2490 1254 59
2136 2212 48
171 3066 70
2114 2589 59
1579 3030 93
2181 42 75
1466 1990 52
2927 1558 78
3212 1103 54
1078 2178 89
1681 185 98
2160 3014 99
1760 20 44
130 113 100
1027 1684 36
230 1204 19
875 2850 89
1626 3177 20
533 1646 58
3273 1584 47
2551 967 94
3391 2381 22
1125 787 15
2506 1180 65
1846 1908 18
1183 542 34
2336 1051 51
2672 2717 86
756 148 73
3250 2201 27
2918 244 46
573 508 18
1957 1832 40
3246 583 72
3154 3156 81
3285 297 99
990 1316 91
480 1836 84
732 2724 59
1340 1346 93
1976 1550 27
3381 577 20
1371 2011 31
3249 15 26
3021 2046 96
814 1684 81
624 1078 79
727 2030 62
2120 795 56
1470 2230 63
2567 690 79
1617 3406 20
1560 49 61
1922 3075 14
1769 2933 46
186 2388 84
713 1252 56
2047 650 80
1518 1953 24
1814 2575 56
3087 2769 100
2189 1893 86
844 2792 22
2250 1840 38
2755 2346 19
1044 2187 75
1508 2954 59
1634 2280 32
1610 2311 78
2712 298 77
3079 3154 94
2913 298 82
930 953 50
2563 2079 68
229 2373 16
549 2481 54
2162 747 67
1921 2101 45
727 136 24
