4159 6275
1797 2536 56
2374 974 24
1149 2492 43
259 3732 82
782 2662 37
871 3135 60
2292 4117 10
4064 847 82
3391 1803 19
2781 345 49
3223 1706 11
4090 1774 11
2494 3543 99
1942 2108 77
3708 4148 51
3882 1276 27
3661 1423 10
1917 4030 48
441 2940 32
4068 1351 67
4136 98 85
839 352 79
2909 3595 13
241 2046 80
281 1869 79
1405 341 22
3472 1126 41
2178 3015 21
2994 2522 37
2796 1548 84
155 3941 16
2030 3378 30
2017 4066 95
362 597 34
726 3311 41
417 344 33
392 3444 15
2751 1087 37
2907 393 27
3869 2171 75
1065 3606 46
1221 3424 71
1122 1646 97
1244 3200 57
3812 1344 63
1741 1878 87
1178 1093 92
236 783 98
1594 1738 57
3049 1774 87
1332 3039 78
2047 120 92
2999 3090 88
1131 3502 64
1816 1721 16
1709 806 99
982 2441 15
3953 823 83
1003 4090 91
659 490 99
1902 2983 96
3166 3433 100
3036 3377 64
2713 1333 58
457 3165 76
533 4139 79
1095 2986 52
2003 3160 38
327 580 55
3756 3209 55
792 807 82
3558 2627 19
1030 1588 97
292 2201 25
149 3657 80
520 2313 78
3181 865 85
60 4001 45
3060 3172 22
414 1832 100
2150 2380 48
2027 3001 51
1618 975 63
649 1455 75
4088 2610 29
1452 3559 61
3051 755 76
1327 1321 57
251 1504 24
3216 1753 58
429 1369 82
3351 1809 18
2867 3137 18
703 3776 52
368 2759 23
1064 2467 78
608 3069 61
3444 215 51
1065 3323 31
3379 212 34
240 51 50
1336 457 55
2709 676 72
3563 3185 72
2324 517 71
2808 2974 74
3958 4023 78
2642 2655 62
244 2703 17
3850 1142 17
3732 239 13
2815 2431 31
2046 2502 11
1277 3328 100
3750 3263 31
2024 3988 63
36 4152 30
4139 936 60
3681 3557 81
201 1897 25
3530 2015 88
830 2046 85
121 960 30
1909 3511 52
1952 3721 28
1544 3893 56
3033 4106 100
3217 2922 71
4014 713 52
239 3515 70
779 2280 70
305 1659 65
692 1297 31
1784 2452 72
3106 658 32
1577 3454 16
330 1968 56
2091 1928 41
1179 451 52
441 1265 26
430 1443 10
562 1374 85
2036 1807 98
1071 3403 22
1803 477 67
3149 503 89
4046 49 68
61 2698 92
4032 4008 75
973 895 68
3000 2377 36
3171 2372 43
3852 1747 38
1746 2378 13
1874 3950 75
3167 2670 20
2825 140 17
2144 611 49
1363 2358 73
773 1771 78
1126 3514 61
4079 1126 64
2481 3268 56
2564 3749 79
525 3123 92
1100 1995 35
1145 2382 98
2161 4133 29
1102 228 52
1464 1701 91
3083 944 44
1473 1581 50
302 1668 14
601 2771 72
1718 1710 73
1800 3692 91
1858 1362 81
3268 2680 46
450 924 54
3681 454 48
3561 2597 79
4141 3145 95
4011 318 41
55 2731 45
1176 2123 57
738 926 21
296 2159 34
2167 4010 83
2477 1963 99
2590 1220 96
2816 1332 29
3232 952 11
2730 1809 35
837 2779 82
1888 943 100
1317 3613 46
1315 1844 93
1179 2202 12
3916 1138 85
1612 2967 68
1107 3324 50
4127 3116 45
3336 2703 70
1272 1139 75
1908 593 89
2259 248 46
3840 747 24
3620 3941 89
325 265 65
246 2033 33
3563 370 71
1503 612 75
3220 2072 76
3626 2773 34
2775 756 51
3229 3873 74
1497 3428 31
1853 319 54
1719 1369 22
3686 2235 59
1012 2588 33
1104 2543 30
2602 1302 18
1537 58 25
3856 3499 86
1156 972 23
2385 2512 90
1398 15 49
4058 1240 91
3247 3037 71
2449 1987 44
3480 291 41
756 678 14
1034 4099 24
4035 2932 33
396 1428 65
2623 2687 63
2070 1949 98
3145 3023 85
645 2584 12
1106 2524 79
45 3419 90
3001 1684 94
3927 899 97
1798 138 15
757 4140 23
1710 2378 34
2957 3601 70
142 371 82
3661 4084 41
1271 1267 36
750 1822 42
2451 889 29
1447 959 90
3203 4117 17
2859 925 73
2860 3073 98
3290 4074 70
2067 3767 65
3936 2144 53
865 2095 97
2705 1774 25
2550 812 80
1544 336 88
3777 1586 63
3906 2609 27
2019 2245 35
1935 1569 47
423 1239 88
56 290 70
3155 551 73
4063 3942 81
433 4000 25
1245 2861 77
1476 862 70
2311 374 40
2078 2007 75
3218 4145 63
1028 4155 28
3177 1508 65
3866 372 92
1858 1838 71
741 2639 83
2425 729 98
891 1546 13
1372 1083 92
3689 1047 42
1156 3390 44
1447 3258 30
1195 506 68
4033 2330 55
871 1299 32
2543 2748 10
171 2387 51
539 1750 15
1614 1726 68
3487 1346 87
2404 3580 30
702 3501 51
1273 3638 96
339 2697 76
2940 2860 23
1918 1589 86
297 2056 76
784 3094 39
2104 4115 38
3718 917 20
1332 1973 49
1005 2615 59
770 2936 54
1851 3346 36
121 3505 37
2236 1727 37
3279 2654 26
2762 2105 86
3717 2398 55
3796 1455 59
3642 2285 89
1141 2750 21
2767 1110 12
2329 1243 23
3232 1341 38
73 192 81
3680 1207 86
2713 2409 64
1293 2487 42
3044 382 42
3803 3993 94
1830 2662 84
908 3713 46
1225 2555 25
236 210 94
743 228 96
3124 848 13
3905 678 52
1905 1132 21
2115 2251 73
351 113 18
1486 3099 10
3527 319 35
874 3258 82
840 3102 14
1171 579 78
2894 929 95
1207 135 46
3987 805 96
699 868 20
3486 3019 48
1315 194 56
2857 274 89
779 380 86
1031 2738 91
2137 140 67
2301 1341 42
1294 1270 28
2448 4142 99
1955 2562 59
2499 423 33
1790 1595 74
1193 3350 38
2933 2608 92
1126 87 24
449 3353 87
4007 3006 51
822 3991 30
2656 3380 92
2221 90 71
172 3405 98
1654 1427 89
37 1797 49
1672 1673 35
1013 2471 57
4063 3925 27
2324 797 63
1389 2122 84
190 196 12
2111 3028 28
2817 1889 45
2457 2285 18
2530 3853 60
563 1006 77
2535 1341 52
3032 2098 11
774 91 21
862 2280 52
1698 1225 45
3435 2057 35
1648 904 59
2112 2801 37
62 1014 84
2309 2284 46
722 3848 31
1997 1600 68
301 306 66
3375 3589 29
405 1053 19
2331 201 10
3381 1708 40
3672 2019 52
2479 618 16
3284 3816 13
2522 3976 86
596 3544 85
3916 3629 28
3826 1297 22
3305 519 85
1748 3364 54
1548 2429 74
1238 1287 95
1977 2406 11
3241 1744 29
3021 3608 35
2688 3906 17
2211 566 14
851 2274 65
2137 364 98
1388 3142 41
91 1721 35
2929 985 37
715 2391 56
1406 545 75
3631 2107 72
3279 3574 43
1241 2153 20
2772 3238 56
3340 851 74
806 3007 81
35 1806 99
1168 513 40
477 1282 31
2003 1715 60
467 2359 19
3849 425 96
1275 1748 66
1734 3226 86
847 3391 22
2484 1402 84
2325 2989 36
1809 1769 41
420 2550 82
2017 922 66
3407 4119 82
4094 3693 18
2774 1217 39
3955 159 50
2318 2360 34
2604 2478 35
1269 4073 30
1608 3578 32
2198 3524 42
453 1866 32
3976 165 27
2576 2735 37
1466 1830 41
1868 2620 66
1484 2990 69
4150 2799 90
70 2065 92
2747 245 41
931 4039 59
1996 613 53
3940 2770 65
412 3171 53
1843 3098 54
1166 2362 54
848 2535 37
1715 482 53
3648 17 18
2614 2503 23
1288 987 64
2832 3517 19
3174 3614 45
1127 1841 83
4118 2393 67
3062 2231 66
3695 18 77
3960 1110 61
1858 3059 94
1291 332 66
1537 1929 36
3478 589 81
1610 2085 68
2776 158 92
1577 265 82
744 3056 83
1120 771 26
3774 3991 49
3988 1867 12
2855 2848 44
2453 3907 96
3785 1115 45
3144 2816 95
960 87 67
1703 4025 25
494 2761 89
1005 442 84
3001 877 17
3154 1965 35
2115 4053 20
1498 13 14
692 3486 57
1917 428 20
3565 1392 57
1982 3945 74
1858 1774 33
1952 2542 85
4018 334 67
1322 4152 89
723 2121 42
2571 2828 86
1260 687 31
376 617 15
271 1830 22
885 2685 99
4066 3995 100
1200 1381 78
1862 2171 29
3921 2433 68
2383 403 18
1459 377 77
1069 508 37
3710 4059 40
312 3862 42
3514 1424 10
2319 3460 22
1866 2446 87
2671 1563 43
487 2650 42
1711 3514 95
10 482 98
3625 2912 83
2256 2111 36
467 2921 82
596 2038 17
2896 2047 63
3062 1704 59
3663 978 31
307 2192 26
2830 956 38
3553 3261 71
3765 3978 77
3708 1244 37
2452 1437 42
3906 1601 18
2840 3657 60
3152 320 15
3627 3142 34
126 1161 49
1076 3051 67
1468 3193 50
4141 3421 83
3943 613 99
2026 4025 94
2269 147 54
860 3614 68
2313 2607 92
915 1523 27
2195 2643 86
3792 3825 65
1325 3906 61
2994 278 69
2136 731 87
3953 1280 58
2250 184 82
1578 1291 62
1441 2209 33
3045 2732 11
78 3620 80
2055 3992 61
1874 1297 61
2468 3229 70
1988 1204 45
854 1982 47
420 4006 82
3178 2562 31
851 516 29
234 1495 48
2566 575 65
128 1189 67
2571 3827 84
3514 1676 51
316 1956 45
3593 2914 88
3044 1431 28
1869 4153 100
3519 3976 78
651 955 64
935 340 48
526 3341 45
1930 3711 71
3334 2876 65
1020 573 70
2411 3372 80
2655 268 67
1426 2988 56
459 4044 80
4027 2826 37
900 1812 34
3900 2032 78
2610 332 100
1397 1373 80
2314 2212 46
597 4070 85
2210 85 24
1538 3382 24
1859 3464 53
1296 1022 36
2995 3589 96
3796 3162 95
2597 2792 57
1197 467 43
2687 1870 47
2739 482 18
863 591 80
1385 429 65
549 1031 98
571 984 62
2020 3192 99
80 4096 97
1870 1163 29
247 813 10
3877 386 86
1961 192 91
124 600 81
567 1226 85
815 2193 54
435 1659 12
1691 2965 52
1707 2544 26
3972 1849 57
3325 3631 74
2731 528 54
2598 2820 44
1071 1255 41
388 738 14
3860 2787 93
3677 3271 58
3616 570 16
530 2539 77
3621 1277 99
1019 559 80
2789 4132 23
901 2557 95
358 3815 44
2885 260 30
546 446 92
3313 2987 63
1676 1396 59
81 2235 23
1922 2775 97
888 2248 58
1978 1224 63
3005 557 76
2215 2599 79
3909 3599 75
3302 1862 80
2658 555 41
3700 525 62
3672 871 10
3869 603 57
2010 179 19
1735 3249 58
796 1575 48
2091 1660 22
2713 1369 56
1564 2892 75
2782 3315 40
881 3731 14
1862 2213 96
321 3904 92
2366 1529 90
1507 3415 24
856 3181 66
1510 390 63
1628 2113 95
3097 3130 26
85 980 42
868 1697 11
3466 1263 31
42 1770 12
470 3452 73
3457 4097 49
154 1956 48
2426 2538 28
1410 3441 71
3085 3914 37
519 1029 78
184 3976 51
282 2516 94
2088 4087 100
3689 3069 63
2887 598 73
1506 3746 57
3545 1817 33
1237 146 22
3950 284 41
2706 184 81
1994 3775 100
3982 2663 30
2887 2584 68
2027 588 53
3543 3573 91
4070 2952 46
2830 2464 39
2520 3488 16
1357 1657 20
3585 2065 32
2588 2176 85
1530 1587 72
1582 1734 18
226 326 26
4099 689 71
2190 92 12
1777 3329 70
3293 2078 39
86 257 38
2021 2704 29
864 3884 14
2064 3653 17
2804 254 61
346 3510 21
2334 3408 40
1840 1804 82
3974 2466 11
1510 432 49
3967 725 53
2022 1841 71
3064 26 50
2543 796 60
144 2492 36
1685 3991 91
2199 4011 32
2793 3298 29
2506 2475 48
1176 3994 75
848 3066 15
3928 1491 73
2150 316 23
1258 3597 85
911 4151 87
560 3296 65
1953 544 80
2508 3672 76
584 4051 65
1464 1040 83
1347 2540 11
2869 1614 33
2012 194 78
3616 4046 59
2238 3621 81
471 3446 42
3964 4050 49
1707 3412 30
477 1728 98
3848 2646 18
3180 3854 40
2696 2991 40
1842 3498 24
339 1766 70
2549 1014 51
3079 505 95
1900 2591 52
1048 2791 21
67 2585 59
838 1550 16
2072 1640 40
822 3212 66
1386 2756 35
1815 1871 36
3905 2099 14
1555 159 89
4078 577 81
601 3177 77
2283 1539 52
3141 1526 82
2852 2676 30
3079 126 19
1516 1814 25
1009 4055 33
1847 3915 100
771 3186 19
538 2480 81
218 1742 37
1421 2236 54
3815 651 37
165 2476 59
1174 2588 53
2675 2510 27
2536 2268 73
109 2115 83
706 2939 48
470 3496 37
2061 1143 58
1537 985 25
1894 1080 21
2879 4008 89
4041 1443 35
2693 2974 48
3814 4127 96
1151 3439 21
3283 3059 34
2198 2514 54
280 397 73
691 1014 25
3806 3091 48
3495 271 91
2769 1135 28
2758 31 53
3527 4076 16
3988 1173 66
3139 2497 89
1372 2575 85
1206 2575 57
2659 951 68
3179 2427 72
1575 2779 33
2854 4020 18
2556 2280 92
1961 2917 30
2846 2089 57
890 654 58
2792 3207 37
4078 4093 19
3408 1606 46
2352 2041 98
3521 2899 10
392 2520 40
2983 3290 67
3357 2411 84
1528 889 65
3883 3068 83
3793 250 39
1526 2421 95
3089 726 32
2065 3586 38
596 1987 46
1175 3209 95
991 4051 35
3717 3642 43
2539 3114 85
511 2164 83
777 2038 73
3440 599 50
3297 77 71
2615 3287 39
465 3954 96
1714 3502 13
1641 562 48
287 2521 88
69 3819 36
2316 3983 85
3537 40 82
3269 2293 87
1690 2627 51
2888 2966 13
94 2236 22
2414 203 59
982 2046 51
374 4002 80
3431 857 95
3301 777 42
2768 1642 73
2053 3108 28
2280 3170 98
785 2705 81
1041 57 25
2082 3627 64
3045 407 66
1247 3752 46
1158 1389 59
580 3160 54
2420 1388 86
2617 1884 94
3868 1596 54
2096 845 94
3440 854 76
3703 1170 90
2181 3491 49
3541 1017 50
1869 509 69
1146 2185 30
971 2837 82
2368 1989 98
3880 3015 88
4133 3216 70
3359 2632 71
2511 3739 27
1786 358 94
299 3513 90
847 3976 72
4038 2549 52
129 2204 14
2565 3276 25
1126 185 70
2745 1406 45
1905 3932 19
3141 895 73
1002 2447 42
2980 1586 19
2440 262 73
1132 976 17
2698 763 79
2959 2491 67
2310 3263 49
633 2182 11
1295 89 20
2144 4057 42
1449 2006 38
1555 3839 81
2489 2723 20
3096 4054 25
402 832 33
3662 1400 64
856 1420 29
1449 2651 87
2024 3573 30
1135 2874 87
776 1123 41
306 1896 34
2027 958 66
2306 1799 11
2123 3167 12
1349 306 47
868 2948 43
1231 1691 27
3013 1005 54
4126 100 75
3817 1343 19
4013 3707 19
596 3270 78
2545 2610 54
2961 434 60
908 968 80
3843 2213 81
431 4024 12
3059 3045 54
4036 1040 58
1384 1643 99
2246 3054 70
3933 1246 38
241 203 81
2036 1713 61
1600 2029 53
2819 3546 77
2600 594 36
1596 852 52
2437 990 83
2341 3289 34
240 1848 42
1567 1357 74
33 3968 48
1532 2558 54
1656 1552 84
684 1310 11
3113 884 28
2735 2262 65
3242 3561 87
3609 994 36
3187 467 59
81 2290 29
1588 2725 10
542 3173 94
2764 292 95
2885 1724 81
958 1110 88
607 3090 23
2236 1565 35
1658 1265 64
2674 1032 44
92 2512 27
1048 1955 14
2289 882 60
887 1026 98
541 3515 47
3073 2537 16
566 1393 36
2473 2572 63
3128 3119 56
725 1968 11
466 334 83
3524 162 55
2176 4018 50
200 658 85
3707 3607 35
1718 877 60
1621 212 42
3399 1179 99
1907 2353 60
1617 4116 58
2533 1920 30
209 198 38
2216 3049 90
2469 4019 97
1333 3629 85
2808 3294 52
970 1423 42
3350 2182 30
367 917 83
2283 1758 14
1003 2847 83
2502 2579 55
3665 3157 91
1351 1853 49
3350 2021 57
2704 633 27
1249 188 63
3999 2902 94
235 1970 41
1958 1109 40
763 1015 30
899 1266 26
3097 1392 61
3485 2223 82
2970 3114 32
3055 3684 36
989 269 39
2369 1518 85
3324 912 72
283 2746 36
864 422 30
2138 3785 89
3329 1853 40
3507 3692 45
3514 2953 13
1932 3663 73
2275 4146 62
577 1137 35
673 3850 50
931 255 77
3135 1013 71
1257 3939 100
2749 3668 18
3220 2846 94
2170 2323 43
1193 3100 78
1883 1500 67
2105 3330 72
3363 869 32
892 3233 33
2208 1694 42
312 249 34
1089 4031 32
3299 3301 65
1512 3834 23
707 3812 100
1553 2586 27
3569 3365 59
1329 3551 60
3609 1513 32
690 2809 57
7 2920 76
2880 2922 41
668 2743 21
1568 1453 16
3815 4086 13
3311 3160 44
1986 3631 78
2154 459 66
233 724 24
2153 3409 100
1848 1265 96
67 84 79
1686 2105 24
2890 2675 71
2873 2788 99
4123 3813 82
2008 1183 43
2946 1811 42
537 1264 71
41 149 44
3625 481 24
681 2118 15
1217 2598 12
2156 2309 82
2642 23 94
3257 3781 81
2735 167 46
1155 3192 16
3573 3037 20
3201 2015 100
151 3702 12
3276 4135 46
1792 74 97
2665 2465 56
4012 3880 17
607 4023 71
2099 3618 58
2114 2251 33
1151 3055 38
3810 1653 24
2422 1671 22
3678 259 57
193 3174 40
779 3686 51
621 433 91
1160 771 27
3922 3556 88
2181 391 100
3427 3721 100
2726 3880 41
3705 2694 64
1879 2187 85
477 672 12
3194 1673 48
271 3734 98
2471 2254 80
3554 1765 28
3 3244 92
2456 6 59
3570 1777 16
2650 1063 27
2786 4111 100
2582 3313 86
886 2426 22
4046 124 37
1985 3603 31
2233 1828 91
1600 3142 22
600 1211 32
4065 255 10
1249 1046 86
888 3854 16
139 506 35
1040 2247 49
244 1807 45
147 1746 16
1375 2294 83
2236 2215 42
3069 1107 60
1126 2391 64
2315 2629 83
3310 4157 53
40 148 84
4127 2823 23
2811 3818 92
762 283 100
2834 370 66
3671 2041 16
3040 1583 52
3708 305 29
143 581 27
2784 789 75
2050 1397 100
229 1325 63
1487 713 89
3242 237 37
2156 3464 49
2630 1053 44
1137 2127 21
986 1839 31
1834 2743 85
2648 3744 69
2894 167 40
779 689 37
131 3395 26
533 316 60
670 428 65
3028 3551 61
2363 3774 78
3262 245 54
92 4080 18
679 308 23
2136 2586 39
1867 1218 10
2246 459 72
4075 497 61
1153 2499 96
1364 1203 56
4091 3083 25
497 166 25
2340 4116 82
3671 1350 10
3950 4134 39
319 443 97
2985 216 76
2537 2369 24
3265 2463 43
1577 2806 32
3525 2180 94
3834 1269 51
1987 2128 78
938 2721 45
3182 2342 26
1588 2482 15
1293 3849 15
904 4097 66
3915 2172 75
3359 164 10
952 1695 64
23 3305 66
847 2362 26
1383 2651 17
106 962 46
2183 1776 83
2243 2764 27
1641 1809 15
3812 843 80
2489 2248 50
977 3736 43
4 3034 89
2987 3226 93
4049 1750 81
3002 3399 58
194 1052 19
2804 3067 48
732 4009 72
3146 1381 66
950 3554 85
3751 2423 48
2689 1785 98
3092 556 77
1998 1067 31
2130 484 20
3328 1792 64
61 2724 43
3345 1561 47
4089 3614 54
630 3716 14
2145 2672 84
3312 4052 18
2303 809 16
3636 1265 39
1613 3729 89
6 3785 18
4093 1691 18
487 2599 78
3269 32 22
3412 3760 17
2686 1542 14
2059 1348 29
2099 3693 51
3107 1065 67
446 100 71
4061 929 41
2939 151 77
1015 2939 22
2196 170 15
360 1589 41
1412 1630 35
2834 2975 75
2874 3685 10
2467 2110 66
3390 1375 51
18 2470 58
1978 3197 65
1554 1587 37
1614 1408 90
158 2398 35
2777 1817 98
1348 2460 60
3168 2064 83
3560 927 34
2339 91 13
992 1204 96
596 455 45
1501 3288 31
1176 2611 19
3876 444 62
1040 698 73
864 3021 96
1098 30 95
197 771 40
1519 2944 94
1325 3765 100
3347 569 33
1893 1966 20
3210 1928 87
3840 1579 80
16 23 62
76 2205 29
502 1993 84
323 2434 89
3792 2931 93
4104 3909 20
432 1123 66
18 3131 61
283 3556 67
1363 1983 71
2253 4131 44
3032 799 49
73 3055 91
1862 1947 36
980 3677 48
1571 3553 29
237 1365 72
867 2407 25
2828 2929 83
271 1640 100
1611 4151 24
2117 1173 28
478 1273 13
906 898 93
863 1632 91
1828 1039 54
2626 1785 42
2181 3616 47
1207 2441 61
1700 793 64
1034 2977 60
3387 633 91
39 3887 53
419 3766 11
3652 3664 10
3992 3531 16
2229 2784 47
1024 1611 51
121 1194 33
545 3890 64
904 1845 82
1461 3062 57
1170 3227 55
1663 1412 20
3323 2751 48
4074 3923 55
2689 708 89
2728 1537 63
2420 578 92
2352 2179 39
1590 942 14
246 3652 72
3422 775 38
252 294 52
392 537 28
2431 3408 43
1963 1764 23
1289 3446 73
2655 928 57
197 802 80
2409 1832 87
1356 757 21
3479 3558 46
1179 1473 76
2271 647 80
863 3303 37
2886 3599 16
1791 167 27
535 399 38
2589 1477 72
1113 3105 35
2828 784 84
459 2458 41
867 1942 79
1113 2023 19
2908 262 45
636 3889 37
3338 3122 95
3053 3839 34
2452 2953 58
1511 909 37
3758 854 82
555 1433 99
1165 3366 41
1311 2865 95
1160 1542 86
516 731 32
3265 384 30
1834 1573 48
861 2618 52
3494 3040 99
3969 1049 72
2828 3112 57
2936 3538 47
3055 2552 28
2687 3277 78
1468 1917 39
1624 3039 83
2268 3886 88
3516 2022 55
2730 820 12
2732 1257 68
2422 3006 52
3519 1876 36
664 2432 43
599 311 60
3238 396 76
818 657 92
2513 2738 53
1024 637 66
3436 1218 70
2427 822 87
1975 3088 26
405 3283 12
1222 448 40
3154 2058 27
1532 3385 28
2397 3879 85
1507 2960 40
2639 1000 80
2015 4150 80
950 3470 34
1737 2317 70
2700 4012 94
2784 3632 69
896 3535 84
3729 3943 99
308 3512 99
296 3128 48
371 1032 17
1387 1111 56
260 642 69
3247 497 66
2304 3373 11
1174 1569 98
3553 1398 68
3738 3845 93
2348 3825 98
484 2656 97
2883 67 57
2548 3428 94
3649 1676 99
621 769 74
2672 3860 16
1419 2716 74
3408 1398 23
3036 2769 33
887 1664 52
2911 440 31
944 950 97
959 2582 66
201 2937 94
3024 934 95
3200 2752 72
1092 2824 13
2715 2251 55
3761 2107 13
3556 4154 58
1448 2383 99
2558 303 35
576 2173 63
2959 3241 56
1971 350 53
3959 2045 61
1060 1991 63
2475 1989 60
1343 3941 72
2572 3590 26
4007 2539 19
1210 1041 99
3457 1333 82
2142 1077 40
3979 521 23
3545 1475 70
1772 3878 22
859 406 55
3490 3845 70
1248 2183 59
1712 2976 89
1816 1837 38
3635 139 17
1393 488 31
3806 2848 53
3024 2673 19
895 2698 23
3255 2482 35
1154 829 82
2247 784 35
3833 43 97
3162 3028 15
138 3407 20
3346 900 89
3729 1064 18
3127 2621 55
3213 1752 44
660 2280 72
1814 389 71
3840 1071 37
808 3351 73
1079 58 57
1359 74 86
2540 2741 30
2452 3726 31
3675 1616 65
135 1941 46
3412 2679 70
3198 3887 27
2364 1347 54
1511 3396 47
4158 4070 49
2431 1063 19
3256 1824 36
135 2412 48
1286 2747 44
2173 1596 60
320 2083 76
690 3759 80
2145 356 88
1195 1051 23
316 3463 29
2319 3769 33
1684 695 31
2296 2859 74
1627 1016 52
2777 1067 47
2800 3875 24
3954 1883 19
2143 42 75
854 2885 21
3146 4158 79
3126 2153 74
70 1966 54
597 50 84
581 1642 50
413 2063 45
764 678 35
2185 3599 43
1604 95 17
966 1968 67
776 3396 31
775 439 60
3099 204 97
3825 1825 80
1583 623 91
1787 739 25
3587 497 20
3588 711 84
1565 2090 70
3837 3890 95
1539 1470 78
2382 3597 51
4012 2289 80
1243 2867 12
3077 3504 63
1161 2594 46
2366 360 78
1103 1081 61
1702 3757 76
3079 2201 19
3850 2148 73
1273 3077 45
1803 2399 65
3472 1156 72
2 1078 16
3531 3620 96
743 2651 46
205 3711 45
1561 1491 64
353 3115 72
3046 2259 77
1844 1063 79
432 706 92
2899 3238 10
1964 3740 14
2541 2141 85
1148 2513 51
1909 1914 94
1878 3891 75
1361 1110 75
1020 1309 18
2852 1241 62
1710 3938 52
67 3029 34
4032 1721 84
305 2020 90
2713 705 89
1536 4001 91
2047 3430 27
1953 2885 96
1635 3637 52
3042 922 41
226 3046 79
387 3792 92
2776 575 43
284 796 68
1757 2265 38
1423 2827 39
2663 1067 74
1149 2731 24
1971 3961 93
3090 3583 11
3994 11 91
2431 1623 75
1798 931 34
2260 46 40
2082 3988 12
1222 1721 21
1966 2051 66
1013 870 52
1546 4140 29
3614 2883 49
2763 1818 79
1418 1647 74
3154 2491 35
717 2678 27
2612 2724 53
1758 2038 41
2835 422 27
320 291 17
537 2070 86
3003 2364 20
2410 2496 70
3219 1603 31
1456 48 34
999 3598 70
638 3956 71
876 3882 75
3138 1502 84
1684 1905 59
2604 2849 48
344 2243 79
374 2603 95
760 3350 56
1513 2549 66
2802 3200 21
3922 1640 65
1525 2801 49
1800 1265 90
2820 2653 32
2763 2210 90
1087 1468 97
3839 1951 75
2586 1236 13
3217 3362 16
4067 3738 20
2257 584 41
2700 685 23
2109 369 75
1198 2649 39
517 2015 42
1406 2579 85
2004 3492 90
366 3321 88
1666 1108 81
2442 1668 28
673 2478 11
2943 810 81
1613 1190 11
3493 2041 12
3697 4041 64
4108 2838 48
3089 3411 11
3952 1131 76
2683 3769 21
3839 2420 33
2665 3490 80
548 424 92
42 2562 97
3657 1494 17
3345 3898 92
1347 415 97
694 3743 53
961 954 86
3219 1355 13
1236 635 61
206 1802 15
3085 3052 83
3457 1159 12
1072 1594 79
154 662 83
1645 1498 25
3544 465 69
854 2148 35
2862 3548 69
470 3097 92
1634 2025 96
3635 1729 36
1148 333 24
164 1789 55
45 3764 80
3421 468 80
302 1095 25
2396 2257 72
1471 434 24
63 528 59
1784 83 21
3285 2475 87
2446 3642 40
1691 3159 53
1272 1231 29
3569 749 58
2760 2845 56
189 2816 50
1002 2375 17
2660 1208 89
2561 197 99
2539 1146 23
2082 1500 63
3476 75 46
482 1047 53
2607 580 84
2759 117 66
705 2430 71
605 3642 70
3266 3498 17
2316 1662 68
3397 2471 68
1880 3748 13
4157 1275 96
1630 812 35
1646 2618 32
3675 1776 63
2410 4037 49
2604 173 35
2049 2781 41
2739 744 84
23 2847 77
3919 2871 91
993 2801 48
766 2046 64
1155 800 48
2466 1051 47
1638 2528 35
1220 2577 31
2188 283 52
1279 3254 61
947 922 64
3574 2274 96
4000 1698 19
1984 3901 48
1930 1965 26
3840 2159 23
2448 1898 76
2768 2102 54
2372 440 53
3550 4117 48
2928 3523 19
3459 3871 76
1417 3648 41
1259 1919 27
2337 2395 56
3253 2574 78
2825 645 11
2520 1214 86
2809 1740 90
1458 1809 88
2155 1152 41
3287 3331 92
3357 2036 96
3863 2052 68
202 695 99
2633 3839 19
541 4091 71
835 864 85
875 1964 32
1680 2651 33
501 1584 20
52 1716 70
484 2736 86
2330 3433 100
525 1698 89
2359 2021 84
1675 2351 35
2848 3903 45
2002 2921 77
3047 718 22
912 2502 43
2006 1643 39
393 3128 35
4056 617 71
1428 1801 62
2758 3593 81
1640 3948 100
2154 2051 70
367 1476 70
2988 1601 61
1768 1028 70
93 1094 92
1855 2378 73
3646 3570 11
69 361 74
1892 1284 29
636 2421 11
347 3715 83
966 3676 19
4118 178 19
2974 2634 59
2223 3885 72
2278 2359 65
127 3646 53
3072 1023 73
607 3477 14
1183 2365 23
2713 2933 74
1130 4075 11
3301 3087 60
2566 2818 19
282 543 91
1874 2008 100
1612 1335 46
2019 1061 57
3468 1183 58
1195 3741 12
1678 1500 77
4093 1945 13
412 1154 24
1922 2757 88
1000 3615 70
3788 418 63
4027 3429 19
3979 3903 83
2192 793 49
1766 1680 98
1270 2369 37
2312 3559 37
1988 870 51
2749 1022 60
2190 1834 19
3943 2310 80
337 408 49
2211 119 70
2351 1938 30
1364 2456 17
1536 3239 95
3437 2896 29
1457 824 58
821 137 51
2922 352 30
863 1411 63
1972 23 82
3690 920 76
3745 2584 25
3759 1368 87
2708 3193 88
2605 2086 67
3571 2920 89
2251 468 40
2702 2538 86
1130 3423 11
551 2182 95
1679 443 33
1126 4030 40
3683 3884 23
461 4092 29
488 1772 64
794 4070 24
1255 1611 77
2869 1809 37
3209 480 98
896 2555 53
2719 123 48
1647 187 89
821 1339 74
1471 3754 99
3485 3969 42
2188 892 41
4030 2062 68
2573 1745 52
3356 828 47
3402 346 49
4081 3504 30
2118 518 67
959 2183 91
2585 4078 45
3025 2708 68
2175 3015 44
789 3414 95
552 1344 54
192 1936 84
2513 2471 25
2659 675 61
2365 876 35
471 1158 96
2395 1105 90
1448 914 63
3838 2333 99
1755 1270 97
3661 446 34
3456 687 56
2289 1416 37
2304 555 48
2340 2642 42
3928 508 19
442 1327 95
1383 1713 27
2220 1694 16
3018 1526 12
2809 2251 37
891 764 33
2829 3716 24
3444 1437 70
1182 448 57
790 640 23
3573 3306 99
2183 562 32
1785 1454 96
3135 2559 10
487 1450 18
664 2953 50
707 4012 42
1327 1852 75
1723 1278 50
1012 225 66
1746 2564 51
1409 1893 98
677 1271 15
1094 3488 93
1631 3824 34
1323 3167 25
1947 20 74
3256 3702 48
120 1237 51
244 2562 33
3908 2927 15
3258 3231 82
2447 23 26
1951 1990 92
637 3795 60
2234 3935 28
169 2755 14
1603 3253 49
724 1313 63
3980 1573 75
2339 1787 87
3526 1097 11
3815 1506 53
1938 2965 72
119 1336 25
3597 3166 87
3115 1683 22
399 3684 53
3116 1535 88
1548 606 46
1488 2792 15
49 3411 45
1369 2466 51
1066 3848 53
3820 1117 43
151 2421 88
320 2758 16
2880 284 95
1647 891 84
413 2070 34
2738 2487 24
1120 2490 50
1607 423 51
1156 214 63
1846 2002 43
1271 3105 73
3239 391 64
2827 2046 91
1084 2329 75
2797 492 36
2268 41 14
1023 315 38
2474 2051 94
3060 1245 97
1215 3815 100
2027 2988 83
2232 1508 45
876 2913 73
2081 2786 79
2580 1138 99
653 1509 34
3972 3833 20
1888 1287 60
1301 4055 66
1608 3829 27
1783 200 12
126 904 42
1399 670 72
2639 221 100
3776 3918 15
3521 1144 22
2103 916 54
1895 3575 41
382 1235 22
385 2531 54
3658 2572 95
1733 1619 33
2339 3268 88
4088 1654 92
3160 1778 86
1509 3490 35
1341 3003 30
279 3648 21
1881 2301 79
3459 4156 85
3631 3505 90
1823 3880 78
3155 3195 10
3455 574 26
1867 2543 79
3531 2839 71
685 1128 73
3637 3140 36
527 1052 63
3264 2878 89
77 260 11
305 1489 10
3245 3947 53
1178 1176 85
3309 1314 87
2123 341 50
892 1060 50
540 1637 44
3126 4004 57
281 3510 89
2743 3483 34
3728 3218 56
2615 500 65
3628 2503 76
1359 219 68
2260 777 96
3962 1047 91
3362 1940 70
2052 1155 11
3866 1924 16
3502 904 40
2591 734 55
1239 1612 58
2797 1017 54
675 1930 95
336 2166 85
1818 1959 76
3319 417 97
1505 2819 65
1649 2314 55
793 3563 33
310 426 66
271 4107 45
3708 1797 22
2857 1514 52
294 503 78
4040 1124 73
176 1777 85
361 1429 14
1486 239 91
3849 1895 65
725 1706 32
1864 1037 82
1636 3623 10
3742 811 52
2919 3600 35
1557 27 41
3421 2062 29
1019 771 82
1783 157 77
2492 1515 69
1760 1580 88
1000 1190 67
1969 3797 11
3848 1564 84
3553 3991 52
547 3104 16
1549 1059 62
4068 25 21
3412 3794 39
2439 1973 13
1186 2329 86
1474 3743 76
2180 1524 14
2706 98 75
173 1463 98
933 415 19
2937 91 29
898 4042 19
3506 2778 51
1391 874 99
3616 4119 22
3103 3640 15
2473 3397 98
1239 1407 70
1903 3592 27
1865 1061 86
726 1538 52
3097 239 99
2312 943 95
3302 2005 23
457 3821 54
235 855 45
2110 3479 72
56 2337 38
1412 1007 78
1339 1258 71
1251 3246 18
612 1160 59
3321 2179 55
993 1859 69
981 2067 39
571 767 98
3179 637 63
3389 1208 47
2771 3923 15
3572 1594 35
2216 3413 51
585 3599 21
885 2474 88
1449 845 37
4039 594 21
3112 690 98
2759 123 23
1048 1630 89
793 3902 40
822 881 82
3991 1179 59
3623 3335 52
637 603 24
4098 1361 61
3413 1352 32
2205 706 49
2529 3801 31
1184 2325 81
984 1509 48
948 2562 10
3353 639 72
2414 2936 98
890 784 59
3912 3411 51
1751 88 100
3817 1995 84
692 599 22
2370 3250 44
2839 1764 16
1747 638 50
2681 3807 16
4115 3204 93
848 2133 69
3203 804 54
3330 2069 31
67 3969 86
3836 918 64
547 3511 95
1694 1443 59
1591 2672 22
3167 1113 95
3977 1581 19
998 1799 25
1806 2960 32
3238 906 70
1800 2356 66
3339 393 93
1120 3092 64
2723 553 74
2343 292 39
2035 3380 41
2032 3831 11
3185 589 25
998 315 83
2330 3054 37
3737 1594 42
392 953 98
2332 908 34
2575 132 36
2153 2995 35
425 3641 92
1868 2235 79
794 4028 87
2305 231 25
109 1512 25
2075 2688 83
2795 3076 59
2862 858 76
1075 1259 83
2050 3915 98
2509 1263 93
1086 1903 78
3771 2915 63
3646 145 12
3447 2060 58
2664 1232 98
249 2905 20
590 982 37
491 3650 82
3518 1636 66
443 2785 32
1601 1635 79
2999 2927 59
4031 1650 89
3700 2522 57
2912 3950 73
3901 2693 11
3262 330 77
298 2446 50
2530 1285 51
1875 1231 93
3673 3042 37
2970 239 57
3394 1284 51
2370 2107 47
535 4079 86
1874 1898 86
3957 1742 99
1150 3653 86
2107 471 20
3392 4142 67
979 2704 23
1481 3260 53
4158 2040 35
3655 1366 98
3565 3824 53
1015 2420 20
1597 2660 87
1997 1885 95
3272 1914 82
690 1042 51
3069 3577 78
2879 3337 59
850 3157 45
2911 3796 85
1146 2763 50
596 2585 29
648 334 99
848 3224 27
1839 1853 88
1611 3660 44
906 2754 23
1287 1323 52
2239 3173 34
2390 3639 84
3545 2405 38
3813 1809 34
2628 3202 75
3750 2373 17
2409 659 34
1807 1663 70
602 925 47
3286 2333 43
2381 3418 70
1776 672 76
140 1416 41
3235 2279 53
1986 1853 32
2048 670 90
3849 3231 100
822 2957 96
870 947 62
521 1511 33
1078 1178 55
2778 1309 62
1850 385 56
2729 3588 88
3002 3963 23
2028 1023 69
1289 2380 44
1905 2922 88
1416 4153 28
3061 2349 50
1779 343 94
632 3595 98
3171 3385 42
1503 224 69
3102 46 81
1264 46 82
3278 2280 63
3863 2556 24
1134 1667 11
1261 4118 100
2168 739 70
2949 2218 95
3999 3335 74
3068 4092 47
3153 505 54
239 135 48
2570 2307 95
1075 406 28
2823 1050 25
397 2674 61
376 238 82
2752 768 17
2971 1621 28
1484 2298 13
2770 2392 51
2707 1905 72
2522 2963 17
324 2054 59
2895 922 41
3355 1751 86
2033 3949 68
3704 2719 57
1669 2887 25
2717 1937 41
3692 3539 17
2980 2431 16
3889 3139 10
3447 2143 77
620 3332 65
457 4048 87
1211 3535 50
3057 958 19
1257 3109 26
4047 1576 20
1185 1042 90
113 1559 35
2885 4075 53
3102 727 42
1440 2159 50
3039 63 17
3749 2363 86
1213 1396 99
2401 2241 86
2115 2010 18
3322 1114 17
4106 2588 31
658 3135 89
3675 1762 56
2424 2048 15
3343 415 46
59 3519 31
3556 1388 28
3076 2571 17
3122 1534 63
3935 3285 55
2773 2613 25
3470 34 87
1427 2621 17
3270 3508 39
2709 2495 94
1306 490 78
2278 2738 71
4140 1430 79
3330 3298 87
2984 3381 93
2441 1708 92
3108 673 83
1018 556 92
2992 884 74
2165 3505 69
3042 2033 82
3646 1720 73
1175 1674 73
2979 2149 76
475 1409 89
1913 1139 71
3376 1715 10
3351 2269 80
3180 2325 17
2257 2263 41
3993 3167 27
3894 685 19
2222 1773 33
3432 3714 93
3809 3580 40
3663 2743 14
3285 2965 79
2678 2171 13
373 995 49
438 2074 21
3472 1973 33
3737 1631 90
991 3699 48
2674 4073 40
2477 1488 15
3843 3777 70
2222 292 78
3832 172 78
2510 81 27
2660 1686 96
3816 755 44
1788 1901 43
3564 2164 96
569 1385 18
2994 2437 19
2251 1104 63
613 3864 94
2252 1915 54
2446 3110 21
3937 3568 29
2445 3599 74
496 1998 47
2941 1873 20
4070 1495 10
3044 2889 48
772 1399 36
3262 3616 46
846 2379 27
2236 3212 80
3611 3713 72
2681 2678 86
4030 2499 43
1291 3444 14
3782 1412 27
2161 2834 73
3885 2337 32
2198 1430 22
3018 1375 30
3425 3435 31
3116 3150 59
3418 2883 74
250 1877 15
1663 3790 94
4139 3568 57
2444 2377 45
1290 1384 71
969 1182 76
1817 3046 32
134 3873 67
3089 2916 77
1565 2843 35
1117 1043 17
399 819 88
2713 3204 49
3875 3088 12
3174 734 32
685 2865 22
2422 230 84
1374 1922 77
2662 85 84
1822 1786 73
2763 249 33
2549 3920 65
393 3954 71
2565 2811 47
3354 3723 38
2849 3961 92
2801 174 43
3616 1913 40
87 1774 45
3667 2826 44
1290 2135 86
1151 1971 32
2255 1439 11
1842 1948 43
1727 350 89
64 2516 68
4002 4149 77
3247 1371 71
3199 896 98
217 423 80
3868 706 83
903 1247 28
2333 1744 24
3553 197 53
2183 786 77
1525 2793 23
1846 1748 31
2684 1581 18
2791 2518 27
1664 3733 59
319 2341 23
3528 523 97
2039 215 76
3359 3236 29
321 450 45
2571 2285 26
2311 2325 77
1902 2409 20
3854 2042 14
2473 2804 22
2459 3791 72
2949 249 43
1720 631 30
1087 3527 49
3421 2670 19
962 1430 77
1059 472 10
2378 130 56
3277 3167 42
2352 2885 69
960 1657 62
1041 1688 11
1691 2875 68
1116 452 79
445 2419 22
1554 1775 36
83 1843 11
1381 1140 99
1513 2460 20
191 2021 66
3936 3351 24
2690 3921 55
2347 779 81
2104 337 72
3825 2890 92
1538 1313 66
3954 1137 77
1489 921 30
216 251 58
3346 850 53
3943 1821 32
2369 2984 17
827 688 75
2033 163 33
3003 30 64
598 437 74
3107 1729 45
3360 318 82
3438 511 100
2771 2425 82
3614 3674 78
2352 1989 30
2357 3647 78
910 2692 68
726 2288 15
1351 2661 56
296 1403 23
3688 729 27
3754 951 44
1653 286 45
1425 1557 52
679 4022 88
3589 3620 34
2595 3556 64
2599 1139 55
108 136 99
1548 1513 40
2548 545 96
3375 1528 66
2432 224 70
342 2175 88
1399 2620 11
2254 3566 53
364 3613 81
2183 556 73
2594 3806 63
659 953 44
159 3762 31
547 187 22
158 1405 96
2156 1687 24
3844 218 29
227 2105 39
1045 1189 88
1508 2185 70
3561 142 55
986 2744 44
2735 251 67
2648 4075 32
2547 1754 33
277 3212 56
4075 827 93
955 920 73
3144 1125 52
3887 1001 44
3930 3192 29
119 1659 54
1562 2041 16
2974 4111 31
2759 719 60
4032 2713 83
956 4076 20
3482 613 84
759 1673 28
363 2144 82
3078 1808 34
466 3619 23
2313 296 34
785 1558 34
2561 1904 32
3850 1248 100
999 2045 79
3160 484 11
3252 2905 82
1913 3242 58
574 1093 37
1517 3598 95
2586 1257 44
962 3648 65
1181 3481 29
3029 2226 12
3043 1798 80
1778 170 26
1395 1411 70
1743 877 95
770 1624 95
3138 1856 98
1816 4134 13
845 1292 56
2024 1001 95
3543 200 36
3929 3240 41
1370 2963 99
722 2387 100
2246 3002 23
3795 2487 60
14 906 20
3847 350 40
65 3132 50
1785 2596 34
3764 3637 95
2262 3414 11
829 3226 88
2743 3206 88
3461 1160 48
1910 4051 11
2607 2255 74
1536 2793 11
2403 2954 99
908 2580 91
2229 2822 62
1410 1602 28
112 3253 26
0 905 27
3739 3793 42
1393 3359 67
2900 1489 21
4077 3653 90
2142 2974 83
3681 317 80
305 3594 47
2122 3862 28
2703 1628 40
2200 121 57
3768 1209 92
1866 2229 53
1786 3850 13
161 1459 88
3262 1243 44
938 1655 43
3955 2130 93
1014 2318 47
2480 911 75
1703 121 24
2017 1057 12
1253 230 60
1395 2040 87
675 946 77
1559 1111 90
2831 1992 74
1851 1562 39
221 705 85
4012 3684 78
1460 3231 25
1965 3621 40
2476 459 53
1875 2745 60
1914 3931 62
3506 2693 93
617 2388 99
2718 1324 49
612 792 17
247 3468 72
2596 1149 51
928 3478 99
2590 2383 60
742 183 42
3719 3787 87
676 2229 65
1664 906 39
2947 2436 11
1080 650 73
89 2774 17
990 3705 99
1874 4052 97
2973 333 42
413 1770 43
1254 2791 100
678 2868 59
3915 2453 16
4042 2713 63
2485 1278 51
502 1701 75
2371 2381 12
3262 3561 82
3665 160 21
1226 1022 22
3012 726 52
1962 3172 91
1238 447 87
2940 1023 14
2811 3589 18
2244 1702 33
1986 3660 98
1438 1856 17
2261 2184 91
2147 3290 57
3587 3509 75
1089 3730 53
623 2617 49
908 975 28
2136 1674 65
5 645 21
4008 3195 91
336 3620 84
1461 4012 57
405 2191 24
1275 3031 72
4064 3420 64
467 2040 75
1426 526 85
1305 3284 31
159 1013 93
1042 1136 66
3579 2138 99
982 3021 50
1428 1834 64
1624 743 81
3339 579 32
955 1072 47
3104 77 64
3353 1388 42
2868 1015 19
2207 840 82
788 1070 70
1827 1627 72
2728 3507 14
3427 3699 36
2859 4078 44
17 666 44
693 4101 21
2255 604 68
1447 1952 17
1072 241 44
721 3657 32
2034 2561 41
368 476 43
2452 3806 84
2531 1357 57
2399 221 83
2426 2227 38
3934 2954 32
834 1935 24
2658 3032 78
4072 926 72
504 1135 77
1697 913 59
1707 3074 75
2168 1877 72
604 3898 35
2327 702 79
1777 1822 35
1367 92 26
1582 958 29
1227 2619 52
1151 450 28
3177 715 20
2013 2368 44
3844 1445 20
284 18 26
284 3202 82
712 791 58
2792 3446 15
3900 441 84
2685 2665 49
1044 1086 36
772 3153 78
861 4071 45
3639 1960 57
2538 2762 82
3211 713 32
58 3274 29
3332 2077 77
1644 1923 11
698 3291 62
1947 1537 37
131 2559 66
3513 2738 99
3098 3146 92
3329 1757 74
3865 1415 89
1452 1329 94
3568 4001 76
3743 2446 68
2548 1710 52
2006 495 91
3588 3731 56
2887 4054 64
1326 3672 30
1601 553 60
777 2327 72
1422 3664 63
85 305 43
2663 2284 74
3955 3725 71
1234 3948 63
2027 3581 20
3169 2663 50
899 1507 62
3239 328 54
463 1776 27
3730 1773 59
2107 838 29
1169 852 61
25 38 94
795 519 62
3531 2597 80
441 2415 40
1056 764 85
79 2450 84
3549 3824 94
3249 2328 66
366 3837 60
522 1028 12
1109 125 62
721 3728 98
1175 1249 55
3388 2091 78
3264 2854 58
3130 2215 93
788 1260 37
3038 4121 11
2928 3001 46
2879 2849 77
3923 2977 40
1930 103 85
1482 2363 68
3872 843 50
1910 210 91
2034 342 97
79 3363 24
1562 1468 21
3346 1906 12
2149 3952 42
1912 3205 44
2795 2806 76
3306 943 95
3963 1561 74
2324 1119 98
280 2605 68
4059 549 35
2160 2949 89
14 3277 57
3918 222 82
1511 1178 100
1281 1481 89
4118 3617 35
2823 343 63
558 3357 91
2151 3439 50
4073 3260 74
2398 3771 12
3235 3083 74
562 3455 24
441 335 31
2974 3469 87
3730 3809 45
969 4084 31
3007 2699 15
985 786 38
2664 3846 13
2956 1825 94
2325 60 90
1157 708 93
2414 2865 66
2068 868 76
1990 1594 71
922 2666 47
798 3163 62
156 3364 64
1364 1057 16
2891 2594 83
1363 84 35
4031 679 62
4022 2147 99
4011 3474 23
2076 2978 30
1175 1441 41
3750 193 72
3305 3406 92
3638 1496 85
1998 2203 13
3258 717 90
3178 3025 83
592 809 24
577 2135 48
2559 2864 96
585 568 12
930 2466 36
3077 2636 13
3093 3607 12
904 1108 21
1125 3864 64
1613 3854 80
1633 4001 95
60 1322 68
1699 2440 92
710 967 86
3358 1134 81
1155 1774 98
3299 3583 22
602 316 37
1315 1173 76
3507 35 37
311 2118 54
3673 2280 43
1524 4092 38
3113 1038 68
4057 22 26
380 2914 26
1898 146 95
3701 341 35
3005 398 96
3395 3787 89
142 2388 14
4079 2121 35
1166 2981 33
2709 2431 94
1502 1197 48
1940 2662 32
3629 484 75
2341 2319 28
1722 381 95
1989 2956 79
3818 1531 19
1037 1900 26
709 1926 93
3014 3587 50
2732 466 38
578 2550 97
1641 1089 72
1674 1014 81
2608 1252 61
2685 2079 45
3139 3287 22
2384 1786 39
313 1588 48
3327 3654 41
2321 4124 13
1348 3521 81
1464 3762 86
2180 3679 92
2146 1153 97
507 1056 90
4033 1526 72
3482 1906 20
393 186 15
2954 1020 69
3132 2256 50
2970 563 22
1023 3185 38
1622 1898 72
1372 2050 83
1037 1319 42
1629 676 48
3229 2456 31
787 458 47
4080 122 52
155 1957 52
4081 2552 48
1177 2783 90
234 537 69
3145 1823 62
2793 392 32
172 1713 56
811 2803 26
969 2351 59
3073 893 17
466 2907 52
3251 3737 71
3703 3494 26
1600 1976 13
1825 2650 56
1603 3821 66
3756 2238 52
986 2185 70
521 1318 11
3693 2532 52
1548 1600 22
2985 3679 38
2981 3471 70
1105 2265 67
512 3609 81
3381 4034 36
1683 3144 19
1363 98 46
1769 1099 24
883 4076 14
377 1955 21
2636 3495 97
1637 2457 39
4101 3081 20
3381 2198 32
119 615 76
145 104 32
4143 2022 62
3441 2997 51
1257 3571 37
4041 1495 10
1259 2569 46
2778 2591 42
3113 698 12
3327 986 73
3510 384 68
893 573 46
1204 453 97
702 2289 56
599 3806 79
2979 1710 73
3475 3008 59
435 2136 83
1228 428 92
1445 475 80
3456 810 39
2548 650 38
3672 2986 39
3225 4001 97
1944 287 52
643 2263 86
1724 3565 41
972 3482 37
1494 3148 84
963 868 90
1006 2502 88
3800 2669 98
1845 3149 42
1642 1258 16
2790 2145 77
1263 1199 46
2408 1772 10
197 3246 12
3787 176 97
1863 292 61
4002 1354 56
544 3982 41
2039 2712 54
2731 668 80
2638 2944 77
3265 2060 72
3226 2381 89
2425 1515 99
1724 513 98
402 2406 66
1563 2078 28
3773 2512 90
3518 3747 64
1222 1013 38
1890 2174 76
1342 2828 30
3206 3687 70
2186 2037 70
1250 1074 73
85 2906 46
585 3650 34
638 1195 64
3056 3016 43
1939 1403 91
2087 3723 77
1835 1052 53
1480 2200 15
2657 3036 71
321 3612 95
3513 2739 55
2722 2747 18
630 3303 52
723 2858 27
577 1917 42
3315 1338 11
1956 3716 90
2327 1076 74
680 1321 89
3013 989 10
2828 3525 55
3497 2366 71
396 1447 49
3333 2860 98
296 2760 40
2138 1025 37
1323 3954 88
3073 435 76
4094 3595 17
3769 138 67
2392 2654 75
1905 1468 67
2070 3971 45
17 3609 99
1124 640 47
4085 1014 28
3078 3245 94
383 3122 12
262 3676 82
469 1249 77
199 1924 13
2328 2631 25
1269 1506 22
1110 947 46
2923 1238 61
3194 3884 41
2000 101 81
1558 342 11
1420 1256 44
1967 1726 76
3927 3926 40
2390 3824 81
3805 2199 23
237 1385 65
2108 1057 83
2608 867 46
2658 3377 31
1516 84 28
665 1805 34
3464 208 56
1941 15 90
925 256 60
2462 2450 28
1618 3225 14
801 3594 35
3768 3774 20
23 3082 88
2814 372 75
2610 944 49
621 2295 71
252 1760 62
3984 115 80
1930 3626 33
2251 885 28
692 920 92
3633 1278 18
1983 445 44
1460 2473 99
3430 1197 45
2128 817 33
3254 3013 66
76 853 54
2714 3363 42
1859 2686 97
2046 2082 16
1322 2359 66
951 2008 29
795 136 53
1835 2240 70
1154 1628 83
1021 1698 23
1175 456 71
151 1011 67
3209 2701 100
1151 3623 21
1278 762 72
3916 1733 31
196 1358 25
403 1402 73
3620 3293 68
2171 618 58
3031 1341 38
3432 3993 58
2248 1541 42
3883 1044 97
3334 1849 13
2886 2112 68
3271 1542 66
2535 2300 84
1398 2571 90
1473 3934 31
139 2522 93
3076 1535 56
649 2284 20
1344 4000 63
2268 3693 40
3760 2427 77
3308 3998 15
3691 2404 58
1562 438 11
1707 3912 84
2487 851 77
3068 2873 73
1898 570 31
3519 1712 59
1373 1156 25
2069 3082 59
1421 1556 99
3819 3731 51
3166 731 45
2386 4008 66
340 797 73
642 188 94
440 2917 47
2985 797 98
2388 3245 79
1030 120 25
530 1850 53
3295 2818 78
3641 2909 78
1904 1627 30
2705 2795 55
3100 2549 76
4008 116 60
3581 2150 92
4108 936 32
702 470 100
710 592 95
2771 75 82
4086 3152 35
98 3209 78
2891 1701 75
2453 2158 97
3908 2224 76
2023 1681 37
3277 2197 13
2053 1719 64
659 1054 91
1804 232 10
857 1717 61
1101 2932 19
2546 402 42
3878 2644 31
666 1605 77
95 2792 21
2809 1491 21
453 944 57
2615 99 67
1584 389 44
289 4118 12
2183 1683 66
830 3546 31
2225 2863 29
1535 1220 28
2771 578 61
2656 3491 67
1548 2259 24
635 918 27
968 3602 37
2645 2404 20
1280 3937 50
478 2520 89
1998 542 13
588 3196 44
2342 1149 28
3840 2502 75
2809 1446 24
4141 3162 78
3725 2446 63
2528 2076 62
1956 3572 92
2777 1877 67
1660 3500 96
1883 4046 66
2177 2284 41
654 2369 61
2892 2132 41
411 348 73
2479 4046 54
217 282 94
3241 1331 64
3221 285 91
2304 3299 95
2798 3277 79
485 2921 69
2962 294 78
769 2319 48
1315 2418 64
21 2753 59
1490 1373 69
3532 2707 96
1141 1167 44
3332 3159 10
81 2279 97
1095 245 65
2843 634 25
2717 809 91
4139 2660 14
468 2286 45
1620 1781 21
292 1198 66
2630 962 39
3885 2695 18
2000 2744 37
3491 2994 52
277 2038 56
3744 90 22
1735 2425 86
1598 2379 77
405 2315 26
3938 2597 35
1035 1648 50
267 3976 62
4105 3327 57
1230 957 86
3842 936 87
1706 2093 38
2047 289 40
108 816 85
2985 2951 88
2844 1957 21
2354 1774 25
651 3604 90
1447 1769 20
2309 1240 68
1125 3449 79
3430 950 11
2810 2432 32
1336 2312 56
1383 2068 77
3081 316 63
1298 1595 28
1687 2739 47
2460 2678 82
878 212 67
3661 1842 99
1656 413 38
1661 727 39
3832 780 88
1801 2755 76
436 2677 67
2402 2300 12
276 2231 21
1717 3478 84
1870 1587 74
1151 3194 68
971 3346 18
2690 1550 30
728 2648 66
2921 3734 81
3052 2937 89
2438 3706 47
758 633 58
2500 548 31
2436 384 99
846 3730 68
972 3832 98
1649 3856 73
2558 3573 73
2290 2929 17
3915 140 75
1827 1520 27
1383 715 92
576 4077 89
2501 2284 12
1797 2261 73
960 3949 19
2603 3556 38
1471 2766 45
2460 500 11
501 3129 41
1014 4006 80
3613 2177 50
689 3108 98
3516 3648 57
3126 3770 15
67 3306 79
829 672 19
1036 1531 78
2512 3393 45
448 2635 59
1338 416 91
1859 3322 40
2357 3213 91
1313 1348 10
176 101 67
1952 1135 53
3270 4042 93
2481 2779 23
1016 2013 35
3632 180 77
1387 283 48
2257 631 52
3805 1249 72
431 2740 71
370 3730 48
29 1987 78
3198 2241 16
3624 1651 22
1899 2230 20
2213 3973 30
2218 3885 46
4078 2436 51
3416 2534 18
2559 3504 42
311 2753 91
3379 4025 75
3926 2089 89
1356 3665 19
1641 162 61
2654 2220 89
2117 2828 29
708 1966 18
3967 3968 41
515 1203 33
1714 302 38
2341 2539 86
968 954 28
1981 1221 93
3286 3556 52
1960 1456 23
653 4108 44
3901 2094 45
1206 1501 75
3926 3478 27
2800 2014 61
3029 227 89
4118 3725 75
1735 2103 22
175 98 10
515 3465 54
2568 3799 96
887 1326 61
571 3265 46
1708 3172 87
3506 3688 96
2633 2928 35
952 182 69
2056 4008 48
3268 1412 61
828 149 74
240 2589 97
3565 2659 29
1071 3062 75
3406 2095 50
3465 2481 46
933 1268 89
1470 1524 11
2194 419 17
1740 2634 41
50 3471 52
3581 1089 92
2190 2796 25
1630 210 96
1063 1625 85
2910 3618 34
3473 3936 79
133 1893 26
4102 1339 30
2264 3908 77
3626 1880 71
479 2978 75
1019 1657 37
4023 1311 55
3598 1839 51
3444 4048 87
3335 1509 44
2236 836 67
2993 1306 95
1081 1622 92
3412 780 52
4089 885 33
567 750 14
4063 2693 73
447 3332 91
2696 366 29
3624 2964 79
3774 3277 33
1249 3689 76
1422 4058 53
1545 304 20
585 358 92
223 590 35
473 380 69
663 3088 54
1753 1530 12
2442 2451 35
1900 718 62
3030 4008 18
1681 3741 81
3937 3039 32
1010 3281 28
4154 3676 82
1333 3146 42
4124 365 96
945 1734 86
1359 1601 22
572 3058 12
3806 2610 63
3758 2012 68
16 2992 76
4091 3806 53
1329 3762 53
552 2507 14
2840 3722 95
3566 1112 26
2263 3808 93
3779 1069 27
221 3751 27
2727 1581 23
1454 3707 48
267 1920 81
2271 3432 45
54 3850 58
1781 3274 43
1095 1597 93
839 2809 34
3596 2693 46
1324 3485 51
792 2349 15
957 569 45
3929 1454 29
1358 1797 34
3191 2900 35
3685 867 12
770 571 28
537 2194 34
2732 1302 38
2429 2017 20
1173 551 14
2080 831 81
3586 1515 31
755 69 82
2199 1721 93
3049 1226 12
3894 3021 69
2384 3212 82
4132 3303 67
4038 656 83
421 360 75
1324 3511 68
919 842 85
1663 609 57
554 310 24
155 1652 52
516 140 39
1473 100 30
845 190 12
1460 3498 76
608 4156 79
434 2758 59
2413 2208 94
1729 3893 19
1979 3110 32
54 891 22
1860 3872 51
1781 1268 53
2864 1895 59
804 1270 75
1089 2134 57
247 4134 18
2245 1641 24
3383 2377 85
2909 2016 54
1365 168 27
400 3057 26
2742 3177 33
246 3612 12
4111 638 95
1219 603 91
3838 2692 11
1746 2094 92
719 3281 75
2786 1434 15
2847 903 51
3472 3073 37
3784 3209 21
1176 3418 17
3397 1185 73
1816 2653 12
2018 433 65
2653 238 17
3556 191 83
2783 2427 57
930 768 20
620 3168 76
3087 1503 16
1118 900 64
1488 3676 17
3017 2535 44
565 1232 27
3964 3680 33
239 3772 63
2534 3705 42
2698 3096 66
3110 3675 56
3496 3158 15
557 1897 39
919 39 47
3460 1844 47
3732 83 96
1435 3693 95
3152 1560 97
3706 2937 10
3208 3991 84
3266 2241 40
1199 3953 68
2739 1168 100
518 862 16
243 1849 51
3465 1844 12
2422 3888 85
2017 3938 54
201 81 25
1217 4088 85
2460 1230 12
2346 2431 14
2241 1145 96
757 3794 34
668 2226 33
853 1892 29
2034 4096 75
1564 4149 40
3956 4080 70
2931 2441 62
936 2297 77
1378 495 35
208 2818 74
2974 1267 52
2218 353 24
2274 2417 40
1574 1130 73
3045 3928 57
1597 3221 35
918 44 91
2745 4126 38
974 2323 23
306 75 72
2867 3307 84
2508 3129 28
3091 1825 100
432 1028 96
598 3094 37
2619 3531 68
1650 1229 97
676 3729 68
1557 1988 13
1863 317 83
4091 645 20
332 3233 40
2673 807 65
2906 3680 45
121 2981 96
1881 2719 88
525 2672 74
516 3201 98
1809 2432 68
4132 4125 37
2289 227 11
3368 1471 52
1999 1946 30
2269 3889 14
2067 3628 24
455 2786 83
2586 2793 73
1505 378 26
428 2324 75
3195 3214 13
2172 554 50
894 1714 15
1298 2782 33
548 2165 92
2322 2213 94
580 1202 37
1483 3966 83
3451 171 44
2048 167 82
3099 3733 83
2184 3683 89
1304 10 18
3370 1474 27
1723 1333 77
3904 4052 74
4158 1447 43
603 406 87
3299 1185 95
3960 1966 49
3992 4099 70
4038 144 59
1388 1654 92
4089 466 51
3052 3393 23
757 2548 67
1084 1850 73
2733 3852 100
4019 1806 46
1738 3152 24
1008 3682 77
1838 3467 37
3689 1313 73
1850 3844 46
867 414 71
3432 2129 37
1153 2891 26
733 2256 97
3725 3310 33
1784 2095 58
401 282 85
2435 2142 38
2939 3620 43
2782 3121 82
2451 3197 84
1024 3443 20
2803 2207 79
838 1791 53
3950 614 21
2308 733 54
1809 338 27
1688 3566 25
3592 2064 98
2266 2208 31
1302 3692 16
1883 3406 91
2301 1804 59
981 2763 40
475 2610 57
4095 1831 71
2311 2373 17
3059 266 15
2864 696 75
498 1699 24
703 3347 89
1288 776 78
2010 296 97
1525 1051 91
367 2593 53
364 543 23
3691 605 73
3418 1926 15
1463 534 59
1642 1179 69
3147 1764 50
842 708 95
3382 1890 23
2636 3130 52
331 122 61
1595 186 55
2308 2941 40
3112 1685 17
3122 1793 60
2018 479 87
3542 3450 75
3193 1224 28
2529 1020 80
834 2097 70
1192 2526 75
2676 4042 99
3971 205 92
1322 2775 31
491 3177 18
3902 2247 81
1581 284 72
3890 1159 98
2782 3507 59
1955 2049 22
2289 2950 96
859 589 81
3833 1384 61
1624 1550 69
541 2619 14
690 3636 56
301 3360 69
3308 2675 21
1614 2975 68
386 1736 70
3104 2124 40
4047 1102 45
4157 1817 42
366 1301 25
703 1536 22
4086 2339 27
1415 735 80
1328 475 32
1728 1362 94
2720 2419 99
3400 3732 31
1184 3011 15
1829 3012 15
1939 2373 63
2476 2280 25
2231 1430 46
3242 851 50
2561 78 46
3579 3337 79
2216 2336 91
2037 3684 97
2763 2565 38
3299 599 27
1120 3315 63
4125 2787 100
2168 3110 39
1942 4105 55
3752 382 35
3252 3356 76
756 3163 43
2717 1901 56
3459 1617 92
2753 3199 50
936 1751 72
1714 1439 94
3259 3210 79
2164 1857 97
3898 830 44
1054 1019 83
2269 2039 35
1368 1005 92
3196 2513 28
2397 1421 60
2079 2876 83
146 3896 11
1465 3773 42
3586 2362 25
596 604 41
3197 2551 84
570 1601 50
401 2812 63
453 262 90
519 733 46
3040 1395 16
3526 996 53
1951 3290 42
366 4150 73
3645 2949 83
2212 2887 12
815 387 23
2468 2154 69
2987 4009 91
3098 574 17
861 3558 48
1965 1229 31
430 1895 100
3720 1666 79
1791 2509 24
3902 2241 90
3807 2778 32
185 3640 89
545 2316 89
972 547 17
1844 1044 48
1790 2121 19
2326 3124 90
2052 2658 83
368 4104 26
797 1240 42
2006 3587 26
2276 1669 44
726 516 31
1100 2817 74
3424 3585 54
857 1662 29
397 2096 82
2196 1213 46
3120 1973 18
2207 2088 94
3014 2790 79
16 827 15
3443 394 48
3172 1452 51
1659 591 76
836 575 62
73 1267 12
4046 831 57
1084 851 17
1046 2079 77
3947 1030 41
590 1394 26
1448 1494 77
3402 868 22
3335 22 54
686 569 12
499 901 92
156 3407 18
143 3854 24
3403 1617 64
1481 552 15
2729 3052 53
1211 3606 16
2857 121 89
1889 2318 71
49 1024 13
2841 981 27
303 1226 40
3621 1396 64
1069 4088 34
2358 136 40
317 1222 80
2671 3318 83
1495 3159 65
3738 3490 60
658 1820 36
2227 339 86
2878 941 76
2449 1504 60
3471 3039 90
2462 819 82
1526 789 76
3583 1218 57
4119 587 26
2543 1264 37
2343 1076 53
2901 875 18
3299 1672 19
2517 158 44
3073 2207 40
137 3840 54
1574 2766 71
579 977 13
1904 1704 36
2862 3137 24
3922 742 40
2896 41 97
2021 2330 17
2451 625 43
1846 2176 59
4029 885 91
2719 1117 11
222 727 23
3781 3131 49
350 3138 16
2469 220 88
234 3940 98
3649 3354 65
1774 3983 36
1172 2343 77
2925 2352 71
1803 157 94
3801 1882 50
3171 3295 40
57 2819 25
4017 2144 78
2225 573 56
1995 3807 25
1356 1361 51
534 559 75
2878 3416 92
1339 2404 35
2847 2662 31
401 1638 95
3585 2266 50
1264 1405 93
1631 1513 87
1946 1216 66
3337 3339 56
2853 2261 90
384 2892 59
1446 2359 54
2440 2205 68
415 1884 76
3967 495 93
2059 2319 63
372 432 49
1562 2973 66
593 470 79
3586 887 32
1620 2627 11
1049 654 71
3929 3015 50
2331 3095 77
2894 1773 88
1926 460 97
3586 983 49
2849 2285 99
1568 3043 31
4073 832 84
2750 603 57
3622 1495 43
2175 3381 41
562 1291 85
313 923 81
618 1920 100
2367 1736 60
4010 678 89
1911 248 12
3527 2250 24
248 2020 86
1441 1270 39
941 3533 59
1080 1776 76
35 1915 47
2477 1452 90
657 1861 88
3803 4070 24
4029 1496 93
346 3964 65
1167 799 62
1489 2487 77
2141 3941 66
2732 2218 11
3522 3246 15
2738 498 26
1038 3566 79
123 3911 30
2777 3379 23
3134 1699 59
3940 2687 13
4109 1233 24
3512 2408 59
2221 649 12
3942 838 11
3267 2943 14
1237 1963 50
2487 1537 46
1571 3753 23
1265 4156 34
785 3088 71
2078 3798 61
3456 244 53
313 3502 71
3106 1792 44
104 1157 11
84 4116 60
2564 2266 22
627 3340 70
3755 3569 12
2782 1878 33
2758 664 64
2293 3444 46
560 283 88
647 1498 93
2735 598 93
2524 2654 24
1757 3437 98
2977 2992 79
2455 3535 94
3042 1281 93
163 1507 69
3076 3638 82
4115 2269 58
3999 661 75
3411 3084 69
51 2465 63
3036 851 52
2950 442 59
401 3075 74
3680 2802 63
1152 2561 48
3449 1295 52
1443 2153 21
3343 2732 46
1994 1351 78
594 280 29
3455 622 66
1042 38 53
3609 1568 96
621 3437 27
2813 2550 15
3038 4147 42
3811 1563 34
3624 3138 61
3271 1375 65
2200 2063 32
3373 967 43
1173 3377 51
3132 3989 28
19 1209 45
803 1017 61
970 978 20
1551 2576 37
3768 3283 27
1606 269 54
1131 2194 71
1652 3327 65
489 1788 17
3141 2482 38
1644 260 73
1461 3926 37
1631 2734 44
3896 2613 74
70 2222 15
2023 3212 12
2032 3836 38
2561 2077 12
2120 3380 72
3391 74 99
867 3244 67
3963 3871 70
1923 81 86
942 1949 95
2561 1285 38
2792 1877 11
304 1919 77
2324 2404 18
1852 2444 85
15 1541 75
461 1434 94
22 2109 98
1774 3902 92
1923 3468 66
1652 1462 17
2428 1724 37
1286 3162 89
3423 306 80
788 76 25
3508 555 32
672 2547 22
2724 2032 65
3761 3997 71
1486 4072 20
1979 2153 57
360 3333 53
3506 3708 70
195 1427 47
4033 573 89
1212 2132 59
1164 3254 25
2386 3914 88
3215 832 75
2367 3728 30
3773 3533 34
2377 1986 34
3260 155 11
3857 801 92
1109 2957 90
1399 3477 82
3145 883 38
1671 2768 15
1956 2237 79
201 3627 10
251 446 86
4020 1304 53
1517 3970 46
115 574 63
1461 4073 77
4073 1058 36
799 2924 29
1872 2604 65
1518 1863 15
3311 3696 39
2399 3193 92
706 3888 96
1827 2965 27
4016 3387 46
2437 1341 78
3044 3058 97
876 3737 55
898 1307 77
786 538 86
2509 4081 62
29 3183 97
2213 3501 82
1310 3246 87
2264 386 94
3455 1644 66
166 2542 87
1980 2642 16
315 2483 50
1615 4122 43
1492 3310 62
26 179 53
2588 4071 70
196 1366 73
171 614 59
929 3332 18
1955 2977 94
2015 1096 35
1705 2770 34
3903 3786 91
1154 2204 85
3159 1720 14
503 3082 45
2251 2888 34
2135 4139 33
467 2602 27
1386 3190 67
941 3500 10
2326 2993 61
2274 3265 45
3540 1385 83
2665 2075 96
3964 330 87
3022 751 83
2630 800 69
674 644 63
1870 844 15
2835 1436 26
1725 3487 67
131 1572 23
3913 2537 23
130 1193 94
2373 1084 79
3721 920 95
1818 138 42
1244 2144 55
991 369 60
1823 594 31
3823 1686 73
198 1243 22
1579 4067 55
43 3403 72
2184 1887 43
2761 2037 21
155 3765 84
2165 916 60
2249 1783 66
1299 2358 62
3379 2153 96
971 1862 87
177 2346 72
420 3287 35
1092 1739 98
1007 3408 48
4085 1807 16
666 2057 49
1403 2239 28
2462 1625 49
1152 1725 74
2886 1442 93
3920 3482 60
1880 1335 32
2397 3695 13
71 2232 77
3967 339 33
784 1616 26
1654 173 28
1557 2994 26
60 2133 79
1829 3863 100
1399 3577 70
990 3242 73
3176 2421 81
1963 2176 79
2285 1813 72
3140 1879 38
3659 937 94
1624 2074 75
3755 3047 90
1099 3928 50
2698 641 77
2197 4115 83
3085 48 48
3881 586 68
4137 3419 94
3332 3387 93
2180 1489 21
1217 3759 19
1920 806 35
451 3660 97
1920 2412 95
1132 630 19
2572 2958 16
3257 3541 33
1274 2933 89
676 619 95
676 3211 29
2785 3068 60
480 4084 86
1269 180 67
164 69 36
2274 3693 14
1313 1193 70
1069 3466 80
1936 2996 33
2124 474 93
1070 466 47
3702 182 52
871 3452 35
3552 3407 71
778 4119 23
3107 2512 100
3300 4123 91
718 3238 12
359 1264 100
811 3619 85
1601 3844 61
1433 1902 45
1092 2000 29
3153 2869 75
2838 1334 93
2737 2735 12
1182 399 44
723 2927 37
932 3931 90
1131 1708 75
2657 4052 33
2416 3582 80
2794 1948 49
1719 4054 15
3610 3330 35
2467 21 39
2757 1180 17
3000 702 41
2952 2074 29
1199 3065 21
585 1674 33
2530 844 67
2246 4007 28
1895 444 80
2135 2721 56
2619 2813 92
3139 4121 60
2806 3311 38
1050 1932 12
1340 2571 66
3967 2699 12
642 3905 82
2837 1512 71
3763 2525 88
514 542 14
3008 1164 36
1435 3445 51
964 3836 93
515 3477 64
2902 2543 87
3348 459 89
442 986 39
293 956 55
1193 852 68
3010 743 99
3213 3616 26
1537 1872 44
2221 1832 66
3526 1615 59
216 2927 28
291 4059 73
2966 267 42
3715 2692 15
346 3908 36
2613 2402 84
3497 1819 35
1825 2141 89
334 2791 89
408 3678 74
2957 43 90
3789 377 64
1787 3678 15
1554 3030 34
732 1445 50
3503 1553 95
1066 886 27
61 882 67
1318 1855 16
755 3208 36
2569 754 34
190 2932 59
445 3080 49
1511 454 60
4017 2880 88
177 1880 70
1025 2790 52
669 2977 91
2927 3439 91
4115 1871 57
2019 1370 72
2709 179 37
4154 3099 89
774 4063 29
3644 178 44
1163 580 79
3555 729 16
2919 1301 89
3434 1875 58
511 433 17
1752 367 28
1131 878 58
2229 3424 36
2592 3613 17
775 3694 52
2185 2643 79
1308 2585 91
1725 3530 90
2033 294 70
2202 461 18
4099 2949 80
696 276 20
1257 725 19
16 3426 17
2614 237 35
3058 433 19
3216 3092 11
1175 2658 50
1547 2729 43
1420 4105 35
3037 910 51
2620 3294 10
3552 2828 73
1993 3433 84
1457 4028 39
3456 1807 53
3446 515 45
3439 1163 32
2128 2640 19
3739 2064 57
2660 115 87
4033 2791 75
2172 3532 36
424 2210 100
1318 4112 30
65 3393 96
710 3030 47
3865 3333 81
433 1923 81
241 924 21
313 2891 10
2815 1658 61
298 3315 74
221 2227 46
2088 3941 26
3832 2033 50
2867 3457 76
2496 3197 89
4038 806 87
2784 662 47
2026 552 92
3290 4028 86
2297 3069 93
3743 3442 65
3571 513 39
3048 2448 89
3996 4112 95
3781 1145 95
411 2163 84
2934 2060 91
2163 1348 37
1075 2383 17
2252 2317 47
1620 3286 25
564 4107 80
4132 1511 94
853 700 47
2592 2010 27
1904 3404 16
3256 124 16
1166 945 26
3693 2844 32
2588 542 26
2396 3967 64
2025 15 100
849 1826 16
1515 1678 55
1954 291 24
1403 3261 23
3785 3174 100
534 3122 82
3642 2554 22
3320 2573 95
3610 499 85
2582 4024 60
125 3690 88
2021 2978 88
3500 3807 100
2366 854 10
3015 282 19
1835 3358 86
4096 1398 38
3406 2036 13
1587 2633 85
929 1960 17
3670 3408 95
2986 451 50
4043 3633 34
3037 1501 90
542 6 17
3325 2197 76
1100 547 65
2489 3656 60
353 1510 63
121 3927 31
2989 447 72
558 1864 92
3932 1044 46
1519 1616 72
2324 927 41
566 1484 14
255 3126 81
56 2867 52
1933 729 14
682 1097 98
3506 676 80
1398 1872 78
289 3677 53
570 2797 51
2574 4147 85
2651 2144 47
4069 2012 44
3807 152 95
1170 208 59
962 125 98
3923 3702 33
531 2418 14
2049 1499 47
3188 1275 88
441 1106 79
1271 2424 35
390 3590 10
3103 2008 11
3750 4100 17
2493 929 91
3644 2005 89
1453 1030 24
1450 3438 82
1131 2252 53
1248 1298 97
3001 2346 57
617 168 93
2928 2576 85
1748 1420 14
1585 1180 95
1205 3061 46
100 2610 27
314 598 21
2217 2344 58
1242 3332 20
3565 1347 43
936 681 44
146 1217 10
413 2901 90
3296 3411 80
2840 2372 78
1810 379 23
2849 338 58
3069 1592 56
2443 3945 73
3374 4083 24
312 3134 64
1291 2655 88
3851 997 23
3398 2529 27
1509 2405 42
699 3550 34
2518 331 91
2710 2101 58
1070 327 13
423 2095 28
966 3940 83
2909 846 32
2229 1522 49
126 617 94
1114 434 10
1850 228 98
812 612 42
4129 1026 92
4151 2407 59
2119 3167 74
1572 1311 73
1699 2844 92
3506 1584 42
4065 956 30
3545 233 91
2308 2974 84
549 3109 54
2129 1374 29
1778 2062 11
373 3492 48
3279 218 49
322 459 61
2761 2285 44
3777 579 81
3753 3382 91
1552 4075 65
2922 1648 42
3619 3848 17
1457 966 33
3133 3805 84
1908 3150 84
1803 3627 89
3714 3890 53
2261 3135 76
3748 3995 79
896 1635 77
1750 3431 91
2540 2635 53
1076 4088 58
2919 289 86
1724 1958 68
3311 1952 94
92 637 32
1593 2619 67
3714 1031 21
2736 2151 86
533 674 80
1452 3950 91
2988 4125 66
2125 3766 29
2629 3282 10
3311 1560 27
3206 978 90
1442 2728 17
2940 3744 88
2479 1923 45
3049 2414 66
4147 2037 80
3027 719 45
1039 40 28
975 1054 33
3338 789 69
881 471 73
3099 3049 16
1267 3104 75
2252 164 65
2247 1563 88
4045 1312 33
1402 3464 14
192 291 57
2659 4074 59
3901 2453 22
1248 1064 54
2659 1988 41
2682 796 37
1651 347 35
2938 3009 86
2748 1775 29
293 240 19
1861 2204 79
1412 661 91
2190 2835 20
4085 2057 91
876 2405 35
3350 1255 91
751 816 70
1446 1207 42
2315 2363 67
1294 3065 12
837 3924 64
1138 3204 14
1161 2325 100
3735 919 70
3598 3492 24
320 3092 35
3504 1406 79
1748 1118 88
1325 4122 74
867 1912 19
3358 3410 41
1855 1061 58
1838 1158 57
3385 3267 81
3007 645 25
3547 3666 26
1504 47 100
4103 1924 65
3894 3631 16
601 195 96
2610 2583 54
90 3140 34
47 1619 72
3032 3882 30
1302 3186 93
3403 340 29
3671 3937 61
3386 985 31
2075 3499 32
2762 1593 90
1535 2498 82
740 1213 56
702 526 75
3125 3960 53
1293 2780 86
1214 730 44
1931 945 31
2237 2547 66
2258 1560 47
1030 3307 10
1115 346 52
3882 383 44
2922 654 43
455 480 99
1199 3881 96
127 1605 80
3779 889 41
1725 3218 46
262 229 18
720 3048 66
533 1200 90
562 2606 19
1227 3620 54
2691 1698 52
58 2460 75
1380 1182 86
2431 2084 85
2819 3040 49
905 2151 22
630 2432 61
4060 620 54
4155 2108 38
557 2456 28
413 3453 44
1250 4076 21
1893 3694 67
2102 2232 39
2543 3684 45
1721 242 42
4080 2987 24
2367 2516 41
472 3268 21
1875 1946 97
1908 3574 55
2364 1468 28
474 3095 10
515 4041 93
2872 3481 58
2696 1423 44
781 2434 45
467 218 44
596 4095 20
3575 2951 10
2819 2413 85
3983 703 90
58 1491 42
41 1215 11
1904 186 93
299 2563 65
4137 110 86
883 3122 63
219 327 81
3292 3917 65
2097 4071 74
1077 3544 27
3027 2012 44
1314 3173 33
1578 2710 96
1749 1917 49
3011 835 10
2850 3318 89
1911 2358 85
3481 1359 73
2490 1800 49
1618 3681 86
2922 1807 12
3426 3451 64
2403 1132 85
886 2848 54
3958 1184 83
3488 1242 43
2144 2106 64
3172 1331 40
2753 1056 38
541 3506 48
1013 1917 44
2529 1160 67
2980 2488 24
3782 1784 26
3719 3984 49
3992 1013 65
3399 4056 71
3181 2893 87
3068 2681 45
2453 2683 71
1260 2991 92
846 1373 38
1931 4004 72
1019 1973 36
1319 2144 11
3637 3389 68
3696 218 93
3371 3076 27
858 2423 67
2507 4022 58
3274 647 19
747 3022 61
3243 829 81
1752 2485 100
2155 3005 48
539 2436 14
1694 3477 32
559 957 100
1736 2767 10
1956 2187 58
390 551 47
221 3373 85
2036 2728 20
3623 4067 26
439 465 94
1149 2966 85
3665 536 29
2237 3841 83
3208 1118 85
1237 1686 88
2673 108 51
3934 3886 15
797 1022 50
1417 3666 10
2946 2035 17
542 3286 47
1678 653 81
2413 1790 50
3960 2369 35
2510 3611 44
3874 3956 90
211 1724 61
2317 200 11
1458 3992 47
1062 3301 76
2263 748 55
1652 3109 58
3829 69 92
946 2691 32
2894 4113 62
957 2348 20
3305 3682 53
4071 64 85
733 288 62
193 150 85
3637 1077 43
3898 1649 83
1442 194 17
1641 3377 57
1322 72 28
1162 3890 68
2707 385 90
1266 1076 47
2707 1788 70
1020 4064 32
2329 2369 69
2550 3307 41
3203 786 55
2639 1194 35
3038 1379 95
388 3589 49
3427 1835 24
1978 2301 41
1176 2069 95
2670 1781 10
2676 3754 82
3032 2499 80
3118 3621 66
658 123 73
3555 4047 81
221 3172 96
1199 1242 15
817 543 51
1987 1758 83
907 2247 73
1528 735 40
395 1788 14
471 1054 69
1515 2299 77
1376 2262 85
2298 2787 10
2146 445 88
667 3243 17
3388 961 93
2822 1847 64
1816 653 10
4072 2746 32
2753 1196 74
679 3606 47
430 1208 46
1482 1424 16
283 3988 64
730 1209 32
324 2426 15
2037 3282 53
307 1759 36
1508 349 18
66 2221 87
230 108 13
1352 2389 94
2610 1643 40
3823 3564 71
3440 3390 93
2026 2304 92
3492 2424 79
1983 3940 46
2233 1012 36
1068 85 91
1967 1183 14
485 1979 29
1164 418 25
3359 2167 70
3628 2522 73
3183 1448 26
3994 2788 12
3302 1647 42
464 4158 37
176 298 45
739 1149 34
154 2265 48
1800 2789 61
954 3493 86
2473 525 16
1788 3100 63
1159 377 16
3650 3840 97
3216 490 74
2929 4047 93
3709 3927 54
3917 4072 74
1745 3159 71
2908 3784 16
3327 2894 89
2488 1426 83
3471 640 23
3593 1397 93
2525 3440 29
2992 2307 24
1611 1073 48
1294 482 96
1111 538 26
1086 2662 71
1201 3411 67
1760 3198 88
3985 1204 41
3694 1739 79
3385 2556 84
1589 3100 49
559 3759 36
1458 2019 97
2437 1571 35
3186 513 24
3938 1039 48
2621 1494 93
765 2204 13
3867 3577 38
1862 1426 13
2363 3907 29
3291 3236 74
2674 4087 34
3048 233 22
360 4102 88
500 653 67
1911 1748 36
690 1879 48
1590 3957 28
3466 226 81
2062 988 59
1251 3428 79
2735 3857 43
2507 3133 12
1652 859 24
2898 1025 34
266 1779 93
3736 2604 24
215 3726 12
2404 3648 14
3092 1093 85
804 3813 56
1547 15 71
2527 39 52
3599 2039 54
2093 504 87
4091 2766 48
3824 2367 88
2010 2226 43
1167 1125 45
3273 424 73
3213 597 79
1710 1363 25
2903 3534 11
299 1050 14
3309 2835 46
2138 790 90
2817 1245 49
2037 2469 41
3274 176 79
2036 186 72
1011 1904 22
4154 3942 15
4139 1085 54
2908 3836 47
1337 813 22
4062 3906 39
744 1870 67
3011 1451 26
1044 3903 96
803 364 96
1994 819 52
1563 1846 61
140 3063 58
3439 1346 66
2144 1255 63
1984 539 45
12 1221 59
592 1785 59
3382 3032 23
3910 3653 91
1893 2312 81
3210 2578 23
2848 2998 77
4135 1679 87
1610 2424 50
3336 1544 24
1955 384 37
4011 3143 78
1440 3512 46
1418 925 60
2004 3095 77
413 4084 39
3655 2600 47
3408 785 99
3441 3352 20
4072 1448 47
4105 2091 10
2941 3855 64
3196 560 73
3698 694 42
2225 294 82
3119 1014 91
2470 1783 95
3170 4055 98
1114 3036 45
1736 1714 66
2445 2492 45
2097 2639 18
2484 1336 34
1874 3512 32
687 953 40
3686 2768 47
1895 2559 97
2231 163 73
4062 1895 23
3949 4087 65
3369 3728 76
3020 2422 82
1858 1292 16
1149 3997 54
1366 510 39
758 136 72
2797 3506 41
3253 2988 10
2185 1316 28
1391 1529 79
2415 2436 41
952 402 51
3828 2624 80
1528 1697 94
1904 1200 42
3778 2794 54
86 3369 31
3687 1649 50
4067 113 27
403 3161 26
2251 1642 45
157 1308 53
1743 1450 90
3260 158 64
574 3382 82
1528 2818 69
2432 978 44
1782 3802 68
1092 1916 65
1082 95 84
155 2608 71
624 2489 29
2677 1590 18
4029 1985 56
3780 3004 100
2660 41 28
973 3824 45
843 1100 85
2777 4071 87
4077 3184 32
2414 799 11
3837 3237 52
2840 727 95
1914 3911 60
3680 3471 66
1141 312 88
728 1644 95
3266 1892 73
1597 768 76
2734 3292 16
608 2779 65
3799 189 43
317 2424 99
769 4112 76
1999 1057 36
4040 1278 74
2651 721 29
3095 2222 14
63 1092 18
1409 3644 54
151 229 31
1016 933 95
751 3981 24
2878 3096 86
2144 96 51
123 3106 61
2670 1644 11
3214 986 33
1721 2508 25
3177 253 73
3152 464 45
2580 2 32
3227 3790 76
1542 1161 45
1890 3358 11
494 858 78
643 784 79
388 2720 74
55 2176 61
2492 2402 72
3726 3941 83
2640 1757 22
2198 264 70
3024 1132 75
1084 733 30
3821 2592 81
2986 3181 75
1441 3211 56
1275 226 14
2277 1242 59
691 2612 60
3754 1090 17
1477 1352 15
598 684 42
2147 4093 92
756 3151 76
2464 1359 82
3584 4087 64
3401 3034 89
3244 1004 28
3450 3212 86
934 1470 36
128 1367 80
1607 2505 71
2759 3410 29
3297 2520 75
2219 1068 22
4107 217 47
2679 441 90
572 726 84
1012 3531 80
701 1977 27
4009 2932 19
350 241 37
623 3611 49
2206 1235 51
58 2247 39
3426 3084 85
1431 3893 62
833 3538 78
594 1389 60
328 3072 31
535 1112 27
3364 4012 98
165 2125 41
2176 2293 24
4072 1262 64
1472 3014 24
2043 460 91
2939 604 55
2830 2461 56
3519 2705 38
3014 1030 12
3129 2942 51
3335 498 14
791 1853 25
2007 2964 29
1139 666 59
2373 3529 19
2317 1291 67
3594 1760 79
2239 2301 26
3588 4048 64
4011 268 79
348 2257 15
2122 3706 10
2870 4149 16
479 757 57
1670 293 23
2942 1497 10
3441 3515 29
1209 2832 27
2064 992 44
2581 549 49
2639 914 99
1857 304 37
1119 153 61
1191 3526 20
574 1022 33
1593 760 28
683 309 78
3309 1679 19
671 2259 37
1278 3290 64
2836 2138 80
3990 1769 98
1828 3324 42
2608 2929 77
1046 3447 25
2648 818 56
2589 1305 16
3426 930 66
299 2919 49
2057 365 48
970 272 88
2649 2245 29
1219 3127 46
4122 2485 89
3747 2407 94
3219 845 65
113 534 94
2147 1965 43
677 2860 59
2936 204 74
2394 3846 11
2133 3417 76
1071 1069 49
3530 4150 71
1184 181 60
1430 3706 80
2583 2746 12
2824 1961 20
3040 1426 81
2370 70 56
302 684 22
2325 680 55
3911 2400 37
1839 1279 54
2999 728 67
3246 1561 26
992 861 37
2261 753 60
2135 2524 19
1113 3541 64
3648 2370 79
2347 3633 65
1416 2047 60
2661 2192 16
2775 864 14
2396 3867 26
1036 951 49
1251 3949 29
3505 934 25
1294 2086 21
763 3039 22
785 1921 45
3881 2126 61
3640 120 42
2998 2013 33
1184 3603 59
2229 845 57
1634 2167 72
3236 3105 42
4102 1959 21
4009 82 58
2211 1165 39
3216 3936 26
150 538 47
403 3726 27
2219 3771 13
4122 3711 100
3500 667 45
4081 2418 33
1454 358 40
189 3317 49
2626 1169 37
3694 189 91
510 896 92
2131 1429 66
2934 405 28
3769 3524 95
338 4063 19
2270 2113 12
2177 4017 83
1099 542 23
2205 2946 49
2200 3303 64
2341 809 56
453 1371 74
2178 1848 27
2859 992 70
3340 1193 84
2359 2083 19
1988 2153 91
3712 1303 90
2750 40 64
1453 68 58
1351 3748 91
1719 2708 98
2016 1303 84
2541 2329 38
3707 3732 12
1838 1708 94
1032 3372 13
3412 2367 74
3735 697 82
2359 1325 10
1119 1423 48
3044 3104 70
248 1114 59
1619 301 67
3645 3028 25
2806 1418 68
429 1304 21
95 2915 19
3111 399 98
3192 2891 15
1646 1007 23
1801 559 20
2224 2700 96
2395 76 98
379 4122 22
821 190 10
127 1235 20
2430 2862 76
779 227 54
363 4081 55
2681 1462 58
3327 3774 70
799 1501 16
3342 3886 78
2909 1272 54
2254 2622 55
2801 2919 57
2800 3723 25
2656 571 25
903 384 91
4093 3451 77
2268 857 76
3760 2842 78
2077 1600 44
3116 1522 35
1113 3566 73
1602 2504 43
3331 2605 76
4037 2195 56
363 1310 76
2415 542 83
3092 575 33
4071 348 95
703 1925 29
2845 1895 38
1263 2833 53
84 1869 24
3095 380 48
1671 220 41
2815 677 29
442 3255 73
2253 2201 30
2184 2668 39
678 2720 10
1552 2634 83
1051 2807 39
673 3509 34
1275 3984 97
2278 48 71
1550 2377 49
2904 3904 56
542 3561 19
3241 1766 78
2326 1609 77
2716 4007 60
106 1618 72
97 2071 99
2253 3306 43
386 2905 60
582 3640 97
1909 401 47
2823 521 100
1478 370 48
1776 3062 85
2686 2332 46
317 3785 96
2806 3935 46
4137 175 18
3801 2613 17
1523 3483 74
1324 107 96
2996 3774 93
1517 879 50
3658 756 27
2869 3487 69
1943 2821 87
423 3977 32
2940 732 71
2486 1908 71
2520 2884 87
2189 1359 49
3332 681 10
3123 1572 28
2630 529 35
3763 3218 83
2598 3984 48
7 3868 51
2829 3645 33
2634 1675 30
3783 3948 71
964 1217 74
3202 2603 95
2750 2296 57
2879 2995 47
3915 2723 70
692 2765 52
3937 2078 13
3271 4053 88
3645 3256 35
3969 1780 73
4137 1729 96
2923 1909 88
541 2280 23
1703 1942 80
1475 28 93
1627 729 80
97 542 22
3367 2712 91
2886 489 79
3999 942 54
1279 2727 29
1537 3758 26
386 362 62
2364 1055 60
387 1414 46
1175 3426 31
1024 1592 55
3545 877 57
475 720 30
3769 1580 53
3688 3995 97
3732 1310 63
2031 1367 15
3208 1729 20
2303 2611 29
1291 3083 28
1279 2556 62
1293 2328 25
1964 1783 37
776 3270 60
2478 1660 59
2931 281 35
939 1837 22
2176 771 33
542 2982 22
1071 566 66
1975 4064 23
2136 2800 81
2873 1581 30
3733 32 53
3591 3991 12
3818 3027 82
13 3032 82
1358 1383 35
2 517 30
2160 3293 55
4108 1992 84
2708 3062 61
3639 3481 11
825 1069 86
2370 2470 32
492 1875 55
3499 4040 57
1319 3015 69
2536 851 91
3656 3476 22
1375 3160 30
1315 1273 76
3844 1595 69
4013 322 97
1992 3695 93
500 921 89
1445 553 36
962 2470 42
2893 1592 57
902 389 74
211 3315 38
1479 493 92
195 1877 60
3486 116 95
1058 2756 14
3579 406 13
465 2578 53
2534 1390 60
823 2421 38
2481 3317 32
1514 409 94
1805 1282 85
3282 1937 51
958 2154 68
2956 3064 51
2371 1017 77
1085 33 84
1440 3946 77
1531 307 81
112 801 40
3073 1431 36
2632 555 74
1795 3979 98
2649 3826 38
3560 2870 38
1565 3550 98
2994 4146 28
547 679 20
1345 3353 90
2766 1957 38
1488 849 68
2810 1717 50
828 1829 25
763 1755 77
3602 3612 88
222 2545 50
2280 651 29
3877 2216 93
515 1505 74
2818 3373 79
1427 2256 57
1222 2194 17
2393 702 99
676 516 87
3029 2926 49
444 3060 57
4097 216 70
2265 1090 92
2080 456 87
1358 2138 70
1585 4095 31
2943 3102 55
1148 1096 56
3645 1075 52
3662 2018 78
367 2578 23
3143 794 35
3969 369 46
731 2850 78
2964 1629 49
312 1520 87
3773 3652 62
3666 1721 72
3801 1807 91
3568 759 49
310 822 37
1950 3799 49
2442 3572 60
1146 449 49
1690 2329 55
1346 3554 100
1516 2674 71
1441 2079 31
3813 3651 29
2127 3052 56
2384 3268 40
2820 1021 24
3240 2250 87
241 704 25
3121 3746 86
2195 4116 21
3589 751 60
3616 2033 82
3004 2880 16
3844 1154 68
1157 1527 51
1324 3841 32
190 1626 61
399 43 24
1222 1578 73
3863 3302 66
904 1589 65
20 2127 24
1586 1753 75
3219 3311 79
344 996 43
2974 557 84
4129 2415 33
1407 3314 94
2028 2654 71
3154 2250 94
374 3841 73
122 2723 31
451 520 41
1292 3413 16
580 1588 21
456 2324 11
2546 3073 76
1414 3288 16
906 47 22
1127 3030 67
133 4000 38
3398 501 56
2357 2705 39
2302 4029 10
818 1924 52
2713 3175 88
1203 3215 55
3978 476 53
47 206 32
4138 1854 51
2255 1645 30
74 252 63
3710 1788 86
1269 993 66
3033 950 41
2265 659 88
573 2378 80
61 3004 41
109 3694 33
542 2230 49
934 876 87
343 2771 96
1664 2189 53
1995 3093 71
246 3551 79
2374 115 43
623 2072 33
3516 2066 17
3348 1651 13
3331 1399 35
1193 1089 88
1909 1357 11
435 2856 55
1424 1456 53
3605 4134 13
437 2294 31
3429 3326 72
611 2528 36
493 567 98
930 1037 10
3611 3841 48
1797 1214 88
1236 810 45
483 2841 47
111 2836 84
3220 1156 87
3271 1086 52
234 2677 29
3097 3192 53
819 1628 89
808 132 11
682 1600 90
2748 333 67
2079 709 43
3362 3391 82
921 2386 18
131 3905 12
786 1125 74
84 3734 17
2396 2920 60
1078 1424 38
3750 3515 44
426 3210 83
3978 3187 61
971 2379 44
3598 3056 86
1940 1394 28
3847 693 26
482 1200 10
2018 1876 78
258 960 11
476 2558 45
489 363 75
4052 3575 52
4158 2574 73
1141 1235 84
3196 2057 56
976 3211 37
462 1977 78
2907 147 81
329 852 40
787 4029 95
2146 4015 30
1530 3615 58
2024 2954 32
3413 575 33
1957 3379 80
3445 3322 11
4102 3836 14
3743 3255 92
1251 1663 14
1553 2361 64
3904 677 39
3979 3985 63
1870 377 47
455 3916 43
2296 1398 99
3012 1675 47
13 1114 58
2022 916 42
3090 405 73
3501 2367 21
1994 518 98
3780 3292 84
449 359 13
2785 352 93
3010 1010 74
1390 2832 73
3119 3537 40
1892 3831 44
482 3972 12
508 1073 18
3599 2712 88
151 2887 40
275 3974 90
3399 250 44
2726 3191 27
1506 1020 51
209 2985 50
3155 4028 80
1760 100 20
2417 2793 12
2392 2120 14
397 2566 62
1543 1819 16
3535 1924 29
1197 974 17
3787 3716 96
2680 2307 15
145 1961 44
2900 3597 18
4131 2377 29
164 3063 52
3347 1956 56
3671 2901 91
1553 3063 93
1659 1814 22
2525 3285 49
2118 1695 72
2327 1746 25
3474 432 38
1807 2595 33
3053 3444 13
1383 2984 24
4089 939 13
673 2136 31
1022 3773 15
3014 3147 61
612 1579 65
1602 3331 13
781 1574 85
2828 1801 20
3168 3024 23
3334 3885 96
1646 2816 83
2379 4084 91
2612 3320 66
4 1549 39
3217 1207 22
497 1082 73
1216 3972 89
1555 3517 76
3026 2106 70
2531 1161 59
4040 1386 74
3579 252 13
547 1118 35
1376 52 88
3656 1638 60
2315 1430 46
2365 2069 94
3545 3485 22
4114 2975 22
2711 1078 27
1330 1282 36
1181 1855 10
119 3565 10
3474 4020 28
3254 1135 93
3543 3764 83
2334 2850 53
846 2526 36
671 3623 55
2049 322 62
367 2779 19
2106 3902 93
2650 1355 70
3120 237 71
1168 305 74
65 2529 64
3155 3958 89
1483 237 55
1095 1724 78
1453 287 74
1222 3780 33
1613 3330 50
1091 3918 59
1476 1544 24
551 3599 65
1632 3470 68
3681 3985 91
866 686 80
2762 627 11
3391 2712 48
2075 3138 81
1537 2838 17
3848 1170 38
2748 1633 32
3386 248 44
770 3021 90
130 988 34
3259 980 58
2138 3629 30
3307 1509 99
1435 4033 83
2430 1387 99
3081 164 85
1964 2866 40
1297 1160 54
2886 2081 68
5 832 89
2206 1756 62
1459 443 46
376 3879 30
1738 4123 39
822 233 92
3014 525 97
706 1738 44
2207 207 50
2579 3841 71
770 873 60
3837 24 41
872 1234 85
1695 2597 43
424 2973 82
2294 3089 19
1964 446 10
3479 877 47
3314 3327 83
3887 1236 78
2791 2135 41
1733 2074 10
2920 1113 69
2864 2169 17
3247 3307 48
734 3661 31
1042 2587 31
1903 3604 42
3971 2498 22
2759 379 22
3641 1169 72
982 166 99
2824 1832 29
461 228 42
3242 2751 24
3946 529 81
3221 3299 33
1388 1119 37
1704 1862 15
1282 3742 85
517 3998 26
2974 2443 90
217 2174 84
1323 2591 66
1439 396 34
3196 414 78
1552 3549 60
3468 779 40
4135 2502 55
1557 2157 38
4001 2045 37
3187 1344 16
975 2962 66
1134 1113 54
156 1982 62
1320 3421 51
2272 408 15
3608 1280 95
3782 2290 45
2530 3529 81
2072 2386 61
1847 945 90
319 2460 88
1301 3873 93
2113 3502 81
800 279 72
2053 4003 34
2944 1234 89
2156 3801 82
3864 960 83
1689 2727 47
2848 3793 65
2685 3841 29
2084 3496 95
639 1719 48
3358 180 54
691 409 70
3997 493 91
1082 2368 31
763 2981 79
1335 3408 89
3130 3427 81
3312 3363 26
4109 2668 92
2652 583 59
639 2752 35
1106 141 48
1451 175 10
3005 3819 72
4098 1321 40
1146 2391 75
3237 589 100
2796 1963 31
4133 385 61
1518 3795 97
1504 3450 72
3021 3171 19
317 786 99
722 3781 58
3859 522 31
2405 1705 40
3455 1653 27
2611 2942 93
1071 1857 65
2699 2170 15
107 3788 94
663 175 25
1148 1585 41
3120 3717 87
650 1473 14
3717 3483 84
333 182 19
1859 1 97
3214 3475 55
572 2071 100
1324 765 70
3689 2049 29
741 2495 87
1747 2329 75
3712 2948 83
3393 1593 36
3692 3849 46
942 2345 75
1187 2178 99
1615 3655 57
156 2711 26
1957 1337 40
2581 1942 10
3590 408 51
3747 2614 74
536 2762 73
2919 3627 89
3158 3057 94
2123 2878 26
1058 408 85
2355 621 23
111 3936 64
3189 2591 63
405 3533 68
3826 1193 84
1784 90 86
2865 3219 72
3041 3624 95
1602 2910 16
4137 710 91
3036 1231 21
316 2806 79
127 1377 37
784 1777 26
2487 1512 100
876 370 54
1680 1208 76
3651 3901 12
3112 1070 17
2073 2795 45
1839 2457 94
2816 385 39
81 1812 22
3802 4065 51
2318 3162 17
132 2748 52
2691 1183 85
3808 3762 17
1219 2920 28
2825 336 20
1117 2557 16
3008 85 25
3935 1791 26
3921 1021 99
1760 3085 21
2034 2588 61
3482 985 69
185 3986 93
2935 3642 47
2389 3881 31
570 1189 73
2972 2083 20
68 2167 30
1220 1818 90
563 2272 63
259 1212 32
3798 3311 99
3642 1061 49
49 4035 75
2565 1622 52
585 2404 22
1194 2116 60
3039 722 16
1132 2927 97
2720 2548 55
1322 3535 36
3444 3230 44
1138 1708 95
3469 3927 36
2393 1517 66
513 3340 10
2351 2196 58
2935 1693 94
1650 2481 13
2184 3593 95
1958 249 80
3967 3311 11
4079 520 64
2851 791 51
2402 4011 81
3387 704 11
1119 3242 25
1321 897 22
1651 3414 58
334 4132 37
3205 2540 10
3131 1325 68
3613 2851 16
3686 608 42
983 1825 16
653 1082 67
3091 4145 25
1383 471 95
3967 1121 86
3156 805 86
2968 237 43
3914 1502 59
3591 285 32
885 2218 100
2589 3767 27
1602 1324 28
3922 2195 57
426 2813 73
1027 2137 55
2224 2656 71
848 4114 58
3954 2793 82
272 75 60
1603 2304 41
364 1919 34
809 1242 22
3851 2023 95
1071 109 58
1836 3324 10
2869 1435 19
277 4119 77
1757 1074 91
2725 3671 33
1193 3464 69
2485 2552 13
2697 879 16
1135 3370 99
2386 318 46
3257 2471 53
2736 2098 82
3198 869 88
241 783 33
2184 774 30
630 3000 91
1036 2423 72
4148 125 39
1911 1605 76
3371 3144 18
414 6 97
2576 3412 91
317 100 19
3939 275 15
2358 114 10
1758 3703 83
2530 2989 27
3960 1461 100
3075 1900 62
272 3104 36
2100 4011 81
16 3941 35
3553 1029 31
612 2657 65
1543 1711 40
4010 3629 79
2423 2238 67
1727 1048 92
2461 3564 16
2838 798 17
3135 3373 45
1515 186 90
2144 962 37
3475 3490 97
2529 866 62
2408 2400 37
541 4121 25
2476 1541 85
3019 2904 43
3629 3375 93
264 316 93
2324 1336 16
2172 3978 81
3624 836 40
3058 2953 66
3944 3543 47
623 1126 22
1260 2866 26
823 1476 58
653 1273 19
1370 1305 95
1038 421 58
1275 1517 50
2154 1467 85
2602 1066 33
1468 1671 39
1688 3888 84
1892 190 12
3468 748 98
3043 766 63
2585 1635 82
650 2523 78
253 1856 53
1015 2006 53
747 3767 94
4061 3206 48
3836 3210 53
2373 2209 72
1597 1568 45
257 3938 41
3183 1226 88
4055 1262 45
177 3677 29
242 741 93
312 123 57
383 547 93
2511 228 66
2010 565 89
3427 1457 39
1482 3515 38
3053 321 40
3227 3603 94
2342 2113 51
2564 1122 62
3239 3939 76
1564 655 48
1627 3557 96
1539 1976 67
2051 3165 88
694 1396 55
1127 1915 69
208 3527 85
179 1795 21
1752 1362 26
1349 1053 82
2403 2272 98
3545 2453 23
3504 2518 72
509 2745 18
925 1447 84
2608 3580 58
3599 887 21
2167 2211 19
2772 210 81
2456 1959 15
1047 764 20
1550 3741 28
146 942 44
1878 1219 67
241 2329 60
4082 1490 98
1924 3714 59
1463 3244 38
1701 3455 71
1397 1801 79
1972 2388 35
3572 1524 57
95 187 20
2640 1933 50
1412 11 36
745 2128 51
703 426 24
3340 1955 37
3683 3304 68
934 3947 94
3917 1749 11
3066 1606 12
245 883 28
850 849 37
479 2888 45
2231 2611 27
1690 1771 64
2382 3096 69
2433 727 84
592 411 13
338 570 45
3585 2065 91
2422 40 87
1918 3892 29
3091 997 33
2942 3201 17
2877 3579 66
1537 874 62
2171 4063 14
363 985 17
463 1388 74
2419 201 64
18 3347 30
2174 2375 43
1824 1193 78
754 2647 38
3165 1301 46
415 4047 99
1443 2045 98
3814 2840 42
3189 2704 34
1583 3493 23
2633 3688 50
739 571 35
2299 738 49
3671 417 31
2475 777 82
2630 2768 67
1309 565 93
3610 608 92
3253 1987 30
138 3548 96
449 2961 76
1272 4153 61
1325 700 89
1368 1890 15
3665 2445 100
2770 575 11
3782 722 91
1564 2479 57
1197 3189 68
3897 478 61
2445 1616 16
3154 4030 25
2919 1718 44
1673 706 53
1754 3605 10
2023 2658 79
2507 895 30
265 2589 78
1996 2288 50
893 2679 44
2036 3910 36
2430 2371 86
1258 3752 60
2022 2120 69
176 2201 47
1841 1776 87
437 3618 99
851 3619 78
183 2771 73
129 1877 19
1418 1268 25
2099 1702 29
1767 1696 76
3454 1694 25
1028 3694 52
3054 1468 16
2099 3784 74
125 3166 86
2525 715 41
159 1515 26
293 2850 42
4141 1133 32
3849 4096 13
288 78 82
3110 1840 89
1290 4093 67
373 18 76
3533 2832 44
3220 749 30
1013 2588 96
3695 444 32
3941 3350 91
4005 1350 58
1076 1216 43
2440 116 61
3029 1569 26
2140 3947 14
3700 1908 35
2972 3338 77
1805 871 39
2301 3884 76
2528 3191 75
2938 1095 13
922 1386 49
590 2609 79
621 3222 72
3642 2024 20
1338 2722 47
3259 1641 42
1709 2955 72
376 1621 79
185 1419 34
3871 3092 40
3190 3534 43
3975 1905 100
2040 1565 59
3439 1502 16
2185 3541 86
3775 1884 29
2763 3154 31
1152 2316 66
3337 3322 16
1582 378 10
2874 2482 32
3587 1 53
2961 3551 17
2863 8 98
2727 1909 72
3963 3462 48
1654 3369 58
1158 252 48
3156 278 31
3266 2857 78
1295 2343 89
1820 168 82
3353 1849 42
1786 1744 34
2347 413 47
1555 3808 39
3109 3061 47
2570 2167 26
1876 2488 67
3552 1849 19
2978 1147 50
1106 2495 11
1604 1404 78
3263 3624 69
4039 2741 86
1461 454 73
229 848 23
1991 128 67
1461 3050 89
2989 837 22
427 2985 80
3191 1300 67
2333 3241 79
1309 2058 54
896 397 40
3783 2091 79
3875 1126 21
130 3295 91
2923 1911 20
4116 2050 19
1590 3470 41
48 4078 74
2853 3288 82
3729 3881 90
55 3359 39
436 2824 59
429 2972 82
3001 3342 51
3016 2938 79
876 801 51
1220 3207 10
4116 609 41
2023 1848 48
2416 675 22
2925 564 81
2961 1163 58
1923 3058 43
4069 2377 43
3728 1274 100
3311 676 70
2636 3113 73
2096 942 19
2391 3736 75
2815 2187 19
3075 2685 38
1971 3960 51
3075 255 93
595 2692 12
3859 1809 77
2804 1316 91
279 489 94
1036 264 47
3173 2176 19
