4499 4902
174 1095 28
451 734 60
3736 1320 76
701 3965 51
4088 3136 92
3858 4472 51
2038 2438 17
3846 3679 93
1184 3406 57
4040 74 23
411 4405 72
2 516 68
2111 3250 76
1646 342 29
2905 4013 100
957 1752 18
3025 4242 43
3069 3478 33
1109 4213 40
900 3398 50
1830 1590 45
3030 285 75
1458 4081 87
3859 229 79
994 1380 76
1738 1201 23
1096 1062 11
2884 4106 71
783 3369 98
1229 1571 64
3908 1604 38
960 3877 30
2724 2358 14
850 4174 50
4114 325 31
1673 3442 89
1509 4342 86
420 2652 68
1534 611 98
659 1479 57
3061 3842 78
678 1575 57
3424 2255 85
1506 2666 50
2450 1171 25
2308 575 18
3719 2087 34
3384 1204 41
2405 589 21
2120 366 31
1566 282 66
1661 1653 41
315 4264 87
1605 369 45
1892 1499 64
1187 1414 63
3694 410 73
2360 601 94
2972 1962 99
4147 123 15
813 1615 77
3848 505 37
1740 2340 85
1931 2483 18
4126 2842 66
3499 3805 24
2474 3879 64
509 31 22
3576 2487 28
479 2951 75
2593 3366 43
1619 2876 64
3009 1110 10
4401 3367 66
3600 4081 70
278 3831 45
822 2065 49
2095 1457 90
2635 3010 55
2233 3562 30
1896 76 19
1916 984 15
357 2268 78
2541 2971 22
3137 2266 13
1667 3533 15
3978 1451 51
2692 2362 73
3450 2288 30
1124 1828 66
3952 60 29
290 636 28
588 2117 17
3378 1091 29
4276 2532 26
1681 1642 99
1486 1942 19
788 2639 12
4413 3342 51
511 2674 18
4254 4154 100
410 1870 10
4330 1046 77
1636 3742 51
4393 3673 72
3006 2475 50
940 1724 47
4262 4057 23
238 2698 68
3326 3668 24
1656 3793 96
2174 2553 49
687 1327 35
3583 4019 14
4144 4299 53
3432 2528 95
3930 4311 62
121 1545 53
1470 3072 70
2402 1970 30
2587 1489 68
924 1608 14
2528 2634 65
1611 2740 14
2562 3671 15
2238 3360 84
1542 4040 28
3022 3709 25
1511 208 97
2642 3951 92
1243 496 69
1920 109 12
4038 4360 80
2088 4299 88
4267 2655 95
2680 3625 89
552 1301 100
2946 686 54
4134 655 62
4164 1137 56
1467 2876 80
4335 80 49
931 848 97
305 2445 67
3889 928 77
3179 2624 95
1527 616 60
1095 1071 59
3723 2510 72
4221 552 63
14 3523 61
552 1109 94
1145 2460 12
1711 3509 39
2811 967 69
2492 1224 78
3157 2522 85
450 935 63
3766 4430 93
176 2292 18
1230 3778 42
151 4257 78
1739 2527 96
1185 3407 53
1641 3884 91
1471 2651 79
378 4349 39
1589 716 91
3727 316 44
2397 4452 28
1779 18 49
3248 1067 83
362 1796 85
4099 2533 79
1301 1958 95
1965 17 18
3240 2639 13
2984 2024 10
3029 958 99
85 1289 18
214 1257 76
1077 740 21
1926 3367 32
2257 569 52
1358 477 86
3814 4030 30
472 2211 92
969 4247 22
201 1236 38
1603 2629 94
4479 1062 80
1367 1122 93
1241 3253 23
2909 1187 43
2939 706 65
2721 396 79
3111 4292 35
792 2783 50
1293 2692 80
4164 14 40
622 1163 68
1777 2904 90
2292 3533 45
368 4108 58
3916 2359 44
1700 248 75
87 665 65
2777 2916 11
2757 2343 46
2822 2425 42
932 1602 32
2540 3029 46
1170 2165 78
1834 2467 30
3656 150 26
4175 1892 85
2325 1888 66
3075 4102 59
1715 3974 33
209 1682 34
4093 1702 94
1538 1578 58
3745 2156 90
572 1174 23
98 3960 11
2422 1919 65
1571 3321 34
1 1800 12
1190 2287 15
2774 4360 75
2202 1444 19
1837 560 39
605 2755 65
891 3827 75
3595 1608 15
4482 3327 99
2959 1376 98
2786 3859 89
2271 4345 92
1802 1129 63
2923 3667 92
4263 4330 16
366 2767 94
519 302 93
631 292 93
3481 1476 53
1808 3399 65
2009 3090 37
2581 2619 48
3901 298 69
631 1270 69
2557 1393 12
2614 2543 55
728 2735 87
3334 871 19
472 1255 62
3372 3415 46
3366 1496 25
2153 2636 72
1147 4402 83
171 2350 69
1395 3742 44
416 564 94
1366 1968 13
2184 3913 34
509 2753 56
2187 3134 33
2629 3606 53
515 4178 26
1207 509 75
795 2587 96
2241 3647 14
1793 2123 33
1821 618 52
1060 775 90
160 2118 35
2194 2822 13
441 740 38
2392 3243 47
3725 3637 32
1856 2611 27
4302 3568 76
2638 2017 18
1499 2045 64
1726 2175 33
400 955 82
2922 264 25
2442 4049 92
735 3804 84
4135 1496 37
4207 2931 87
514 1657 83
2730 2182 82
4303 2024 29
3019 507 24
2187 3139 84
4401 4122 88
2207 4136 17
701 669 98
2240 2632 52
1785 1797 87
3050 946 55
2614 1893 65
3844 3495 51
973 510 20
1396 630 23
3780 1558 80
1810 1885 16
1875 2663 93
2031 3941 18
555 3665 16
2741 4178 76
318 2796 77
2598 3252 70
2879 3231 78
2809 2991 86
1944 2891 67
737 2199 18
3586 697 96
1268 3980 62
4386 2820 18
1584 511 74
3220 3476 74
3576 3488 15
953 2314 67
3706 681 12
1529 1503 72
1902 595 84
869 3396 100
1457 861 90
962 1173 60
35 4070 91
3844 731 57
2286 3856 34
2595 3364 11
5 908 66
3508 963 52
2555 3615 55
52 1534 43
2650 2872 54
1141 3074 37
3213 2938 82
1381 330 90
847 2159 93
4131 3160 61
1156 1478 36
3530 3333 19
2641 2925 84
3645 900 61
2068 453 26
1692 2823 84
1142 2834 12
3605 2110 99
1859 4022 15
572 2924 42
135 446 81
23 3263 18
2795 4044 86
53 2512 11
1039 4076 44
1215 1729 99
692 2104 66
3795 3983 79
4235 4072 22
523 812 91
517 501 41
2253 4486 83
2770 1062 23
640 306 39
4316 1759 67
161 1365 59
654 4181 25
1032 2936 42
2967 1719 87
475 815 12
4417 1071 35
3212 1335 73
4036 365 46
877 1796 71
520 60 76
2792 1418 65
1790 4399 71
1584 3650 63
924 1920 91
2242 3489 58
2003 2619 51
2144 1936 46
2716 285 38
862 4192 33
1084 1673 28
2811 1101 23
3077 997 90
536 3256 35
3915 1520 22
1882 1296 25
4183 2088 84
3792 1231 40
2343 1685 41
265 1978 56
2074 4152 43
1496 853 41
1374 3281 17
2325 3386 19
481 3993 77
918 1722 41
49 2696 33
2561 3321 53
1425 3737 77
3430 2727 60
2423 2742 94
3827 1962 87
2371 2199 49
3625 1645 34
3363 1974 45
2192 2563 98
2450 859 60
609 3078 12
4484 2796 82
1962 3363 93
1952 2888 94
3632 4477 80
2423 2720 80
1167 632 80
170 2594 44
612 4125 98
1216 3040 94
419 1965 89
3954 438 12
2003 4400 28
3913 2993 27
2358 4122 80
1181 2799 33
876 2012 56
2612 748 26
304 302 49
2545 673 61
3794 2384 59
558 2393 75
197 918 49
2928 884 30
1033 2651 59
3872 1572 10
21 4163 74
4136 977 51
1054 3206 86
1509 1825 82
3722 1778 54
4490 3123 69
3192 526 64
640 2401 30
2156 217 59
492 2199 29
75 1946 90
4259 768 26
4147 1743 57
3461 4384 37
8 2486 31
551 3132 33
3669 1556 90
1771 4174 35
2202 4426 50
2081 2319 44
13 528 52
2330 576 97
1691 3017 81
3903 1798 36
1046 1317 44
2857 3596 43
2363 919 57
2463 3644 42
3581 1218 90
2445 1128 76
3723 2497 59
4098 730 26
2465 2185 27
3275 3712 88
2259 1718 87
376 200 46
3458 3190 30
1760 4185 66
2495 1338 25
2638 337 77
3081 2975 55
1423 2114 13
204 129 42
2267 2399 70
3950 2504 54
3902 4373 80
1154 4495 78
271 783 92
2394 4254 16
471 1817 30
3421 3388 18
1154 3715 38
1544 2598 80
3037 3060 27
2500 4276 14
4338 430 19
4353 105 67
3194 1510 48
1458 2537 74
4329 4235 56
2208 1544 59
3107 570 32
1998 4011 92
2420 3840 59
1899 4254 91
4188 1069 32
2968 4052 77
3561 2567 38
4330 2774 64
1000 2714 15
2043 1344 23
3468 1847 85
52 849 29
332 1934 35
2929 3186 10
2978 4388 76
1174 2790 10
1455 4431 54
1825 1419 17
1278 106 30
862 4266 49
4186 3755 95
4486 420 82
2741 18 30
1959 4481 16
3974 211 57
4033 497 92
3561 80 24
1669 4240 71
1997 2069 98
449 3540 96
4335 370 85
277 1612 41
4398 1184 29
3129 1451 37
2091 4182 69
4275 2092 79
3395 4390 59
143 1921 27
2559 2327 49
3108 2276 47
243 2026 89
3623 2117 88
374 4237 70
3809 4479 59
2180 358 21
3924 3464 66
4051 1770 23
4399 1904 17
2380 3775 61
3185 4127 46
3473 7 19
3923 2778 11
1167 2946 72
2737 2161 98
3950 362 36
2142 3700 42
3333 727 49
1366 2323 88
2213 2910 16
1165 287 82
1703 146 30
2823 2529 74
3882 2573 95
3054 220 33
2752 2174 38
617 67 79
3102 1300 13
2489 3295 62
3430 3721 71
2716 3044 28
4479 1788 76
779 3432 40
1542 3164 79
2119 3463 69
723 3717 67
1880 4201 75
1570 2296 87
1576 1549 51
389 4228 33
714 3552 49
3855 3740 64
2318 817 36
1170 3481 51
3320 959 32
3192 594 29
334 1922 94
863 3377 52
4403 1099 80
2912 2129 74
1358 1683 43
4369 21 42
1552 3079 98
2586 4224 84
772 2953 47
3266 2225 82
3724 4243 74
1153 662 90
259 712 59
926 684 35
1565 3034 42
304 95 98
723 3684 14
1289 2535 42
4425 196 64
3520 1649 13
173 1807 75
3902 3663 89
561 2744 12
2605 3407 72
893 873 26
4237 2526 63
2874 731 36
2193 3208 26
1482 549 37
504 1989 52
552 4329 31
921 3855 54
1411 1188 80
3494 1761 48
414 357 84
777 3993 48
273 455 64
2025 4033 98
1367 1620 96
2753 1928 16
2151 1605 77
254 4120 97
2355 411 54
4233 3275 78
2835 3315 18
3121 953 50
593 2440 16
4258 1893 10
4481 866 42
2287 2069 45
104 4184 44
1747 4222 89
1755 31 10
1877 3250 81
1762 3675 57
695 1488 43
3843 3738 64
1564 1920 88
1115 2270 69
521 1154 51
1690 188 60
2766 2123 99
546 3256 99
3927 4490 25
3401 2563 76
3560 121 66
2809 151 10
3045 283 25
2965 435 21
2406 1868 67
3093 1056 62
4090 2835 31
3668 1399 50
3303 2431 65
3872 771 16
2932 3353 73
1212 3802 59
935 1862 68
4415 2145 38
3882 1137 65
3354 2674 54
543 1774 26
3136 892 88
3405 1367 94
184 2148 22
2225 1166 53
708 761 27
2591 845 31
1988 3965 47
1553 3754 59
2211 3378 74
2301 4469 84
2576 2281 79
658 3011 24
4271 2504 95
2873 1363 76
1685 3279 55
3142 4081 25
1782 1333 93
2614 2953 28
890 4394 52
839 3782 18
2137 1768 10
1622 4356 42
2109 2454 10
3964 1640 82
605 1858 31
1370 1917 15
4450 3521 82
952 2715 51
663 812 55
2893 3769 45
3232 3509 36
2723 1553 35
3935 508 96
455 2017 65
3694 1368 84
3788 1008 48
595 4303 99
2178 2778 97
379 2030 53
4457 1741 65
1864 736 88
2940 954 40
3043 3103 36
2019 4359 59
2122 952 26
69 3968 72
1851 2079 54
3798 328 56
2950 316 68
2751 3908 78
3568 3913 33
4242 650 44
536 1263 55
1728 3167 60
4265 2608 21
3312 1850 61
4304 666 37
3561 520 62
1774 1594 10
973 623 62
2860 232 23
1474 729 13
1768 2353 19
1809 1539 80
2013 4383 93
3527 1295 33
2595 1199 90
3952 4249 75
477 3710 73
3657 2558 63
3664 587 18
1186 1472 62
3445 1239 63
430 915 19
817 1831 38
1876 1061 45
2416 4377 25
711 515 92
354 730 82
970 3776 51
2087 514 64
1427 1501 29
3570 2245 95
259 943 95
853 425 87
1111 3218 23
2818 256 87
3340 1985 10
762 816 85
158 349 94
4241 106 10
3444 1586 98
3112 1753 81
2314 737 56
3519 3976 51
2511 749 26
3106 2002 17
4182 1440 69
2899 4382 69
1779 2098 61
4356 1514 21
1850 2721 41
28 1270 45
521 608 91
3411 1786 87
782 51 95
89 3421 69
1649 2347 63
3602 3201 88
3908 4322 98
4198 740 69
3183 1179 52
3547 2866 43
4196 2826 50
807 2905 45
2324 1421 45
2389 2608 26
322 444 21
3559 1951 18
4249 3523 26
3993 2419 44
2125 4452 91
3613 2490 12
432 4426 83
1639 360 38
1950 902 31
4010 81 39
1869 2817 65
2106 1540 44
4006 3374 23
2745 1614 34
1508 1530 78
2222 3313 30
3863 4001 27
534 4213 81
1380 2589 67
3550 1505 26
2066 501 60
1759 3900 89
621 3271 47
1424 1037 16
748 181 21
2642 899 98
2969 3967 16
2773 502 22
3702 1929 26
2212 1876 13
1311 332 50
244 3742 95
2548 4299 38
2014 1004 99
4467 635 92
2781 4215 40
1020 3967 71
3310 2264 80
3382 2284 92
4211 1740 19
3425 628 17
378 973 63
2942 2529 62
3124 2871 28
674 428 31
2269 2011 94
4269 620 37
2185 2580 65
656 947 84
1435 1782 58
1454 3241 29
1713 306 53
1950 3000 16
72 927 40
1465 1541 97
2958 1148 39
2027 3818 41
3298 471 83
693 1866 93
376 2137 69
2657 2832 53
3119 4112 87
840 3761 75
1635 2203 46
3172 1608 66
3927 1343 28
460 3534 85
2136 1642 36
1503 3391 30
860 2391 31
3767 3086 78
1866 842 34
4041 3415 78
2422 712 76
161 4325 87
836 1026 61
200 1206 68
3031 1578 49
3321 2482 84
4417 2151 12
689 1527 54
1560 3233 86
475 3430 75
3420 4155 72
3025 4328 57
4124 1552 47
1528 4135 98
3599 1522 57
1283 3086 36
827 4482 53
2677 1879 48
2713 4271 71
3699 633 47
2190 2920 42
2632 1476 58
4167 2586 11
3475 956 73
3908 1591 88
2688 693 89
2357 4469 72
138 2765 49
424 4192 11
1496 319 37
2824 2786 52
1392 3050 25
4198 3160 77
2181 1138 73
2346 2483 46
4066 2142 17
3215 3862 13
258 4143 39
893 2453 41
1495 1845 92
2995 1019 87
2416 3361 15
1602 3339 30
2835 487 61
1001 2864 21
4367 41 33
2430 235 50
1798 1890 45
1100 691 28
406 2603 40
3251 772 66
3510 2929 99
1016 1881 63
1753 346 74
2532 1877 55
1931 2588 42
795 2405 15
3464 1979 76
2367 1121 83
3240 4131 20
2286 2865 68
1338 3364 78
4324 1091 96
1313 1330 22
1174 1126 49
1099 4462 21
1261 87 82
1811 2528 97
3339 4483 81
2496 4481 100
3945 2317 95
2543 2846 70
570 2831 90
1712 679 13
4124 3805 15
1215 2734 82
825 2775 41
3376 465 12
4393 2041 62
1309 2728 19
1738 2519 87
356 1200 14
1301 1535 88
249 1434 46
69 2540 18
1262 2988 69
223 2481 36
418 893 33
2669 535 54
1375 1133 81
2133 4036 25
3236 3093 50
1596 264 75
3666 2777 97
434 4201 51
2410 4226 82
536 4335 78
1497 1670 74
939 2729 63
2852 897 76
364 1986 70
2604 449 14
3001 3804 89
681 3338 29
1404 1901 70
4405 1626 38
2368 1528 22
1168 768 26
1113 1853 99
2134 3236 82
3964 2234 73
2056 474 43
2603 3014 71
1739 3559 13
1516 3030 41
2317 3488 25
88 64 59
3668 2428 56
3135 3749 37
1098 1252 18
446 3303 28
1343 4009 82
3935 4403 74
3369 3884 44
595 2720 90
1481 3468 100
2364 4043 26
2898 69 25
982 270 67
2397 1394 33
1087 371 40
2539 1011 21
1073 2564 26
2609 1089 62
4303 3945 64
301 4244 32
2920 1181 11
1448 2366 44
2647 3603 12
1841 2591 72
662 1341 91
2502 3682 52
1868 1184 36
926 3171 63
4201 666 12
3981 3688 95
2213 877 18
3691 3224 73
493 3308 55
1569 4210 15
3272 1035 100
806 4131 74
608 3261 49
2089 523 99
3853 1175 49
3037 1855 24
3767 3644 14
274 189 33
2988 1778 73
3859 1205 11
4187 564 94
2852 4016 66
3231 3478 15
1858 1074 48
2002 3370 97
2777 2457 32
3181 288 54
55 4492 17
2451 3693 10
446 3301 75
2761 3228 54
3449 2389 30
3011 957 50
65 1675 97
4492 2442 74
3929 1932 15
2022 2842 16
3732 1849 30
1532 3004 28
160 1576 31
3354 2313 69
4079 1939 81
1574 3581 36
2469 114 67
157 782 72
4014 3497 57
2574 1521 21
380 3445 10
4150 3963 71
2639 3953 52
1445 4004 15
3489 1976 11
2066 1900 28
1758 3883 35
3232 1756 84
3357 1865 24
3015 3373 49
130 890 70
194 3303 83
3777 2471 69
3979 1285 29
2677 1736 48
3338 3440 76
1528 3433 84
14 3606 71
952 4053 52
3931 1957 27
883 2178 96
821 2015 86
2073 370 41
263 3120 69
558 1966 52
433 3130 78
1005 719 76
665 1897 34
979 796 100
75 565 61
2143 2138 63
2384 43 82
3338 223 85
2021 4246 87
4170 3245 77
3802 4306 48
3909 2803 21
1445 2315 43
3311 2137 42
1639 2666 64
818 3406 63
4021 2416 17
3185 1519 10
2179 1488 15
2191 4147 87
2648 2473 41
907 1281 83
3574 962 66
4142 1945 45
386 3025 39
1555 4177 51
84 2379 62
1426 3580 18
3986 3225 42
2556 956 42
794 3026 18
2371 4043 47
2891 2938 76
3855 1485 63
1412 1769 81
3886 3286 84
473 1642 32
96 3939 68
1988 3186 34
2875 459 70
3779 487 43
966 4103 59
343 2047 13
522 4458 46
4057 720 48
2678 2471 68
2509 2639 97
2417 2288 61
2432 4317 76
3397 2511 31
2399 4046 71
3494 181 18
1422 1974 89
2691 4165 11
3990 2447 55
1215 261 87
4032 2552 27
3688 3148 69
4005 1100 16
754 2284 62
4139 2717 78
471 330 18
4376 3171 13
236 4264 43
2970 3104 79
2049 623 16
3370 3430 45
1103 3405 28
4364 4310 22
3656 2734 62
1930 3399 65
3859 1381 46
2151 2465 34
729 3215 68
2668 282 49
1916 1173 38
1171 3191 75
3668 2512 66
765 2542 35
3932 2627 73
2146 1188 54
1286 1836 29
1020 2561 33
1043 38 42
54 91 91
605 534 44
339 509 99
4274 3452 53
981 2469 62
2182 1886 96
2481 3403 78
3265 3967 79
2211 4487 88
2015 490 51
2298 1201 30
3589 1131 34
2230 1109 59
3803 2416 71
3834 334 67
1784 1861 28
4283 4218 52
948 1924 50
1198 4155 73
585 1370 59
3336 4163 15
2051 1310 76
3231 1469 76
61 3514 46
2563 2066 27
3749 439 59
3058 2364 17
2886 4267 94
4149 143 93
786 1093 63
2581 2985 13
1431 1621 26
393 456 79
165 1897 89
4429 1719 78
3181 968 34
1911 1887 30
2577 1605 17
1535 4231 46
2892 4302 25
2909 2603 95
1241 1473 13
3056 2574 25
3063 1224 97
2430 4424 59
4067 4040 37
3025 1227 31
1253 2155 56
3763 3525 28
2622 1493 70
325 1457 16
2166 3926 82
4246 751 78
1708 4433 32
4462 1197 55
344 2117 41
1839 3700 44
2326 2888 99
1529 2321 85
153 2834 22
4407 1002 54
4005 3478 79
2294 2061 80
2932 1459 59
4171 3451 86
4022 14 33
2645 2556 52
515 2388 12
1308 2749 72
455 3143 61
2282 152 64
1409 4011 63
4270 1014 22
1918 1017 57
3946 3586 75
4368 175 49
3105 2438 44
4429 2639 62
509 1620 94
1517 3241 12
1966 3414 18
3021 985 97
1436 4397 77
2659 98 88
3444 2700 69
3008 846 71
396 668 74
1580 245 54
1224 2124 34
3359 1739 95
597 4221 70
2016 2875 17
206 4406 50
1026 1591 97
3243 3932 39
4204 193 90
1339 1070 53
1143 4070 78
4282 2290 48
3280 4379 30
487 4349 16
2840 1278 46
3813 1447 71
228 1939 74
2567 999 12
2966 2525 20
1459 2517 94
473 4418 72
2365 2200 97
3797 166 57
543 957 19
3776 3277 98
1524 3002 55
1353 804 31
101 1590 44
808 4318 71
2174 1904 72
1449 4146 85
2163 2341 74
1473 2067 64
4284 4329 78
3719 1679 100
4032 1258 87
363 2433 73
2337 980 90
3506 1470 61
1532 1990 77
2330 2012 90
618 4486 42
3851 232 83
906 1585 14
3791 2661 19
2297 3113 72
3695 1592 38
845 2483 11
3247 3366 98
392 714 95
1879 1160 90
331 1516 81
745 2760 53
1171 2685 77
3025 1860 61
1111 2220 15
3742 2784 33
1870 573 89
1920 48 24
2658 1212 27
843 2495 89
3496 3935 59
4369 1466 64
1207 1835 14
3069 3872 88
2238 9 81
4492 2822 49
4202 1327 66
1611 2764 14
460 2887 37
3181 246 84
636 1234 77
303 2080 58
1104 4115 89
4462 1799 11
193 1641 51
1936 4294 36
4316 2091 26
1805 3964 27
2542 3143 11
506 1581 63
2841 933 93
938 4037 82
4429 3340 90
1449 2827 37
3444 3154 91
1536 605 94
4348 1622 51
2254 3635 80
678 4416 85
1342 3186 74
1912 3504 78
2800 1629 88
1531 1955 21
3647 2034 43
1843 1871 47
1592 4087 56
3153 766 27
385 4467 73
457 3815 86
2212 1291 11
2833 2259 68
3817 3147 37
1341 4188 50
640 2465 95
1440 1614 21
3466 598 90
907 1427 83
146 3820 23
3966 2009 29
3676 2749 35
4407 1965 84
3298 3471 76
2184 2252 65
2645 1306 22
3093 2045 12
2752 1889 32
292 3703 51
2109 2809 39
2687 2919 63
3683 3116 37
1916 2205 59
2627 3578 95
4260 180 45
3780 2142 57
2857 1486 44
3682 1754 67
275 1434 11
3837 951 20
3564 3043 59
1079 4322 21
3300 1166 73
3879 2474 96
4163 2327 75
2080 67 13
2886 1321 50
2579 2311 89
4092 2723 46
4314 4305 76
426 1315 83
2213 3346 86
2450 3481 67
3281 1384 47
381 84 61
1930 4103 43
1494 843 19
1917 4434 11
836 34 43
2926 403 98
2367 932 86
1469 1279 63
1336 3577 56
1348 3418 96
3574 1684 32
2657 33 56
2970 2407 94
786 2789 34
2588 2025 71
2347 2905 67
361 2706 88
3934 3208 71
314 2281 46
2317 2315 60
1651 30 91
856 1156 23
3718 3785 78
1689 4075 48
2106 1689 30
3387 1739 47
3219 890 72
1174 817 94
3342 3123 64
1213 990 48
2290 4041 44
800 299 28
3851 577 94
1768 3954 12
4087 2669 28
772 831 75
652 2251 53
1613 3917 86
3879 81 94
852 2945 92
3559 2740 11
2946 931 44
756 4346 55
668 3784 26
1542 1291 64
3126 1798 77
2738 4055 48
58 3846 53
2664 541 89
3634 3090 89
2905 1352 65
2368 2843 30
1379 3964 97
896 1971 74
2249 2133 21
3163 1425 90
2424 3228 81
1579 2316 60
826 3064 85
1179 2349 44
4122 1936 74
1402 2054 58
2392 2233 31
2384 700 84
3861 3760 99
2659 765 43
333 1875 83
3142 2669 62
2164 1232 37
4393 48 85
2293 1149 98
2701 3666 11
139 2108 87
1303 3189 72
186 846 96
2544 1604 100
2481 3193 32
4221 383 67
3331 4220 36
1114 626 56
1475 1671 31
2464 937 50
925 1437 66
4131 640 21
1546 3828 55
1882 795 74
3148 2066 53
2901 958 39
4115 3679 99
1512 372 76
3043 4157 41
2125 1486 63
806 3974 56
697 2015 60
1750 692 45
3802 1181 41
366 3987 65
159 2752 73
3889 2929 98
516 240 10
4150 3250 10
3317 381 10
3672 4206 94
1783 3112 27
2946 1294 62
2799 1595 38
3561 3130 37
4266 1342 96
2859 2306 74
498 4254 24
2946 4100 27
3947 1658 31
3585 1151 40
2437 2796 80
3870 1712 50
4206 4212 58
2628 3163 78
1997 2012 67
4140 3853 30
964 4080 89
94 2025 44
1808 3957 32
1643 3433 16
2897 1340 97
3810 3473 70
4075 675 16
431 1436 84
1312 4177 26
643 3287 45
1803 3103 46
1519 2610 61
4000 176 93
1184 3782 28
2196 3535 26
4243 2682 58
1241 3746 78
1878 1439 88
4337 150 57
3681 3496 34
967 3229 69
3254 985 88
2864 3401 67
283 955 87
3152 2074 22
876 1795 30
714 3963 14
4313 1507 63
3684 2149 35
811 3379 58
3312 1037 80
2210 505 70
1552 617 77
2629 4312 44
21 3354 71
3002 2842 22
2684 3759 56
829 3517 36
2143 2041 68
1878 58 50
61 1840 21
1552 3935 12
587 4358 100
3270 639 39
3975 4455 26
4090 2379 15
3087 1946 53
999 4427 36
736 808 16
1324 256 15
3968 3098 66
442 1936 35
2136 1216 97
819 113 81
2072 2331 98
2350 4203 64
1487 4169 65
1848 3139 87
1064 344 79
467 3465 69
2844 1724 12
530 2879 52
614 2572 24
2638 1003 68
4438 702 34
120 2402 70
2177 117 40
276 3799 65
1101 1285 56
698 1750 93
1584 273 73
2065 2173 43
235 1635 59
3406 2910 37
1407 2625 46
121 1819 35
1798 3644 53
1823 2695 86
1210 1556 22
4068 3403 19
439 1224 32
3147 2562 60
547 3065 100
1249 2683 91
3671 1758 55
3524 24 39
1627 58 68
3556 3824 29
2077 3387 38
906 3025 18
1562 2807 26
1526 4228 99
3918 1203 23
4166 2346 21
1185 2760 92
787 34 50
2265 2636 11
661 1766 75
2293 4265 92
2104 700 69
3824 906 17
1948 926 56
4151 3678 17
769 2946 14
1614 1389 21
693 4497 40
2710 3519 26
1281 1577 19
523 980 48
4350 4276 45
4212 1111 85
1631 1883 55
1227 1942 67
1376 2949 27
1409 93 80
3691 3755 72
454 3289 17
1200 4405 54
3386 2637 72
1536 562 45
3200 1037 11
316 2054 77
3970 4324 86
2834 1073 29
890 3021 100
459 3240 80
3236 3773 48
851 2081 14
458 1276 67
4126 4305 67
897 3325 50
4451 4457 13
683 3027 31
1277 2003 87
259 1550 48
1298 3484 78
982 2619 74
4493 4409 39
1536 2358 72
1271 698 39
3219 1299 96
1578 1675 65
1544 2197 97
3258 786 33
1033 3465 31
4240 498 83
4306 123 56
3127 768 85
688 2387 90
39 1565 50
424 1997 94
1723 1396 63
266 1910 59
1573 2510 69
719 2141 20
633 4154 52
22 2705 52
536 1774 81
3183 1533 63
1566 1008 95
2580 1167 19
2479 1402 83
4302 2935 45
972 1384 43
2934 3728 35
3281 2557 66
1023 377 70
3994 1080 39
3458 3284 50
1338 2815 58
39 3963 99
2484 407 100
371 3554 69
1354 2576 36
4364 253 39
3977 3415 86
1143 3451 37
3891 2115 51
697 2350 49
531 3274 46
4273 2648 81
3188 4454 36
2063 574 94
3310 3457 100
3716 1107 73
2844 4036 10
1821 3206 85
2173 3385 37
3073 3630 91
2367 40 25
3847 4349 74
821 668 99
3211 4412 64
114 1211 43
4239 1680 13
2561 2044 77
3822 39 74
1002 3535 30
2308 1459 81
1260 1384 19
1027 286 36
395 2385 62
779 3494 54
3844 1175 72
2141 272 71
459 2055 68
2789 2954 60
2976 3708 88
1022 3262 12
1571 685 71
4306 3792 91
860 3912 84
2545 3569 56
899 309 89
1981 4011 27
853 1702 30
1286 1005 45
1728 1662 56
1771 588 35
383 1915 56
3568 4459 46
976 2330 58
3865 582 15
3051 1361 83
1699 387 99
3846 392 51
2825 1676 69
1023 1338 72
2750 3478 24
2890 1472 16
2403 4260 84
2774 4252 75
2694 2975 99
1033 3593 36
3897 694 14
4366 1243 73
26 388 88
4472 1481 81
2502 2813 89
3 4371 69
1381 3573 30
1445 509 82
3674 2851 27
4055 2021 86
545 4274 69
1337 2595 99
3620 1089 54
1821 4393 43
632 2323 19
1365 1152 40
2858 3361 84
3986 3199 67
1029 465 17
3896 1453 30
2312 931 47
695 1780 13
4071 492 99
1603 3407 65
4399 4142 92
1699 199 48
528 1173 63
1902 1349 72
4014 3965 84
2217 1007 46
181 723 49
3400 3023 31
3182 901 18
2626 542 79
133 1469 95
1514 1477 51
1286 1094 93
1408 3050 80
2224 3777 40
1800 2780 50
2796 3778 23
1502 2465 71
2087 3718 77
3213 2303 63
2412 1545 84
2831 3484 52
2814 2512 78
652 3756 86
3846 3260 33
2045 62 91
1353 4121 64
2230 1263 60
36 898 95
3527 4481 33
2276 2762 55
3643 1450 49
148 2012 77
3350 4404 45
1596 3176 28
1535 1254 16
4082 2468 100
844 4024 48
3307 1680 16
1002 2682 32
2254 3096 22
2375 2818 14
2474 3809 78
205 1992 62
87 3863 81
2356 2360 50
2854 4024 81
2540 3380 10
2385 3666 70
2887 3222 59
2319 792 42
1846 237 10
2653 2798 25
1098 2307 70
2153 1752 56
2832 2747 13
1930 2113 26
2045 4211 64
3732 4376 36
1026 657 51
1193 211 50
2827 3735 64
3041 1596 30
2016 310 63
3484 3806 83
3449 2645 65
505 0 15
3770 652 45
694 3203 38
1346 637 64
486 1659 78
1437 2623 22
2403 1391 36
3370 412 46
785 2270 57
3104 3679 20
192 1860 43
4149 4 79
2720 691 71
2494 3515 25
1659 1310 38
784 1319 81
3183 2795 24
1399 3341 64
357 4115 89
2421 4100 11
3882 2526 99
3687 2786 73
142 1677 30
941 2866 61
1995 960 97
2126 1988 32
2092 3798 41
1509 853 55
2658 3747 51
2985 1833 34
428 707 97
3358 1096 49
3966 1700 69
4046 1677 44
40 1420 39
58 3888 84
714 1462 36
1804 1531 11
1719 714 16
44 2549 55
513 1670 93
4198 945 81
3530 2216 82
1857 2672 82
1594 795 51
4354 1251 89
2287 565 10
3161 4407 92
3443 2227 55
3507 4395 90
3639 3591 67
4128 801 59
921 1699 42
1240 1820 24
4343 1779 47
1072 820 38
4240 2590 36
58 134 71
1764 3159 100
3274 524 89
686 2668 98
278 98 58
1693 3711 15
4279 1237 16
2774 3627 52
2379 602 61
2853 1753 53
315 2121 92
2428 3906 30
1429 1824 79
3547 1026 84
1144 1147 27
1644 4466 42
2606 2188 83
851 1717 87
786 3633 85
1845 1320 90
1628 59 44
4259 2555 22
720 3307 76
3800 2859 58
3765 2403 93
2537 3446 39
3151 3830 28
980 1810 82
1371 471 16
1469 4093 90
1300 153 94
3728 2933 54
2219 3699 20
1055 3879 97
4324 2975 30
3293 2254 13
3384 4220 23
2220 3169 44
45 2772 11
1640 2489 30
465 2954 45
4314 1277 44
301 2374 25
3141 967 83
2454 2948 93
2809 3039 26
3375 1175 55
1395 3654 67
4422 1138 42
1591 33 42
611 2031 82
988 1227 66
453 3097 17
1116 4432 69
3605 4438 42
3286 212 67
1886 3295 27
2071 4321 72
1478 2981 12
1221 1445 18
3001 1996 70
3938 595 47
2717 2220 80
4147 1351 32
554 3777 10
2387 518 52
2999 2766 100
3981 795 13
322 1229 80
1831 1293 74
1335 3629 18
2025 3438 68
3041 1229 59
3661 4273 31
3400 1132 26
1974 556 62
4034 887 97
2863 3592 53
4177 1941 51
547 1967 66
1977 2201 59
927 4070 92
2074 811 24
3112 3671 13
3668 306 11
1392 3533 90
2418 721 19
1924 784 75
355 2589 100
4496 3397 78
831 3380 84
4173 1691 77
3381 4310 41
432 438 24
357 1527 99
3521 4384 34
3701 1915 60
4151 2151 78
1362 2934 85
3348 3030 93
2858 2542 82
2439 4496 76
1210 1346 40
2309 725 18
475 1979 46
2982 2642 61
155 3888 12
1111 1149 14
2225 2852 71
1406 577 86
1035 3979 61
1280 1888 41
1008 3025 73
2006 3010 27
3924 4495 31
733 2875 94
4435 1175 85
3063 1897 62
3102 2110 82
360 2126 88
1811 4282 78
2413 2394 27
3787 2532 69
3372 3564 30
612 172 94
951 932 42
2804 1723 40
4224 204 18
4062 3635 71
3408 2217 48
454 4042 77
295 3096 42
2095 1902 26
3548 484 85
1961 1755 23
1823 3871 48
782 2161 13
4070 2805 92
2695 509 78
1606 352 70
3413 1668 33
2150 3809 58
3338 2844 77
2627 2366 47
4110 4156 53
677 3997 69
1536 1619 77
2776 1939 50
684 3697 80
3137 1406 78
2683 2047 99
1258 2263 55
627 1946 45
610 1479 61
2366 513 15
222 3835 10
2937 2530 25
2318 3206 91
282 888 90
907 551 79
3900 3515 17
1882 2082 50
4357 2866 41
1215 86 46
3211 451 48
895 2753 79
2805 603 22
1649 994 59
1006 2556 84
1536 1951 85
2721 1616 74
3878 3858 80
2702 2704 93
3109 1709 79
3695 4258 52
845 3869 75
3541 4356 64
3061 3385 62
4048 3724 80
3001 3081 85
801 2549 90
733 2177 34
2805 3047 45
1974 1530 95
622 3519 17
640 2976 97
378 1103 50
768 4099 57
2412 111 96
1019 182 46
2745 2256 72
3528 299 10
147 3551 20
4048 4378 72
1222 1815 93
3767 3856 57
1025 1666 58
3233 2233 96
927 2597 37
1320 2286 58
142 2194 18
1297 3301 58
129 485 56
2901 1980 28
2668 1576 48
1743 2788 54
3572 1660 66
2588 2386 26
443 265 56
4098 4010 48
2320 3306 69
3243 3365 54
2405 1112 77
3886 485 58
198 2558 76
3683 2428 79
4226 465 13
786 4039 35
1936 4141 66
1768 1758 76
1620 2592 93
2987 469 30
4040 2976 84
2558 2898 89
4366 419 58
3401 1641 44
4124 2535 40
1527 3062 40
4411 3218 80
1157 2560 83
47 4314 97
1459 2819 68
1260 2603 93
2380 4323 93
4348 3510 89
4376 4023 34
459 1142 75
3692 4327 46
3214 4019 47
3715 1795 51
479 2187 60
295 4107 52
1937 3339 62
1518 366 28
4392 1429 17
2773 3689 76
1524 3322 61
4488 3181 97
3673 4410 88
626 650 15
2408 2391 79
299 1806 92
344 2601 80
3034 1911 59
797 750 10
1973 1125 70
2157 2973 40
2838 616 51
3002 1239 10
3701 2905 36
3168 1921 86
3483 1628 16
3406 2565 19
4000 2669 99
2607 873 85
2090 524 86
1716 13 28
1139 2381 100
4485 1446 58
1711 3258 99
647 516 84
2187 3542 39
3103 1431 20
1215 3320 56
4058 2867 24
1595 1959 56
3878 3692 72
2180 3951 72
2777 3533 38
1338 1514 71
2548 1475 75
18 21 18
1127 2482 29
1410 1530 31
2257 1677 62
1554 2587 75
3504 2873 69
612 1048 43
2822 3938 15
3703 4327 53
1725 2764 46
3741 2697 82
3078 88 97
1720 2858 41
1195 3970 28
1387 608 42
1775 4341 20
4196 2355 60
1865 3177 42
2120 503 31
4430 1950 31
1879 2679 10
46 709 83
3511 4166 83
4364 207 81
2942 1890 96
3091 2199 50
1186 3877 26
3909 1827 86
859 529 44
3991 3948 21
4449 3958 94
2961 3733 94
2753 2390 32
1272 4015 44
3043 506 98
1195 4067 31
2767 2197 33
460 183 75
3811 2748 63
1635 2479 88
3468 22 98
876 1734 62
2068 3840 52
618 4270 91
741 3917 99
2244 229 28
1457 41 64
3957 2598 21
492 1649 75
2096 2056 83
3306 2492 48
4043 3961 66
3555 1039 55
3711 4333 38
1632 2818 55
4195 3771 39
3740 1510 53
1409 1287 53
2955 1422 76
3349 2114 94
164 386 48
1926 2338 85
693 1899 81
2180 522 79
2595 1659 76
1700 4102 74
1408 1358 53
2288 2662 43
2344 2894 40
824 2233 33
4280 3537 51
1051 2106 49
2578 725 47
1236 3577 74
194 3098 37
3287 4177 64
1324 2062 82
2953 32 88
1835 3535 80
1328 1617 38
3506 2434 85
2402 1249 59
4185 32 99
1220 4208 35
3867 3878 76
2880 76 51
1928 572 40
156 3140 73
3076 2499 93
386 1310 93
4151 447 59
3309 1821 11
3214 2946 37
1260 1930 16
4273 1362 84
3108 3992 29
2418 1948 11
2870 645 67
548 128 83
3239 3154 27
128 3961 94
3308 2836 35
2418 4114 61
2760 2650 29
322 2591 79
3747 3650 22
3792 866 33
1551 865 84
3888 3682 85
2419 3925 18
100 71 26
4317 3306 48
3186 1038 86
1312 4435 47
249 2181 59
740 3648 84
1088 1357 19
3088 1879 29
1918 3457 54
3412 3765 83
3376 2788 45
3898 1142 48
138 4013 91
3149 3013 46
4024 522 11
1111 1158 51
1015 4283 85
3925 1824 48
702 443 49
297 84 95
658 1726 72
21 2640 56
2149 1796 47
3884 2150 22
3187 1394 18
1716 103 92
3168 545 73
1905 1560 86
1997 831 66
2965 409 74
3492 3870 92
2439 151 93
226 897 57
2145 3555 46
1469 3652 37
607 414 94
183 1114 61
1199 1223 78
1596 324 37
2014 129 14
1682 812 77
2533 102 25
2780 2078 92
1203 1110 52
942 1435 26
1286 4201 70
279 401 53
4404 1822 16
3895 3006 83
201 2728 15
3909 2793 30
3976 2825 46
2078 2239 76
2129 831 16
4272 3188 18
3845 4386 71
3171 743 70
2109 553 24
3723 3668 25
597 2350 80
3283 3899 15
1260 4130 92
3918 651 52
1330 3787 80
3446 2073 39
3856 3366 45
4257 3797 89
1208 575 47
2634 2981 49
3037 1729 18
161 4092 77
1788 1638 17
766 2877 15
1827 3544 20
1406 252 86
4290 3491 53
1918 252 11
455 264 45
2348 1233 90
2491 88 26
3619 116 62
3707 1171 39
1473 3196 69
529 3590 13
3551 1403 20
3235 2908 57
2581 1960 78
1366 2879 85
3443 1389 29
933 4291 47
2441 2255 53
3100 1547 29
4282 2121 54
1846 1920 85
1010 1239 48
2673 2859 75
1586 3165 66
825 2311 17
899 3024 71
1929 1193 11
644 3959 89
806 3819 88
2781 4329 39
2139 901 53
3585 4218 31
1378 2585 89
2692 4087 92
4443 3753 26
1571 2266 44
4261 2220 34
4139 4491 38
3903 2158 28
554 3577 84
1622 332 64
1045 1452 24
4047 1099 94
889 961 73
1965 2594 23
3464 237 82
210 2314 33
724 1158 91
2167 713 38
1411 3801 33
2439 2388 37
228 3109 57
189 2515 59
2937 3100 60
2769 286 71
1257 2115 70
2438 498 78
131 680 80
2884 3251 35
4145 2816 37
2707 658 27
350 2216 65
1259 1017 62
1028 3416 21
3910 2054 79
3036 1154 92
1598 3910 68
2273 1452 25
1633 3811 85
4125 1281 67
1958 4385 11
2178 3971 76
82 808 69
2662 2938 57
336 15 29
878 3290 92
2202 424 56
430 957 15
94 4303 80
4436 2984 86
3211 4352 58
315 2494 61
2202 1884 81
81 3436 67
4380 3895 77
2997 3286 15
649 248 92
4159 2725 17
894 1266 60
2666 4416 59
4376 72 98
3033 3495 37
4494 2991 30
63 894 11
8 1953 11
2502 2660 96
2237 612 79
1976 581 30
2144 3052 47
2609 2410 51
1238 3774 58
566 3057 64
1852 2633 33
2811 1844 92
1872 2644 88
78 1406 11
2516 1340 40
2880 513 40
3232 3507 79
3083 1134 96
1291 1755 83
1922 344 13
1574 2553 66
1986 1254 57
4113 1186 72
1104 1450 87
3362 3758 37
353 3134 87
3192 3457 81
1450 2970 10
4352 3986 31
3257 2126 91
2968 1995 58
928 3522 30
2289 931 80
4358 185 58
2973 4098 32
551 1736 69
924 3522 55
504 3490 81
3968 2759 18
4036 3828 59
4125 3520 67
2124 2864 47
4438 2408 77
936 3905 18
4174 2902 10
3351 3113 38
1059 6 50
4198 4280 11
2442 804 79
2863 2967 27
64 4001 93
2007 1653 39
2096 2442 32
2139 1739 62
4177 3267 68
3938 2694 68
480 2500 56
4239 2755 87
249 3804 95
2483 1551 86
3853 2259 80
4196 1305 86
3758 3149 32
3093 2237 89
3709 3926 16
4210 3343 62
788 123 95
3987 928 100
2065 932 29
3620 2609 84
4337 133 41
250 787 72
2394 3621 39
3676 3063 75
1444 3991 50
1855 3124 66
2448 3592 46
1748 981 48
123 2420 97
2068 3203 25
1771 803 26
1468 316 63
1229 1536 87
4487 2332 60
2569 3691 21
759 3352 52
2177 1650 26
2078 3112 22
4081 2733 24
940 2457 54
4129 2911 73
1121 2234 84
1295 645 27
2941 1153 67
3088 1821 24
1272 3924 63
2635 3059 33
2630 3175 19
3131 4380 18
628 2577 46
2945 945 15
1930 1947 23
2080 1417 40
1675 112 34
3194 2544 55
246 3300 37
2499 1597 42
2252 4244 55
2238 1890 48
1907 3442 59
704 3237 48
1241 1142 60
3726 906 23
2960 3906 17
3386 2334 45
2722 345 44
2378 4041 41
3678 267 29
3037 2964 98
2926 3916 80
57 1299 79
249 4483 59
1807 2047 12
118 1790 82
2250 889 17
250 2219 32
4008 1809 35
2845 200 37
240 670 98
4234 116 36
1884 3455 99
682 333 24
4173 2571 85
2402 2176 16
3345 3945 45
2497 2287 48
3448 1655 83
3351 4187 18
3059 1583 39
669 3230 41
4173 1080 51
3254 1333 35
3880 1529 91
3096 4426 49
2313 3076 15
2584 4461 25
3048 1595 81
3583 1253 32
2883 2692 95
3637 2481 62
3175 3191 91
2364 1181 63
1225 3623 55
2516 1197 36
3074 1487 44
487 879 79
4219 651 78
3251 1329 61
320 3010 17
1546 2813 96
3411 4498 37
2243 964 58
241 2573 11
1852 573 71
1169 1062 33
3860 1973 14
3559 1907 75
3537 3626 14
2297 582 15
1126 1116 80
610 3319 68
578 1530 61
1471 479 73
2238 1528 27
1610 1812 14
3642 1396 29
4188 173 99
2349 37 66
2771 560 14
4425 2316 69
1019 2232 70
1185 806 72
1738 554 93
1182 2844 27
1916 3152 41
1792 380 18
3009 4243 46
3603 1984 94
572 616 18
4120 1400 41
2779 2968 10
4136 1871 24
259 937 25
3447 2970 20
3139 3610 69
2406 3948 84
2764 523 91
2031 3879 14
49 3493 46
1695 1170 81
99 1993 11
3387 1333 77
2787 3539 35
3123 1504 82
3093 2078 28
2760 3129 24
1123 1767 37
4217 1667 62
3991 2347 46
740 1777 81
2277 3839 57
423 3709 23
94 2156 51
3618 2413 87
1166 1132 17
658 2035 75
900 4275 66
995 1301 57
4323 3215 100
2483 165 85
3862 327 65
199 3643 68
2314 990 36
3471 4122 45
4348 1660 96
1115 2287 89
381 2714 60
1993 3124 61
3023 2028 22
712 126 96
1920 1641 75
3986 2816 70
3480 3342 31
1870 1184 37
4233 2728 93
1543 268 36
3215 3482 83
2871 1328 48
2146 1047 53
1105 2076 71
2029 4232 62
3166 3269 28
958 2739 72
196 1584 11
240 90 51
2055 4453 74
1313 4248 58
2464 2070 40
2534 3013 21
1784 668 29
1992 4116 81
3728 1271 63
2493 630 75
247 2764 96
3498 3099 78
2856 1579 65
35 2436 30
3792 2730 97
2584 3165 88
704 247 32
2672 384 34
1710 2017 73
1245 4131 47
3233 4093 30
567 4302 24
3424 32 79
3501 3077 24
4223 2716 27
681 2811 39
4385 1250 14
3560 1040 28
3288 2956 98
1696 2653 96
3654 3701 23
2983 165 73
2778 876 22
2999 2437 75
137 1906 66
2335 20 21
1153 916 60
2456 1946 52
438 4314 87
835 2025 37
2637 4369 94
2546 4080 85
3132 3194 12
3011 547 31
3437 3390 11
1031 1668 61
1750 760 63
3693 1646 98
975 197 50
1908 1627 92
3720 4216 61
3467 640 95
4239 1918 88
4050 1175 16
2585 2861 10
2106 2786 95
2558 3944 86
607 3730 52
1559 1221 99
1444 1943 24
1548 3783 100
1029 3337 75
2211 152 66
765 3448 27
796 2633 89
3356 3923 55
3041 4374 33
4179 591 51
2181 2809 14
1077 2524 99
297 1587 56
2790 2625 37
1031 1434 59
3205 3891 18
2974 1208 56
754 3567 63
606 1112 95
1144 2775 66
1214 2431 41
3795 3090 89
264 4376 94
3689 2403 60
1185 216 71
3847 1451 59
2445 51 60
4003 1396 51
4189 1083 69
1447 2734 78
1819 178 50
1380 947 39
3223 3841 69
484 1139 41
1856 1366 20
3210 2767 100
3885 3792 99
1440 345 15
3646 3051 79
1542 434 14
2433 1379 85
1115 4072 62
767 428 71
2982 31 66
316 4049 87
208 4377 49
3647 4160 82
139 3694 98
1518 4375 39
778 636 63
2259 1892 30
4110 1909 57
2035 1556 70
2212 31 90
158 3718 68
377 2142 83
3901 121 61
2229 3710 88
1015 3973 64
591 2606 83
714 3636 93
280 3554 90
1331 2125 80
2922 1581 49
952 2435 66
1586 3928 66
1528 4432 34
1691 4362 12
2555 3133 91
3349 3302 58
4116 2071 76
3956 2231 41
4163 1200 71
3230 4289 28
4371 1910 52
2189 4141 90
1631 125 57
3364 3130 35
1968 779 40
571 536 37
1731 422 48
2924 2697 92
479 3886 99
3609 1047 54
3048 178 59
1155 4458 45
1581 4238 83
3877 2738 71
1007 2078 49
1211 4116 28
1466 2809 63
2374 2099 20
4250 972 88
254 214 11
3197 94 91
3331 3069 36
2345 4470 11
2695 2613 48
3627 3116 11
3610 2165 75
3381 26 56
2035 3542 42
1249 2549 35
3536 2625 24
1052 3105 41
1791 2095 86
4198 1248 90
1279 431 74
2458 1205 12
3365 4183 26
804 1782 54
1878 3195 100
4288 2494 81
2442 1168 83
727 3593 28
2280 3440 11
1561 3927 68
867 3764 74
4385 691 18
3778 1982 79
1562 483 37
2311 3677 67
1305 520 86
3670 2567 81
1131 2168 41
32 4199 85
372 643 32
236 2675 12
1190 1743 39
1686 3846 21
2730 1208 19
3900 3351 15
3070 673 56
4484 969 100
2645 2273 62
2830 844 99
1909 2713 13
3341 2399 43
1890 54 66
2974 3353 43
146 652 10
2453 1109 52
4039 3529 84
1150 1510 12
148 182 49
2657 467 51
3587 2551 20
3083 310 60
2542 4170 48
586 540 57
3813 438 75
3378 2934 59
4406 3686 39
473 1684 60
4093 2889 70
4070 276 41
2333 332 60
3506 2058 32
2287 3103 43
207 2353 56
751 2920 23
3140 397 91
357 3382 79
825 1784 57
4226 1366 13
4115 2137 99
1770 3793 44
1820 2936 13
1145 4348 35
3575 2714 54
751 3788 83
4006 1166 21
2777 1850 34
3578 1067 67
2550 1942 74
1469 4217 12
2083 3667 32
2585 1438 25
73 3848 57
2406 944 16
1210 923 41
246 2086 59
3229 3317 36
1538 2034 55
3779 960 35
1953 2969 32
533 2606 71
2685 773 33
1274 535 50
3255 4301 48
2134 1106 94
2594 48 89
2481 1209 15
3333 3153 62
3243 3719 50
1000 3882 44
3975 3960 44
171 2785 68
2446 466 12
2976 396 91
3017 1765 28
4236 1231 93
2261 416 11
3375 3814 41
1403 2612 11
1307 417 72
2366 252 53
1180 3854 78
1850 3838 75
819 2656 37
1989 1887 45
3545 1821 27
3517 3636 65
1881 893 92
2511 126 14
1737 3750 96
1044 3818 11
3280 811 77
4076 1119 29
4256 3687 43
217 1586 81
351 2141 100
1398 237 12
582 783 12
1411 1079 42
1523 2590 92
579 954 23
4470 1033 61
3268 851 13
1384 2767 66
255 1358 85
334 1761 12
1479 2097 35
2729 4470 85
1843 639 88
2532 3886 60
1318 511 94
4243 2401 47
3892 4010 50
3740 2384 31
3666 1818 65
1030 3650 30
3594 2785 92
26 3563 86
2125 3810 74
1165 3501 23
4484 2000 52
2779 386 60
2761 443 57
3789 25 47
3399 3368 68
1750 3022 26
1364 1283 85
2461 2848 65
63 2521 39
1825 1813 24
872 2531 98
57 922 92
3480 244 95
1849 267 10
984 3017 37
3921 2754 17
3586 2410 61
1011 2985 75
4308 23 25
980 1905 10
1880 3346 23
3337 2194 17
1251 388 20
4486 415 63
1314 1721 69
3246 3109 13
3882 1141 83
122 1024 84
261 1126 39
2896 1405 26
366 2896 19
1079 2388 28
2996 3784 100
4068 3117 45
4052 3540 51
3811 2773 57
912 2803 37
1611 4096 58
3797 4472 99
1160 3364 24
3908 670 36
3663 2736 40
2802 4013 99
3699 3276 90
2687 1653 15
33 585 13
3181 635 51
146 1173 30
859 3958 50
1778 3247 19
4237 129 77
1129 340 58
2215 1782 50
3891 4238 36
2803 3097 24
2311 4407 12
3479 2010 83
3961 2516 10
1577 2843 32
4003 3319 85
1600 3913 21
956 2483 62
4394 3704 87
3329 2768 99
2007 2713 28
84 66 67
2340 294 88
308 622 72
3140 2298 100
567 679 35
3609 2794 33
1021 3243 75
3497 3026 40
4319 60 97
3255 1119 81
2608 4293 85
726 162 85
1738 3832 99
1400 28 32
4185 3386 86
2449 3629 87
210 1809 79
2241 3213 65
773 385 72
551 218 62
1838 3025 67
741 703 96
969 950 98
3688 2491 78
3036 3429 21
3048 111 100
2789 1163 32
3403 2767 31
97 3911 81
3625 579 24
2215 3977 45
1357 3086 62
2234 3085 21
2298 1558 88
2797 2269 39
4420 1076 12
1126 2210 58
1793 188 37
202 3521 52
363 1471 15
2664 1071 69
3904 2604 78
328 1729 41
1876 3231 82
1010 1405 74
2015 97 82
1122 1506 70
86 2568 75
1630 2012 73
2668 3484 28
2505 2301 19
2082 759 79
2101 2111 69
3812 1255 14
2002 1104 73
1953 4378 35
3087 1859 57
1353 3425 82
752 339 39
2316 4092 53
2093 3609 32
3893 2907 29
3191 2397 17
3419 3107 13
920 3883 68
1734 2262 77
1152 1340 14
599 513 25
2865 2522 78
370 3515 17
1318 3391 47
3669 4421 96
3319 2343 69
3043 681 12
2483 1269 11
1376 3491 70
3802 2882 95
788 1018 42
4218 1441 21
370 223 43
3731 2609 77
1074 3872 99
1184 2213 96
1003 411 51
3677 3407 89
2976 157 19
1107 4015 57
3563 1063 76
1199 4014 20
2981 3093 13
2494 3981 92
1647 3013 59
3690 1879 86
3162 4049 95
88 4088 19
311 3475 57
2562 1081 56
498 3430 85
51 3370 60
3324 613 96
728 3468 12
578 3097 85
3800 3041 99
1763 4185 47
3316 547 53
975 1560 85
1987 1503 93
996 3448 26
212 397 69
369 412 91
3030 3869 93
3913 3497 15
3594 2047 86
992 1298 42
929 1922 60
2799 2395 98
4194 85 92
1932 2941 18
3497 3445 94
1338 237 21
1194 2502 94
4058 1877 14
3250 4097 28
2598 3944 82
4318 2838 91
693 336 95
2463 553 36
1850 3208 48
2573 1669 16
197 3849 56
2813 3947 66
1272 3685 69
604 1299 11
4433 301 84
2664 1822 70
3053 763 89
3081 3830 31
2983 1045 55
1364 1466 29
3927 815 62
413 2783 53
4225 57 88
3379 391 86
3654 137 68
1854 331 60
2972 3525 76
3163 1599 16
4423 3786 37
1540 2941 27
2655 2413 22
3283 3683 84
3517 1921 18
3747 3499 81
1111 4374 67
1077 3812 57
59 2620 24
1824 513 56
3126 3737 11
1862 695 75
3011 3564 17
2 1098 35
4231 1879 92
2376 3974 93
3469 4276 90
2621 2778 54
3897 3777 68
1327 3921 69
3010 2271 17
3593 2692 32
775 3237 15
3269 3492 76
394 952 38
2754 1092 11
4266 1185 23
2690 2894 100
972 2053 89
1183 2894 69
1244 1173 39
4084 246 56
3542 4483 35
962 3430 48
4202 1884 32
120 194 44
1743 3398 69
2187 3602 27
3354 2730 16
2449 4379 11
213 520 54
2137 2197 89
4315 638 88
1329 2535 23
2900 4019 61
4070 867 31
3519 4072 74
3797 221 17
4147 989 51
4273 2623 65
495 3708 74
4072 1141 65
3344 106 17
2213 1333 90
4264 363 38
1220 4053 53
2612 275 24
1640 521 21
3729 580 61
3640 2509 19
4055 2260 55
2103 2558 82
3792 1310 23
199 4048 93
1737 2856 41
4366 200 35
3041 3781 13
3905 900 58
4205 2323 63
4254 3662 57
1932 91 90
1540 1842 41
1496 3094 38
3384 3293 53
1139 2145 88
3097 4412 23
824 234 18
3232 3305 78
3206 126 63
2457 1266 17
3726 1854 44
1403 4245 17
245 360 82
224 3426 42
854 1884 20
402 1027 26
2174 115 98
2008 2672 94
99 54 39
926 1720 88
1071 901 54
1796 2362 30
2376 3451 48
3577 2793 46
3018 1342 58
4484 648 94
2051 3654 17
511 1031 46
970 2085 84
1770 3448 66
125 948 37
3634 4284 77
1890 3307 95
2479 3750 67
2579 2488 61
4290 3990 29
719 1370 43
4252 683 48
1780 4364 42
3829 1985 85
3384 3464 72
4486 3872 70
2756 3714 51
4259 3193 45
74 1486 25
1404 1823 59
2814 4481 47
2565 1866 19
3106 376 33
3169 1528 33
401 3164 59
4109 3580 55
3012 3718 71
1461 2169 33
2388 3569 10
4229 2270 24
1310 1898 81
2072 3889 30
756 2224 39
3280 3019 80
2160 3047 37
4470 4020 37
4017 4095 21
1800 2059 55
2035 2772 39
3242 1785 63
2553 4169 56
772 2986 86
1127 1118 16
1439 1097 73
3539 4052 12
2899 1552 59
2571 1034 34
3057 282 81
2422 4205 13
733 474 75
2245 682 25
1405 1365 91
242 3719 11
4198 1522 18
3985 4326 21
269 3781 80
2058 3541 59
2645 1766 75
4363 1919 66
2368 1181 83
3580 3521 32
3584 2798 23
3660 3563 11
299 3257 86
3255 2123 28
4160 3607 93
2934 1943 47
2700 944 92
3175 2021 99
3635 1946 65
3371 480 77
185 3474 90
4278 1741 92
2081 1382 49
609 4144 22
487 988 98
866 966 13
3584 332 94
3653 212 16
981 1880 15
3307 4056 17
1984 4125 21
756 917 50
4324 3105 53
2151 1616 44
2654 486 63
4343 836 14
687 2598 88
525 846 67
2518 2954 75
468 4067 15
3975 1196 43
4341 499 17
2420 4105 82
3818 3806 60
3071 3405 14
2880 1165 49
2448 313 82
3858 3040 69
2880 200 86
2692 622 100
65 3547 20
2628 2963 28
566 3022 69
527 2088 37
3799 1773 79
1428 388 66
3739 855 30
2582 4491 25
3587 4031 92
3366 2937 38
1556 2095 38
435 1743 44
2142 3545 72
2892 2700 27
793 1997 37
3506 3259 94
3411 4416 60
439 16 74
2693 1659 21
1294 209 85
3784 175 22
2017 1342 33
3190 666 54
2091 3269 68
1940 2475 12
399 2809 87
2154 1069 68
3183 655 59
995 319 86
738 2990 96
1058 1979 22
615 692 67
1202 1832 77
3920 2681 82
198 4013 25
4195 4320 30
4329 4113 31
285 646 73
614 1115 32
4303 1323 36
994 1825 82
637 538 84
3539 737 24
270 702 35
2819 4140 98
660 2805 32
245 2940 39
839 4016 34
659 1054 94
2889 1208 90
1746 1399 33
1618 2547 87
2062 1223 98
129 1053 47
2298 932 78
561 3193 44
202 3232 88
2105 907 55
1727 2818 92
151 2503 86
1435 3825 42
4206 4111 32
3598 4098 39
2550 741 99
4105 3958 90
3605 367 46
2101 2103 75
4179 2224 90
817 2384 87
194 2798 99
643 2125 73
4152 1936 92
1181 3901 24
681 2242 53
1968 451 17
26 1599 95
2133 259 83
2762 1179 96
919 213 48
1566 931 93
3130 3670 30
3998 4240 72
2665 4186 40
3290 1259 66
3009 501 63
4254 2243 33
1248 3723 70
2671 1679 71
3998 2528 65
1113 189 46
3217 4136 97
3580 2458 28
3906 158 44
3496 1447 94
3976 3165 20
1989 3900 78
1653 1873 89
2190 960 99
3430 3128 68
2596 2059 93
2850 3825 47
102 1573 61
3432 828 79
2582 4305 27
2526 3630 83
3237 183 28
3550 1680 62
408 4100 70
2437 3866 73
4321 1921 23
4094 3343 86
2962 3201 87
2666 2957 59
3230 2528 31
770 414 25
1417 2268 28
19 2076 11
1997 846 26
1418 4049 26
1308 2362 30
635 4106 96
587 2360 49
652 1625 74
1571 1257 34
2167 3676 40
991 1248 91
2985 2075 34
173 3800 30
1483 1588 17
4302 1254 62
3797 4079 59
1941 2225 91
1733 2631 78
2899 1000 75
3724 65 42
1554 1472 63
4184 4409 72
312 2875 51
4190 1408 25
341 4059 55
475 1147 59
2286 1248 92
3334 4366 61
2197 2565 32
2982 3371 77
3276 4338 71
1674 699 91
83 3928 84
2662 3051 80
2122 2804 40
3148 2981 61
2228 2758 18
443 2153 72
948 161 66
3954 1416 47
3404 4423 72
2165 3459 69
1407 2863 32
2081 2976 23
2363 5 45
314 2298 58
2570 3355 15
4192 750 55
1594 3468 36
2778 1255 99
4160 3330 59
2563 855 26
37 3993 39
2691 1013 41
2807 2137 97
1019 3590 31
4345 3511 20
656 2117 17
4013 1434 59
4388 4439 33
1652 1189 82
238 2466 34
4068 1507 50
974 3753 22
3752 3486 34
1189 3796 11
3967 2141 16
2458 2236 70
27 47 95
293 824 95
1300 974 68
761 431 28
3034 3999 87
324 2356 85
4099 1369 35
2301 931 40
3984 4066 51
1187 1954 83
333 318 87
636 4442 49
4044 1691 47
623 3059 45
2234 553 35
3731 3151 91
2192 2746 39
3652 0 59
3300 3819 46
869 574 36
2475 2249 74
316 3307 92
557 3924 13
3786 3141 65
3283 3957 100
1311 2121 39
913 2408 37
1299 1523 53
4154 692 35
1228 4127 36
2091 3080 94
4101 3789 30
3982 3886 86
2905 4428 93
3405 831 69
1541 4358 60
2883 1219 31
3286 4207 31
4234 212 91
3311 1855 73
2767 1936 78
1530 3941 47
3004 1339 74
4189 95 68
3709 1003 37
63 1402 92
1209 463 100
4409 1225 21
996 362 17
4189 3933 62
731 2583 47
11 685 63
3814 3901 56
4129 1596 36
3670 2882 55
1071 2221 92
1317 773 68
4247 1990 34
1213 1594 90
2672 907 15
4287 2656 78
3857 3931 46
2804 4054 86
2400 1825 31
3632 456 77
3437 3389 59
3496 3705 46
985 3690 68
194 3968 91
4232 364 62
4475 4088 26
3691 3720 40
2030 131 19
2674 645 62
3829 455 28
3292 3389 63
3219 1835 54
2160 1598 31
3648 3522 35
1400 1185 90
2993 4318 48
3633 4453 20
130 4021 48
4126 1252 100
267 2073 40
1495 332 65
3960 177 34
1139 3283 89
4410 282 97
93 485 98
59 2044 52
3248 318 93
2074 58 50
1485 1627 24
1050 1820 46
3800 1865 24
2229 1290 77
2221 290 92
1746 366 57
4291 1250 80
3883 3400 86
747 2157 22
989 3680 28
4245 3384 12
1327 2293 62
887 4393 17
4024 2864 21
3494 3578 20
3547 295 20
4449 1889 87
2059 3246 80
165 257 16
2851 1553 43
328 549 57
2345 1271 49
3078 317 33
2062 1947 29
2965 3694 37
3218 1117 48
2321 632 100
3586 2576 98
1355 2242 68
3602 2372 65
1713 3697 12
3583 3425 99
327 3181 26
439 2466 95
653 1086 94
3423 3090 24
2459 1562 69
2620 67 19
175 2298 53
1898 465 92
2194 3325 33
2544 977 95
3623 4381 66
3538 889 93
1637 1618 97
1511 611 33
350 4273 10
3448 3072 70
3870 4065 41
2318 376 48
3510 1378 80
891 4095 45
2945 454 47
1747 492 77
616 3449 89
431 3949 14
2220 535 71
4044 3096 59
1422 3893 46
4267 3806 12
3126 195 96
189 472 53
1309 73 20
319 2707 22
123 3245 61
1330 1496 99
1911 1836 52
1130 2290 49
1113 1048 79
4371 2200 95
1508 2282 43
756 4033 49
2313 602 88
2871 2094 84
4361 845 37
3219 4239 64
2733 3731 66
2550 3181 59
1338 1918 11
2703 964 55
290 4473 44
2367 2108 32
283 319 90
1606 3023 68
1150 2135 91
1011 3813 55
642 4316 70
533 3362 46
1731 2260 84
3020 2671 32
1125 1890 17
1126 1315 10
2748 1242 70
3463 1670 100
326 2903 23
184 1626 60
3423 1113 90
2021 2301 26
2990 2476 41
2436 1335 80
2535 3051 43
3440 1496 63
1188 1602 60
1073 3975 36
1024 4373 66
4202 1277 82
3853 1109 33
637 2037 95
1278 3136 71
197 3710 32
3452 998 92
2952 1741 80
2915 2384 84
2620 4394 32
4087 653 95
2758 3555 17
3085 3766 82
776 2177 40
456 2786 40
2786 3098 45
2783 4145 96
1214 1341 90
1409 2796 58
302 3683 62
2832 2894 21
2906 715 66
3839 4015 61
4426 2723 47
354 2143 65
849 3717 74
418 786 83
2489 3990 44
3903 1101 37
1329 352 33
1814 2930 89
2999 2859 94
2217 539 96
1461 1658 19
3117 2299 33
1318 2352 81
3806 721 72
2656 17 83
1813 1501 51
4450 419 97
1064 3604 76
1929 3345 39
506 2447 48
4435 3351 13
2232 599 71
1965 2137 13
166 4174 74
1483 393 32
3582 855 62
216 2834 39
2098 3511 64
4043 725 96
2351 4362 21
1119 3074 23
2380 2288 70
828 2420 81
462 1531 45
1118 492 89
2773 3137 91
2958 929 30
671 2068 14
4047 3859 38
859 1141 40
3152 7 40
2259 1999 85
4212 1236 15
493 1389 92
1036 3986 43
39 4058 20
4436 2766 81
392 3415 72
658 4288 25
3940 4494 28
4053 1506 27
2829 4020 57
1296 3724 53
651 874 88
2498 2543 26
1571 3403 40
1071 1447 96
4149 360 24
2013 267 68
1626 753 11
947 1541 39
4116 3183 58
2096 2157 18
1735 2599 72
332 1374 61
3009 58 34
1910 2335 14
761 3954 25
3447 2508 21
4161 1660 36
1620 1226 96
228 631 52
3562 1325 28
3658 4423 32
1182 4057 26
1949 2324 74
4107 4484 43
3239 3083 29
1613 3314 21
2734 1557 28
3222 3067 76
2760 3766 61
688 1055 97
1345 2984 45
3774 4485 16
2015 1547 69
2011 755 17
3363 2922 85
3452 2762 66
2346 1983 63
2040 1003 10
3884 559 47
3697 2399 34
1408 3770 28
744 4 84
3380 2263 50
1446 829 62
2206 680 98
1915 1273 84
4369 2856 89
2175 3577 79
1313 845 35
2915 2924 62
1523 3088 92
2937 2297 94
3294 3363 21
146 2309 23
2321 3998 54
1672 1824 20
4271 3156 45
3648 997 81
3436 3549 76
1637 1289 30
3399 2246 68
2761 1287 85
91 2702 41
121 1971 30
4209 2503 68
4103 2571 61
981 1887 59
562 1862 60
4397 4430 92
834 2495 13
325 1846 58
4271 88 14
2044 827 44
52 2312 24
4462 364 16
4034 753 12
4252 4062 27
1543 4281 59
1474 2207 43
3831 4479 62
1457 415 90
2721 4467 93
1351 4394 84
3163 4378 85
1226 1214 67
2917 1694 88
2926 2469 60
1344 435 93
4395 2600 45
2301 796 76
2998 1965 89
144 3192 90
833 3574 57
4412 676 89
1149 3097 15
3418 1954 48
454 2739 70
2727 3286 93
784 2876 60
2481 1627 54
1074 1887 94
2848 3106 25
541 3843 13
499 2835 52
2740 560 25
662 4066 36
3771 3737 17
3437 451 67
4435 1579 48
1321 3522 72
2808 2080 82
2306 2960 47
1297 2168 44
3989 1569 30
1024 3926 44
2543 1589 76
3516 1601 57
1372 1419 85
1809 2467 48
385 202 76
988 3911 33
3465 2464 82
2382 4178 47
3926 1280 70
1698 4239 95
2961 342 61
1532 4431 22
1581 2882 10
1126 833 17
3218 2663 19
2647 136 86
2223 473 74
241 1015 35
2702 3997 68
593 2708 21
2926 1052 76
4222 1397 44
484 2286 99
1953 4497 45
948 1046 84
3028 3108 17
1714 3108 92
4368 2645 22
3799 3393 43
2462 116 72
1013 704 48
4405 2183 77
2574 1869 20
3519 1739 58
2041 3630 76
425 4007 97
1006 3455 40
3695 3508 35
2189 3901 65
149 1431 95
192 145 29
3566 1183 74
1135 1570 98
1963 2732 75
43 18 11
1279 3000 55
2249 2610 36
3217 403 37
4173 3373 20
2723 3767 31
362 1160 56
1503 2999 89
2398 3122 82
2260 3680 59
4005 2264 12
248 3958 31
3620 4396 24
863 813 83
2124 4121 11
2829 2274 62
349 2775 82
2611 974 70
2660 3041 21
2834 119 27
3245 798 74
905 3210 87
938 3178 81
1197 1513 34
1014 3426 17
2071 540 56
1184 3465 57
2229 1557 99
1117 1769 96
1306 2073 35
512 1763 91
4222 4395 86
1748 3132 40
1550 3613 93
4028 1649 87
3338 4271 86
1165 3536 84
1349 3473 22
2065 98 21
2846 1866 27
125 1141 78
2567 2878 62
3954 4249 34
2211 3601 87
1469 3209 15
3391 2356 59
4203 4450 65
400 1699 90
2238 138 16
305 4468 100
72 406 19
984 545 10
4315 1882 60
3640 4344 95
529 2338 86
546 1432 91
3919 2496 27
4383 3505 12
4258 1343 65
1002 3890 99
3661 3679 66
4150 2290 70
2947 3965 11
2635 3901 63
347 3526 31
3376 1846 66
2571 3425 23
3211 2230 87
2125 1327 16
3030 2089 75
1097 2572 28
2963 1275 45
94 3 13
2792 1087 31
139 414 13
2161 323 84
3007 3986 88
3154 1381 34
1172 3338 63
1379 2451 64
4032 3788 85
3244 945 90
2860 52 13
1277 1997 97
3942 4402 51
2868 3701 67
2510 1270 42
1308 4234 63
2783 259 39
591 3556 16
518 2907 55
1906 1915 24
2159 439 80
3670 414 75
3214 882 56
2854 1673 68
2387 3842 85
3681 170 19
1902 3929 93
1796 100 96
3527 1635 12
409 1919 62
2477 4103 43
2886 3956 83
1046 2154 80
3035 2384 88
3736 1674 26
2162 2814 68
4481 3229 86
862 4173 37
2777 1047 52
1037 3717 55
1922 3311 45
1019 2564 64
330 88 13
2072 2309 51
3460 214 60
165 8 35
522 4353 51
2391 2167 27
3221 2060 82
2588 4101 15
3047 336 70
4144 3070 66
1753 4186 56
4453 1640 98
1432 666 67
1831 3065 45
4054 1620 41
4376 3947 20
1048 2001 95
3386 725 98
2334 352 48
929 3394 13
3709 737 50
3292 4127 10
3091 97 89
4188 2103 92
3794 2724 68
454 1198 54
4259 4284 17
4477 898 70
2561 3566 62
757 2549 20
556 3915 65
3969 3007 100
3161 3985 20
2456 2114 77
1958 2554 13
1586 162 53
1383 4043 47
3560 4311 49
612 2008 96
2839 3424 46
1864 1040 39
3466 4216 47
3854 2367 30
4391 4093 14
2454 1972 88
2728 345 39
2849 2878 58
1715 3200 88
3058 3248 11
4328 1484 58
4014 1688 20
2592 2955 44
4343 866 93
2361 742 47
2018 957 68
2015 2249 70
575 3840 73
2722 4151 53
3301 2309 89
2800 483 29
2050 4113 37
3281 1498 13
308 1681 95
45 3791 76
1214 771 15
1371 2953 40
3029 81 67
3834 1178 73
2812 4371 35
3937 3629 60
3938 2932 37
3934 2280 80
2930 1330 85
2956 897 30
4166 574 16
480 4485 44
415 3394 41
1459 3630 71
1497 1403 11
2516 1994 100
951 1052 10
572 691 70
2947 3623 12
1742 2855 87
4459 2850 33
2899 1416 78
1282 484 16
387 2659 60
1989 2717 94
1771 1172 16
1056 3843 92
2372 4394 42
2727 2859 31
76 3048 35
2714 182 50
675 839 13
1696 4066 76
1889 2585 95
2155 2447 95
2968 4395 92
850 915 26
514 3216 70
171 1819 83
2769 3553 53
796 2401 30
2581 143 57
3317 1052 91
2233 3222 45
1096 2336 31
533 2030 26
3166 2838 86
2251 1235 11
4481 3291 28
2361 3262 26
4342 950 25
4417 97 56
2318 1379 30
3887 2126 55
1167 999 54
3960 3283 55
353 728 84
2269 3977 78
3219 4143 85
2823 1689 30
777 1929 15
3074 2473 41
3821 2148 40
1172 1332 40
4351 1137 50
3725 1124 32
3063 4131 11
2801 3381 47
1986 2276 89
4407 3822 31
1526 3188 83
2096 728 44
4281 1758 79
1181 2631 29
91 1871 80
390 2024 34
2853 1433 95
2169 3786 23
287 4209 44
434 2409 63
4457 1675 85
2105 3605 73
2076 2717 81
640 788 10
3021 3359 35
3146 1119 61
4016 2883 95
2759 536 77
2124 3411 25
659 995 63
3879 495 15
2829 3647 88
3676 1097 34
2496 678 86
4092 3868 83
3240 2593 70
1818 1111 52
811 2932 53
4033 1943 91
3562 2809 43
640 3027 81
1699 4060 14
3214 840 31
2095 454 25
3674 4147 42
2514 1896 97
312 2223 75
1648 2271 39
1469 4479 38
263 766 58
3211 252 41
2070 1926 71
380 1751 59
484 4106 26
2625 4196 13
2365 214 20
1282 3685 42
2023 658 41
2745 2326 67
882 3270 52
1738 2344 86
1141 3358 84
1935 957 18
2589 2148 45
72 3224 22
697 3169 42
531 625 28
304 2533 97
2247 925 29
1901 986 72
1116 4313 55
3914 3412 76
3027 2998 96
4077 2462 83
4456 2823 30
1474 4027 61
825 2138 75
2491 766 30
781 1233 79
846 3424 14
161 3204 16
962 4382 16
3247 441 54
2245 628 60
505 3153 43
2377 1511 84
3303 418 67
3959 1747 80
3321 90 40
302 2401 36
1894 1746 21
4099 4196 97
1352 2186 55
141 3756 99
3951 2804 65
1264 3521 41
1081 4007 21
544 125 69
1054 3538 51
752 2259 19
2126 2563 82
3453 3437 68
3409 1457 18
2841 2784 97
1446 529 86
1794 3212 62
1538 3464 73
2531 3364 91
2234 1767 40
4414 1640 90
2279 3305 38
3914 723 10
3260 1843 11
3121 1221 51
1495 1082 55
163 935 24
2388 1635 70
153 3038 77
51 739 57
3197 1385 58
3421 1234 46
771 1221 97
3878 1088 77
3436 3762 15
2721 3734 13
1013 2681 61
2637 1033 68
4255 1505 95
236 3276 84
798 1853 24
30 362 70
3239 1362 16
2420 1681 72
2165 452 68
3780 3648 46
4115 1561 36
1222 1925 27
3630 2691 80
665 1752 10
3176 1936 65
63 951 93
1989 3137 15
677 12 49
1933 864 99
1158 3701 68
3032 2833 55
581 1055 60
1068 822 66
1450 3848 93
3673 106 21
3763 854 60
3372 860 61
2996 3406 17
3937 3988 63
2569 2982 16
409 1548 18
3298 3448 94
1702 3293 15
2106 2799 13
3032 4140 67
1975 3821 47
1462 3837 54
3486 960 61
1387 2954 26
1998 771 69
3260 497 35
3586 36 39
2811 2880 54
789 3357 14
3273 658 93
2851 4402 72
3513 2229 55
1218 34 10
1894 3762 92
1250 795 82
2063 4115 65
3668 4350 26
2340 37 35
3372 2493 72
1015 4288 20
4048 1401 87
535 1272 37
513 2372 35
3925 2747 20
1744 3693 30
253 3415 66
1663 3535 65
2375 4120 57
1886 3222 89
2048 1445 48
3483 4108 70
2243 3144 38
3074 3154 95
2723 113 61
116 2634 44
1765 4319 56
4151 1111 71
2467 2321 61
1757 1719 71
1463 1848 45
1945 1181 43
4010 4454 93
1146 1504 80
827 10 22
2751 2144 41
4257 3206 74
409 2682 40
1706 4320 52
3198 640 68
4393 1032 50
3361 4093 99
2979 134 46
3972 1051 61
307 3755 87
2750 2046 12
547 4021 86
224 4412 53
2238 1053 50
1670 1481 15
1446 233 18
2424 480 92
3656 1458 91
2665 3929 30
2822 3251 96
3896 4308 72
1962 1031 31
4449 4378 33
2253 3184 27
3625 4221 23
4234 3439 47
3490 2791 69
648 3256 73
1924 1 58
1258 2100 28
3718 3578 90
2030 868 81
3275 2285 12
2848 994 21
4216 2709 65
3554 3213 58
4174 3216 13
1573 2465 26
1550 3727 31
2412 368 62
2660 1966 10
1855 1581 20
2463 1156 23
3940 386 85
2957 1630 60
511 1317 13
4057 3154 89
1208 3764 48
490 2010 79
3761 3197 19
2918 333 22
2658 1177 29
2570 3015 23
3563 438 57
4057 2362 23
3369 4460 88
77 1349 44
3035 4084 48
3835 1465 14
4177 2149 70
1974 4164 30
1232 1911 22
502 1652 41
3862 1392 39
2477 2493 45
3012 2349 85
3792 3513 71
3438 785 92
1795 819 86
791 2195 18
4241 2182 96
2524 3866 59
1582 2355 65
2395 1095 77
3335 2880 40
3610 2294 21
4188 702 24
1572 1180 90
3615 1325 24
3058 840 44
703 3177 77
4425 986 31
242 2836 85
2332 3989 16
2089 25 24
37 2608 31
2775 1326 54
3679 2184 45
2649 583 70
2604 1391 56
2855 545 38
1850 2993 89
907 4191 88
3157 2286 47
2061 3683 12
672 1540 17
806 3337 10
4307 3407 13
2615 4420 65
1221 1555 20
1657 2475 49
835 784 95
2576 2945 49
3589 3027 40
2523 4033 35
1788 2792 63
2998 4263 78
2698 1808 56
1577 1028 75
273 3262 12
947 2005 47
3077 2205 34
3606 1404 39
2043 2114 33
3018 2834 23
154 4245 39
2275 1779 57
1937 1728 61
901 4233 17
1504 2604 46
951 1738 67
1067 100 46
1473 2097 40
1210 422 47
1836 296 64
2747 3764 89
4023 1554 30
3494 2927 100
3901 762 12
472 2675 41
2069 3952 50
4179 1071 42
2201 1921 97
3306 3864 56
383 2847 62
848 2447 42
1002 4498 49
433 953 46
1405 38 41
3796 2421 47
4265 439 44
3732 3383 50
1493 3961 64
2186 2772 99
856 3383 44
4002 3279 87
2179 3695 23
4479 727 76
100 2672 13
1410 159 22
1110 4326 68
1509 1242 47
2040 2931 36
2190 1189 98
763 4051 50
2386 4361 95
2855 1733 41
4310 726 67
4362 2449 54
2999 2080 95
1316 2667 62
1133 4220 12
2818 4124 30
482 2058 78
4287 223 64
2719 2948 57
4258 3722 37
1749 1291 42
1001 277 56
1570 2162 47
122 3694 71
2970 745 46
1399 4475 25
3772 1674 43
544 4291 49
4493 2860 45
1282 770 62
592 1314 88
4087 3009 28
3334 1494 97
1603 3806 20
4135 57 94
3654 1971 68
3654 2618 66
2644 2723 71
2812 4300 44
2741 1435 73
2582 2952 20
2108 1443 78
1326 3562 95
83 1237 77
461 2545 54
4378 1408 92
3528 2115 31
3718 785 93
2128 1874 72
3447 3256 30
712 3634 69
2093 311 62
1977 4326 18
3389 1801 91
2596 1514 80
2270 2314 52
2089 4413 57
1664 1704 36
1997 3254 65
3945 2736 66
576 4420 33
3791 978 41
1247 1148 52
1902 3079 49
1228 298 14
3450 3997 54
4070 3890 96
1805 2849 95
2965 4496 69
4386 3993 59
2059 1515 61
2476 1356 89
3335 1191 78
134 3177 42
3416 4419 94
3818 774 57
663 2844 98
1142 1952 28
2516 1361 28
4416 1211 63
695 1747 61
3074 738 71
1434 518 90
2582 2683 84
3307 2427 50
718 2675 26
1147 281 27
1532 3693 32
1013 3547 20
1545 2098 95
1471 3337 25
3463 1994 79
169 2515 16
1214 2432 97
2035 3810 34
3535 236 64
1051 2969 69
2486 3748 53
2312 1971 54
2648 1971 45
198 3972 30
2108 37 100
1758 4443 19
4418 836 57
4212 3462 70
2148 1332 77
297 1757 98
847 208 86
3897 2801 85
3324 4341 45
4266 779 46
2273 2111 84
3148 4179 37
4096 1099 15
2111 2718 32
3401 3152 19
2545 1099 96
1065 968 88
2417 3700 78
3713 3729 44
607 515 59
983 2562 29
1796 3763 23
2867 4137 23
460 3036 20
1636 3963 29
2690 3802 41
4283 1283 66
787 3305 93
383 2111 35
3395 139 14
1700 1503 96
2428 3754 23
1703 4253 64
2929 1039 61
2912 3944 30
3602 1175 95
3521 1225 90
1997 3125 61
4060 2591 55
1757 983 45
3372 1654 59
383 1950 27
3750 2689 34
2881 2098 98
2663 188 99
2556 159 10
2278 1989 47
1005 972 38
2973 3169 59
670 1959 73
2654 1028 78
310 1059 29
2862 2197 69
3918 709 67
3090 1252 27
2260 2658 91
2313 2117 73
1242 2511 86
1038 593 53
2792 1133 12
1825 3629 93
191 1431 50
702 3970 53
2874 4455 97
1785 2129 58
2716 2853 74
498 1542 91
4107 1916 84
1092 1401 61
2496 4317 100
4258 1270 25
2239 1672 30
3318 1036 34
1480 3722 66
143 3330 40
3989 3888 29
4158 3969 74
3830 1191 23
1187 3010 42
3142 3411 92
3691 2404 92
3998 2884 62
3723 2306 88
2450 638 42
1485 1339 44
1955 3814 29
502 4368 16
752 975 84
2215 360 51
3568 943 98
3537 733 94
1812 1445 71
1844 259 70
3724 2681 88
1641 311 50
1756 214 71
2155 3680 35
3783 1043 36
913 1007 95
3905 3673 88
911 3831 10
339 568 58
317 1812 49
4395 1939 31
3667 1656 48
883 690 87
921 3524 16
1648 3974 48
560 234 65
57 2220 74
2565 228 10
2871 4087 61
617 3913 34
1625 1644 79
3105 231 94
333 4053 58
1566 4225 18
4435 786 18
1635 402 92
171 1951 100
421 1284 20
3398 1098 94
275 2981 88
3571 2054 43
2599 710 88
1747 1992 13
911 3678 70
270 494 79
1412 1816 64
1577 3661 32
2215 2020 51
174 63 88
968 138 60
1081 4260 94
1516 3344 56
3989 2243 78
1263 323 86
3736 3153 10
1856 268 97
541 1101 14
278 2301 17
1972 1515 58
1549 3890 75
2418 1462 90
3628 1802 60
3137 2225 42
2864 3188 85
1604 3009 40
3553 2227 37
1820 2979 88
4092 2993 21
3060 3924 42
1233 352 14
3981 4343 75
991 3687 59
2731 792 62
2837 3375 18
863 4420 25
4269 85 89
1218 1460 81
460 4318 94
3733 4357 42
832 4262 69
4119 4058 58
3458 2012 72
57 111 33
1486 321 60
1086 13 41
2114 3751 14
59 3828 84
4484 736 33
1867 2894 75
1413 1247 13
3487 2225 56
283 1725 50
701 3436 93
4448 3537 92
3871 3961 28
4130 1561 92
1082 123 13
1543 1107 75
4012 2243 62
3071 16 55
2330 1580 78
889 496 90
4026 1009 79
3765 2544 30
3310 3604 28
332 112 92
2319 4226 82
1445 2007 45
746 1545 83
1114 1306 34
1725 3840 18
74 373 21
502 846 66
1704 2591 61
4271 4408 57
2184 2360 95
