4429 5332
2526 2747 68
3535 1838 93
2703 662 10
2801 1819 39
414 586 51
2481 1261 75
1028 3831 63
3016 157 74
1469 1958 81
128 2482 100
2957 1280 41
3368 4407 84
2949 3031 57
4314 1301 67
3949 1989 40
4407 1904 82
707 1494 27
918 645 15
4410 2675 94
1083 1706 63
2949 1575 94
1888 311 39
2569 1370 88
2626 4100 93
4022 3325 21
4328 3588 47
3075 3265 56
4320 936 99
254 1333 68
2473 825 79
1459 2272 42
3837 1756 100
228 1954 29
318 3139 96
109 2667 37
1430 4378 60
3321 4259 69
4183 2561 88
1765 2604 60
845 2731 97
1060 2013 58
39 3728 36
813 3423 86
3870 762 74
753 4428 23
3473 812 53
4321 3688 68
3644 3880 28
2139 174 79
239 1189 75
179 1269 88
2840 296 84
3672 4015 62
3024 2791 74
3317 1768 85
2064 292 95
1227 538 27
2274 1540 70
3596 2682 10
1083 2125 54
3047 1961 24
3790 4134 49
842 3898 80
3244 1723 33
730 4095 52
3019 2785 81
1099 4253 12
2603 3269 49
3609 4375 23
2217 3425 96
3957 1126 23
3514 1708 53
290 3630 46
1347 890 65
3961 3620 64
1134 4055 95
3359 3636 71
3210 2896 32
934 1681 65
2354 75 86
2927 400 76
3408 2722 13
4354 3967 27
3072 587 82
752 472 85
2987 3213 55
3523 2258 20
830 3718 56
199 3462 39
1203 3727 58
2422 3772 95
805 1062 15
2700 3452 43
2027 564 75
3712 4333 14
3584 311 32
289 3166 89
3870 2598 11
241 4078 17
63 908 13
3592 2470 80
1014 2796 12
2176 1352 33
2157 3870 92
3646 410 82
3034 1200 83
2359 3165 50
1285 1626 97
3335 2868 64
2366 3742 65
3039 2520 18
4040 1852 20
1815 2782 59
556 2168 95
2700 2739 91
1596 1032 24
148 1190 48
619 848 26
964 10 75
2201 2012 61
3476 3247 79
2070 3160 35
1291 1858 51
1798 2004 16
362 4384 35
2346 3991 44
96 3064 44
4194 1974 36
1138 3386 76
3265 1773 92
2448 995 47
3703 2644 10
1907 650 79
3096 1085 33
5 428 76
939 1454 29
3193 1171 43
701 3802 36
987 616 62
2212 415 49
11 2066 61
3063 1773 88
1462 777 82
3824 466 28
1243 2403 77
4387 2070 59
4139 151 25
1794 2297 34
2863 2747 97
4362 3774 46
2768 1996 46
251 4372 30
3277 3739 68
627 368 90
3730 3705 43
2162 1687 95
1661 1180 60
3518 2253 14
3329 2060 89
3389 3266 66
1601 43 95
2184 2000 99
3432 917 62
1772 2292 63
4017 4126 76
1787 1191 43
148 2567 74
2777 2156 51
3699 468 46
2474 3162 18
3182 4292 91
3909 3201 34
3519 3433 87
1100 2224 31
1625 4224 21
3985 3497 61
2710 1235 16
3917 4424 80
1725 3000 74
1237 1205 84
4310 4213 57
1371 761 79
2268 3963 22
674 43 53
4050 1576 93
890 1378 66
265 2183 18
4061 1281 43
1055 2169 18
3816 666 20
82 3469 46
2062 97 100
3800 2602 97
3377 969 54
2237 1514 96
608 1049 93
2907 19 71
3445 2089 69
2830 836 83
831 1558 76
4244 4350 81
2154 2198 89
4257 2505 37
1924 3713 12
2646 1390 12
2835 991 47
3003 86 57
249 4183 17
1926 1399 19
477 4388 36
2616 2423 79
121 1474 46
1161 3743 60
3262 21 17
2376 311 97
3802 4134 14
1462 131 57
1163 115 52
2402 484 43
2162 1809 26
4217 1553 11
4300 301 66
3709 164 64
3959 234 87
1447 2762 13
1964 1073 82
3183 2482 95
3571 569 15
3024 729 98
3774 688 85
813 3835 13
103 1611 52
3644 2865 56
2486 732 77
4366 1944 20
1118 4064 39
4428 4004 75
2786 26 95
3116 2875 74
783 2242 53
2551 849 61
1667 3775 90
1013 1635 71
434 287 26
1180 1936 44
3914 3020 48
1293 132 62
2466 3312 26
1690 1303 19
2062 809 22
2758 3498 88
3340 1957 92
1404 1989 78
2218 986 22
3646 4101 73
289 2693 82
1195 2130 87
4208 312 37
17 1898 80
1257 734 83
3438 4051 24
3846 1300 46
3700 4185 83
105 2127 59
4343 722 99
3926 955 96
2768 1223 72
1125 1784 46
3832 1315 74
1194 3343 18
130 760 83
3635 909 95
1996 3026 17
2867 1855 57
1406 480 58
2913 3977 90
3354 3344 39
3903 2388 83
287 3473 91
3083 2118 73
2192 578 89
2876 544 61
3442 393 50
508 1081 26
470 3639 14
3345 3390 81
28 121 81
2281 1839 68
1568 1956 15
2999 3612 30
500 430 21
1254 4348 26
4407 2089 45
646 4088 91
490 4046 11
533 1381 62
4088 2763 89
3122 952 72
2488 1029 79
1386 3193 76
4182 2332 58
2921 1067 14
3059 3915 27
1281 2689 21
231 248 44
244 1937 59
1176 1027 43
3585 2429 87
4307 3939 66
4201 379 85
1900 132 78
1530 4404 63
3129 4228 24
98 3337 94
2741 3537 69
1985 2898 14
2910 1178 80
3071 1186 65
985 1876 62
855 1112 32
1185 2609 46
3844 4384 41
2015 2436 54
4273 3769 100
703 2223 15
1318 4021 97
2263 2658 47
1503 1686 14
2452 985 78
2510 1954 59
2138 2770 41
2523 1390 18
255 1385 91
1049 525 78
907 1226 35
3333 2129 87
685 1093 75
4407 4301 61
4026 2932 49
1206 497 55
845 2933 50
612 1181 44
795 3188 90
2257 3728 85
3570 452 85
2794 3806 28
916 412 79
3221 3561 15
4354 235 60
3964 3478 42
1175 4141 35
33 842 100
1955 3094 61
1189 586 33
2395 4282 99
1913 4319 87
2588 1925 76
2700 1761 52
1759 1825 97
3308 2304 87
2658 533 53
931 2694 78
2371 4135 33
1860 783 96
2654 47 73
3211 3945 48
3902 2231 70
2559 2723 69
3155 1125 56
254 2772 10
3562 1337 33
2344 818 23
839 3050 49
1601 3952 16
4283 3994 78
1045 538 37
1403 1982 11
1606 1408 82
3249 1741 34
402 1780 98
2774 604 32
334 3987 78
1730 2180 71
208 2797 91
2061 1402 41
2585 2374 70
114 3277 95
2646 1537 48
1937 2816 91
1488 2674 23
1313 179 21
736 1575 93
1860 815 80
1741 4205 52
1636 2820 22
704 3933 79
2706 3489 40
4336 1466 31
4226 1858 51
2988 4083 52
4015 462 45
3948 3076 78
1953 3232 72
1923 2246 18
992 2990 40
4322 3000 23
2368 776 74
3490 4225 18
4182 1983 87
49 3317 61
1735 1083 24
724 1457 27
3592 398 62
2351 3986 85
2042 2442 16
2193 1137 49
1448 1074 26
2394 111 12
3490 2265 58
1059 2133 66
2231 1068 93
504 1610 30
653 3277 85
1552 2945 34
3486 3286 78
1142 3840 60
188 3896 22
365 653 18
3879 4025 22
2315 490 73
720 734 89
2500 3968 42
1136 4192 61
611 3041 99
2388 733 100
1100 3624 54
667 2617 48
1141 3139 30
2336 2040 36
22 3056 90
2908 1047 88
1556 2414 34
622 5 31
575 2634 17
772 2405 28
2719 2803 78
2329 2881 49
988 1863 96
386 3979 13
1033 1034 68
1524 3634 76
1515 113 35
3699 3775 92
3427 2234 39
857 1293 96
457 2668 55
1110 4376 46
2681 3999 56
1882 1064 30
3201 2782 85
459 3230 45
1263 21 56
1262 94 59
1089 4123 51
153 4157 74
3777 2707 20
2141 4194 86
2711 2915 85
1834 3803 81
1935 3297 57
2256 2321 55
1284 1009 33
1768 3311 45
4329 2281 33
203 3451 29
3172 1508 17
2319 4262 55
4078 85 68
1512 221 100
511 2479 91
1842 4104 67
337 2359 43
780 1911 21
3336 2974 22
527 300 21
2534 1673 30
2040 3376 52
3003 1063 31
1123 652 55
1002 597 18
2462 1418 62
2228 4026 58
781 3334 46
2267 806 15
713 3551 44
19 1299 12
1167 1528 12
2728 2425 27
452 2993 18
2447 3428 27
3153 1654 93
3521 3184 43
3613 4144 22
2694 1487 75
2916 3755 57
1214 3420 39
563 2728 25
3492 557 74
1185 1381 24
3223 1245 95
3210 932 37
1108 2069 45
998 3941 61
2284 1858 54
2666 1562 39
3280 1737 84
3530 976 21
2475 1644 42
3007 102 75
3466 1394 49
1532 116 25
3708 3412 42
3163 2910 67
380 1818 12
2930 4261 26
223 1659 50
3173 202 24
2196 3642 43
1243 3052 29
1313 841 63
2403 2120 17
2483 3086 47
4390 1434 96
836 2297 99
207 990 99
1891 2302 72
1403 865 32
1456 2985 82
3251 92 99
3434 1510 57
1558 2579 57
2139 999 79
1809 1950 91
3611 3758 63
297 106 87
1925 1316 48
4232 3523 93
4370 2749 18
3419 2873 19
2586 2253 58
1902 4385 26
1873 3237 81
1669 1443 98
510 4387 79
1773 106 44
1771 2594 32
758 3060 99
1829 3069 41
3831 994 60
3809 3795 45
641 2078 37
3984 1677 10
3697 2806 52
3304 2319 74
2470 2761 68
4388 2516 96
795 4346 53
1550 3368 22
15 2975 64
680 3296 63
1717 2092 42
3142 1699 29
1301 1299 64
2834 2609 62
4198 2281 78
12 1353 31
1067 833 58
852 1211 20
3127 1357 93
3913 2957 13
2851 4046 28
3112 857 84
3262 4093 76
596 3501 38
3456 2658 67
3987 3233 82
2638 2156 40
1247 148 89
3388 3410 48
1932 2811 85
3363 3480 62
99 1024 62
2689 2545 40
2617 554 82
1886 4287 14
1796 1186 72
971 2386 65
3548 366 93
276 1728 92
3688 4306 10
3673 76 47
3338 2872 94
3353 1782 24
1923 798 46
167 2072 21
1824 767 42
4040 308 61
1110 1318 81
1813 3233 76
601 2170 93
227 1399 52
3473 3661 96
1633 308 85
2302 1934 19
101 1977 17
1026 1759 24
1596 1051 96
494 4098 89
1821 487 94
598 3599 19
1859 1922 21
3949 4189 95
3885 2907 43
2236 3557 12
2774 1184 17
1426 1787 74
2338 2715 77
2041 1042 44
2565 2363 49
1578 3066 100
3479 954 69
2800 1288 39
3292 1336 37
731 3163 92
3353 1287 51
203 4392 65
4203 2941 22
3847 3287 92
1529 2752 79
2073 1028 53
1545 3774 71
579 1482 72
844 3813 42
3002 4319 72
2540 2939 67
2608 3126 90
677 257 48
984 1095 40
3062 3474 82
4050 3279 79
3339 3194 65
1702 937 12
1256 2404 69
166 1477 19
82 3890 37
1477 631 28
3319 2113 14
321 1939 81
2539 3545 67
4417 848 47
3563 2330 39
555 2097 68
3081 966 70
3795 2856 33
2173 339 72
142 2043 47
2302 2250 77
1433 378 59
60 224 49
581 57 60
3414 824 52
3055 1748 17
3273 4370 90
2934 3895 17
4021 125 92
2729 4013 67
2616 3123 50
3698 369 44
865 3171 61
1074 1314 63
2991 3978 74
540 2137 21
3814 3377 42
3223 1611 89
2287 1347 48
1519 3221 35
4308 4286 31
2421 1764 59
2449 2329 97
1315 4135 96
1345 2551 88
484 1283 23
1988 274 11
2764 1376 84
1086 2480 53
850 2026 32
2791 635 83
1249 2636 53
2712 2582 58
772 754 39
2171 3733 30
4201 1615 16
2257 3661 70
4295 4095 89
4218 3338 74
3254 723 27
4418 24 62
732 2618 81
1095 3120 24
4380 21 10
1761 2707 71
4068 3083 22
244 2286 59
103 2361 91
689 3199 70
988 2373 30
4052 3491 42
3942 171 91
189 280 35
1239 1445 48
1745 1897 48
1881 2767 32
48 2838 50
2595 233 69
464 3386 92
888 1188 42
210 3736 38
2413 3220 19
2207 997 98
2473 781 76
18 3032 64
2239 1940 29
2613 740 50
2994 3023 46
869 309 77
2592 4133 76
2941 55 79
2645 3646 79
975 1849 84
2097 966 18
867 549 44
208 2675 85
3712 4259 25
1083 4060 93
2689 3254 96
48 3930 13
4285 766 85
2539 1963 17
3819 4376 45
921 1344 47
3002 3889 28
616 3760 76
1146 3712 81
2322 2249 67
4357 3388 63
4004 1850 83
488 1398 71
1211 2866 94
906 653 97
195 633 30
1811 4380 27
3920 4028 90
2392 2943 50
680 1623 42
1912 1685 57
1297 1777 46
2098 97 28
1336 1623 100
3798 1458 20
1583 4100 86
3542 2958 27
3981 1862 61
351 2816 97
3281 2298 96
2257 3864 79
3765 1895 24
1706 572 15
3778 1386 28
1036 384 44
1434 3709 73
2601 2781 97
1186 1975 78
436 2149 41
4359 538 15
3904 1013 17
461 1725 48
1388 3946 26
3554 1025 19
1899 254 57
2323 4061 24
1604 951 18
96 3357 36
3540 1229 53
2109 201 73
4375 247 74
2027 767 92
3019 1500 48
2660 710 69
1257 4285 12
1271 1192 95
2099 2749 89
3432 43 73
2179 920 26
502 4320 98
3804 1750 91
2636 736 84
355 2681 39
1433 1541 32
1455 3444 93
3382 2461 42
840 1611 74
1348 1512 94
1956 1140 17
1897 2670 18
876 183 65
4427 2089 13
3467 3915 46
156 3628 66
1336 918 38
2046 2785 13
1253 3817 54
1438 2444 33
3621 3786 61
2509 2900 39
954 757 58
1128 217 76
294 4126 66
3947 3215 74
4380 901 34
1257 990 57
506 3938 90
641 2730 15
4143 3444 87
3552 4373 32
2798 918 10
311 4251 71
1210 955 44
591 952 43
2868 2910 26
815 2482 35
2560 140 40
2830 722 59
947 2270 69
2458 3444 87
3501 1942 47
273 495 88
392 3830 23
3639 3010 61
3341 1342 84
2706 3987 64
4288 3607 81
3126 545 68
4060 1436 86
312 3093 24
3693 289 20
2397 2263 51
533 4214 70
588 72 68
1017 3015 70
2832 649 54
3926 2807 70
3403 3038 95
1982 317 44
97 4178 49
3688 345 46
3310 353 76
3879 3973 58
3741 2015 13
3373 637 65
3325 46 56
3850 3947 21
582 3578 79
1669 2675 85
1381 2720 93
2956 275 45
805 3098 75
4081 3684 83
1555 3541 11
4112 2553 60
212 2106 52
1366 2617 28
4377 2138 67
3017 3367 39
1643 2210 75
4335 1161 73
3535 3684 38
4281 3357 39
1115 525 86
272 4371 55
1102 699 67
2096 3204 36
2975 3681 37
4101 4425 36
2415 1970 77
3272 1254 74
3321 1615 44
4288 3118 100
1971 1538 52
3730 2885 23
1680 1610 63
4258 3788 62
3267 2992 34
3657 2537 90
4169 313 24
3373 400 29
56 318 50
1799 3424 22
3884 2580 95
1357 4338 86
3218 2975 70
4230 930 35
461 2643 61
2523 562 56
1087 4134 17
2952 2767 67
591 1232 31
745 3536 16
4101 2839 54
701 2627 22
2211 2396 10
2144 3243 42
1062 3417 49
4319 4344 92
2408 4180 73
2756 68 84
1281 3646 27
3013 558 27
93 3676 85
174 3322 59
2695 4234 75
1603 1766 38
2574 2304 74
640 1011 58
3931 2839 65
3637 85 28
718 1783 81
2371 724 88
3573 4422 65
2417 2806 65
289 2364 62
2567 2074 87
3610 4014 41
3156 3833 11
2365 2583 94
223 795 89
3828 317 99
3810 717 72
2245 4014 38
1072 4303 33
2550 2233 98
1622 2454 14
1261 990 49
359 392 45
3409 1067 54
2831 3142 50
3062 3748 85
3575 1967 10
2761 3691 56
1492 2745 47
3383 2621 66
4348 2254 86
3570 2657 13
1390 2655 72
832 1124 42
3684 3459 97
2830 3178 27
1573 2811 13
2014 3333 48
1292 1066 19
1240 3325 87
723 4414 61
1589 3285 19
935 1969 92
2255 2236 52
2352 3346 54
1534 3855 38
2461 1219 38
3483 882 69
349 2218 72
1672 3421 52
4304 834 46
888 2795 96
1383 1804 70
2989 3286 25
1551 992 45
2126 560 12
3421 29 82
1835 1767 48
2365 2718 69
1065 2712 36
620 1132 11
3660 2689 63
1729 3958 28
3482 2733 25
3222 2063 48
2479 3021 69
3303 727 70
3005 1130 59
147 2653 97
3069 1242 95
2044 2697 57
1674 1698 40
557 103 89
768 2340 68
335 865 16
909 1108 55
4341 677 68
3662 448 66
1255 3444 86
3952 2288 97
4236 220 11
1814 3239 67
2090 4359 94
228 1224 92
2982 3052 87
458 117 15
2683 1995 26
3408 3968 80
1975 713 18
4235 2583 63
2102 186 13
659 2386 18
443 3749 93
1252 4133 96
1864 1411 80
182 3466 47
567 2528 68
3554 3183 93
3185 707 24
3981 2570 34
3048 3993 77
50 627 79
4118 4334 22
436 2262 28
3553 2158 71
3802 2986 75
2199 4064 92
3391 2394 80
49 3047 96
454 1321 39
1583 964 68
1588 2812 45
1128 12 41
740 2028 78
1523 2417 54
1307 1958 77
3860 2363 98
231 3289 60
3370 1519 12
348 598 35
1902 4315 58
1804 4214 17
2312 818 26
2187 1164 88
1936 3198 43
1182 1221 48
4383 2973 69
3546 1219 22
3696 800 72
2042 1109 62
903 4041 21
3449 198 22
3105 3587 62
2695 291 39
2998 64 89
2275 767 70
3445 2757 97
1885 2450 55
824 324 60
3845 3863 52
1664 2004 81
3074 3063 58
523 425 59
3879 2267 94
2403 535 90
2163 13 93
56 630 15
3736 568 67
4260 482 32
380 2416 11
1515 2707 90
198 232 25
3762 1810 21
2165 1405 23
3148 1074 34
471 3967 69
194 2227 51
3670 1195 29
1646 3484 75
815 638 66
2630 2195 87
1314 4127 56
3444 1816 37
1851 4041 46
1022 1863 50
4165 1423 74
4379 2481 12
3827 1983 57
2004 3789 82
2965 1050 35
618 2367 34
351 1301 95
3067 493 60
3817 651 79
1247 4238 69
3289 2941 68
2254 3366 38
2189 4260 76
2001 1230 31
2919 2275 10
896 3241 65
1905 414 43
678 174 35
2479 899 81
2830 907 58
2030 1575 83
3449 3513 92
3393 500 79
854 363 69
3093 3453 62
2311 3507 95
1701 2488 24
2268 1202 31
262 112 56
2861 857 88
1916 157 31
549 3667 55
3327 1322 18
3846 245 52
3936 1056 51
4176 2565 90
2528 3572 51
2067 2194 50
248 1835 54
220 349 82
3978 1471 51
3990 491 28
1885 2588 26
3646 783 66
2616 650 81
3139 2975 48
2268 901 93
1866 70 19
183 2990 12
153 1568 57
2112 3780 19
3522 198 96
1489 810 17
1539 381 53
840 2026 61
2631 2394 41
4395 4351 66
3935 772 13
3134 1966 48
1247 2100 47
3643 1508 55
997 611 78
1271 2611 42
1492 2365 33
1804 4233 70
3907 4015 70
89 1117 99
3665 135 33
3321 84 44
3880 577 41
924 2488 53
3621 817 16
943 2931 57
2795 2010 73
1550 2283 62
4303 4413 20
1792 3489 43
1667 547 45
934 2351 88
1811 592 76
4245 1303 84
2356 1865 87
3656 1151 22
3658 1098 16
2457 2781 55
3131 530 80
3795 1132 82
2908 415 54
1542 2817 16
2093 4153 27
3847 3603 43
807 53 92
4312 3626 75
2041 4007 91
2147 2026 80
2092 2548 63
3974 3733 68
4187 417 68
4155 255 15
4325 3424 38
4167 3891 26
3888 2571 98
66 846 10
1748 1785 35
3926 3187 13
2745 665 29
2212 1365 54
168 1145 55
3165 2397 38
1164 361 37
1085 3373 90
4347 1294 74
4288 3935 57
3525 1037 40
2625 1271 36
2130 3140 41
466 3895 91
1132 3441 72
795 2276 37
3901 4301 84
2303 2709 78
3380 3283 61
1934 3502 75
896 3012 57
2771 1756 20
4102 3982 37
4337 2630 32
49 4131 26
2702 132 20
1858 754 74
141 4178 93
3112 879 42
1327 3462 41
3983 3235 95
2547 2517 82
2057 2022 96
3163 2401 97
2932 1843 44
4183 1836 46
2585 477 34
3341 3208 54
3312 3709 87
2051 587 66
2808 4106 21
3427 1364 87
2101 290 44
647 2227 38
2748 4128 18
2000 2863 74
113 2097 47
3582 1718 73
3957 113 94
3917 1001 81
2178 3244 79
3182 3758 11
1645 382 76
557 157 78
4415 1262 55
3892 3439 50
2479 3261 37
965 593 31
2176 58 41
1390 1705 51
4425 1052 12
1899 1539 87
1494 2949 96
4413 2758 39
3130 3342 30
3546 3621 72
2018 3036 55
2139 2332 20
2520 1417 67
3407 790 92
4166 2425 49
2847 2913 74
4001 286 28
4225 1526 13
433 2007 18
953 1749 25
2837 3113 53
2836 961 84
2678 1751 76
1447 2004 63
4234 1587 48
645 1163 62
3656 3173 100
4245 404 19
2094 1797 33
4363 2441 96
902 2050 19
1652 705 79
847 1661 78
4176 927 61
3035 3330 54
2779 1543 88
3707 2156 22
1594 369 80
1171 2513 91
263 322 23
2210 2621 26
1525 728 36
916 418 52
916 3509 68
1226 3441 98
1464 2560 46
1955 3348 88
238 2845 57
2038 645 29
3040 2492 31
4132 3241 12
1534 2034 50
1676 3011 100
3874 3222 88
1776 318 76
2277 2234 80
1296 2799 15
4215 3150 77
895 1418 30
1087 1966 38
1012 3009 48
723 3476 74
3301 11 61
2471 1737 49
1428 4244 77
1607 2106 14
1034 1814 42
2331 2045 52
2614 289 44
2707 950 46
1833 3208 34
1043 3189 30
2445 3389 13
4304 1818 55
1127 1552 91
3722 859 55
2017 758 24
3090 2427 78
1691 1172 98
4406 2158 68
3420 1227 42
3466 4073 63
140 2192 64
3086 59 79
606 639 83
2966 3947 98
1174 443 54
3292 554 65
4140 432 16
40 685 81
3457 3532 18
2854 2299 34
3826 3976 97
2469 1944 65
1572 3030 67
2544 1425 75
722 3399 100
3647 934 52
4266 2197 71
3909 913 89
2306 1019 24
2215 1543 59
3080 3197 74
1870 3728 58
243 4161 83
2317 2864 96
3643 1947 66
1534 111 17
1689 3109 89
3542 1724 49
874 1456 36
1073 1255 53
2015 3025 86
1005 3328 67
393 3825 51
3833 1417 71
2409 1621 60
387 1488 98
438 3813 54
122 1674 78
3824 588 57
2434 2113 71
1215 2141 51
141 1946 88
641 853 24
2415 1740 51
661 750 36
1296 180 88
2141 1840 57
2262 3104 98
2304 3533 82
144 3511 73
217 2826 22
3705 379 70
3593 3505 81
3783 649 58
3531 897 85
2674 98 56
3327 3366 28
2499 1013 86
3670 1343 60
205 1985 72
317 2824 76
3437 3868 10
2996 3930 52
1091 3025 84
1822 3579 35
701 3083 64
1935 4036 50
1658 2135 23
3875 3242 41
510 1782 85
1619 66 52
1489 606 69
1767 60 81
3431 2449 66
1394 3420 34
3228 3197 54
3504 2131 43
2155 3080 11
942 1487 55
1004 2545 71
2426 3800 91
217 81 89
3048 2601 25
2511 1691 23
3905 2262 58
746 2877 75
4150 3390 15
857 2921 24
3285 3317 70
1306 2729 73
409 1511 92
1844 609 39
2442 3890 97
1643 4091 19
3389 1208 38
4089 3214 98
3475 677 18
2727 856 29
3178 2319 82
3019 2443 24
2246 1885 60
92 1969 93
509 3626 71
4334 2218 53
3477 2437 36
1224 474 48
719 3115 65
3621 269 35
1660 3356 46
2273 722 60
2559 4172 38
739 1223 38
3385 4230 87
307 3584 47
3185 907 86
1238 1059 45
764 1207 49
1892 3595 49
3844 2066 61
515 2749 71
677 4343 54
869 4371 47
3889 1071 74
4330 887 48
1335 1356 32
2264 103 93
3874 2613 71
1514 3634 31
1598 1839 84
2531 1159 17
2363 2255 21
3906 154 84
1737 4017 95
2839 1539 97
2126 4325 64
216 2687 21
908 2630 95
3565 513 26
1648 4247 29
3759 720 41
2938 942 61
1530 3678 86
3763 512 97
1780 448 85
2110 932 39
1382 2312 34
3515 2906 19
3107 2429 67
591 2203 63
2644 3985 88
758 3151 44
4210 1873 77
2892 3344 81
4024 1170 40
307 1019 82
2487 3395 38
2494 2036 21
748 3713 58
320 223 72
1049 2158 82
2165 2788 50
2972 1091 77
3059 3865 10
3612 478 75
3186 4253 28
2062 408 58
4346 3719 76
2607 2669 63
3110 637 17
1625 1609 27
1967 1375 79
3756 2527 92
2350 1445 99
2243 2822 87
2436 1972 31
3545 2799 75
1102 3159 63
306 2985 40
253 2124 32
1587 966 30
1827 786 65
346 385 21
655 3136 62
4335 2674 12
924 881 78
925 1954 46
2735 981 12
2083 2878 19
3695 2939 96
2670 4011 81
3645 3814 80
2095 3276 68
2696 1965 85
2783 385 72
2528 1332 72
4371 2086 51
237 3228 21
2020 4082 85
1827 4169 82
154 782 42
337 1066 39
4179 4177 39
3788 1191 77
1724 1415 10
3161 3753 15
2919 1957 26
2881 671 37
1133 3434 79
2174 343 96
4195 4028 98
337 4162 77
3545 1763 50
2514 920 31
1497 2106 65
2286 2125 89
1401 657 49
2578 349 91
3871 683 21
2364 791 40
3817 1145 37
3611 3410 29
2589 377 27
1133 911 24
2078 2599 60
4073 3005 15
2196 1641 76
3909 330 93
3787 409 18
2681 3404 90
2209 4236 78
3775 1162 32
1575 4090 43
3863 1060 18
2464 2437 38
408 3302 16
2084 1385 85
313 3394 83
2556 3435 66
3933 654 73
2184 2831 78
3191 4136 23
3645 1752 71
2964 2435 17
696 2335 72
855 623 17
3779 3207 11
1535 2112 74
727 2903 63
3221 1336 79
415 2606 71
969 3845 60
10 4294 24
855 1293 20
549 595 20
4206 51 78
1220 3728 18
641 3562 98
67 1442 69
1574 205 95
3340 1237 79
2462 4392 64
2049 398 14
539 3002 71
3838 4081 88
3644 1270 63
1369 2892 95
1790 4104 97
497 4379 78
842 1035 45
1290 2731 18
318 4076 54
2131 417 23
806 685 34
3314 3161 76
2407 3863 77
170 156 89
1937 1660 70
2266 4389 10
4184 2751 65
2815 3729 77
4247 3239 58
1841 1751 52
870 2728 47
2740 1466 74
3604 3802 94
271 3002 17
4334 4232 11
2434 1554 70
2465 4149 70
985 1910 23
1181 2975 11
1249 2172 71
292 2856 28
3080 2386 88
3666 3133 29
1147 296 34
3701 287 80
729 4323 12
2072 3478 47
1380 1420 55
2848 2730 67
3880 3232 59
309 1823 51
2064 3676 38
2327 4304 91
3848 986 48
4297 4102 43
3438 1121 12
1439 3205 77
1978 21 40
1197 2270 87
2527 2939 46
1041 4228 75
1659 4417 99
1988 1444 90
2480 2267 18
2895 2808 89
3357 1324 38
3880 3024 41
4119 2297 71
826 587 58
401 40 92
2892 3380 46
392 157 65
3825 1161 81
1339 1293 86
2030 646 66
2140 3170 85
2458 710 72
2546 3112 71
2096 2427 17
523 3499 63
1630 512 84
2624 2795 41
4274 3978 87
214 3897 62
2204 1733 95
1306 1576 19
1540 1745 85
1163 2447 29
2671 4170 91
320 2175 40
3303 3578 26
1246 700 65
1916 1051 41
4057 1086 60
2424 3184 10
163 443 65
3880 1796 53
608 130 69
2218 4260 94
3672 3845 35
2813 3017 41
1292 3656 92
2905 2278 47
1791 1321 32
944 3294 63
3648 3069 13
3005 1136 97
833 1095 27
2330 1968 87
4103 2600 18
1683 2372 54
1612 1014 25
2485 3459 29
2178 3614 94
665 402 27
1588 888 42
591 1061 95
3202 566 13
299 4418 34
2496 4403 90
2894 2415 55
2247 4377 48
2652 1066 86
2958 1517 25
2667 3422 51
2593 1260 47
1298 216 25
3060 1435 39
1097 4130 45
977 964 29
3277 3321 22
3893 2638 86
906 3889 20
1373 3183 100
2431 2629 95
1199 110 91
3376 3342 58
334 3286 94
2212 465 39
2198 3771 58
2370 4215 21
2386 2523 13
1476 2317 81
357 3361 24
1393 4397 31
504 2704 38
4145 417 56
1787 695 64
3630 537 88
2167 4078 84
4255 3759 42
1007 3412 49
1207 2992 38
4170 3964 56
2811 2451 19
990 2721 42
2516 723 89
3240 1748 29
3587 1711 69
2224 4106 75
1693 459 50
3866 3534 10
1661 82 48
92 3568 69
1640 2908 55
3718 3720 15
3452 2240 72
1656 3268 16
1127 2439 43
3309 2538 87
756 1062 66
2265 3370 100
500 3953 65
1154 1944 51
3611 944 39
4090 1674 35
1434 591 25
1719 2432 13
1034 3207 89
1708 285 100
3819 4422 36
2822 3870 90
3688 3338 34
412 2616 34
2704 1129 98
1914 2435 10
115 1829 51
2430 548 93
1654 307 34
4045 1479 35
462 1130 83
995 3389 37
369 785 71
215 1847 81
2503 830 21
1091 2727 82
3090 3702 66
3333 1217 58
3783 523 44
3964 404 41
330 1159 77
1087 3494 56
3027 1892 77
109 3121 37
412 1711 39
607 2647 25
2889 3916 80
4107 2314 14
1332 3582 12
1448 1656 85
2358 2249 63
854 3969 83
3727 2277 62
3164 517 34
2554 3138 20
852 546 75
3921 2761 33
3018 3381 63
30 3790 54
3278 3426 81
1099 4047 76
628 8 99
3024 3088 12
2139 4131 28
2267 3482 71
2837 3096 15
1818 3714 12
278 2417 10
3363 2535 21
3314 2564 55
3006 1776 30
2694 4241 38
3471 3993 24
139 3321 11
4057 153 70
2529 2238 63
2800 294 11
2440 3882 40
3173 1232 23
4298 2929 73
1050 2674 69
3475 1507 42
4400 1144 99
2060 1359 52
2270 3973 61
1076 2502 27
2812 575 64
2607 540 92
756 3422 40
1521 177 44
1626 1221 87
3823 476 85
3199 1392 30
1270 811 33
1479 3858 36
2723 4233 37
2022 2623 49
4044 3165 21
4414 3634 59
3132 3072 22
846 1524 32
3086 4416 69
1759 3414 66
947 3940 79
1436 2735 94
3043 1257 52
2275 1117 54
482 1257 42
302 1614 61
546 2610 38
383 1409 73
22 2309 63
4141 977 38
3132 2413 92
64 2451 10
1190 2491 49
3342 3614 90
975 525 27
4428 1415 16
583 1890 48
1953 2368 47
949 501 19
3784 1087 94
3274 389 60
3287 4120 92
1584 931 14
1976 1492 16
600 3248 15
1889 1762 88
1415 2043 49
3090 1461 73
3225 2986 29
4053 6 93
1604 1123 38
495 1171 79
2737 433 23
3612 1619 46
1127 213 57
477 1952 22
3912 530 72
2032 1013 50
987 2206 47
1514 1630 61
3630 3644 100
16 3343 72
3748 3010 72
2280 582 70
211 2325 11
2407 400 11
512 3827 69
3639 258 16
3152 1370 40
138 3954 49
1907 579 63
487 3534 11
1244 3550 60
2977 3793 86
2871 2352 12
52 606 32
2429 1258 79
2593 1915 89
2474 3767 70
2122 550 98
3349 932 12
1502 4283 13
171 2600 77
1059 185 58
3314 2584 55
3551 369 26
2133 410 96
4111 4310 41
1930 996 57
782 190 83
1036 4339 24
242 457 30
394 2456 61
916 2544 55
2681 2246 89
1549 1627 26
2319 471 77
72 4397 18
941 1850 49
1668 4421 13
15 947 52
3329 912 32
3052 3784 16
2101 2571 16
1237 3154 71
1326 3431 12
2381 2257 61
2078 3822 29
604 282 48
330 236 94
265 38 41
2045 1210 87
3801 4094 25
3549 3566 66
4026 3886 100
1964 2456 14
256 2933 90
3126 319 19
2059 2276 56
3100 3760 50
981 231 52
1183 503 32
1924 630 29
4140 262 61
586 3772 93
3342 3974 66
1561 2054 56
812 2772 61
2532 1921 57
4409 1626 39
3854 1749 27
1340 1962 47
3874 2754 22
1062 501 39
529 2778 80
666 4207 57
3885 27 74
3199 4292 95
1828 155 15
3929 1760 19
4252 3118 68
3672 4085 13
3125 2124 35
808 184 80
3038 4418 70
1125 3549 77
859 2019 80
508 378 52
186 1284 42
1679 1572 24
331 3867 100
2253 2216 62
2857 2360 31
3461 3117 80
4322 269 19
4057 416 97
3099 1832 66
4377 3754 26
3284 3737 56
3872 353 88
2511 20 66
1712 1324 60
1369 1494 59
2006 4106 74
3206 3690 49
4089 1213 26
2536 2019 100
3157 1077 82
970 86 45
1263 0 42
2077 1434 79
126 1069 75
432 2948 23
1358 525 71
2411 2507 26
2212 1007 32
1520 1308 93
675 820 33
2770 2338 47
338 3251 54
3121 4224 49
2285 1079 90
3814 809 36
144 2432 37
2342 3959 24
770 2988 15
3662 3296 46
853 1727 14
2619 1720 86
1008 2460 17
3536 3408 60
1848 2392 18
4093 2816 88
3618 4167 23
2556 660 52
2747 2754 46
1945 1371 57
3301 1721 11
378 3202 80
2016 2852 92
3912 2929 63
1574 1874 86
2793 2167 27
79 1323 54
1019 1563 12
2354 1692 68
2739 3675 46
138 4135 83
1370 803 18
2570 224 12
4114 2386 62
3542 2087 61
355 2780 62
907 2753 87
979 4062 23
6 1581 67
1505 549 86
3944 125 17
720 196 80
514 2067 93
3100 3347 88
1989 4401 88
456 2143 20
3093 3517 62
661 3723 47
3745 1289 27
2296 4206 15
3173 445 14
1639 2989 33
3174 3155 38
1424 2177 45
3647 206 20
3331 796 64
3920 4006 44
4038 1526 77
2953 1528 20
3582 1239 17
1190 3803 75
544 3063 71
447 3710 44
904 841 25
450 602 91
309 672 27
3150 3204 34
1588 152 72
1521 1929 56
1954 1480 22
1872 4277 85
2433 1483 31
3578 2941 34
4337 4215 34
2503 3426 31
1624 3693 37
2088 3435 39
759 3590 34
2776 3072 67
2506 788 74
4147 4190 30
1966 3084 89
3208 2001 71
3714 3895 73
2538 1646 99
655 1775 83
3045 3449 54
4268 2572 88
1489 4179 88
3611 847 15
1434 1290 30
1368 3271 97
4041 3342 26
3987 4116 16
3087 311 90
992 2108 25
2796 981 37
1648 1908 51
624 1866 59
4136 2165 37
662 4182 46
3241 2470 44
4150 3870 33
3929 870 62
344 1301 65
2618 1754 100
1129 327 28
2228 2781 16
3140 3429 75
2796 4394 71
965 3327 81
2257 2982 24
0 3395 63
2591 985 42
2233 3945 88
1170 1855 13
1763 3246 13
3921 2015 35
2488 85 85
190 4032 68
1915 3059 37
4214 829 87
2834 3263 70
2406 3822 87
3927 841 49
1178 2365 67
693 497 11
2052 3623 25
928 918 90
1403 2810 47
4294 1780 58
3144 225 74
1403 603 93
1992 3154 46
2648 1673 24
2799 2331 75
3649 2172 59
1745 2711 38
605 1819 75
3021 3643 79
587 614 62
1875 3812 71
606 41 32
3549 2880 53
4255 352 60
4007 3297 64
674 2745 49
4286 81 21
391 3344 62
3441 1415 27
4333 3778 35
2632 3150 66
3942 2798 87
961 1201 16
1076 681 76
289 1281 48
4339 812 85
3055 3592 50
3819 377 85
3038 4075 16
3696 120 100
2102 587 40
1382 2183 65
492 1144 28
3674 3992 41
2530 3988 50
2308 416 39
3355 34 81
3578 3353 91
4205 1374 16
1510 2660 95
3633 53 91
2567 4226 83
1202 1345 27
2786 2809 62
3842 3591 71
1647 1989 97
352 2689 54
2279 3558 45
3747 1462 42
2088 1735 58
2528 1845 33
2980 1077 93
1913 2847 88
4077 1638 17
4129 418 85
2855 1593 75
3939 144 98
1822 4059 60
1092 3153 39
837 1406 95
3982 1182 30
3196 3574 37
3981 254 27
4351 935 81
3862 2691 23
158 3969 56
3094 2789 100
4245 1168 57
138 40 83
2665 561 70
2215 1048 45
4207 2354 67
3661 800 68
40 4245 50
798 2579 80
4407 1349 60
3701 1649 40
3702 3400 53
2972 3175 60
2890 3889 50
2806 4070 44
2392 2573 69
1588 459 70
4088 3014 53
2179 860 30
1275 228 24
2392 1888 33
779 2508 31
1334 1358 47
2530 576 84
3478 672 62
3366 4256 66
1260 78 83
3536 4403 91
1737 160 56
2106 1792 89
3319 963 32
897 3984 86
2185 1515 51
3738 3981 19
3863 1017 69
1293 194 68
3820 2797 49
50 3400 36
3182 2818 100
3940 2228 80
2057 3036 57
3764 3740 41
1779 1273 79
766 4405 79
1653 1121 55
3563 2009 11
383 1941 17
4159 2841 29
228 2079 86
1762 1013 40
3296 1512 63
2128 2621 73
3098 1166 49
1671 3236 52
3219 2708 98
54 1837 68
3302 896 25
404 1979 95
4357 3343 74
4287 2448 11
855 1583 59
732 2060 46
2553 4161 68
1834 3818 97
4189 2290 29
2838 2704 88
4424 2944 96
1729 524 41
212 1679 54
538 2125 60
2893 3776 42
2163 4284 55
1059 3533 18
27 3671 31
2800 1879 84
4229 601 22
1813 4183 64
4413 4369 23
2551 413 40
2715 3616 13
2250 2481 14
4351 133 88
1612 3439 81
3090 3553 92
1443 3724 75
2633 2685 82
3054 1988 83
1845 3544 39
2272 2776 41
1448 2448 19
3921 648 25
2511 4227 38
3701 3453 72
3932 1367 25
512 2705 15
1168 2962 54
4374 3154 100
4079 2036 38
1938 1761 92
3893 2657 50
2870 1950 100
1659 3989 35
2295 1999 39
3613 2042 93
2517 2572 12
3923 4419 64
859 2159 24
3303 3665 46
2741 3312 40
4130 3059 49
3050 3988 79
3913 3487 26
1877 2372 11
130 1689 15
3643 4002 31
2507 2741 15
723 2736 58
2977 3887 79
3842 812 44
941 1846 44
1873 492 88
3306 3129 49
33 2613 38
138 119 54
759 2095 18
1746 1615 39
2819 1569 87
238 4130 86
103 4425 19
480 1992 50
3542 2186 79
2640 3997 43
2320 3415 58
3348 287 79
2131 4104 92
2083 2574 51
3238 1012 22
928 3990 75
3815 2838 53
841 2418 15
1875 2712 56
2178 1403 41
3763 2604 95
910 4391 54
3493 2829 54
2788 3517 10
630 2406 19
613 860 67
3640 3774 56
4392 2880 63
3004 3691 12
4375 4131 72
3280 2554 43
692 4171 58
2199 3397 80
1584 286 56
1340 729 11
4302 309 45
2087 1864 24
1986 1871 58
1265 528 39
3510 3624 16
624 876 15
3548 3153 20
2466 2859 77
3996 886 50
2918 321 87
2739 4387 11
2587 883 77
531 2339 18
2190 2087 31
2953 2473 90
2544 3282 93
3568 3222 62
1133 1657 50
431 3057 61
2780 1589 60
3669 3309 11
909 26 52
2026 1354 77
1730 2417 47
1714 3575 11
4264 214 61
2442 1626 60
2802 2969 16
1937 406 51
746 248 58
2100 4143 41
3001 508 24
4126 872 46
152 2830 25
868 2135 27
3753 1118 48
2775 1226 48
569 3353 24
3802 641 17
1383 2066 27
1720 64 35
2938 4126 25
778 3263 48
918 1672 20
4347 160 100
2870 3510 17
1637 3358 17
2316 1423 73
3996 1701 19
1738 1718 65
212 1608 74
3684 3541 100
2662 4420 49
3134 2725 75
3107 2003 50
3250 2215 15
4089 2217 76
2387 2789 90
3337 1485 100
331 512 94
2027 3952 92
1241 3196 41
2942 4106 11
3712 2476 69
3500 3827 45
1688 3745 10
3277 2231 63
4153 4361 85
3960 4275 82
2355 4355 76
86 2780 60
3787 3007 97
2657 3193 88
220 1621 50
2488 3681 93
364 2098 37
3676 1490 85
1315 2529 18
2642 477 10
3070 2186 42
1996 2614 18
3451 1982 54
1313 2618 11
2347 1268 66
2089 2788 11
135 4232 74
2826 993 12
449 189 41
3254 4383 39
1122 3927 63
2091 2549 31
646 1858 91
3705 2415 35
3750 974 30
2832 1036 71
2604 91 46
2184 4163 36
4125 214 90
3026 2965 46
779 4125 71
2139 4056 70
3356 1348 84
828 1897 31
3646 4213 17
404 1934 46
2829 3335 83
3095 209 64
4218 2639 51
642 1322 89
3759 2089 76
710 2377 49
2279 1977 21
2627 1697 15
2473 1158 27
3770 2147 94
2073 1155 94
2983 164 68
857 1303 20
4058 1427 67
3029 2313 27
3754 599 84
3018 1022 28
617 3466 63
4364 3651 26
1863 1025 85
3493 2817 42
651 3183 88
2639 1181 72
1996 2519 29
4377 808 27
4080 1924 51
1992 2294 60
3663 1996 76
4127 3070 71
948 1714 84
774 880 55
2343 1221 69
3473 3274 94
267 3369 80
1506 1232 77
478 3195 27
3522 2333 91
65 2548 65
618 1736 87
3518 2931 46
1749 723 14
527 1880 30
2374 1457 46
159 4279 41
2856 378 47
1994 3152 77
201 2470 31
4331 4146 51
2601 1533 65
410 4176 50
2009 3328 74
20 3639 77
102 1976 79
3486 964 35
2821 2910 67
3378 2713 68
1888 3822 96
283 840 13
2436 3176 41
410 1551 19
3743 1708 79
651 2311 29
3566 603 31
1088 724 69
759 1506 66
4281 2620 83
3003 2262 43
1034 1487 73
3815 1250 45
799 506 61
114 2793 30
2516 3493 11
3695 2204 58
2132 1321 31
2472 698 95
1578 1978 64
4031 1383 87
3642 386 43
1209 631 32
2244 3363 35
163 4415 80
1780 751 73
1201 2729 19
3360 607 79
2235 1909 38
3993 1306 27
3268 2302 78
3425 4138 70
2811 1288 33
1823 3255 69
1687 2190 66
3077 4201 63
3267 3621 28
1561 891 94
1828 464 35
1151 3018 93
2918 234 69
3019 3434 75
1217 3389 44
4254 798 10
1810 2329 85
2099 2485 77
743 791 21
2216 3714 69
3627 402 16
1215 2027 13
225 3112 29
1029 4283 100
2377 492 43
646 1989 36
3395 3492 51
2723 4027 91
3607 1399 74
1183 2108 45
1262 1251 91
1760 1917 67
2733 1207 64
74 1938 59
3562 4083 38
3407 3619 37
1193 4244 93
140 3645 75
3688 2916 26
2111 2330 51
1545 2966 82
2733 1817 72
246 3613 15
1609 2674 95
4216 2056 86
618 1820 39
4413 4187 77
3583 91 32
1299 3394 32
87 1394 17
2172 4313 86
3984 3528 46
3390 148 70
4190 2247 95
723 4240 97
2567 1954 68
2641 1752 47
973 3221 72
3847 1880 78
625 573 32
1145 2195 31
2410 3457 78
1480 359 54
2282 1668 51
3200 3055 46
1253 84 21
398 3752 59
69 314 75
2867 3823 38
4375 3707 82
3514 2473 31
2948 4296 20
1451 2758 47
4118 3989 76
1829 2651 68
3132 1740 89
1199 3708 63
3160 964 50
3386 1813 84
400 3487 64
1098 209 24
1983 4346 14
11 3880 70
4300 4418 83
532 3650 71
1395 3779 69
2494 4029 39
1377 2747 16
3379 3287 55
3919 2302 87
3677 3375 43
432 3489 99
697 2303 18
2275 3863 20
179 3496 59
456 1752 16
1045 3860 18
1041 4110 60
3929 4120 75
2915 2285 100
4361 2390 37
1516 700 54
16 509 98
2327 988 60
2487 3424 49
217 73 57
2355 3198 54
3254 3512 39
4307 4368 90
1650 2712 82
4376 3014 92
277 326 33
373 874 40
1589 3878 17
2144 351 61
3696 249 57
1991 2877 47
649 1578 44
3947 769 87
2290 921 93
4189 3040 34
3340 641 81
3453 749 28
208 2994 40
1093 1759 31
866 2242 83
405 109 58
1076 3185 54
2672 4114 73
425 3227 76
4382 3078 15
915 3320 87
2496 682 86
868 1547 59
203 2512 65
364 575 31
932 4184 13
1899 117 59
2877 3246 17
2153 2875 36
3574 2242 58
3832 2008 59
2657 4372 38
2640 279 97
2246 930 37
604 3211 12
1667 3689 16
2109 2113 89
3865 1371 54
3984 4090 37
9 4002 54
3213 3467 32
3028 1988 48
4036 961 90
1042 295 29
2864 1083 48
2663 1314 83
425 4170 74
450 875 54
1975 608 50
74 2527 71
2820 2675 35
4118 3313 51
743 2906 66
304 4358 17
1298 887 60
2300 4235 76
1973 159 40
2304 2982 57
1508 2643 39
3202 4307 79
1003 2965 99
1550 130 92
1746 1634 35
2916 2289 42
1821 2998 42
119 1535 20
2302 4372 74
807 2145 51
1341 1592 10
1520 1317 52
1299 1157 70
664 2883 63
3120 326 25
871 3569 64
3999 2733 80
1161 848 24
4362 3753 64
3320 2209 66
1156 4148 82
156 3624 22
3558 2784 33
3456 1958 88
567 2492 61
2034 1317 97
2013 3835 97
3401 133 12
3810 1352 81
4323 3567 19
2041 1135 100
3755 263 78
3164 3599 16
320 2462 67
2050 1199 80
2556 1631 27
1240 2567 53
1014 4262 97
2677 1258 56
2473 1932 67
193 1629 85
97 4044 56
3179 578 19
3022 3500 89
2699 2208 61
674 3522 37
3711 966 82
345 2794 42
3902 1333 13
902 3284 60
4207 2339 44
3720 1041 24
2106 3254 95
2407 1525 22
2883 3507 72
611 1922 20
4146 1545 95
1321 203 49
3699 1829 31
4069 3691 15
1569 4380 15
1715 2962 80
2100 2663 38
3719 879 30
2635 2088 66
4155 3305 43
2850 379 96
2127 3748 40
4152 3112 88
1937 174 50
3744 1269 46
332 3010 75
1048 1121 80
4252 1508 49
4016 4368 49
2296 3898 83
1478 3683 76
2204 983 30
1161 3235 86
3634 3737 85
1128 2635 99
1597 1522 27
4274 711 69
400 3453 21
558 2251 79
3406 3626 19
3667 2587 98
1205 2530 81
4397 1561 35
3071 1201 23
527 3828 83
2553 2512 57
1373 1987 26
1829 2491 15
4202 1103 61
366 1951 88
1757 3375 70
2381 4283 74
302 4386 97
2326 946 39
1234 4041 82
4330 757 60
3990 405 89
2690 2269 77
2263 194 14
3125 4050 60
2469 3727 100
2749 64 31
2183 3455 47
3431 3316 73
61 2924 15
1450 1887 94
614 3790 98
3025 362 33
1592 1182 57
2429 338 24
1283 4112 43
2839 40 97
2356 3826 82
897 4215 100
1111 4086 70
2232 3002 65
1687 554 100
4125 1471 14
1023 532 53
3382 3891 70
3952 1059 53
1117 3311 24
4032 3800 49
2274 3241 41
1933 3332 47
1217 2901 11
2877 3283 89
2545 48 44
2886 967 43
1870 3580 34
1281 1592 61
2856 1028 21
3498 3772 75
1586 1483 61
3950 3823 35
3289 1420 26
3553 2631 18
3254 4291 13
2945 2115 35
4299 2884 80
3930 1201 92
243 1996 98
3312 1408 85
4140 2040 47
3041 3182 92
3795 1194 93
482 1264 20
3340 1149 78
28 2809 94
1981 3574 100
452 3471 49
4346 813 57
0 4288 83
745 1769 51
493 1670 21
1415 3243 89
2707 1804 93
3587 959 49
1030 2375 70
1684 2706 81
1391 1994 19
2219 202 39
966 4289 31
3408 3066 41
2592 3899 79
2271 1974 84
4275 3313 89
716 1132 12
1994 1456 93
2128 897 31
2904 430 17
2505 1559 75
2196 2890 53
3807 2233 70
3916 1811 71
1719 2948 46
2060 520 74
2663 373 65
1705 965 42
3524 2606 66
2875 4079 93
565 3558 39
1274 2969 60
1928 2761 13
1964 1732 85
224 2017 38
3722 860 41
3451 273 78
78 3298 58
3174 472 10
1259 2652 45
3739 3832 97
75 2048 77
717 2088 57
2151 2419 61
3420 2868 11
1696 1233 22
1146 4355 26
581 170 33
2699 776 24
973 935 39
365 3908 76
4154 1212 64
4394 3050 48
2965 3318 25
4072 1013 88
662 1503 84
3363 1022 16
3396 769 75
3033 3163 93
358 3159 32
866 2215 17
3694 557 49
4348 3085 81
648 3503 39
782 3479 46
3539 988 56
2403 930 82
2845 3006 14
1617 714 94
3265 4208 82
4394 2393 76
1053 3796 24
2115 1864 99
1249 1038 23
1241 1981 51
3293 2038 64
3378 3052 80
772 3855 61
3161 4308 86
1843 854 79
237 2618 65
1809 465 14
2594 1394 26
873 1611 42
1730 4373 50
3795 3393 36
1275 3826 35
3408 540 58
3007 1858 92
2786 1527 98
452 436 59
1556 3898 77
3960 365 87
2087 3313 38
3114 1840 66
690 3476 14
3120 3604 99
4339 2234 64
502 1237 80
3457 1102 33
2685 157 80
445 246 17
1139 3594 93
889 1339 91
3861 2683 95
1503 528 57
1735 2911 58
40 373 93
3224 2872 62
1088 2271 78
4244 2417 80
2769 1281 53
1287 3496 65
4112 2432 31
337 3536 96
2105 3314 24
2037 1164 20
2470 4231 95
3312 2201 78
2746 1352 92
217 2702 95
503 293 85
1441 2395 54
2515 1985 22
1906 2745 20
67 237 56
1261 3077 27
4312 2870 40
1235 3005 65
2690 1288 14
2163 4171 46
1015 2688 55
4240 2366 56
3587 4347 100
1265 754 71
2558 3276 22
4044 3459 23
4017 2466 52
2732 4143 12
4414 1570 72
1924 3237 88
4157 338 91
1268 4103 73
2308 850 66
2495 2204 68
4318 4326 67
4010 2158 40
2606 3980 69
491 2033 62
2353 2890 84
1221 280 21
1348 1459 91
2802 4219 86
1540 459 76
462 4356 77
3381 4142 46
771 3732 61
3349 2965 67
110 646 79
4276 4113 29
2999 605 96
4388 451 89
1057 2188 50
4333 1483 16
1771 1883 37
4009 153 22
981 3686 20
32 1158 23
1712 2174 66
4361 2582 76
3385 3073 31
921 2039 78
3787 2962 86
2754 378 74
1354 1324 11
3589 745 71
2931 1267 22
2222 4394 23
284 2516 24
2241 2004 40
3757 3373 20
279 1199 54
42 932 93
1592 2636 92
4117 3004 11
1320 1131 79
1192 2315 39
1311 2828 78
3391 2531 39
59 990 24
331 546 47
3335 328 91
2562 4303 44
345 1411 43
258 1927 74
625 3847 36
1505 1810 23
3448 397 66
147 1631 65
3575 4402 100
537 3453 88
675 1259 37
2119 845 48
663 1930 80
773 3121 61
2639 4062 58
650 892 59
788 1110 98
4357 2177 40
2936 466 58
1591 888 28
1111 752 29
914 1438 96
3089 1035 41
1183 1957 31
2315 1180 69
651 2524 19
3108 1673 26
1501 3870 27
130 1692 71
2249 213 73
4361 3290 67
2445 1759 98
3742 655 40
2296 3728 65
4073 161 24
3724 4296 91
1460 2529 92
3719 3486 37
1901 1380 82
4058 2150 51
3851 1538 75
2130 3646 57
4095 1542 71
2320 1162 19
2536 4087 99
2149 3969 94
753 970 51
3459 2226 86
3305 2576 61
4172 4244 84
3722 186 93
2689 4384 17
282 4157 55
3863 3040 37
3027 1334 92
1272 910 46
35 1005 38
3234 4004 29
922 695 20
7 3089 68
157 1130 68
257 82 58
3352 3481 27
2027 262 37
3152 1776 76
4258 646 53
657 752 54
2587 3012 57
421 2166 75
3136 2634 61
2975 3645 31
4117 3692 53
3747 2749 90
609 4195 28
3304 4241 61
4321 2258 53
2732 2741 87
3970 3038 43
2552 2954 80
1564 3031 10
1011 841 78
1519 784 52
3195 345 75
477 3118 14
2933 1241 16
1509 1077 42
2166 3522 98
641 1158 73
1788 1277 68
3958 3249 56
1065 1085 84
3326 2910 31
322 3745 64
3798 281 63
660 1890 51
889 1831 19
2490 750 20
2976 263 55
3553 1992 13
3868 4227 90
4331 1877 26
3376 974 61
4170 2683 84
1615 3814 96
1348 3232 77
4301 2142 38
2855 365 64
4008 3610 41
3000 1303 54
4147 2745 55
2970 2656 36
1662 3132 10
2034 4288 67
447 1438 44
1774 2847 57
597 1340 30
1994 2228 87
2478 1457 20
2079 3264 18
2326 1923 85
620 3789 29
3326 1872 96
2238 4086 61
0 3967 29
108 2656 34
1856 4177 61
1428 1218 89
2762 619 70
1334 2340 54
2837 3404 81
3402 3168 27
4308 3388 22
4158 4380 95
2425 4047 59
2722 3866 29
2507 3860 38
766 2778 77
140 2174 97
3312 690 23
1565 36 20
4244 2720 39
477 1087 38
3433 2647 94
1776 990 18
2415 3094 35
1419 3109 50
1017 4024 91
645 2089 43
4250 1770 84
3563 601 53
3639 3321 97
1831 4180 48
1833 2037 90
1067 3461 35
986 380 34
3677 914 65
873 3550 93
48 4107 80
612 575 44
690 3120 22
415 136 47
1000 3078 22
3859 2732 55
2992 1257 40
2311 3803 33
1022 995 92
1968 4323 27
20 4407 19
521 2423 22
3394 406 93
857 1439 31
2212 3464 28
23 842 78
772 2221 23
3651 502 88
1940 2254 65
2263 4271 20
1817 3405 42
2275 2269 96
1549 742 31
2395 3229 97
1262 3172 38
3612 3136 10
108 4005 74
1270 4046 68
2650 4141 60
1356 273 19
1750 1411 50
64 1495 61
96 1772 85
2403 1809 17
4385 3650 18
4191 2942 54
2016 1754 92
2048 1381 92
1612 1621 12
1943 3839 52
4218 1251 29
3064 1940 37
100 1599 67
2245 3209 83
2878 1848 85
1702 2693 28
2269 1972 76
4113 963 86
1877 2065 53
1387 1368 51
630 1715 96
3470 3401 79
761 625 25
2107 4068 71
2109 2952 71
3406 3560 24
2578 2527 69
2962 2180 18
26 66 38
281 1104 12
258 2522 61
976 1782 34
1525 2920 13
2725 711 19
3188 2788 45
201 3043 60
2682 1564 61
870 320 70
3190 2820 47
4201 2549 34
3300 233 49
2233 1304 82
3489 1556 85
1045 370 14
3683 447 87
1367 2990 22
3814 4023 81
1854 1806 39
289 252 84
1337 2839 38
617 1483 81
1821 4366 68
2170 3316 50
1391 2094 11
2730 2942 63
4364 2912 47
340 1015 61
3704 3814 88
3063 1752 92
4421 4304 30
814 1439 81
2025 4341 85
2587 415 87
2347 1474 10
1315 2723 70
2588 2028 98
594 2012 40
3531 81 38
229 2333 56
268 758 53
3149 969 61
560 2047 25
3533 1070 23
2628 2953 81
146 3737 27
1304 161 80
194 1483 35
3163 940 26
4341 3101 92
727 3926 38
3757 2560 44
2355 2508 41
33 2755 31
430 2042 94
4120 2767 23
4061 2723 25
1225 3919 59
1678 2413 91
2626 4097 34
3102 1055 64
1881 3606 73
2121 3695 86
434 2788 35
1498 1191 30
3677 175 28
4198 1936 33
348 1236 97
119 358 16
1632 3329 66
822 444 12
1786 2607 82
2510 1839 54
1787 1065 60
1671 1511 83
4233 510 27
1900 3641 33
2015 4393 89
3650 2449 53
2263 3405 63
2823 4356 76
3781 651 92
2866 1165 57
192 2534 40
3224 4341 79
1317 734 36
3977 3158 93
2918 2816 14
1102 2908 84
4188 2061 36
3282 3253 26
4408 133 91
798 3175 94
55 2349 81
2283 892 61
2498 693 65
3502 2449 80
2875 151 10
934 3080 74
1536 1544 89
524 696 90
3624 3832 51
4207 1159 84
3954 3592 82
2251 3789 18
2606 326 57
2136 813 16
3198 4239 94
1560 4285 60
2071 1850 42
4048 4347 91
1337 3528 54
1321 1353 41
1954 4389 15
548 2779 30
2755 3702 52
4066 2381 84
854 1340 38
2083 3437 36
1896 3868 49
2744 394 51
942 576 91
1415 2987 34
1447 845 73
1448 2237 46
1094 1442 66
3816 1989 69
2409 4103 19
1991 1684 15
3681 2365 45
2378 2396 61
1859 1252 85
2110 815 20
8 3779 35
1297 362 69
3250 1875 84
1340 1617 52
848 2074 35
3293 1528 47
3274 1095 22
3108 217 10
245 2549 95
1320 177 45
298 3849 78
1859 4417 94
1364 2248 79
2438 1049 99
967 3365 25
464 3703 68
2827 709 87
34 2160 76
1693 2561 31
2699 2830 31
737 1864 34
1591 2193 72
1679 1860 19
4260 937 86
24 2555 74
3430 1063 79
3275 1613 27
2170 3294 37
1735 2878 47
763 2342 39
1040 3316 32
4106 4020 10
3774 1752 72
2442 1771 80
640 3768 78
745 4263 20
597 3189 76
2220 2295 35
3585 4100 66
4241 2053 79
1053 4262 22
1501 3457 15
3988 4119 12
689 1906 43
617 3001 53
2717 1661 100
3242 1162 63
3763 865 64
2641 2230 57
4275 2743 73
3830 1552 11
2895 1786 74
680 525 23
3953 183 49
1572 3066 51
3498 4328 73
581 3092 37
1660 689 13
268 812 23
2446 101 61
3667 943 68
4229 4355 25
1093 1835 79
4417 280 88
2315 2961 85
1889 2905 54
3981 1215 93
4423 951 86
3110 755 31
3898 1254 78
2987 1348 83
3234 2768 48
139 1226 99
3487 4155 28
1687 1376 36
3286 3404 52
334 2366 54
3659 513 88
2800 3199 83
1547 2822 63
1759 2154 64
267 1365 67
3176 3829 27
4017 1922 68
1311 2370 48
1316 1977 37
3538 3307 100
3810 2746 85
1797 3540 65
3552 567 50
1592 3429 21
4357 159 66
4309 83 89
1315 3156 99
1080 2947 56
4303 1996 88
2496 1597 41
1684 2482 71
3432 302 84
2922 163 34
3103 3042 89
2352 437 71
2412 1133 29
105 3148 75
4423 3766 95
285 388 77
1456 1189 41
3900 739 30
992 2415 64
949 3781 36
1692 2376 84
1145 4042 95
3812 2732 43
3765 4120 26
44 3349 89
3856 1323 75
3450 1242 27
847 1888 20
2401 1615 45
3615 250 61
2316 18 88
152 231 52
93 662 57
1903 2699 52
961 1682 54
3052 2205 87
631 1241 41
78 49 36
1566 2255 10
2156 308 82
2525 2023 10
4156 741 52
2268 1739 99
393 653 25
738 3462 88
4347 4181 67
1568 746 64
2393 2594 27
3924 3611 10
2641 2832 89
2152 3396 34
2304 1467 100
589 2338 63
1581 1871 19
1258 206 68
258 3738 98
3651 2501 57
3812 413 67
3169 3982 61
440 107 80
97 938 41
850 2216 82
939 244 58
2730 1035 31
3827 4343 37
391 3938 78
355 4085 40
2728 94 29
1607 3036 50
2748 3914 60
632 1000 71
1083 1216 42
2211 3706 48
3714 698 55
2251 1821 29
1024 1760 91
1530 3829 83
3719 3124 89
1765 3228 65
3701 1078 22
3332 3531 13
1164 163 68
353 549 36
1868 1636 83
936 4125 79
1944 1787 72
3768 1764 53
1485 1707 64
3295 1346 71
565 4267 54
332 2252 93
4370 3491 70
743 1001 55
1666 2116 97
3108 2521 36
356 2153 67
1017 149 52
2778 2118 46
75 1098 45
3985 3989 73
3465 1876 61
2509 3574 68
1616 3986 84
3684 3535 57
1692 3036 80
1366 3420 17
630 287 72
171 2799 70
2990 2946 54
3184 812 69
2902 2605 41
4397 779 17
299 1245 90
914 3366 100
1039 3629 39
2079 1704 80
848 2171 35
3187 2044 93
1428 3871 96
587 3497 12
923 2347 77
3757 242 84
4408 1527 11
3999 1678 83
2769 549 90
1783 2912 80
4280 2108 44
872 2723 76
3279 2188 23
1288 1597 13
2943 1907 81
1102 2985 56
1682 2267 90
81 828 60
2234 1501 98
359 3199 11
1954 312 31
828 1026 59
3799 3630 40
3982 2362 53
2213 3146 74
4334 1704 35
2918 3270 55
3215 1444 51
1454 404 25
196 1201 35
750 3474 70
3228 2618 89
1221 1329 78
1410 987 67
1746 135 18
748 74 56
1901 2877 39
2824 2743 48
260 1563 32
898 3907 13
2396 2003 17
49 4351 84
1857 2625 90
4026 2896 53
2490 3930 12
3367 2819 41
1886 1460 99
3359 2920 66
3916 4228 23
988 2724 89
1717 3462 43
1923 3022 78
3473 460 60
3894 498 44
1352 940 97
3811 3593 37
72 2413 56
284 1203 51
808 2291 65
3603 3825 55
2542 1264 96
2165 2596 95
3057 1644 96
4239 411 20
440 128 19
411 1764 78
1462 2065 12
4384 1525 89
282 3450 55
369 3437 75
3972 2345 25
518 3217 12
3124 430 17
3711 986 48
4227 1977 27
1756 4302 54
3305 665 16
3184 618 39
1983 963 72
1430 1481 80
2765 425 88
3414 2346 45
33 3243 27
2586 3538 67
3187 4322 36
3301 2620 58
1771 4033 53
3979 3700 99
1689 1940 78
3626 798 96
450 1595 22
1749 1973 23
521 2059 54
293 351 53
2886 764 58
3038 3322 69
3413 1937 30
1045 1579 55
4194 20 86
3250 2933 55
2392 1692 49
3751 3230 57
2417 2905 91
999 3075 59
2993 4269 99
2783 1802 12
3838 3763 28
1512 956 78
4124 4237 27
1862 3108 13
2376 1375 17
3028 1209 43
2244 2912 54
1187 3214 65
1488 230 53
616 4040 98
3175 3749 91
4231 3675 36
720 863 33
4137 3273 85
977 146 10
2800 1452 31
4063 879 46
3195 585 20
2598 1460 34
776 1581 96
2284 3825 19
2913 88 56
2025 3160 50
1798 1827 69
3717 1362 23
2874 967 16
4088 3737 32
1379 2647 30
2331 2870 77
479 4093 87
3255 2024 97
2556 1656 76
3801 3035 79
1450 1365 44
1921 77 64
3714 3696 23
3035 1939 32
4407 169 38
4329 1206 71
2123 3073 61
841 403 32
504 1139 29
99 2748 43
2146 3080 48
1978 2534 13
493 3975 63
1772 587 44
2179 3994 50
2109 4097 19
880 1093 67
3037 3556 86
2405 1224 64
2475 2891 57
1910 4093 56
2871 4167 12
2734 474 77
1126 2066 73
2813 127 36
3652 2905 41
1404 2516 30
2389 2883 36
3951 2739 98
2351 2153 52
2873 3018 13
2588 1966 27
783 2194 95
403 3585 85
1874 977 57
1800 409 17
3380 3165 95
2801 820 29
2338 3992 37
986 1313 51
2125 986 80
610 3907 41
1448 3760 60
4103 2625 21
782 3729 88
1084 2689 84
395 857 27
2149 3838 39
630 1103 100
1567 445 26
3910 1658 29
405 3329 70
3447 703 69
983 1828 79
3298 4147 10
2073 1067 81
1428 1552 71
705 1606 91
1584 1215 49
98 2722 13
4153 1354 25
2436 416 73
3394 3184 14
3919 2353 11
3211 2531 86
2551 2401 94
4245 1428 95
3406 1406 90
3277 425 40
133 1384 98
4073 3032 53
1371 2840 22
3751 4014 75
2899 3758 67
62 2263 50
3334 2389 90
3027 4124 56
3168 2911 89
4213 3525 43
400 2380 32
4253 671 55
350 4135 96
1707 2148 60
2953 3171 47
2249 902 70
836 3853 56
1992 338 53
3410 1587 11
3853 1465 78
3213 1669 18
3054 1239 92
1593 2898 36
1871 135 20
1576 763 46
3745 594 27
3430 1098 93
841 348 100
2062 321 71
910 3184 29
2768 1232 90
2197 149 41
1649 3824 71
1986 736 47
268 1192 56
2655 1581 85
3604 380 81
3498 2054 29
4204 72 40
3621 3774 58
1113 2216 16
124 839 30
3034 1179 88
1744 754 28
2881 2710 69
1652 1697 15
201 2233 52
1710 2557 44
4345 3753 61
4332 343 46
1895 710 43
188 1105 25
2606 3436 60
3992 2887 83
185 3051 26
1423 3869 89
432 2997 36
2531 1881 38
1326 2380 81
2384 2813 30
960 3710 21
3833 1069 81
2210 652 77
2849 3097 23
4385 458 47
4099 1951 10
3039 3103 92
124 4050 87
1311 903 54
1554 1525 10
2886 1221 55
3489 4089 44
1939 4311 41
185 20 94
195 1429 36
4088 802 42
118 1431 81
1547 178 23
3565 3317 70
978 4410 25
2024 1637 49
3200 133 47
2492 212 49
2519 4339 64
3407 43 64
230 1128 81
2711 1445 69
3760 820 85
20 2177 72
1234 1607 23
2365 41 24
3331 1255 12
889 3872 58
1029 1846 27
2597 2022 37
2654 1007 88
1391 1067 37
3496 2499 14
4377 2280 40
416 499 41
1334 56 22
3393 562 13
3265 446 30
2556 3304 94
4213 4053 94
3964 1233 70
917 2541 74
4303 3926 11
1865 1206 31
4207 4254 96
210 1974 52
2136 920 34
3950 115 76
1207 3127 24
2331 1214 32
4224 553 89
169 118 59
2900 1739 24
354 2069 10
3073 98 34
4303 2536 36
625 4110 41
1606 569 35
1971 2336 34
2849 2028 13
3279 3318 43
3713 4352 47
3722 3336 72
4394 1469 85
1056 336 70
2344 1653 39
1984 3194 77
3985 2292 75
2903 509 95
4200 2853 73
2119 3708 39
3169 303 47
4338 562 56
2866 1079 25
2191 215 80
2236 1132 81
2254 165 61
3333 2441 88
2684 3812 21
1080 2310 10
1382 4192 14
461 2562 19
3890 3594 98
3518 1558 61
2958 3441 72
3051 1299 85
2380 3022 80
3858 4256 61
893 1901 83
2560 4166 50
1069 1542 57
449 3851 44
290 2879 43
925 248 54
1497 3066 57
2181 568 17
295 1418 83
1423 4244 19
2675 4046 37
1454 1319 13
683 3047 62
1815 3044 93
2443 1911 36
941 1069 19
1421 2790 15
2357 896 58
649 3081 98
3664 2915 67
2512 2148 74
1984 552 14
788 3639 58
2592 2865 14
2332 4374 72
1162 2860 25
3492 703 39
638 2774 98
1279 2217 75
3747 2916 83
2581 2758 28
2712 3427 42
846 4234 90
1032 3472 64
4380 208 57
480 1585 85
354 3837 55
1662 1188 31
4080 1292 56
3594 2260 98
1065 2311 54
3251 1298 16
2594 3322 88
3809 3193 32
2002 150 87
718 333 85
3836 4261 32
2500 2068 70
3148 584 78
2770 2384 57
2534 585 80
2525 2219 45
2107 3847 72
3292 1127 38
1844 4108 92
674 1503 48
2357 143 55
1258 3929 82
141 3912 47
1026 1031 61
2376 1481 86
4115 4244 28
1458 3245 12
228 1795 99
3922 3544 66
1426 2018 89
1110 1017 64
2543 3869 18
3716 162 36
1402 1153 14
1166 2061 11
2963 3259 57
2918 3118 26
33 4152 75
1283 3488 75
2751 1428 60
447 1486 31
369 4286 11
277 70 20
2447 4173 51
1467 4315 40
1605 782 42
1411 1958 87
1344 2276 51
1862 1841 51
2143 390 99
2733 52 27
2103 1095 71
1493 3720 18
280 3661 24
1188 812 24
3219 1097 91
4162 1662 79
4214 2156 60
2303 1303 28
1725 1804 91
1487 2865 55
3705 2774 16
124 1590 71
1925 4416 12
3387 1531 89
3930 4019 89
2115 4166 27
2597 1391 49
1923 3702 94
1496 740 41
2027 389 61
3367 3372 25
4227 2246 51
1564 3846 63
361 2934 46
3739 1978 15
2578 1282 66
2693 1528 24
3680 2022 17
1480 3463 96
277 2662 19
2254 752 10
3979 2562 18
4028 1885 67
568 2932 33
3860 2250 35
3820 1658 35
17 4064 64
1025 1651 98
1983 2361 40
2696 2098 57
1122 2559 57
696 4401 26
4138 1368 25
2782 107 51
3169 3444 81
2120 2157 29
3227 843 60
2710 3844 97
860 3461 88
433 3652 32
574 1696 20
48 33 44
977 3197 52
970 3992 38
974 2276 66
579 2485 73
702 1598 80
1370 1231 98
3582 2328 54
2231 2821 65
2188 2621 32
1689 2014 72
118 1411 97
375 69 59
136 854 39
2414 1575 53
463 1460 30
3421 1621 18
1141 887 81
3572 2344 67
2912 2558 36
199 4345 82
3252 4381 74
3651 2836 43
2737 2983 38
1065 3195 23
1616 2964 39
4040 3028 75
1921 163 37
2911 2317 96
3991 4324 49
290 3261 64
548 482 10
1723 4030 39
1907 1360 66
599 3125 53
4044 2629 40
2660 3887 83
4161 2308 39
1463 1826 82
2141 2262 11
4355 2292 77
553 3779 61
2528 808 86
1480 518 56
2185 1039 77
2673 3982 82
1061 2230 12
2646 524 22
2223 847 96
3867 4053 93
2524 2026 12
4107 4242 72
339 1706 57
2236 3312 41
1470 3756 71
3856 2307 56
1584 3512 98
276 3241 93
3572 4070 98
232 56 25
4134 3423 50
1569 2481 25
3571 3823 78
750 973 12
3244 4244 51
3970 898 65
3236 3070 87
353 3518 81
1930 2408 14
3139 1226 75
1771 4008 10
3147 4374 11
2750 3753 71
3977 2404 24
795 2623 78
3973 700 68
2297 2424 75
4333 1848 100
2337 1816 85
0 1460 24
2422 3437 10
568 406 25
2245 1203 69
2977 4196 37
132 3418 31
3774 1714 61
3012 387 87
1147 1404 44
3025 2358 51
2193 1224 22
53 269 91
2610 1881 75
3829 318 12
1763 2097 31
3159 3539 58
46 3957 99
3152 40 97
1451 3599 37
1077 2564 66
273 3796 42
3353 1254 89
2769 4185 27
1324 1058 86
4412 647 22
2119 493 34
3870 2836 15
377 1990 42
1291 718 68
4163 3150 94
282 3027 18
1071 208 81
2238 3679 26
2325 1415 67
4309 3331 35
2669 1938 70
3613 1531 30
1014 4325 82
2891 1132 100
2850 1234 96
3432 3939 19
3925 2719 14
1553 4387 74
3862 3367 27
1597 1020 87
3811 1957 27
1886 3017 11
3357 76 27
3896 3090 20
1308 1812 91
230 1867 35
1396 3242 16
8 3869 90
3011 3187 86
2225 1344 57
2382 3479 22
2192 2814 96
1176 4111 19
780 2871 86
1459 2039 85
3390 512 78
3217 1295 12
1872 366 91
2999 1827 30
3601 2246 47
2135 4067 63
2936 1826 86
2320 4314 66
1372 3464 44
46 1445 79
810 631 90
2778 2981 11
3729 2058 63
2953 3652 22
163 2255 74
666 3379 99
1531 4068 65
536 1441 65
4304 2624 55
1255 3732 78
3385 2563 26
2075 2618 45
2920 3598 14
4170 239 48
2340 2998 59
1330 3796 59
1493 1532 39
2938 2140 85
944 105 21
211 400 100
1709 1526 78
1910 4090 58
640 71 68
2685 506 31
2249 95 76
2476 801 86
3130 849 33
85 80 87
3652 4128 88
1734 4145 28
2346 48 100
1059 406 10
3661 925 100
2411 964 34
3827 1263 42
4331 2654 32
701 3216 54
727 4399 51
2728 3988 51
3927 2840 87
2710 1101 69
3741 1434 40
2 3032 95
4120 3506 79
1654 2877 36
2759 2889 57
34 1136 89
4246 4224 42
2091 3600 63
3293 3834 85
1351 3843 70
2959 2301 34
3219 2471 10
2478 3319 16
2547 3991 78
2523 1451 84
2027 1894 57
101 2414 25
2091 3009 95
2461 1820 69
1415 2876 94
60 729 16
3874 1586 55
619 4106 31
1176 1434 51
2667 771 54
692 4030 100
2061 1079 27
3988 4384 62
339 3329 94
1234 3058 43
4058 1818 87
1015 3125 24
1004 1227 88
3359 4035 10
3098 761 22
2111 3887 52
2197 3008 20
1672 1767 59
2013 2012 49
1015 719 33
2010 481 39
3685 1077 70
1490 2498 27
3702 3435 37
269 3142 98
3072 3111 43
987 2317 28
1479 2903 15
787 224 37
3545 1430 74
1403 91 52
4156 351 13
490 2945 58
3191 2227 69
296 1792 41
3112 3919 48
3401 976 35
3184 2354 34
2601 3520 23
4389 4179 35
599 4366 81
2207 3434 72
3393 481 100
3213 825 86
1895 2185 63
1855 3557 94
1948 81 94
2216 284 67
3327 3489 19
480 4251 27
3164 2012 22
3817 992 19
3461 734 36
1380 4105 82
3706 932 17
277 1925 21
4121 2969 38
320 4004 91
132 2248 93
615 3540 10
527 2939 27
1224 1040 23
514 840 71
505 888 17
266 3216 48
4313 1629 65
1824 2987 73
2512 1153 46
2158 2796 30
2360 3552 15
3644 761 60
2332 368 96
1040 4145 12
1308 245 86
2040 2957 59
3880 916 31
1877 3794 95
1402 1581 53
3256 17 65
569 2389 29
2227 855 23
3726 3718 21
2789 9 12
1296 370 54
3945 30 31
3962 176 65
351 3196 17
4300 1531 28
2827 1954 92
3673 2421 24
3743 1507 97
244 3152 69
389 3300 97
1134 2255 32
2288 3901 84
1074 28 76
3160 3755 61
1626 1349 39
1996 3090 10
1494 263 26
2113 2462 15
1324 3587 100
3832 29 10
1490 3298 49
3285 1101 59
1854 1998 55
445 3635 62
4324 2703 53
2456 2764 32
2464 787 87
2490 768 87
1532 8 90
1724 3480 36
444 120 77
4228 4311 37
3064 2469 24
3661 2840 92
2870 1328 74
4112 3741 97
66 1241 23
686 2313 56
354 155 43
4343 2276 43
2055 577 56
1319 2863 84
711 1558 88
3261 154 31
479 3800 30
3784 2377 44
2346 3237 60
2235 921 76
2210 2050 29
1479 3541 79
2128 4017 84
2070 1499 28
2648 658 37
1073 1644 11
1924 565 35
4007 3113 82
1088 3089 70
1122 3891 62
2571 440 25
2985 1708 16
897 3879 88
1975 1233 44
157 4043 69
3760 811 62
985 1667 43
533 1877 72
1269 2476 46
2395 4275 97
685 931 23
157 3410 61
1099 3245 55
3084 1152 38
3560 132 75
1717 379 65
4364 1016 10
2418 283 26
231 4292 43
4275 1335 71
2198 4332 47
2861 1879 82
2949 1505 88
1142 2747 84
3916 1904 18
1969 1834 46
3810 2538 91
1313 3600 10
1043 434 73
4120 1188 12
1440 3294 25
2738 637 98
707 3983 92
3464 1164 70
4070 4076 43
643 3368 59
3379 4106 15
1767 4122 83
2237 2725 32
3329 1372 36
413 379 54
3001 419 45
192 1993 62
1167 988 58
4246 605 53
4285 1557 67
4318 1510 71
1617 825 52
30 646 31
755 2767 67
2239 2706 79
2740 356 60
1864 3777 11
3775 1205 84
3695 2251 11
4196 3047 32
2969 2164 92
1480 3506 37
281 3375 66
3595 3026 51
4350 3133 63
988 646 16
1394 2361 85
1623 1540 19
1172 1935 79
208 2810 86
4031 2413 25
1395 2402 36
3804 1797 18
3669 3288 77
2253 3089 100
246 2158 11
544 3434 58
4088 3730 92
4338 4135 99
1463 888 28
2722 4090 86
2204 321 94
2638 700 18
411 3809 63
1582 1846 88
42 2932 85
1542 2946 55
2735 214 85
181 3147 84
216 3711 32
2572 181 57
1311 3101 11
3978 1715 42
1116 2235 33
3672 1447 97
4356 619 19
714 1055 88
1906 771 22
2837 3889 22
121 1663 56
68 3907 88
1627 4122 84
4122 3195 81
3714 3348 99
2229 3288 52
2238 1084 70
2047 1517 85
2847 3466 14
2031 3393 78
975 1765 96
3222 2882 95
3972 2425 94
927 859 68
1183 126 80
3939 3132 78
1355 4371 44
3914 1934 24
2367 1128 79
1281 4341 77
1842 871 42
743 4353 58
1502 1454 76
413 3771 18
4059 2842 97
894 3973 100
647 2735 34
4075 3625 77
2467 509 30
2842 578 75
1247 131 75
2850 3798 30
1704 106 43
2629 4131 32
453 2603 27
2734 4 48
242 1675 54
3998 672 65
3623 263 31
3949 3671 12
1352 981 57
58 3001 67
418 117 71
4353 1154 27
4030 2077 43
4024 1802 77
4363 4 90
4174 51 79
4047 1256 92
1572 3623 95
3305 3605 18
697 3618 48
3952 2263 81
3146 583 29
1341 1178 94
3911 2967 48
3824 1404 94
2305 2038 48
3215 3344 21
875 246 28
4410 4025 29
2600 1631 71
1559 435 73
3810 1149 70
681 661 90
2980 179 72
2066 1784 28
3770 544 62
2037 411 49
636 1660 87
2424 1355 27
2209 2034 51
2208 2224 91
1500 3022 23
2799 3819 29
1184 2496 31
3459 2436 83
2498 2457 21
1498 3016 99
3598 1643 97
401 827 22
3047 199 13
2800 973 47
1717 3335 74
3912 3726 78
4172 636 89
2491 4292 56
3961 1321 14
2884 933 68
3091 1513 36
3487 1438 99
3647 1695 34
2604 2576 32
1426 4252 70
592 1762 89
2042 1333 58
203 2111 60
3400 814 35
623 1884 65
3813 1671 95
2442 3525 27
2038 4415 40
2165 2684 23
2496 1510 63
4186 30 80
1866 160 99
3926 4091 68
121 3945 39
261 1987 12
4418 4014 23
206 2355 44
3488 2566 95
2893 1702 28
3298 451 38
1967 2712 84
4168 2396 41
1272 2181 12
189 3141 39
1482 1183 19
1115 2096 25
3649 3354 78
1774 1763 70
2116 4329 98
1778 630 43
2228 4405 21
1586 1438 23
2876 2330 39
542 346 25
1823 1146 31
3313 2890 23
3614 3509 27
2586 3863 28
228 1856 42
1046 4099 56
2176 4241 55
42 673 94
1664 4000 42
2694 3271 48
1509 4025 87
3655 4037 61
2869 1729 51
3273 2619 56
138 3920 67
2020 353 46
4281 3124 78
2174 4304 77
3584 1691 91
3199 547 80
3151 4192 49
1604 1686 14
514 712 98
1799 1013 64
186 3020 27
4166 2788 59
4404 2010 25
1612 1869 62
2858 1539 92
3781 1106 62
4148 3884 64
3525 4006 97
44 1075 43
4109 342 28
941 3551 100
2247 3969 100
4125 1930 68
2225 1530 84
4269 1632 49
4397 786 32
3075 3297 50
4424 3094 78
3348 1067 100
1102 440 49
1127 2031 22
3509 1220 37
4027 1101 65
4289 763 89
2719 233 20
540 4131 84
2695 2625 39
1531 1513 38
4020 3464 73
2485 4143 27
1191 3706 20
4254 926 75
1797 391 28
1501 936 94
622 2980 74
332 2787 100
3803 2957 55
4301 2560 79
4383 1791 59
4404 3394 15
1580 1598 88
2379 1107 28
1110 2003 11
487 828 62
2647 1891 19
11 49 79
2931 3721 59
2812 1482 21
1848 3366 23
461 2065 14
2646 921 47
4061 3519 60
545 559 65
3789 2441 55
2420 3945 41
2413 291 84
699 1135 33
1466 1075 76
2687 2146 44
2140 2572 98
42 1287 72
587 3364 59
4261 305 82
307 4071 40
2511 79 66
2636 2337 24
1588 1279 17
4092 1093 21
1618 3149 68
1994 1708 29
1576 1741 44
3942 646 67
693 3416 56
2448 2000 20
3275 169 32
1772 3619 28
792 1274 57
624 4314 53
2467 679 33
1226 1100 29
2737 2677 38
1387 2253 47
478 2136 85
3389 1967 79
365 267 15
3322 3377 54
748 2253 73
3465 4152 16
2774 63 75
2778 1616 78
2604 3501 13
972 1460 67
2850 2060 35
82 2721 89
2717 2008 36
1515 644 60
2051 3715 24
4133 1705 19
617 820 14
760 138 30
876 3012 65
2293 1984 73
2168 3443 40
3157 610 64
3699 2758 66
4208 2523 48
4239 584 54
3885 3987 94
3167 2366 70
2019 2088 26
315 979 48
1585 53 41
3928 4327 65
4122 1403 27
1928 1138 99
2670 2499 98
3346 4212 57
547 1272 63
789 1338 94
2667 4327 32
1357 1617 93
2976 80 12
4358 3679 18
299 2031 28
683 1102 12
930 3394 46
560 3760 39
2213 1749 57
446 1241 69
2294 2703 80
2873 2739 29
1798 773 90
3477 3504 87
1386 1847 98
688 1287 66
4256 72 71
1063 4210 59
3519 4173 67
4096 2758 38
2786 2117 75
3739 149 12
857 919 25
2888 3021 72
3795 1527 11
2191 357 48
2815 1021 50
1814 2778 67
947 1036 55
4001 772 12
625 2262 67
3474 379 20
1319 352 44
3656 2629 51
1007 1455 15
396 1689 33
4405 1623 74
577 696 82
1783 695 13
3752 3688 91
414 3027 55
429 3828 19
1624 1604 40
3055 1871 86
594 135 68
3511 427 88
3063 3394 15
2998 1127 56
2688 2368 83
1209 4399 82
2006 1300 21
1936 795 58
3419 3319 31
946 2172 62
1020 2738 54
675 1012 38
1584 1544 41
579 3666 97
1479 793 83
504 890 67
2249 2531 90
1035 421 92
493 2115 30
2482 4362 75
3304 3477 99
88 1992 17
2675 303 49
4013 818 90
4360 675 56
1164 2451 66
1472 3171 47
1765 2932 42
1056 2853 25
2888 4147 30
130 2453 50
4084 3626 52
2040 1503 41
689 1425 44
1870 3498 11
3143 1258 11
1081 2022 65
3615 1877 74
2059 3694 81
3116 1305 41
3572 2903 23
4390 4067 100
3342 2762 57
2621 1181 76
1850 3910 95
3576 1994 45
3074 3709 52
641 2296 28
4044 2505 94
1948 1272 36
620 3162 24
3443 167 59
498 990 34
2526 3348 30
2206 1923 80
1761 296 24
2454 3863 30
3800 4188 79
1106 3358 64
2979 3046 80
2608 2057 23
2051 609 59
4009 3838 25
884 2063 80
2677 1955 36
3377 1197 88
3913 1083 22
3621 2196 98
3911 1496 47
496 2123 90
3163 4309 38
2521 1811 58
1584 2798 18
2999 4025 58
1665 2349 96
3192 3691 66
1140 2930 87
3979 507 14
1482 4428 78
650 3104 60
727 3938 82
1537 4045 97
86 2433 55
3274 3604 33
1627 1711 58
4186 1109 37
492 2095 74
3959 542 96
2852 1330 60
678 2806 26
1304 2129 52
3093 3709 32
3752 3720 65
2406 770 77
1638 1565 73
3453 2042 24
2398 3041 17
884 1638 67
3602 389 34
806 730 98
2864 1068 61
2528 26 87
3636 2197 21
1161 777 69
2159 2982 63
247 2226 37
1921 2650 51
1988 4302 29
1401 2955 19
6 1674 27
593 2423 31
4407 4025 92
3223 2235 40
2256 2037 33
2408 217 36
528 890 41
2092 4279 35
1459 3181 32
69 30 99
2301 3829 86
1256 1501 46
706 2460 58
2939 3558 38
1035 3587 90
1491 3910 42
1448 1263 19
1402 1042 64
1487 2555 42
1963 2369 26
2568 12 43
525 2052 47
4365 3494 62
2040 982 93
329 3300 20
416 3522 69
4349 3770 67
1138 2506 98
1382 3376 52
3437 4321 96
3790 2003 15
1726 4177 84
4320 4410 92
4310 2974 79
330 2246 34
1782 935 37
409 4146 82
626 2150 97
1915 930 40
2457 4080 24
3032 2391 59
3030 1091 60
3190 190 93
2795 2785 62
1190 3481 92
477 1193 10
3924 4416 25
3393 4088 42
1316 2557 93
2864 3038 51
1073 3757 57
3566 2972 90
4222 2032 12
959 2724 46
4300 3635 50
2833 1356 34
3504 3758 79
1599 3644 25
616 4255 13
2281 4228 21
3029 2671 32
3252 3812 23
105 1163 50
1463 3481 96
2770 3298 89
3993 2119 78
3035 4427 92
2659 4119 14
113 544 94
1829 1678 48
2204 4194 96
1768 4027 65
4297 3120 49
127 364 72
4211 2678 85
1183 313 91
1106 1402 23
3877 2987 66
2304 882 75
3901 3652 11
93 4281 50
165 3951 38
2733 2115 28
2613 1288 21
1442 2002 41
1943 2891 70
2209 4371 33
2871 3802 27
2942 3547 56
807 3891 61
1188 2088 98
2219 3518 61
92 3569 64
227 2273 39
4309 4418 73
2616 620 37
2907 1501 61
595 2402 15
2056 423 45
1246 2062 59
1966 2607 38
2065 3807 44
1546 361 20
451 4089 92
3365 632 42
4416 3923 99
685 2777 35
4009 1264 36
825 2767 34
4011 2423 78
4327 1448 26
3 4140 30
649 1294 55
2735 2385 81
4343 1730 97
1229 630 40
769 1939 14
1963 4372 34
4232 1755 17
3544 1346 87
2784 3311 66
3193 2661 94
3967 2838 42
1646 4160 60
2915 1832 90
982 4293 74
902 2027 48
682 19 99
1946 2935 100
3602 3716 47
1397 348 34
209 2682 64
2739 2195 46
4155 2644 54
601 202 66
1166 2569 62
3524 1615 92
11 3406 65
1213 2702 83
3326 118 65
2596 1164 21
677 3479 92
2104 2465 95
837 127 62
300 2304 73
2926 2525 73
3771 1104 53
4311 3081 73
759 3899 26
4394 3689 89
1780 1651 56
1540 1064 15
3563 3331 98
3092 3322 54
4005 3950 30
1427 330 50
1234 2931 35
1724 1533 60
2460 674 53
4071 384 67
1971 2726 26
3629 1838 67
1209 1732 44
2790 3277 36
579 2705 45
3411 3511 57
2651 4017 58
2672 2521 61
3981 248 60
489 4115 26
1091 3282 75
819 2363 53
4034 449 14
3250 1605 70
2767 1474 96
2871 4293 24
3593 500 99
2152 888 39
3452 500 91
3996 2982 54
2621 2007 67
3084 2855 74
1558 2834 80
2636 181 77
3010 877 26
4076 2385 87
2420 643 42
2806 3482 18
833 519 20
3518 2987 50
3958 1173 27
2660 1100 12
1004 4137 28
3674 940 37
424 1699 19
446 1928 96
818 4297 56
4311 4245 68
2960 56 60
3178 245 24
716 711 99
1768 607 39
3423 2489 83
3139 3146 14
72 4380 54
322 2403 28
917 3292 69
637 1049 46
2431 61 10
2280 2815 58
2376 3012 35
977 2764 12
3105 2007 10
378 1772 18
230 1010 18
1415 2179 100
3313 3620 26
429 1993 89
4064 1936 47
2531 1036 12
613 3859 87
2469 3343 48
692 1372 32
3450 4149 94
3001 1792 51
1874 4373 38
4051 2636 10
1726 4030 41
2287 1797 16
2785 3711 79
901 2514 53
1560 3006 92
482 437 60
4415 227 60
3880 2322 73
1136 858 72
2546 2775 69
1349 698 86
813 2313 87
3084 4242 26
697 1220 76
613 1165 69
608 1592 18
1130 1492 49
2692 832 71
114 149 30
3766 4231 51
3246 3717 84
423 137 23
2604 1351 92
3800 4042 55
764 4258 75
1708 2830 15
3891 298 96
26 3033 57
4193 1813 84
1021 600 12
4405 316 91
3314 3356 67
2713 3825 49
983 2055 55
3508 1309 96
309 3999 18
3991 2444 67
3126 1839 74
1285 2258 31
626 2441 37
498 3817 84
305 3624 83
3180 1970 82
3409 3032 10
181 1790 23
3710 1157 97
1 703 36
1013 426 28
4149 4006 55
102 429 89
1516 4164 84
3935 2780 67
1228 564 26
3467 4286 85
1771 3985 91
597 830 92
1780 3679 79
957 4043 16
1609 3893 26
4343 4248 63
1184 4000 46
3783 2914 79
508 615 86
331 4154 82
808 1464 98
3305 3503 60
2562 387 46
3707 1423 40
3209 507 38
505 3905 37
2810 1295 58
3524 631 15
3406 51 58
2583 4151 47
4151 3396 53
183 43 95
792 4031 93
2501 2723 36
1186 1063 41
3907 3947 67
202 1424 18
3439 2235 27
2526 1013 52
2391 521 28
4061 3052 46
428 617 18
2378 2780 82
2000 3829 36
2214 48 74
998 1437 56
2976 225 99
1840 1402 86
2235 1849 64
333 2338 56
2478 1153 97
583 1232 56
569 2222 46
2154 395 94
4203 4158 96
3992 2252 63
3475 1864 50
152 2602 19
3946 532 100
1099 2537 70
3243 3182 90
2884 2615 38
446 2990 47
1168 872 57
1196 969 11
1493 4165 59
1413 3058 63
2547 1315 44
3662 1919 21
