553 2105
284 144 66
200 356 15
102 530 29
435 111 25
91 445 71
96 453 24
342 446 52
524 331 100
543 306 66
366 75 17
317 318 37
125 99 73
502 551 12
340 163 71
65 134 70
529 116 50
469 355 83
542 14 55
284 369 63
2 506 25
19 450 32
36 154 71
235 319 71
444 507 58
330 298 69
383 192 39
450 482 18
227 180 40
375 390 86
91 493 88
535 544 10
375 372 44
382 347 21
483 397 84
403 438 32
385 121 88
100 496 23
270 448 24
291 82 55
177 13 77
87 430 24
74 341 23
357 231 37
524 476 44
240 181 22
284 502 47
343 312 91
23 363 49
436 23 79
274 336 70
314 349 95
300 548 30
352 541 60
166 343 38
453 142 46
490 426 15
88 37 31
300 426 53
333 531 32
289 86 77
344 103 28
143 235 51
394 504 66
150 253 69
486 242 87
186 157 41
439 229 51
49 220 45
263 251 64
109 504 92
5 539 23
146 448 38
95 142 25
298 393 26
477 307 43
535 367 16
519 246 50
363 432 47
101 352 98
247 193 100
60 74 78
342 283 59
461 293 81
275 175 100
241 37 90
327 34 16
79 532 80
14 127 62
43 211 81
198 128 48
12 25 38
136 223 52
72 521 84
9 483 89
472 150 81
296 542 50
464 521 36
45 85 17
349 99 66
100 79 30
78 194 97
412 354 71
66 339 50
203 252 62
356 185 74
25 152 68
321 500 49
489 333 22
268 510 30
258 274 43
531 545 45
32 160 28
449 170 67
152 464 59
507 517 74
132 481 82
301 163 91
130 521 43
521 368 91
419 471 42
265 501 68
264 67 32
356 262 27
177 536 29
219 392 59
452 218 42
349 245 23
226 9 55
210 321 53
223 109 45
67 99 32
102 529 98
23 457 53
485 347 98
272 551 29
104 266 22
400 197 52
279 50 41
345 177 25
119 124 27
492 321 89
208 405 78
156 532 64
125 511 89
101 518 96
131 493 12
64 421 46
288 463 23
9 549 96
436 153 50
358 540 50
200 188 87
468 133 83
91 550 25
419 270 76
323 415 79
175 203 36
457 281 13
491 197 36
183 31 25
122 372 49
468 187 98
238 441 22
526 293 66
271 132 44
456 197 56
86 139 94
131 105 27
47 295 32
128 460 100
362 36 16
176 524 91
148 502 46
25 161 23
174 54 85
210 298 11
42 209 76
538 480 93
424 283 11
314 184 93
225 417 52
354 122 11
10 14 87
29 345 39
271 479 92
63 493 35
437 466 24
222 278 18
220 2 18
266 18 28
110 334 58
550 92 10
409 525 52
226 385 14
373 20 92
258 525 12
168 425 44
400 74 17
65 388 30
366 55 32
172 336 20
28 472 36
506 367 12
237 320 48
3 233 51
548 427 53
404 200 14
109 34 68
219 112 14
223 240 56
335 437 81
323 32 72
511 284 59
33 203 64
280 290 33
441 150 96
127 7 88
212 14 54
270 409 96
152 309 62
329 428 11
290 4 22
490 464 20
440 532 69
48 351 82
375 393 38
145 432 69
328 264 23
153 270 68
434 337 75
89 479 28
334 412 64
183 203 13
500 125 16
72 532 20
216 14 10
87 276 50
416 520 25
376 522 14
552 22 99
518 190 50
326 83 12
492 80 36
212 160 20
287 159 64
378 26 76
406 490 45
235 122 99
22 232 73
532 56 60
150 350 20
234 424 99
76 158 43
533 256 68
531 375 96
182 201 55
56 498 71
327 32 56
289 419 14
420 340 40
415 212 93
384 539 49
251 132 53
434 67 71
445 143 89
258 47 29
233 125 64
471 526 46
125 168 14
63 425 95
351 111 73
463 456 51
406 78 82
328 92 95
433 460 45
388 246 44
279 275 76
298 442 49
81 266 66
90 93 52
430 397 14
4 226 18
144 283 29
264 158 22
499 245 93
453 335 11
457 50 95
378 36 49
446 184 85
176 154 30
24 238 96
372 427 11
99 168 67
11 217 71
530 218 90
245 101 65
493 64 96
53 164 58
266 192 67
76 509 11
506 362 35
136 531 27
489 375 41
350 365 37
309 123 95
310 127 22
426 244 78
310 249 59
462 146 75
490 367 65
174 27 78
477 102 29
172 64 62
149 248 64
456 221 73
233 60 47
481 364 22
73 276 87
60 481 85
406 179 12
414 75 75
414 472 87
354 403 31
56 433 59
56 242 90
382 549 43
70 290 48
50 182 68
372 115 39
273 286 44
83 508 22
277 454 69
306 42 85
240 336 49
351 381 99
125 436 59
179 112 12
377 529 60
337 445 70
371 394 45
332 119 36
250 459 75
72 460 85
390 452 72
220 78 82
510 489 16
244 351 32
500 532 82
83 151 20
345 277 75
194 120 67
0 20 71
19 296 43
61 371 58
54 188 88
53 265 16
514 184 10
427 76 62
81 253 52
259 432 13
123 289 79
118 403 51
453 166 25
496 131 66
99 296 88
5 67 67
158 221 21
81 98 84
326 423 81
479 159 14
299 537 66
123 31 71
366 129 47
422 209 33
364 9 19
389 313 12
518 48 24
36 238 51
382 125 58
364 270 67
283 388 53
7 395 48
545 304 12
177 468 58
325 187 69
415 164 30
517 267 56
216 156 45
225 219 72
52 279 75
543 467 54
507 453 17
443 405 20
297 131 95
229 538 71
474 428 28
375 86 86
289 494 25
286 98 66
344 414 100
206 343 91
528 295 25
88 163 65
303 185 89
444 68 71
89 369 50
22 538 56
142 372 26
296 73 20
174 230 95
497 179 40
205 270 89
37 78 56
42 311 32
134 225 95
110 236 85
293 404 84
427 262 87
138 133 55
499 307 17
158 73 70
78 345 28
545 418 58
351 334 13
546 414 61
249 26 41
497 430 37
545 172 86
269 443 93
82 237 70
186 431 11
479 546 97
9 28 68
218 211 93
263 240 33
362 489 52
218 87 62
163 552 62
191 228 80
14 105 35
42 382 58
343 248 92
546 454 56
436 84 65
262 294 91
480 386 30
246 401 29
312 56 87
309 31 79
83 6 16
137 441 24
403 425 65
540 225 16
164 190 36
371 134 45
147 459 82
450 179 78
88 115 32
432 191 24
254 522 55
128 530 43
275 340 16
517 53 87
124 244 59
154 195 13
105 18 40
8 242 80
452 253 44
441 124 31
293 11 58
431 522 85
135 417 40
160 131 13
134 156 93
309 89 68
420 199 93
437 379 10
325 130 13
360 369 56
220 188 29
528 248 33
29 389 55
430 70 67
250 397 96
514 506 33
100 248 92
212 35 85
85 0 91
306 408 66
206 124 51
19 394 40
240 343 29
321 373 88
92 312 31
171 401 18
52 479 33
387 196 86
240 32 92
119 352 50
484 336 68
321 363 74
398 356 17
290 303 81
22 518 43
342 349 93
20 480 90
244 408 79
487 244 25
136 187 42
268 398 12
145 23 18
430 492 98
173 349 25
268 401 74
537 43 99
132 541 69
204 412 95
231 282 32
399 294 70
138 275 73
120 484 63
51 524 45
222 354 23
542 437 85
326 110 84
454 214 45
225 219 76
111 63 88
194 285 21
364 449 45
264 75 66
372 243 80
350 421 81
45 151 92
191 192 44
117 224 44
504 420 26
307 115 29
6 476 60
305 524 41
524 53 100
136 284 24
330 479 67
47 322 85
25 312 49
244 205 62
348 57 52
452 542 82
370 176 59
271 155 33
25 292 28
260 12 65
388 19 18
403 131 62
239 218 12
385 140 96
475 98 77
158 398 23
388 20 17
254 342 97
494 513 97
336 474 15
46 227 94
158 13 42
360 404 97
415 302 77
78 216 29
507 537 34
539 526 37
386 10 53
333 38 66
208 470 92
301 104 94
170 175 88
12 21 76
75 375 40
150 255 30
245 156 93
95 339 43
438 415 87
544 541 43
74 342 62
150 260 41
278 325 13
184 476 30
235 435 53
222 303 87
373 267 59
501 528 29
540 464 71
65 55 68
44 361 41
226 378 46
464 518 42
433 10 89
397 93 84
114 423 39
126 219 19
411 356 20
388 177 48
541 449 66
2 531 24
500 283 50
258 146 85
381 74 40
177 225 77
527 72 68
263 105 47
79 312 92
504 52 19
447 140 40
11 33 38
503 186 86
352 44 87
445 339 48
223 373 61
150 109 47
390 406 61
88 463 59
75 438 97
135 518 83
420 373 76
165 174 75
309 102 87
515 75 88
495 428 23
532 31 84
264 143 74
413 85 24
455 233 82
426 159 26
128 144 96
179 347 26
113 0 52
233 121 47
84 107 85
308 331 99
156 401 68
499 496 67
103 346 96
200 380 85
340 208 97
530 225 84
0 182 82
394 21 75
138 170 91
492 384 42
377 1 88
335 316 59
80 451 14
366 463 63
280 243 39
149 239 59
396 456 69
261 329 22
513 47 74
33 473 18
418 178 88
308 280 38
8 28 90
227 217 93
151 322 32
285 122 10
279 299 31
408 281 97
332 18 81
514 433 96
16 1 71
503 201 94
61 142 12
499 122 72
149 403 98
460 386 77
371 59 75
296 459 43
311 366 19
546 6 88
447 336 90
501 374 61
500 52 51
401 490 94
430 135 52
344 328 17
156 173 76
85 487 42
364 102 48
180 154 74
483 26 47
487 34 83
363 284 60
199 167 84
22 135 73
48 77 95
308 277 93
393 154 30
243 94 33
364 493 34
441 355 18
2 368 72
82 455 68
523 275 15
472 549 81
107 83 12
515 136 26
120 437 37
110 236 91
295 385 39
364 233 30
150 313 61
153 179 64
30 90 90
508 44 86
150 300 30
99 324 19
423 386 63
457 133 30
30 423 12
480 89 67
402 78 36
6 422 56
525 517 57
406 543 35
94 245 79
119 435 75
34 71 25
276 380 46
392 133 80
344 354 62
18 481 88
318 58 64
133 282 22
301 86 50
306 352 95
438 82 70
33 440 47
476 38 53
343 438 29
461 517 53
222 218 54
401 134 81
328 114 65
438 273 88
1 456 40
408 288 81
354 1 92
63 103 10
50 315 26
33 405 89
238 48 12
74 453 81
209 508 56
362 54 54
384 510 47
104 222 28
20 326 38
65 429 90
406 331 69
477 478 32
192 153 20
536 234 55
108 213 80
456 139 26
77 537 30
263 462 85
290 251 65
188 43 35
298 435 85
158 498 47
532 470 15
390 306 17
122 455 84
440 93 76
275 123 72
414 274 34
345 474 18
156 405 65
286 132 37
156 54 62
401 397 21
537 462 65
256 76 36
28 47 65
60 167 33
229 67 83
437 17 79
333 465 83
83 542 22
204 443 28
48 487 38
121 405 82
17 196 42
134 98 83
53 205 48
549 36 94
50 197 18
297 272 86
207 256 97
520 209 60
433 459 59
189 127 27
505 420 63
28 387 84
463 281 43
358 235 10
534 401 35
381 279 41
373 59 76
472 351 56
298 551 39
354 102 96
4 367 26
30 509 34
405 316 57
330 281 29
418 491 23
534 227 35
113 301 39
216 29 54
284 195 13
301 515 28
79 459 34
401 84 22
509 17 70
354 201 98
408 0 71
348 547 85
158 438 30
27 494 29
46 167 22
397 507 45
168 275 14
278 373 17
263 336 70
7 296 72
332 21 66
302 384 29
316 453 16
362 43 63
468 467 80
330 393 96
123 42 60
94 329 83
265 219 48
223 313 76
410 454 93
298 291 83
228 14 46
278 58 88
318 350 87
495 441 89
426 449 42
478 255 22
236 237 71
551 21 53
113 142 18
120 479 85
274 329 25
13 5 16
308 4 20
74 353 82
307 533 34
398 291 100
239 241 82
226 549 54
311 172 59
274 280 71
154 329 11
230 138 49
137 26 57
386 105 39
466 391 14
423 435 59
317 260 95
437 506 74
513 140 25
244 14 34
165 124 20
66 58 15
243 475 43
32 39 37
266 348 56
300 436 52
75 243 94
39 368 54
64 284 97
446 518 93
469 490 31
433 16 76
0 227 64
18 268 23
132 504 49
329 27 71
66 389 91
88 472 16
165 507 48
502 166 19
484 375 58
178 25 97
376 145 100
138 62 69
240 15 30
300 182 56
234 470 92
57 282 10
130 206 62
482 43 11
22 260 31
479 172 87
132 210 47
407 205 71
494 165 27
133 355 51
317 436 10
179 237 94
289 495 38
156 59 94
28 543 26
413 503 15
90 116 23
167 237 60
496 148 17
301 448 96
199 410 73
225 401 48
28 58 97
323 548 72
18 501 82
478 200 59
371 416 54
88 426 81
468 414 62
189 307 27
315 499 41
45 356 47
5 57 70
34 142 80
126 309 64
474 431 62
155 85 36
503 515 60
323 385 87
25 481 12
444 190 48
232 302 26
373 547 98
68 175 53
24 212 82
178 27 61
254 374 57
384 408 43
478 231 53
219 196 86
317 544 40
519 181 86
134 109 16
286 43 48
245 38 98
445 475 93
252 465 25
99 359 95
289 488 20
247 490 58
59 390 84
285 397 12
37 232 38
220 18 30
414 9 64
401 94 36
303 114 22
446 169 48
356 1 67
17 477 51
377 109 48
263 493 15
297 155 89
484 493 69
377 308 18
249 326 11
363 387 78
55 77 21
83 179 78
434 270 78
347 227 96
249 146 30
328 500 100
200 73 23
291 470 16
18 248 30
283 28 57
154 401 17
196 326 79
161 345 53
30 210 41
228 36 13
56 268 42
420 441 20
133 94 84
135 475 10
510 307 28
318 532 46
527 52 97
465 459 87
365 139 48
336 150 42
408 441 57
501 5 89
532 116 34
227 307 26
21 454 23
140 236 100
137 278 78
215 403 28
70 265 17
451 61 22
286 460 18
86 503 24
96 22 88
69 137 57
154 217 78
288 490 46
391 309 86
457 175 10
316 355 29
507 17 73
252 381 33
43 137 95
420 74 73
363 355 89
122 29 17
222 261 13
147 547 78
322 355 10
170 257 84
465 194 65
192 409 45
8 192 10
244 178 65
391 362 92
160 29 42
366 336 82
203 386 41
316 358 58
552 361 95
542 221 78
107 369 69
39 518 88
297 470 43
35 304 12
208 237 21
154 214 46
134 510 18
466 441 78
345 155 31
258 353 86
132 524 49
72 255 69
300 252 97
457 164 32
400 551 47
281 380 87
201 248 97
486 147 35
238 333 78
165 68 96
529 85 88
207 87 58
118 480 16
471 282 40
60 206 98
150 328 45
505 69 87
545 519 75
49 10 28
201 236 37
417 292 40
63 216 36
106 176 88
62 146 21
291 290 24
390 133 81
27 94 95
419 273 57
401 430 17
77 373 16
154 229 11
77 410 95
75 461 18
136 409 25
548 176 77
345 114 26
171 26 11
505 116 61
324 299 29
484 312 58
420 55 53
361 437 33
153 179 37
14 533 89
321 519 22
488 483 38
303 534 54
114 364 23
37 376 18
243 164 53
412 330 89
103 53 97
542 487 21
437 264 68
240 321 98
272 364 52
530 245 13
191 77 57
19 326 57
431 86 74
140 194 96
542 234 90
511 408 75
278 106 43
42 341 93
240 31 44
303 447 37
175 22 10
523 404 55
232 182 19
415 11 12
249 514 40
520 184 41
522 229 93
415 66 78
491 509 84
160 507 81
30 179 54
168 325 63
14 186 99
304 292 25
232 342 91
116 189 25
259 279 59
151 119 32
73 34 93
406 539 42
152 479 19
79 378 57
102 10 26
519 538 69
42 217 61
71 116 43
212 381 52
194 211 33
294 174 44
310 5 88
102 50 86
456 372 39
512 280 16
16 234 32
273 251 60
211 213 67
59 330 37
501 99 74
132 141 98
445 33 86
239 40 91
178 371 38
457 485 22
128 493 92
414 89 86
362 460 80
89 195 42
197 292 96
196 500 29
425 276 12
169 283 98
295 241 87
263 282 93
192 391 66
330 102 90
432 366 94
158 126 36
370 196 100
492 328 67
49 230 16
167 458 62
101 472 11
514 373 82
312 229 96
135 506 66
355 289 65
114 475 96
123 108 49
281 270 92
148 305 65
35 289 14
481 387 83
29 63 25
419 71 47
543 280 18
7 69 50
279 156 29
290 425 43
265 217 24
102 359 38
481 306 62
493 539 20
254 49 71
299 527 23
478 57 35
307 59 37
140 62 91
40 396 80
203 483 70
428 507 32
213 399 27
402 220 15
532 301 23
185 56 17
432 299 76
335 280 42
425 356 10
62 318 23
266 373 38
268 492 91
237 429 52
537 519 29
395 301 44
325 441 41
231 465 64
356 283 54
403 421 67
322 192 16
406 497 52
134 346 21
514 152 40
77 333 86
39 494 25
71 160 89
232 465 84
62 392 86
402 506 76
486 307 57
433 374 30
348 144 78
378 480 63
398 116 20
438 338 13
477 470 96
449 297 92
457 0 59
91 486 18
146 520 86
99 406 13
407 35 90
268 115 21
212 467 46
164 209 29
534 158 30
515 272 87
213 41 34
533 233 43
170 142 34
236 305 32
236 154 60
487 430 95
302 257 79
296 73 67
131 352 71
36 135 91
71 230 30
68 398 83
361 504 81
487 290 98
448 193 24
27 30 19
64 91 39
125 113 59
547 426 47
132 150 32
302 63 70
216 281 68
111 435 34
455 215 74
155 444 91
318 333 70
132 230 80
271 361 90
25 219 33
540 37 43
173 163 57
507 117 64
494 519 85
398 96 92
209 229 11
16 412 49
253 548 85
279 360 97
128 13 26
32 189 77
434 264 58
408 304 57
349 407 58
244 543 25
203 290 21
329 495 56
39 520 50
184 228 96
81 147 63
3 329 69
239 243 71
321 150 24
91 512 50
15 200 75
530 478 65
549 464 20
402 346 47
197 378 47
213 325 89
541 116 65
41 467 61
216 465 29
369 258 73
5 455 56
451 185 54
433 337 65
403 180 50
507 26 89
468 242 32
316 444 35
214 456 83
335 475 39
81 510 47
280 12 87
446 403 55
475 514 83
208 157 27
278 381 60
170 283 73
333 102 28
474 56 63
522 242 48
122 539 36
120 527 52
138 105 55
251 5 60
509 546 69
294 435 51
235 120 76
109 18 93
24 145 90
507 123 54
543 12 56
318 71 52
393 211 70
268 464 40
140 282 66
499 517 99
136 426 81
249 276 59
213 75 54
43 303 89
111 453 29
206 338 97
269 492 73
74 200 17
244 410 12
184 471 60
511 158 33
31 503 83
88 203 58
359 319 77
175 466 53
388 432 65
168 320 21
444 90 74
367 74 92
245 16 94
346 228 33
85 487 52
219 255 10
19 56 29
88 227 17
172 477 38
496 61 41
4 420 82
47 197 13
21 237 47
130 48 85
8 191 64
225 233 88
251 109 62
475 102 86
364 130 58
479 532 81
25 358 64
329 484 83
90 172 24
90 433 25
391 442 81
502 285 58
454 482 85
344 282 54
449 184 29
508 154 74
535 194 67
459 233 94
429 406 71
410 164 19
108 443 93
440 105 56
348 535 30
8 215 64
394 129 79
209 66 28
534 433 74
463 124 40
157 21 46
496 500 10
419 81 75
267 158 22
360 45 58
156 121 68
256 251 80
117 156 40
172 220 51
383 58 39
471 374 60
366 151 75
261 454 18
233 136 12
332 134 67
72 439 80
421 413 15
29 42 10
357 505 91
66 366 23
38 461 34
419 451 36
410 25 98
471 250 31
57 15 43
27 293 79
71 469 94
448 288 90
282 316 38
433 49 45
79 458 28
12 124 56
271 541 21
309 391 92
510 246 67
299 548 13
161 338 92
370 275 25
241 379 23
447 49 81
213 101 48
452 371 99
115 345 81
337 284 72
352 351 58
353 199 10
160 17 56
536 460 72
109 488 65
157 33 72
32 400 38
258 204 17
150 170 44
149 209 77
344 201 100
366 535 36
475 461 92
383 114 34
193 235 53
1 452 20
493 22 61
432 369 95
216 345 90
226 333 85
2 117 22
56 525 69
288 518 41
33 78 17
506 390 74
189 54 95
134 327 57
183 455 37
138 67 93
101 499 85
302 292 66
180 136 84
503 388 38
392 319 52
503 7 35
267 68 35
246 243 45
251 436 50
357 468 50
235 311 71
542 186 45
186 330 38
120 303 55
257 235 12
72 348 25
512 229 67
428 367 99
517 377 65
276 297 47
23 70 38
54 403 53
20 549 95
23 328 92
445 318 87
158 512 38
151 79 47
63 247 27
42 437 76
252 180 66
97 396 91
346 174 98
428 9 69
174 338 12
242 351 100
11 234 93
10 155 93
418 147 53
325 534 21
222 260 78
156 492 90
282 309 51
297 121 74
226 197 44
178 198 85
162 172 72
53 302 32
119 273 72
450 11 49
447 539 66
378 377 88
175 446 16
425 153 63
202 423 71
232 185 30
239 129 43
237 329 49
349 342 43
199 196 64
2 289 23
276 128 37
504 396 28
251 389 36
351 510 81
520 147 64
307 466 54
408 101 20
178 286 81
372 218 96
107 541 74
337 148 66
276 283 45
410 350 100
87 34 42
483 470 59
148 245 97
388 212 97
385 342 75
1 457 75
309 338 89
314 354 49
411 3 67
29 520 47
422 300 97
132 186 23
88 551 42
34 238 13
129 114 59
303 0 15
337 270 35
280 178 31
131 480 56
241 110 91
446 496 72
330 69 54
186 93 79
195 252 30
422 487 53
87 194 14
303 327 99
365 133 57
531 324 93
89 260 12
340 180 83
321 117 65
496 324 30
133 106 87
457 209 26
406 350 95
360 472 16
277 203 60
313 306 17
547 4 30
373 169 26
173 145 12
141 240 48
533 410 81
506 39 65
243 20 58
481 216 19
486 221 16
369 511 62
307 484 66
364 483 100
424 28 23
403 157 48
80 389 90
539 494 55
248 430 26
114 387 21
512 516 37
281 211 36
12 501 17
279 344 35
67 249 19
242 31 16
86 450 64
174 445 90
534 158 66
370 98 72
415 275 86
82 452 39
226 253 38
297 497 33
407 1 50
547 81 69
152 549 71
70 214 32
8 392 25
249 25 99
41 494 37
452 433 94
348 232 74
192 408 16
23 315 12
422 249 41
109 216 77
354 468 18
523 405 89
441 428 80
236 239 76
290 327 78
183 440 15
109 361 19
22 125 42
331 503 69
414 467 77
164 63 50
392 373 21
135 131 78
179 22 51
243 298 31
204 543 90
520 332 88
72 393 56
295 159 10
358 132 94
418 336 32
495 75 23
320 252 12
144 184 57
87 19 81
321 366 26
341 253 37
60 159 26
85 249 70
403 56 11
470 252 27
133 471 92
118 360 67
354 0 26
214 168 96
169 64 39
10 253 26
109 107 32
141 99 51
369 104 58
205 341 45
476 467 88
521 57 27
524 39 27
172 524 50
372 254 15
101 295 79
43 82 67
158 101 82
136 328 34
480 18 77
317 407 52
127 337 78
331 278 36
224 253 51
341 192 11
412 433 78
122 438 37
227 101 85
271 207 62
261 135 74
27 141 60
23 103 67
204 476 24
544 487 49
35 314 62
550 258 90
144 463 61
272 540 86
305 474 44
346 226 81
465 432 85
468 61 68
482 239 58
166 202 67
321 379 24
488 188 58
221 538 22
32 454 50
222 268 21
328 56 75
358 420 80
220 415 85
490 174 48
133 60 60
75 504 23
252 168 44
466 178 25
345 404 90
451 226 39
134 430 25
71 358 25
93 105 79
380 349 15
135 11 66
79 30 45
320 172 52
229 432 67
367 353 52
222 386 86
538 150 96
5 242 99
153 265 89
309 182 79
381 108 25
167 30 45
203 473 24
239 440 22
269 300 41
161 72 55
314 292 14
466 228 65
316 203 21
360 509 90
531 425 62
160 396 58
440 355 92
38 130 87
316 229 21
155 166 76
102 61 86
321 358 83
138 530 69
506 421 82
522 235 16
288 6 53
229 291 93
425 532 53
417 339 33
312 110 67
238 270 26
401 254 92
73 402 73
473 404 27
5 291 50
461 267 35
523 187 74
542 524 90
84 488 38
23 261 27
221 31 42
321 142 46
179 313 96
286 158 77
122 116 22
388 453 20
184 394 88
15 71 30
470 441 80
318 340 95
189 38 88
385 99 53
252 226 38
205 410 26
494 196 88
480 180 73
239 252 84
213 467 28
297 450 90
517 243 69
314 122 60
102 321 45
15 151 30
287 10 93
181 332 51
308 208 89
526 504 99
222 417 94
173 247 43
311 518 15
163 483 51
292 262 76
136 510 87
356 125 47
365 152 84
68 528 96
418 23 21
182 550 42
274 498 67
289 19 39
240 191 79
549 331 12
541 335 17
406 205 86
222 61 94
252 518 23
470 14 78
152 517 59
537 421 14
246 93 10
155 480 20
242 539 91
227 493 24
122 7 75
20 278 69
536 368 31
522 80 33
69 84 71
154 432 71
485 498 93
413 140 73
496 174 80
133 508 79
108 317 58
427 226 36
76 37 53
463 521 94
441 474 98
490 262 43
403 123 24
224 366 15
348 68 26
44 525 10
430 531 60
433 171 67
292 29 93
80 497 17
152 183 100
93 289 77
158 545 62
34 348 30
226 505 67
140 48 51
63 384 99
11 365 72
91 108 21
27 265 71
354 136 24
233 392 38
466 4 28
195 344 25
152 97 50
316 248 12
486 73 85
204 34 14
459 220 75
283 502 85
512 405 50
448 97 10
498 431 52
476 271 69
281 246 61
323 221 84
434 339 71
243 154 39
318 492 77
96 38 29
285 364 83
416 73 58
283 139 70
10 250 70
514 319 86
319 174 39
348 282 27
168 504 35
218 135 98
383 331 75
75 216 87
121 253 37
520 142 70
30 441 18
461 465 23
307 181 28
546 13 40
215 205 93
91 84 55
112 315 84
514 303 34
376 54 44
162 292 51
5 529 93
351 389 67
235 240 70
2 366 96
171 177 42
470 538 65
152 83 52
510 350 45
150 340 74
132 299 81
251 485 52
278 333 21
541 426 89
202 215 53
209 348 97
410 179 45
224 260 69
86 262 86
332 352 76
307 206 49
63 37 24
318 33 99
400 473 76
369 15 66
532 20 21
12 549 38
239 445 34
517 359 83
35 111 90
514 314 83
476 69 33
30 186 69
407 50 36
156 419 36
535 382 83
543 492 13
303 278 30
328 193 35
523 525 75
149 40 97
311 352 16
140 461 34
495 508 36
114 110 13
550 112 69
359 452 74
68 209 79
424 466 44
365 10 43
207 231 53
10 8 37
278 316 66
526 40 46
381 237 92
513 75 28
63 510 52
541 109 62
221 530 54
354 215 65
407 284 31
242 413 98
485 260 21
129 289 57
339 209 39
31 330 11
288 361 20
34 529 27
388 205 77
83 277 86
180 354 17
153 255 23
503 181 36
303 407 98
235 165 21
181 62 35
378 324 40
154 157 44
57 224 20
31 1 51
263 367 58
229 182 11
107 436 37
116 219 55
286 481 79
167 98 61
131 224 24
5 346 67
345 525 89
23 197 53
212 445 86
106 477 46
314 536 26
65 57 95
304 541 52
465 156 88
114 480 71
304 164 28
65 514 54
334 156 21
415 377 42
308 235 17
506 75 74
80 169 93
211 161 69
455 178 30
7 4 95
226 155 34
174 471 89
41 280 60
129 235 74
414 311 37
62 207 31
143 85 18
385 397 22
245 181 37
84 349 99
365 291 59
12 449 86
242 155 93
224 511 29
408 26 29
13 462 29
35 101 87
59 114 20
230 265 72
523 147 72
63 477 87
515 378 82
543 37 96
512 175 83
546 322 19
511 552 72
90 247 85
530 290 42
97 48 21
44 42 65
437 138 47
146 73 21
400 471 80
131 383 21
472 374 35
144 420 54
184 233 35
370 62 46
429 512 43
322 447 35
2 412 65
517 438 85
54 498 35
28 311 49
106 70 31
84 450 81
11 389 49
292 18 53
130 341 80
215 114 67
141 38 89
334 435 71
296 89 39
200 318 30
20 317 56
131 102 48
348 303 71
438 12 19
517 436 31
406 519 43
26 242 79
250 389 96
528 488 38
443 32 43
548 65 17
234 1 12
331 235 37
326 71 34
546 369 38
170 338 73
308 217 55
368 18 38
89 253 26
217 100 43
244 200 34
191 320 14
343 301 60
468 210 14
482 316 26
243 254 22
345 328 28
139 374 59
304 80 87
384 337 81
354 331 18
71 242 25
