3925 3998
1351 2140 13
2891 221 13
255 1950 79
3194 1996 40
880 2666 32
3208 774 95
2961 1089 41
3359 3771 27
2766 3922 75
578 3907 34
2865 468 18
2028 2015 87
2104 2035 85
1416 2632 19
4 2473 17
1728 3020 94
3128 3464 45
1043 1808 98
623 2578 14
3562 3634 70
1886 250 61
3071 1090 14
1172 3130 36
1430 313 55
1891 3310 35
471 151 91
3783 3758 48
3037 1852 74
3897 2850 61
1380 178 63
372 2829 88
2645 607 41
3166 541 40
3856 457 31
1785 1970 54
2966 2796 49
973 2847 90
1131 419 90
1365 1213 84
3318 729 10
1785 815 57
221 1572 97
229 2082 34
2734 2973 18
2713 763 25
586 2993 60
693 1125 11
2181 1834 12
3344 2957 70
3652 447 33
1401 3028 18
630 1640 10
2797 1784 26
656 908 12
2231 3890 47
3909 226 80
1212 2275 73
2270 190 53
1476 3401 37
3700 154 63
466 3480 88
1164 1785 40
3576 818 41
1585 2412 75
1721 1374 78
158 3527 19
2077 2196 95
202 1605 31
3884 3544 39
2535 1115 85
3248 2801 14
2119 152 41
2155 869 22
2368 2857 38
870 253 86
1113 1176 51
3631 3212 66
3649 1856 35
3890 2763 97
2946 1053 86
3771 3696 69
1007 3916 75
63 692 48
1022 1901 70
3661 3861 26
1724 2176 56
101 3590 61
829 3360 99
3525 2593 54
3862 1203 64
1466 1619 97
443 3398 74
1878 2422 52
881 1986 51
3115 1351 27
3293 426 94
2315 3487 11
2673 2260 93
1761 2889 54
3481 3273 37
2960 684 73
2611 528 75
663 2706 34
3592 3245 23
56 617 100
814 3818 54
1652 2459 42
426 1748 18
2089 3402 49
2233 2626 88
3579 319 44
2680 2051 96
1521 3068 60
3900 2121 54
2139 2144 27
11 1450 10
1731 1277 81
1171 2849 11
3370 666 78
2299 3663 36
2617 3106 37
876 584 87
1996 2843 91
2058 3546 74
3491 2134 22
2500 35 16
694 2638 62
1815 2682 29
640 2331 51
2419 713 55
3557 1266 21
1038 739 73
3830 3427 73
3919 1663 23
2728 3694 87
238 1164 46
620 3791 57
193 122 56
1606 2331 58
82 3466 98
3598 3586 21
562 3119 72
51 3649 99
3157 1041 24
405 654 82
3119 219 52
432 1589 94
601 3257 28
651 85 91
2216 393 97
1280 1867 85
3548 1087 17
3391 3800 90
372 1448 58
2496 3844 47
2169 740 93
1418 2534 69
1544 3657 19
455 2499 13
161 1132 81
322 180 76
987 796 68
2919 2065 87
39 1367 16
248 2223 20
3024 2694 26
1376 645 42
638 882 44
1806 3415 98
2959 1464 97
1449 3453 16
144 2060 79
830 3128 98
1275 736 21
2571 1130 47
2484 2186 27
611 221 53
3898 735 34
738 2197 28
2143 3397 40
923 3461 93
531 3475 40
597 2517 51
2380 1161 78
2602 1711 74
2967 2568 18
592 2747 98
3341 2087 80
2416 1522 13
1815 958 30
2390 1700 94
1253 802 35
148 3846 83
1775 2011 59
804 556 77
2680 1086 26
1228 544 85
3535 3159 78
796 3853 97
3557 253 24
2454 3475 31
1085 399 93
26 1684 57
3087 1565 27
3009 2683 17
2854 2011 67
2583 686 88
785 3477 17
1782 2603 63
873 515 30
227 1671 82
2002 77 56
1741 2966 38
2268 2640 56
132 2565 11
2925 3624 59
2959 400 99
367 3238 65
974 1787 48
1634 2657 27
3112 2684 75
1963 2184 36
1822 2571 77
3468 387 85
2279 2413 86
793 275 13
940 320 45
2439 3642 32
2310 460 23
1338 3290 77
3133 1220 78
2860 80 37
1467 2125 32
1642 3328 65
3381 667 48
3522 3038 36
797 2222 54
3550 3771 95
3171 2423 62
1479 2890 26
3080 3163 51
2458 2109 90
3856 3002 100
2423 2868 56
1214 2352 59
2065 1923 67
3425 1139 99
504 2935 19
2839 804 64
1529 968 98
2978 827 55
2578 294 62
2568 290 27
2681 901 56
241 1352 28
289 2607 58
3859 309 82
910 3476 96
3912 2195 88
2621 2062 22
1148 1741 42
2650 408 72
1718 2007 74
1203 3750 62
1393 937 13
3177 1249 36
233 3012 24
1356 3499 44
2362 1384 33
97 284 97
1921 1430 76
2922 1751 11
781 491 25
1260 1616 68
1275 1087 18
2257 1160 81
3880 3593 51
1197 2150 27
2233 275 89
1902 3880 63
1030 539 93
2863 3869 17
1228 478 91
873 1201 86
1160 2149 45
2169 71 49
94 3616 51
3619 3624 46
2873 3082 97
1802 1327 100
3043 2514 91
430 1311 53
1851 3185 41
560 2554 77
251 169 91
3902 2683 45
2800 3884 89
129 6 96
215 2375 63
283 424 76
3738 1514 98
3332 873 19
1670 690 75
1663 3379 75
1363 1263 76
1042 99 77
3170 2064 41
3908 1870 83
731 2472 83
845 1434 45
184 376 28
1909 1796 21
3109 2200 87
1481 3419 29
860 3511 19
3044 2625 35
2437 1562 72
134 314 32
1808 3462 34
1115 615 31
934 2847 88
2047 2573 11
1374 3198 12
144 2995 37
1877 1055 80
3780 2989 56
2102 32 81
685 1425 45
506 1825 38
288 3119 24
1765 2961 67
639 1255 41
1620 2347 67
236 395 80
1574 3847 40
1281 2210 64
2737 2302 50
1500 2836 55
2614 72 64
480 335 35
1306 933 66
3070 3040 74
2918 369 68
646 3920 68
3048 3529 97
3752 3342 47
166 1600 35
2611 2537 10
3617 3397 97
703 115 37
2781 2206 47
296 33 95
3906 1907 32
3355 1594 98
71 2708 26
2861 27 79
372 2558 89
2181 1162 35
2179 2000 10
2342 905 55
70 1527 16
2677 1338 39
2269 3480 95
2881 3707 100
1636 1258 97
1349 3182 63
56 3119 32
3512 964 59
250 2842 35
1060 2403 75
2245 1561 73
2906 3487 88
1213 2645 93
3481 149 78
3448 1029 71
709 1828 87
3778 345 26
3690 1333 23
3839 3132 69
3581 3129 53
3721 144 76
1769 1561 23
3092 3499 44
2435 3493 75
552 2312 48
192 1061 77
1203 2302 15
1813 3099 80
271 1665 71
2873 2410 47
985 2459 15
546 1566 74
648 3093 76
3461 3602 67
652 2511 73
2966 707 50
1448 1653 55
2014 3385 54
1770 1437 30
1452 3153 41
2163 799 26
2981 3425 35
3237 1334 69
1699 3901 100
2750 3702 69
348 1473 35
2175 2277 92
1033 3333 99
1206 2011 79
2547 3186 34
982 3408 19
696 2476 94
1556 1362 32
952 702 55
3896 1559 88
2908 1310 100
3412 2928 93
3254 1636 76
1340 111 46
2938 1821 28
284 2975 47
752 3253 58
402 2417 19
3798 3499 37
206 1896 97
3130 2466 80
2415 1486 55
3876 2515 32
1624 1577 91
248 3320 62
1997 2104 87
2291 2634 80
1988 3705 100
2005 3533 69
2104 773 51
0 933 99
2205 975 31
3815 3656 30
2106 2047 35
2143 494 13
2870 1683 60
2324 106 72
3686 892 33
714 521 25
3147 1340 49
2731 1151 36
913 2551 52
1419 1821 76
2428 1999 40
3247 2473 90
634 3328 75
3209 2292 91
2597 1516 43
1247 1310 86
1488 3752 95
784 2740 92
2810 2139 61
698 407 93
934 170 59
2614 2648 84
2224 3082 71
1391 2787 76
62 3452 40
1984 2481 65
2585 103 62
3051 837 95
3348 627 36
3917 2359 65
2054 2409 33
1397 271 39
3793 2335 58
1876 3021 94
260 2982 64
2118 924 48
3271 2371 84
2053 2097 33
2611 870 86
1740 3167 88
246 3431 53
888 3791 22
587 341 81
793 1675 77
563 3624 46
3352 2692 15
1316 2340 58
2125 1153 96
2904 1371 18
1298 2448 92
1178 1154 95
385 1592 20
3268 2809 23
1767 3290 49
3763 211 70
746 2846 35
1953 10 27
917 2399 43
76 1117 85
3484 2702 79
3912 2977 14
1420 1011 14
11 3710 47
1040 3376 18
3110 1122 41
724 3456 24
948 3612 32
3392 185 67
2797 3764 94
2086 1855 56
115 232 86
77 3325 61
211 1771 21
105 1569 97
3885 1216 14
348 3151 61
2334 1917 59
1466 375 95
1295 3576 87
22 2643 73
474 388 26
1778 36 19
1449 3030 36
518 2847 58
3864 3722 75
2381 356 45
706 1990 25
1849 3639 69
3255 2298 38
1774 319 72
870 2101 83
1745 3620 84
3809 269 10
738 977 80
658 941 61
3876 892 25
2858 369 33
3334 2223 69
3639 1122 34
1259 3791 38
1837 2780 42
2935 3141 64
1672 3837 25
537 197 17
2629 2302 54
2598 3408 74
1418 1062 59
3365 3813 11
2925 613 24
366 499 89
3604 2705 71
2967 3628 44
2911 2705 15
3176 2420 77
2134 2998 83
2760 3761 32
3333 2304 36
2344 1128 28
3205 8 16
1667 8 90
700 3540 100
829 645 75
3297 1502 98
225 2024 100
2321 108 19
3234 2914 23
1594 1224 35
3667 961 59
2207 447 26
1123 349 52
3635 1107 53
791 2360 98
2255 993 58
1736 3081 87
2858 11 81
3575 2917 44
2791 3418 35
1903 671 41
977 1334 66
3121 3900 34
2764 2746 93
1359 90 71
1757 495 87
1076 427 89
1173 894 72
1092 1675 45
145 1446 77
2672 2604 67
1320 517 76
1068 112 52
23 3591 21
1112 623 23
453 2241 34
288 174 12
3226 264 91
1508 1734 16
2681 2840 28
466 895 89
2014 3507 26
377 2264 66
527 3510 42
2381 2061 67
3459 2782 89
1474 2780 53
444 2611 40
3674 1606 39
2724 579 75
3031 2582 42
3345 3058 87
3215 1075 70
860 311 49
173 1412 11
2543 3422 45
129 1199 43
2733 1801 69
3551 23 83
779 1258 14
2785 593 96
2925 3355 41
1654 1778 84
2884 3920 30
1427 114 20
169 1231 17
3134 143 90
3104 1166 81
1391 1333 27
188 1503 32
3654 1649 49
3766 801 47
2969 1410 96
3264 2114 18
2223 2301 79
452 3463 76
1766 2917 44
543 201 25
3493 3407 70
413 1050 74
589 2237 80
2124 2633 65
3042 2061 29
2775 414 29
2383 2958 91
3487 3372 44
2887 3427 21
1506 2580 80
285 2451 87
3812 2410 61
2445 2737 60
608 3555 22
1934 2737 26
922 1876 16
49 3322 97
1296 3019 76
2705 3873 45
2333 2105 32
1372 3402 47
1822 1865 67
230 3797 26
2472 1296 84
1352 2908 75
274 3559 69
2784 1576 99
3470 2408 13
3485 1729 12
171 2896 15
1773 2080 58
1875 2596 46
2664 2137 40
1244 3780 14
1590 1085 81
1239 1703 75
3594 1822 59
1567 1156 74
3212 3632 21
157 2654 39
1355 3341 98
3374 2929 58
2279 2229 38
442 2713 95
2175 1252 51
3022 1490 93
2955 2814 20
3433 2985 97
1303 3457 95
1971 299 91
398 778 73
3632 1836 26
2762 1583 36
3033 752 52
1733 2928 29
3504 2005 43
1658 212 55
2749 1601 32
2632 2335 16
3773 1088 94
2221 270 12
3541 192 96
2261 2280 29
2474 1304 59
784 3228 90
3541 2687 25
2317 283 21
246 1518 57
456 1709 61
2899 2783 55
2838 3544 48
486 3070 96
384 464 88
2919 1001 89
2282 435 65
74 1736 47
637 2745 48
2848 3725 71
584 3619 24
3561 886 62
3692 1621 18
729 1150 36
3790 470 38
1594 563 46
2334 3782 23
2101 916 79
1436 3681 65
3572 3178 78
2018 1113 78
3455 3519 49
3831 1448 14
3102 1824 58
1190 3656 40
2605 1839 61
2399 1237 62
1012 2749 84
3751 1173 60
992 561 70
3336 1076 20
2892 3794 16
2460 2481 54
2338 232 94
1477 792 46
3203 3035 57
3771 2361 54
676 877 69
323 3636 19
2065 847 50
3223 2251 41
1417 2906 23
601 1181 44
2292 259 29
932 3888 65
3176 327 73
3671 10 34
530 193 22
1979 3813 94
1563 1535 79
2723 1922 91
2273 2493 92
2907 938 88
1502 2741 98
62 3916 73
792 2975 32
1420 1651 88
1158 3314 68
1334 2902 49
1366 2824 58
2585 2012 70
1101 567 49
3067 2594 51
1321 1920 31
3083 3275 54
1311 1091 85
2029 2515 20
724 3379 96
1257 3864 69
70 1559 41
2205 3311 48
3887 2650 21
211 193 73
2435 862 38
3350 2574 95
1976 3670 97
3777 1637 67
1619 1356 87
3477 1145 73
569 3258 88
2071 1856 60
1268 2862 79
1297 3157 20
3870 1194 28
2537 1550 70
2428 1985 87
2601 280 53
2568 1586 55
932 2599 82
2152 3502 94
1996 1647 64
3176 2718 93
2928 2622 20
3544 3860 33
2914 2227 33
507 3756 46
1251 2588 89
1728 1634 46
1940 766 29
1818 1646 68
86 3063 28
240 2205 36
3685 2425 20
724 1531 89
2213 3429 19
149 2176 66
1970 3500 14
2381 3532 21
3205 3315 77
3284 78 33
2909 540 41
2541 3134 85
3017 3631 50
3590 1871 56
874 261 84
2092 1779 42
1189 2881 90
446 1062 89
439 3761 92
3522 142 64
1088 2278 66
2426 3623 54
968 290 23
446 2195 70
3165 1048 30
1462 862 57
2227 86 45
70 2658 84
3764 394 81
1546 3860 44
2549 2176 81
2030 2641 84
3412 46 56
3555 3843 52
3596 3489 72
3689 1668 100
2074 1426 30
1086 2712 48
3900 718 50
3789 991 89
1683 37 29
1955 254 19
3391 877 26
1200 1899 100
2646 2159 30
2010 3074 35
349 963 48
3727 496 39
3875 3858 56
991 422 78
3773 3834 60
1530 2131 10
2235 2160 81
2295 2936 83
2556 37 85
3905 37 25
1404 2935 48
1005 2084 33
1065 254 16
1426 3826 65
611 1066 18
1607 1044 40
366 1608 49
3271 2908 10
3673 3711 67
3132 36 55
3002 1287 82
3603 3704 54
2510 2836 14
1811 2195 46
3245 1331 88
3223 3651 65
1419 3029 48
2373 1154 49
452 602 13
1273 239 22
1052 18 30
3106 3417 48
1852 1825 48
252 2449 15
3547 2860 61
1510 2668 91
2035 1896 25
1613 1788 29
2648 3544 81
520 1215 42
3544 3424 48
2614 2458 82
1206 3011 44
2295 366 78
1683 1474 81
3498 2465 66
2319 833 14
1002 1248 22
1918 311 57
2552 2194 67
3637 1537 45
2348 2066 19
614 3418 76
334 1906 12
320 2422 47
1926 2298 20
1016 1623 78
3238 1353 86
841 3844 24
1583 2552 41
2037 1179 84
3667 2587 70
3754 2967 58
352 918 21
3497 3411 88
3414 3312 89
3809 3473 19
3410 1839 40
1207 1161 33
2027 1737 52
2865 2559 45
773 2318 14
3435 3193 69
832 1751 12
2298 880 15
3455 2068 41
2831 2321 21
442 2455 34
1175 167 80
2743 2924 62
2828 1769 28
2255 1341 63
1945 3751 44
1132 2529 100
2986 2151 37
2850 131 56
1011 1270 71
1058 742 70
1062 2735 13
2789 3547 71
2539 343 17
933 294 45
575 2609 13
1591 3521 36
1627 2319 34
3442 2377 31
2128 146 11
642 2224 26
3828 1763 63
3883 3431 81
1711 3194 79
1972 2155 38
114 120 65
34 2037 52
357 3482 15
3426 554 76
1797 195 37
1372 3612 38
3124 3260 59
3415 3424 48
2491 143 26
836 622 28
2073 3206 49
1634 0 35
413 3600 29
2881 3086 26
1349 1260 33
3836 306 94
571 3000 31
959 1979 30
1725 3900 96
828 1770 58
357 234 67
1784 865 12
2542 3066 99
2927 1721 26
1461 3422 75
2833 1795 78
534 2790 90
1735 3404 57
2251 69 98
140 476 18
2959 2898 37
490 3722 97
1499 989 95
2105 3626 37
2433 3229 93
2516 1708 87
42 1855 40
3036 1646 45
3302 1810 86
2447 1562 53
3452 891 56
737 3837 50
3138 431 77
1527 1689 32
3848 2156 36
3295 2413 68
3341 2333 79
3530 1464 60
1900 619 49
2654 2104 53
515 3441 31
712 1723 43
2693 3305 68
3506 661 83
717 3784 97
3631 1287 25
212 1146 55
1589 2331 64
2402 2445 92
730 3290 18
1284 151 39
2764 1568 87
214 3182 99
3445 3330 55
2130 2071 94
1446 299 66
955 1161 51
2388 554 79
3574 918 72
2207 3513 45
3464 124 41
2659 1142 18
1717 1333 74
2932 2090 98
1105 3140 48
1681 1530 89
1502 2744 81
2474 2248 88
386 2726 96
1710 2539 95
2474 820 69
1892 2851 39
1481 2315 86
3640 2562 64
761 2793 36
170 3163 43
737 3735 45
1076 1116 49
1388 607 12
630 393 92
3328 2822 82
129 2435 15
696 2037 17
2436 859 63
2038 2945 49
777 2697 96
1641 3378 89
2608 3608 58
1635 2968 46
1020 3144 28
2907 2860 64
1833 696 80
78 2797 29
2580 1412 90
1021 2449 77
2442 3775 63
3559 2779 67
220 3274 18
1119 3414 55
787 391 26
2785 2423 21
3015 893 65
648 314 62
3432 1571 53
3802 2208 11
3216 3899 17
116 3085 33
1628 3139 77
2285 2990 68
1448 793 51
3633 1633 87
3146 3084 93
3279 845 72
3500 211 90
3444 558 22
731 1608 85
466 1285 66
1986 118 14
1343 3588 54
3264 3291 67
354 2958 35
1547 2429 54
804 210 43
3549 878 83
1510 331 19
3238 2921 64
2963 214 80
568 2034 24
3712 46 26
391 101 24
1682 1250 32
1733 1481 18
433 2185 59
2747 3018 53
822 3199 39
3598 2129 51
2197 3847 95
1003 1030 11
3078 1775 70
1233 739 42
2277 673 85
920 567 68
1666 3876 55
2520 3875 92
3032 1796 27
1374 2741 85
1374 1850 85
2127 2918 17
626 3466 86
728 2745 65
3724 3438 40
1395 2083 74
1288 744 50
2046 3591 100
3578 812 20
473 2869 89
2483 986 50
1653 3154 95
1718 807 26
907 3655 52
1605 2799 66
2630 2895 61
1046 1531 54
1057 1509 82
3438 2921 77
1000 1327 73
168 554 42
3124 2663 68
1726 2757 98
2856 14 62
1961 1986 48
3423 956 99
1243 169 61
1162 1081 100
1703 1704 53
3363 1076 43
3070 259 32
2593 3607 10
3780 1013 95
329 3664 33
2764 2578 59
3789 2764 60
1160 540 38
505 339 50
603 2745 78
2443 3591 66
2563 768 64
3657 3878 91
2037 873 29
673 711 64
95 1225 50
2465 3012 90
1799 3359 93
2709 895 57
1150 2368 75
2333 3805 88
2990 3872 41
1346 47 27
2010 672 75
3242 1378 73
2516 2127 15
926 1363 32
3605 824 86
2591 1977 96
2945 910 95
956 397 77
3887 450 80
1792 2561 57
789 808 31
1671 74 48
2854 2726 24
937 3657 66
3740 3082 19
1201 3034 97
3010 911 86
1179 3234 88
913 3924 30
3843 1118 37
3208 2590 46
2377 1403 77
212 417 44
488 1292 82
3296 730 24
444 143 21
1547 1114 20
2839 1052 11
860 363 40
764 271 88
2114 1306 96
757 638 85
1149 126 28
1385 109 89
1517 2295 91
3879 2701 80
2004 1288 35
2363 3339 67
440 2377 76
3253 3434 85
1223 663 19
3612 3140 24
2116 2336 52
1454 3708 38
196 2463 47
2699 1638 73
2995 2591 49
3218 3724 93
1783 700 52
3499 1085 37
3072 243 90
3184 396 85
2772 2634 80
1494 543 85
1310 1360 77
813 256 20
3573 3584 94
3185 61 31
712 3458 32
2967 2975 24
1361 2833 11
1314 2592 90
255 3639 100
1020 3066 81
2093 121 24
91 47 19
3433 3746 12
329 3032 14
904 2474 93
2414 967 97
1047 612 27
2241 2508 41
3100 2670 86
3038 1759 27
3383 2502 59
483 1762 26
559 2486 47
1416 2704 95
198 2319 20
1283 3257 42
2120 169 19
3488 280 50
2710 2021 97
509 382 85
92 589 13
112 1274 81
2990 3768 11
440 2000 66
750 145 82
1671 1099 96
3453 3007 52
397 1717 47
66 740 63
1843 1761 18
3672 3572 93
1209 2173 53
1546 1313 15
698 3239 81
3590 2980 92
279 825 79
1470 1305 38
3744 3308 54
2434 1912 67
2450 2162 70
2345 368 39
1233 2727 56
2998 2587 43
878 197 46
2578 2541 41
3451 40 49
2171 32 50
511 1345 56
297 526 76
248 590 77
2623 3590 57
3324 1938 26
902 2118 10
2521 2761 93
3576 146 37
1047 2694 31
1463 2772 60
3332 1574 23
2242 2503 97
1565 561 94
1559 2241 68
1441 2583 77
163 227 39
3085 937 10
3478 3788 97
3523 2896 82
805 1178 98
3368 280 78
3881 2663 89
565 1341 71
471 1554 47
405 1235 47
1162 3497 35
45 2542 24
3160 3541 42
555 3513 70
3673 2110 17
2624 3897 65
1859 2940 21
2752 1822 93
1726 902 27
1536 400 15
104 639 18
231 1657 44
3469 1265 19
796 3494 39
3043 793 85
3178 2142 28
2750 500 44
3105 131 29
3557 1418 16
1443 2944 31
73 1090 43
54 1467 65
2618 1593 81
3631 85 17
1253 1378 27
266 1738 15
3255 3570 53
2837 3242 64
31 925 46
1373 691 29
838 2215 22
2392 2258 67
2692 3004 89
404 709 89
3723 1732 49
1488 458 80
334 3787 75
3870 1380 54
3680 582 54
3177 3324 34
2335 109 57
2621 3282 53
2643 1663 25
138 3442 28
3335 1022 96
1785 3321 23
3624 2209 66
1669 787 23
3400 2798 65
222 3193 97
1698 778 92
3448 1168 16
2392 1885 63
776 2987 89
345 2812 99
2447 2838 12
3797 1464 13
2871 79 14
2108 2930 34
318 1276 45
3379 1301 14
2187 1221 38
325 3275 13
1738 899 79
2031 137 93
2502 818 14
920 1434 24
2686 2129 64
1139 2337 15
2032 569 61
3283 2264 80
1124 651 65
3710 720 54
2278 750 63
3010 751 24
2786 1430 91
2652 1656 73
3636 584 98
3064 995 70
400 3017 100
1079 825 57
1827 3736 72
3170 912 14
3784 1363 16
3224 1070 32
3452 241 18
2064 3639 41
1322 815 33
2235 2203 71
601 3222 27
1279 2954 63
1402 264 31
1903 3836 40
757 1951 45
1986 3609 27
3654 3142 31
2875 1690 51
2789 1151 17
338 3062 11
1699 2957 30
2867 3248 18
297 3128 21
3843 3662 60
2204 1772 42
3499 3425 64
64 796 91
3614 3504 24
550 2617 100
2568 117 89
853 925 76
3189 3268 35
1826 409 30
640 2785 56
1191 3792 63
3118 1736 98
2032 3253 42
2360 2281 63
786 392 100
2194 465 65
1685 938 30
905 1489 81
3874 3724 29
2287 1736 67
1519 1653 51
1556 2953 39
1458 2002 45
1126 578 20
2784 2652 10
202 1368 31
1477 149 34
3212 1022 96
1905 3065 48
2909 3407 14
739 2206 70
1423 260 12
1254 87 40
1938 25 22
2776 3140 97
1304 609 52
1846 812 78
2694 2303 55
418 3248 57
2716 2515 71
1566 1076 48
3723 3202 63
1399 408 14
2717 2359 50
2032 3053 88
3617 2987 85
511 1182 14
778 2215 70
3685 1375 54
1502 1859 19
1102 2113 43
2628 1339 60
2180 1256 71
2110 2442 21
3726 2435 95
2253 2522 18
1908 3577 81
1087 436 48
1183 3273 39
3026 157 40
2444 1089 58
1509 1826 69
3431 878 99
3659 2941 94
1738 3499 56
2713 3566 93
2667 2082 80
200 2708 51
3226 125 89
1324 1314 63
1870 3527 94
2890 2545 41
2398 432 88
2250 2743 95
3853 2126 37
3922 2188 75
262 3380 70
786 1369 89
1212 858 46
1166 2221 98
506 3682 62
3777 3242 33
920 2064 96
589 3191 75
795 1255 78
2304 894 41
1680 3714 42
1488 1794 39
2420 3372 27
343 2544 52
3014 2172 33
3579 725 59
191 788 84
2664 1016 57
2811 2351 53
1585 1958 92
2933 3769 68
3353 2927 38
2723 1903 26
1232 811 20
2695 857 60
3778 2436 56
951 437 40
1847 2788 38
2628 3906 27
2793 495 94
3163 1072 13
3440 1675 23
2387 2249 39
3513 2133 69
2941 242 100
3494 1450 99
2992 1459 80
3823 948 94
3283 1431 14
922 3698 50
269 663 74
2671 591 98
3342 1261 40
1953 1743 62
305 1194 95
3342 906 29
3804 32 68
828 2365 67
1125 3416 98
1499 1484 34
151 1095 58
725 1544 27
1455 3398 53
2305 2539 48
3691 1879 46
2736 2107 64
1136 2798 94
253 2669 11
3908 1685 19
1413 181 37
1862 42 13
3812 2176 100
2520 3598 74
2034 2797 16
3195 697 71
2920 1399 92
2886 2568 38
1803 1645 63
1023 3754 69
2108 578 49
2925 23 71
1652 3313 89
3639 2913 11
577 377 23
3040 3549 39
1179 1768 84
3484 2771 47
855 2290 72
2417 745 52
280 2468 40
3607 2834 90
401 87 47
2551 692 49
279 2356 59
1427 88 88
3860 1691 41
2116 91 16
413 765 58
2498 1598 71
3232 3684 23
476 207 87
132 1943 49
462 1568 91
3606 810 90
1578 1149 81
3118 2054 49
1832 3906 74
3362 2225 43
3720 657 85
344 3757 77
147 1988 77
1240 512 74
2025 3707 26
3127 3732 96
288 3913 14
396 2218 97
3 1347 74
443 2433 40
2186 693 73
3171 3392 17
544 118 96
2977 2971 28
2828 663 86
424 3621 68
3418 645 11
902 3910 19
449 2876 28
209 2822 12
2766 3775 91
1399 3797 56
491 1514 11
2650 3674 68
3513 3216 36
3226 462 16
3899 2972 28
704 966 64
497 248 41
3445 662 83
770 3867 20
723 650 49
915 3031 13
111 2007 84
490 3588 61
3155 783 75
1331 2340 30
690 1558 37
881 753 51
3250 2774 57
667 3800 47
2541 930 99
2101 1486 58
3411 2579 72
471 3538 11
1157 894 73
333 71 10
390 1340 42
3549 3173 54
543 1408 98
3839 3345 29
3247 2165 89
1926 2797 78
49 3677 24
3294 1924 82
2160 3415 97
2699 1634 82
3403 3372 21
614 2843 54
379 1043 49
3637 2163 29
3213 130 80
829 3368 12
3309 3493 53
2370 1708 99
323 3585 95
3654 5 79
3161 601 61
2093 3769 91
3914 621 10
3246 2816 41
106 993 90
3242 1710 23
89 1080 50
2154 628 58
1394 3826 45
3758 2346 31
493 837 22
1543 1573 22
3533 111 90
2243 2667 91
138 233 100
2349 3825 65
1031 2813 72
3824 3577 49
3313 1056 38
3036 774 38
1202 1225 19
2745 942 18
2704 750 21
3166 3512 100
2543 3584 54
2490 270 84
1215 3101 23
2597 2780 27
151 561 38
801 2321 31
2420 398 26
1307 2161 31
543 2780 65
1268 573 29
3573 1132 90
1760 2038 60
3149 3048 20
2277 1577 26
2574 2788 57
3330 423 60
3562 356 16
2074 1984 31
3475 2658 91
2663 134 74
3167 170 78
2665 2266 96
1844 3271 40
2090 2122 44
612 1014 59
1848 3629 11
1966 2918 98
2519 3352 97
3773 1015 42
3867 268 99
3035 1916 98
568 3447 22
3063 1809 98
1611 3681 39
1472 3662 15
1015 2444 99
265 2346 47
1600 3056 67
3116 2192 83
342 3877 13
2423 2024 90
742 83 28
1546 1085 73
1945 3871 79
2341 441 86
1688 3824 57
2894 3549 48
1700 813 39
551 207 76
1945 2434 55
3509 1489 27
908 710 98
1533 2994 76
3094 1711 52
2468 3182 72
2552 1823 52
472 1684 89
3053 3721 58
6 3778 10
482 1460 57
3128 1798 33
3403 2780 22
3699 1754 84
509 1877 27
1605 1877 62
1826 3431 49
3148 2698 80
306 3597 90
263 2168 33
807 3067 80
2481 481 21
2955 2558 31
3173 2058 47
3576 3719 89
3517 695 50
1105 984 14
1104 1126 36
114 2514 87
1402 1361 82
1279 2690 11
3406 2676 37
254 3841 50
2955 1628 23
1404 1530 27
2695 2219 70
2027 3192 85
2111 3570 95
1694 3570 93
639 2503 29
2495 1503 63
1836 2798 49
1995 528 40
2630 597 59
1624 3144 36
936 526 38
1338 250 96
3671 3900 48
1123 415 12
2353 2072 97
842 1654 93
1118 1485 30
3742 557 95
1956 2195 38
2239 2079 99
3138 1799 72
1996 3000 44
1390 2333 44
2370 1259 45
3293 3671 42
116 2233 69
3322 3761 84
1794 1839 90
330 1465 33
2056 2075 86
2952 1030 13
3196 293 75
1693 276 89
296 247 97
152 1028 58
705 522 69
1843 1154 97
1566 3691 37
3550 1070 66
2374 3740 55
2909 922 47
1044 285 27
1263 307 56
3079 466 62
2894 2745 49
93 3039 19
698 610 63
98 2150 95
961 500 46
2472 2724 40
1689 2936 69
2465 124 45
3388 925 95
1599 3753 47
2367 2609 53
3192 3161 47
2894 338 43
3811 68 49
2128 1577 96
35 521 13
2270 783 18
2362 746 54
1006 578 83
1546 1276 82
1099 2701 23
950 1075 28
3248 2828 43
1393 2202 80
1092 2937 19
746 2017 34
3597 765 89
137 1497 88
2520 2378 73
71 1470 55
64 2135 87
109 1140 50
2148 461 34
1499 2594 25
1539 473 11
2641 841 17
1132 2517 39
26 2293 81
2472 2082 68
801 2022 50
2537 1949 32
768 1721 46
2808 2776 93
3469 425 16
2776 1136 90
2702 287 70
2313 1914 74
2728 2950 32
2403 2565 21
1275 3145 94
3860 1406 65
187 2908 94
3790 356 26
1495 3341 74
3527 2843 79
1076 1735 75
2732 1698 45
3048 412 73
3050 3353 41
3125 3840 18
2543 959 49
1794 3312 81
1294 2762 14
3415 1694 40
2972 1717 62
2456 2851 69
2248 2202 89
1587 3202 45
1640 2328 93
3066 2370 36
1952 674 98
3741 1169 34
1156 1022 96
1657 3120 48
184 72 93
2064 111 82
528 1564 22
3526 3410 36
3680 1986 43
834 3733 28
3774 2631 89
3112 2456 56
2625 1129 44
3496 334 39
1979 1014 74
881 1392 88
758 945 85
461 713 22
49 2555 45
753 597 20
826 2729 62
3177 107 32
2740 668 61
3163 1265 29
1868 1252 30
303 3283 55
3455 2291 89
528 2468 56
1086 1337 71
1215 1356 55
119 2617 53
3142 1069 60
2083 856 23
481 2688 74
1996 2711 81
1707 3706 43
3311 752 70
1167 3813 55
311 1290 84
6 2434 50
3236 389 76
1438 3078 18
2576 3310 36
2659 2754 38
521 1365 23
2363 2188 66
2373 2161 68
2220 2079 93
3769 1005 23
3890 996 37
2308 2073 24
1039 1254 65
1020 2552 87
1959 1841 99
2534 3871 64
1634 2388 51
3787 3026 30
2150 563 12
1041 1818 64
2609 1981 62
3544 3188 87
315 2499 18
278 2455 71
824 1061 51
848 919 16
3127 2465 26
2671 1718 94
2459 3189 58
3067 3150 58
3867 3122 24
1233 3757 67
1999 380 91
3070 2578 93
1280 848 100
1062 75 82
2681 1836 44
3364 371 62
1016 1147 66
3848 1537 72
1885 2175 24
1668 2530 25
1810 2239 91
3827 3433 65
1191 218 81
1409 3904 17
154 2603 21
1796 1037 17
945 1326 96
807 2505 51
3425 3460 58
1792 2780 77
2219 2291 97
2033 80 74
2594 499 35
3757 2197 13
2152 1985 34
27 3513 59
514 1414 52
2493 2517 74
3559 2432 91
505 3563 11
503 3521 79
859 3455 59
1416 2558 19
3147 2258 69
2482 1128 21
352 102 21
2535 588 19
1861 751 23
2222 433 15
2049 249 66
1100 2924 42
3702 2544 86
2572 1114 63
2008 815 72
1805 2563 49
152 901 53
3749 691 92
3890 3053 39
2406 247 74
449 528 78
1433 2917 76
528 1319 99
2603 1551 93
1265 1928 94
1439 584 80
898 3144 99
3018 63 71
115 714 85
249 2022 30
1607 395 66
2275 1704 33
1612 2442 30
283 2062 57
1838 3858 38
594 3158 44
3857 3117 87
3499 849 92
2696 2750 31
3544 3098 75
3006 2988 15
31 2663 53
3695 1405 15
3025 3323 96
1578 1449 26
791 584 98
254 3271 98
3306 2477 53
1862 3172 22
817 3877 100
1625 1239 18
2841 3767 28
1333 1258 36
302 2446 79
2029 3853 56
2002 1567 38
2886 2693 62
939 1471 84
429 3091 68
2098 3585 98
2875 3663 81
777 3370 81
1622 3785 70
1355 1188 11
2419 1846 77
2985 279 95
3693 919 36
2742 2791 57
3643 1745 63
2618 3338 87
3649 2503 68
3898 1175 36
251 2438 57
3399 2575 95
600 2682 73
1818 1614 30
827 2293 61
2485 3894 42
2580 2094 66
648 3463 37
683 1733 50
1945 2144 70
2393 1328 93
1915 1 80
1202 1720 58
1679 1358 33
2941 2357 57
1484 2742 94
1187 3514 60
59 2067 50
1520 3551 21
1310 1208 15
885 2681 90
3133 774 34
304 2859 97
1260 1821 65
1799 3920 41
69 120 66
1106 2762 100
1323 571 57
304 1748 31
1509 631 76
662 1263 36
3503 3847 71
3352 2667 79
944 435 86
668 3719 73
367 2828 60
1225 897 67
552 1472 56
1991 1948 13
2015 239 34
1753 2741 74
514 766 86
1924 3498 72
1859 473 11
2883 638 55
3698 449 14
1527 2931 45
3708 1249 81
3199 3380 90
2019 2534 82
3305 2047 25
783 3558 39
753 3351 17
1829 3121 47
2024 2963 16
647 1981 15
1172 1516 24
3824 2278 24
2686 985 34
558 2648 74
1320 1559 98
265 1533 78
1361 1928 28
1406 798 57
906 125 93
3681 2319 18
576 2643 88
2532 1541 22
3233 1098 58
222 2541 44
210 1748 96
57 1606 19
457 2876 22
1605 1212 12
3170 2701 51
3042 3028 28
1205 2957 28
1161 3750 15
84 1966 88
2701 1185 61
3473 3062 11
2677 2771 55
3872 2809 100
1858 3923 53
2643 3260 73
2357 2057 42
2879 1433 68
537 1635 88
3212 1087 34
3301 753 87
2560 2836 50
3302 2639 84
2508 2539 15
3708 3128 39
1708 1308 28
124 572 30
3069 3031 56
2702 471 66
2771 40 67
2981 3119 11
590 1071 90
2527 1080 14
1867 3240 58
2597 2359 45
52 2970 47
3759 3704 79
2130 1040 10
993 3185 95
3886 3844 24
2712 3724 76
2198 1659 83
200 3558 27
542 1399 54
2360 471 16
3721 3807 94
2432 314 49
973 2559 79
2126 1306 30
3111 727 90
1754 1052 90
3884 386 80
3806 885 15
251 510 92
3613 2941 53
1752 953 74
673 917 11
1323 3421 43
3265 3776 31
2544 3010 87
2101 455 46
1794 2482 28
78 3430 15
207 1002 25
3151 1494 79
3832 1471 26
188 3856 11
3112 3229 54
3691 3247 68
631 2078 46
2330 1870 43
144 2818 25
691 645 70
3875 2937 100
1228 3677 72
3073 937 14
1509 2296 34
3181 3636 60
1466 2061 55
2466 1978 31
2680 164 54
282 1875 85
3882 3293 64
1651 2769 63
147 2373 65
3893 425 69
3806 2415 65
3888 797 12
1261 546 15
82 156 45
1153 3054 32
2687 567 94
417 1068 44
2988 2420 54
513 3284 58
3773 2903 36
2966 1844 70
422 3108 25
100 3575 16
894 2829 90
2579 1960 56
2634 1345 57
2501 2720 57
3649 572 45
3319 473 92
2575 1355 25
3807 3763 87
1127 2156 69
302 174 30
2283 587 52
953 929 49
1292 205 80
1026 1817 76
3335 3000 46
3585 3736 67
1463 1282 50
2358 3442 63
3069 513 66
3353 3725 34
3783 1364 19
701 1447 35
301 522 23
2372 1772 11
2271 1006 52
57 1258 37
351 2396 15
2136 810 50
3779 1264 74
3101 3389 91
653 455 56
1963 1609 53
1958 881 18
3896 3495 53
1126 1372 60
2779 3034 42
14 1483 92
1692 3881 95
278 850 19
3385 2868 95
803 3833 90
2117 694 52
845 3569 28
3513 1353 77
1913 1549 31
1925 2569 94
2583 1548 19
2620 3163 45
1312 1990 100
2141 1240 76
606 28 65
1939 2749 27
2471 1741 27
121 1854 73
3419 3389 18
3166 2686 23
89 118 36
2325 1376 95
1757 661 29
1046 689 27
2122 291 31
2249 1802 67
3613 1835 92
2922 1461 94
3607 1770 53
1764 2130 66
2201 829 89
2107 414 60
202 2585 10
3756 2705 63
1067 920 96
1569 2422 51
3480 2016 47
947 157 71
3015 53 21
2090 689 26
1511 1749 100
161 3416 100
1120 1588 18
1343 2756 71
1915 1241 27
2527 2489 77
3665 2137 76
237 1725 76
762 71 67
2083 2877 24
652 2154 11
1160 1610 16
2920 946 89
2955 37 14
1546 2038 77
274 448 87
1555 749 26
2948 1494 11
1019 3411 18
830 1905 61
2019 2808 33
2744 1776 78
2804 901 45
1066 501 98
59 2081 100
2941 2149 84
986 1419 43
660 462 38
622 99 57
3894 1507 62
2000 95 86
2755 2948 25
2095 638 73
2343 2699 60
714 3759 82
1671 3350 11
3062 956 64
1071 3047 39
646 3686 60
1938 3598 86
2910 1650 23
1828 1124 11
2917 3789 75
1011 504 63
3434 2533 76
1451 455 17
1924 2282 62
916 578 82
978 1940 88
1337 2636 31
2457 1683 57
3728 2447 73
3029 3152 17
2503 2018 35
2305 2655 88
1745 3474 89
3319 2579 76
3023 265 18
762 2391 12
2328 1163 12
1138 1809 55
2141 3672 64
2095 3837 39
1963 1454 96
2533 2091 51
1562 756 95
416 3321 84
2199 694 32
3137 2219 79
1653 73 87
3688 2429 86
2532 855 52
245 1848 29
2539 3354 20
1782 3081 72
846 730 88
2472 2049 12
748 2606 29
1517 16 70
2221 3648 63
2820 281 26
1440 1197 72
2418 2515 23
2439 341 35
953 1691 39
568 858 56
2491 1158 100
2593 55 19
3923 696 91
1049 3762 69
2075 1914 36
2993 1451 99
2048 2474 47
1014 2270 100
3436 3905 10
449 2598 23
2961 1892 56
1023 2244 69
3163 2984 27
597 1225 40
284 918 78
2652 2505 44
486 2966 17
3534 1556 18
3238 2857 66
1172 3501 95
345 1202 36
1153 2017 69
701 295 67
3387 2711 47
1335 748 33
1591 2640 65
3761 2451 71
269 3017 99
2939 43 18
2232 2482 19
2282 652 46
230 693 70
541 3257 15
2240 3870 35
720 222 74
2939 3336 52
103 187 49
2228 2350 40
3324 1891 25
219 1095 75
823 1155 64
2329 571 45
3220 383 13
2864 1222 55
2821 3477 51
2416 1898 73
1717 1977 58
184 2765 33
1821 2008 22
2242 1155 19
1044 932 90
943 2941 57
2629 3592 64
2642 2434 95
2037 90 28
3539 2256 36
400 1675 21
2664 3052 43
23 865 94
83 587 74
1986 2251 53
3666 2096 33
3160 669 41
2160 877 59
56 3742 99
3251 2882 30
2015 287 33
2829 2152 89
452 2183 64
3062 3514 86
1837 3709 55
3130 514 41
1659 2537 51
3339 1193 61
2210 3904 83
1501 1147 72
2603 725 55
2263 3902 72
787 1925 96
155 2854 11
2893 2313 93
3740 1521 49
3220 181 100
1353 2031 69
3132 3452 26
353 2866 90
880 3220 92
2123 2781 74
3571 2862 48
631 1950 89
1714 1751 50
783 1918 53
2687 3038 61
2780 1871 94
1395 515 86
3675 811 11
3617 1351 100
3637 1244 50
3454 2994 34
1750 2956 27
1542 2448 10
3366 860 39
2966 3240 64
2672 3627 71
1408 747 48
1375 3467 94
970 711 68
875 9 14
1596 1783 67
777 3479 71
2009 780 17
1162 2870 17
3600 2353 18
743 1226 20
2508 3081 93
2773 2290 28
2335 1823 46
293 879 31
3046 430 40
1531 193 98
1025 84 18
3111 3266 41
3911 29 74
534 83 100
2159 1118 59
2122 2611 35
1504 3451 75
3665 672 54
2732 714 41
2227 899 41
3017 2062 51
2298 2295 43
3286 1855 56
917 3829 22
3067 479 28
920 3254 78
1554 871 21
1930 2986 15
742 2752 18
892 1091 36
3210 2591 34
939 546 33
1505 3102 47
2789 1462 49
1655 3105 22
514 2760 13
320 3127 59
2269 2991 70
1869 3828 53
3015 3355 91
3603 118 73
3652 2660 26
3492 1000 17
2236 3257 43
3564 2858 25
809 2058 95
140 2008 37
1732 3157 22
1268 1474 18
1226 2168 11
1938 1116 42
1569 2064 98
1849 2399 75
1629 3108 93
1411 3785 66
3809 2729 70
1374 2273 67
2399 1659 28
387 3910 72
2977 1918 16
1717 3597 89
800 3127 29
307 917 22
1659 2114 65
2911 3258 35
3099 1726 24
834 1947 96
1209 776 49
1999 1776 16
1654 1280 25
3682 1907 40
2432 2478 46
1931 3364 11
2318 610 73
1654 1603 43
2069 2047 50
3489 144 69
1957 2165 53
1317 3178 10
83 1562 44
73 2227 61
2273 2455 45
481 3476 61
3154 1291 55
2223 3214 77
976 392 19
76 2703 22
3672 2641 19
2070 2435 35
3127 66 29
92 3023 16
2233 2494 49
214 3113 61
2287 2539 55
1157 353 45
2812 2809 17
320 3922 60
2127 841 15
872 327 31
1588 484 65
3812 1897 91
943 3518 10
2406 3872 86
3876 1886 96
120 2441 23
2767 3796 39
3255 1861 50
282 2782 55
30 3917 39
1977 636 82
1258 2013 73
109 2324 54
1102 3144 37
2726 3058 61
3907 3099 47
319 1767 44
3842 2366 48
3803 939 19
259 2606 76
1182 1155 12
607 1476 75
3837 3752 42
1640 3517 89
3484 2254 35
2721 2677 97
2749 3437 33
3713 477 68
31 1381 47
609 2357 79
425 3326 25
3292 2773 29
1887 3698 41
1936 1246 62
2027 99 60
2796 3734 12
2926 651 83
780 2248 72
203 1244 42
1166 2866 29
890 2114 48
1071 2364 89
3303 413 88
1676 1442 42
2706 768 82
2065 1424 90
2500 3059 34
355 1693 68
2728 2852 50
312 3031 55
1955 1479 29
1650 1847 42
2955 552 45
3370 1078 65
3068 1418 76
286 1020 40
2683 2594 94
1278 815 13
374 1168 84
549 1222 84
1514 2231 14
1913 480 61
1286 2177 98
645 3479 99
2900 1636 27
1596 2007 43
3117 3483 96
236 395 25
2065 1717 35
3488 3137 28
2667 748 53
2029 2873 15
1601 1136 29
703 2855 34
2424 1582 34
1292 1603 89
1060 1028 98
2289 3726 23
1996 3524 91
92 1795 95
3582 2012 28
3351 1064 88
1320 1629 27
494 701 97
69 588 63
3805 2695 22
342 3650 77
3477 2624 86
3221 2664 95
1768 1272 85
704 1259 80
2041 1813 86
3508 785 91
2025 1622 72
3921 932 89
2344 1008 74
2141 1793 64
2537 2034 14
1650 1158 79
3398 3327 58
1319 1387 59
3536 173 83
193 3353 23
999 169 87
3482 2589 49
2845 920 98
3791 227 63
3213 233 24
3301 3261 42
1395 2485 99
3127 2449 22
3219 107 45
1232 1699 35
849 558 57
2800 1672 69
3579 2933 49
2161 1444 58
1489 1565 92
3811 1811 18
1383 2838 97
2250 1181 10
1940 1718 31
880 3018 100
3857 538 16
1754 3468 59
1477 2546 47
2657 2890 27
3627 1046 34
2474 670 23
2426 703 54
2533 1940 100
729 1213 27
1898 389 40
205 2753 91
1994 512 46
3359 1235 98
3411 2346 28
68 3036 29
1179 1575 36
1433 3214 11
2084 1472 49
3436 1514 24
2848 225 27
817 3382 98
133 594 43
3142 1202 30
3890 859 94
1817 1589 72
3742 3864 80
503 1992 44
2714 1327 95
680 2521 67
3687 2026 45
2550 1297 62
1074 3874 78
1611 310 22
2452 3730 40
177 2278 73
2390 2734 52
2884 3778 92
1731 2921 30
2542 2001 49
3860 642 17
1218 711 54
240 3119 44
2138 1921 57
2938 3791 67
248 93 25
3889 2318 69
2975 535 13
304 2735 59
3474 255 96
2846 1983 81
131 1116 41
523 3462 57
2713 2363 62
677 2298 64
1500 3266 36
28 2493 89
256 1238 94
3271 2717 87
443 399 46
1190 2888 30
3285 2405 20
107 3093 37
520 1307 26
1463 3541 78
294 3835 88
1901 1404 92
822 3882 58
804 1134 42
1519 1989 32
557 1504 47
1361 276 87
3662 1236 13
2889 1755 77
3463 2818 84
2103 496 13
3476 565 63
3917 38 78
96 3865 89
1805 3570 21
3547 3648 65
1872 1435 95
2915 3744 26
2008 2844 69
434 2260 35
3449 1996 97
163 207 64
2743 491 82
1497 2956 55
1273 3051 94
2744 15 34
2930 1035 40
639 2038 44
2350 2512 12
2393 3723 45
2714 3337 36
3716 3039 45
1497 3683 68
1394 2541 82
1792 2040 65
637 3571 100
995 2466 23
2297 3031 92
2925 1593 82
2473 2125 33
1371 206 67
59 2186 84
2043 37 37
1327 2743 50
732 1178 94
3386 520 28
2443 471 51
2921 2610 53
306 2849 81
1268 3608 80
347 2510 14
492 934 22
741 1686 66
272 3309 83
2664 3408 86
2842 3369 73
1588 2941 11
1180 301 38
2603 2168 17
1217 371 17
3075 591 20
2220 607 14
2668 2613 83
2509 2827 55
2869 2816 57
391 3557 69
1452 102 58
1675 1293 62
1323 1583 13
3243 3558 29
847 985 41
1622 3537 14
209 1040 53
2460 2067 84
551 787 100
3924 418 65
952 250 15
843 3685 21
2924 1849 78
2747 239 95
1789 2212 56
3749 937 78
1057 3741 95
2689 1849 15
2435 3069 73
367 1318 97
1452 268 11
1251 3282 97
3421 360 16
1299 181 72
1765 3477 80
3234 3715 66
1584 379 85
319 3318 80
3253 2597 92
61 3482 13
2125 787 72
1557 3098 64
2432 134 35
3013 3538 26
2412 603 88
2790 125 41
2892 841 79
1257 1945 73
2531 3394 67
1186 1701 10
1875 2757 74
2280 3570 12
2009 1021 26
1184 3398 95
1643 237 50
3321 2414 67
1920 3879 49
1503 178 62
2576 2801 66
3654 2583 79
663 1555 21
178 1729 11
1658 3190 40
920 3379 23
3816 697 93
2563 1959 49
76 1081 10
2849 838 39
1837 128 44
586 3144 47
3894 3007 14
3800 1881 77
478 2861 17
3379 2152 98
2573 638 10
1475 1256 95
3184 1757 82
908 1836 68
1801 181 24
1068 1478 43
226 1026 97
2970 1811 99
1843 2801 73
789 804 64
2344 350 21
1584 2043 58
3004 3566 57
2515 2426 48
183 138 75
710 2993 37
3087 3640 83
552 251 60
726 2734 58
732 3888 91
2347 3885 46
1820 56 47
2599 3732 31
2447 1071 65
1476 1275 47
2889 3077 48
378 1700 93
754 310 38
2879 674 13
440 503 41
3803 895 86
2716 2645 26
2577 3162 41
1163 3333 40
264 3513 69
3036 101 74
630 1505 66
3394 1304 96
1171 2369 22
2404 1955 85
3328 3735 46
2914 2602 76
1878 380 56
2154 433 97
2878 3347 59
3457 479 90
3506 788 35
3738 851 98
1500 2216 62
792 3083 76
922 2376 13
810 762 31
1425 495 75
3378 804 84
2359 679 75
1535 821 90
3294 2599 57
1544 3775 52
1824 1685 38
976 1420 97
1311 1874 96
254 3827 70
2724 2132 28
2875 2290 92
1220 143 51
2599 1595 90
1417 1444 23
3711 1076 63
2826 1021 29
3156 488 12
2073 2006 96
3839 1996 38
3271 1415 37
1550 338 78
252 1762 52
547 3648 32
3379 11 10
1146 3430 90
27 1348 86
2907 1947 78
1721 3366 82
3584 2788 51
2268 2348 80
1102 2801 49
3280 3461 32
1282 1091 42
3193 1502 74
982 2047 87
3468 2546 36
2913 3288 91
3807 3087 10
1691 1425 66
2530 3194 93
2488 2859 92
2178 2598 56
3665 2014 99
3890 2003 15
3150 1568 74
3075 1673 31
1015 2437 70
836 1827 30
360 3334 72
3288 2578 34
926 1516 40
348 2763 94
3846 515 80
1488 3380 70
1200 2317 60
1438 124 100
613 1252 66
2188 2426 60
3300 259 43
1950 2866 85
2927 2701 64
2410 2613 36
2597 2825 79
875 763 39
2400 2084 76
1970 1438 38
2363 3422 58
3719 237 15
1026 2173 95
3186 1909 15
2970 3649 80
2840 705 69
3821 654 36
825 1856 13
1779 1792 55
3719 3189 55
1157 936 32
954 1703 37
646 3266 56
102 2937 73
1521 224 68
3294 1322 64
3518 1435 15
2716 1096 93
549 1750 12
3758 1446 76
3838 2326 78
3811 1882 55
3845 1514 61
284 1045 99
3546 2100 35
3131 753 10
1535 1513 100
2446 3838 17
1471 1127 92
2409 871 36
3754 1249 64
1658 1362 46
3818 1513 95
3134 1948 40
1407 3002 100
78 3748 32
280 889 56
3744 3305 48
208 3313 30
2232 1754 22
794 493 72
2393 268 16
2220 3400 29
648 1688 66
987 2026 27
3056 924 49
714 3891 80
934 292 49
986 3410 98
2890 2333 71
1536 2538 12
1110 1192 11
1077 1623 48
350 3651 50
460 2211 48
2632 1578 97
3007 3204 72
984 2190 52
1422 1794 71
1135 1953 88
874 2525 18
2633 1190 45
2104 3106 56
2742 2834 69
1455 438 14
3794 3370 14
902 3586 48
1935 1922 11
3511 887 74
2823 1396 99
2382 1816 24
2898 1047 26
2102 1987 51
1464 3446 13
1382 407 35
269 1832 67
2809 2961 49
2067 94 88
2489 396 80
2629 443 94
60 3178 100
2122 2832 78
1838 2219 23
1698 1178 79
1668 465 62
2473 1363 31
1318 1945 18
143 1670 37
1710 2646 76
1361 485 82
2371 2601 33
2595 1316 92
3110 100 35
1929 3135 39
1301 3042 70
3263 432 95
1631 3742 14
3608 1648 90
2967 2345 86
1005 2904 69
2442 1988 12
3800 1339 87
1158 3207 79
3643 2764 13
1288 3481 44
1393 13 80
2964 2388 83
2877 436 24
679 1700 52
2883 3630 58
1592 637 69
599 1 71
1157 441 71
1194 77 23
1115 2441 96
1407 3565 18
930 2814 91
251 1977 41
272 2849 51
3726 1139 27
2963 62 22
3238 2607 75
2784 2070 47
2076 44 55
3422 87 43
412 202 57
2599 2163 19
3217 2123 89
536 3052 96
3119 1455 42
2421 1016 54
3020 3115 56
2569 994 67
2209 13 25
1907 1589 42
1918 1348 25
1010 288 17
2645 1328 61
753 1974 70
1498 3535 13
774 914 61
3512 3345 25
465 2468 17
1383 2168 85
1093 43 67
1463 2967 39
3620 3607 68
33 218 53
3248 3038 99
2712 1370 49
3276 1440 52
2015 2845 58
872 292 12
1832 3539 10
3209 1795 24
210 2374 26
370 3170 78
865 1925 75
3465 572 83
3151 2864 94
1236 2129 73
1674 2130 89
1753 2209 25
3239 373 30
3849 3505 17
3461 1448 28
266 950 44
39 3613 31
1284 1742 49
1540 2635 85
3377 2266 69
3553 1870 11
2376 3649 27
719 860 20
285 2494 34
1982 3576 41
3179 2525 27
513 3278 99
2397 1238 84
1606 629 80
2980 292 14
3731 2003 24
1342 2565 99
2667 817 53
1376 296 100
3807 3434 80
3508 1161 13
2314 1178 94
3338 3864 86
3109 3528 21
2178 1664 83
1447 3695 29
2100 2713 70
2765 649 62
1530 136 85
1227 1469 30
3016 467 37
1541 2473 21
2737 468 71
2507 2550 18
2516 906 26
3460 2713 17
558 2076 98
1290 864 72
3291 3079 55
1941 1678 68
1270 3784 34
2042 2080 92
2106 89 45
3740 2873 60
1557 3600 79
2629 2188 68
121 1800 43
3666 1982 67
1402 2701 11
702 1596 14
3436 2316 89
1561 1092 17
1671 3317 66
2096 881 18
2957 2538 29
1367 1872 100
913 2372 41
522 1929 34
911 3802 51
3203 3454 76
3610 1585 83
1349 1763 68
184 3900 10
2913 2425 47
3191 2574 85
171 3303 98
589 43 16
1730 3082 42
1316 2637 40
3397 3580 40
3388 234 28
1457 962 49
3447 3487 74
2910 3479 50
2247 3338 37
1887 1761 48
2290 2471 98
2127 1317 19
259 474 52
2078 3553 15
1732 2435 36
3505 1436 45
1571 2970 93
3517 1889 37
3007 1094 83
167 3814 46
2338 3555 83
2625 1629 47
2518 2279 95
1073 3453 83
2157 3102 68
1389 3652 79
85 3629 41
1140 727 92
2830 140 60
3045 928 53
3134 3120 67
1315 2709 59
3428 1094 70
3338 1355 13
2713 50 25
2455 1605 51
105 2042 33
3553 3878 21
1535 76 91
3640 2087 22
1866 3662 16
298 2499 32
1643 2654 24
3202 691 48
3621 3672 71
3178 3005 99
1175 389 12
12 3449 37
1882 1236 56
86 2574 65
1344 2199 13
392 2841 15
2659 3790 73
2150 3194 78
2897 453 99
2038 586 35
3235 3659 82
3616 2393 30
2650 3021 21
3037 1991 18
3527 3683 33
142 2992 81
3259 3734 80
2091 1229 57
1981 3619 17
1901 3642 29
3233 2243 87
3576 2052 28
1700 1378 31
330 555 27
956 3168 21
133 3242 59
562 282 49
2193 3553 55
3007 155 24
1399 940 83
3723 2250 49
3252 1764 71
2193 2468 45
1691 3345 93
2561 386 45
2781 3669 59
2968 3345 83
346 1823 32
1571 3470 57
2693 1005 54
2949 3124 24
3010 84 98
3625 3918 98
2829 3787 25
1155 2291 23
2052 1835 100
3617 1370 58
2657 2019 94
3274 1329 33
2831 2316 63
1918 341 83
1229 1941 99
1498 3627 28
2409 3048 74
745 537 44
2190 771 70
1060 13 10
1012 3404 86
2578 588 69
171 517 87
3648 23 59
2946 1089 61
271 1086 35
1712 2103 63
2936 1983 45
3291 2224 83
863 289 11
829 2893 61
381 67 27
2068 2631 29
1795 3787 24
3099 2454 69
2586 1071 63
3647 614 50
3865 334 77
2361 2344 33
241 3072 46
1613 2008 76
60 789 18
1608 2555 34
3299 2828 18
2791 3492 40
3344 1229 91
92 781 47
1797 845 31
1347 2706 70
294 2466 17
3180 2741 65
3394 1608 27
3456 1142 67
900 1509 82
3192 1602 39
1888 3220 67
2330 3666 22
2593 952 60
2851 2656 73
602 3294 54
2871 1175 39
3654 2903 41
1253 649 92
1139 2572 15
338 120 44
2735 2803 37
1598 499 54
363 2788 13
3036 1302 86
3796 644 60
1242 3458 21
3884 1019 71
3023 2093 97
1304 2184 83
194 1740 22
3917 231 27
566 2012 64
3736 2392 40
571 1713 12
804 2830 13
974 3276 22
1014 2962 76
3264 2887 75
2480 151 35
589 705 11
2709 1369 37
3706 1000 57
2297 2949 70
801 1393 23
3426 125 57
537 2093 10
75 2781 65
321 2262 49
736 2991 51
3203 3285 35
3295 1816 84
544 3098 89
3568 1117 14
2875 3620 99
1066 1545 52
157 3642 38
1813 2993 37
39 935 87
2901 1600 41
3622 2577 76
1703 3922 98
1959 3684 15
515 1817 89
498 407 81
650 1851 100
1408 1341 98
3287 247 34
75 2247 34
3744 202 35
2776 356 88
1006 1874 79
1450 1473 36
1906 1027 12
3244 1513 20
258 2151 53
2796 3549 81
3880 133 75
386 2770 68
1893 293 51
1103 1243 39
3831 206 39
1929 280 84
2542 2092 64
1015 2614 68
730 2781 57
1292 1623 58
3751 1205 35
540 3075 63
2838 3898 15
2723 2058 15
2802 3427 70
1089 2695 69
816 2842 70
3082 1117 36
144 2056 16
795 3631 70
1062 3141 83
290 945 60
1144 379 19
3007 2730 64
81 3656 87
3502 457 50
1753 1891 23
102 3223 47
2436 2336 40
3473 597 93
3792 2260 89
2587 25 34
1619 2725 87
1644 1298 37
2308 2034 48
949 3512 95
521 1771 52
848 728 18
25 1352 63
1740 2768 15
3668 3865 84
402 1443 93
1670 2200 84
303 357 26
234 2039 97
3340 1615 98
2844 3194 45
2122 728 85
2303 3736 40
1034 138 79
1109 2690 29
1025 3576 29
681 3716 55
3226 883 64
1215 3049 86
3352 2705 24
1077 2884 55
601 2118 15
3429 2464 68
1373 465 95
1191 3504 92
3642 3884 45
463 470 41
2191 3009 26
1543 77 98
2294 2492 10
466 3392 72
1502 1406 38
2198 140 24
2717 1447 25
1722 1287 23
62 121 13
395 2153 62
1975 3842 62
305 3089 76
3316 600 76
2236 3795 81
346 2414 89
2954 1148 22
2649 1403 98
2930 1188 62
2725 619 32
610 163 29
3656 868 69
3788 418 40
1856 182 100
1281 2416 48
1685 3078 86
2933 2607 70
861 1718 45
3603 603 27
2701 1343 10
3680 3224 46
425 2822 44
3367 3754 58
1897 900 76
2992 3491 91
2963 764 92
938 1413 82
1550 3488 23
2736 3497 16
3613 1580 42
636 1899 83
3626 480 100
892 10 19
3119 3487 68
335 2731 19
3076 1974 60
769 826 58
3355 461 92
1655 3010 18
3666 3803 26
1702 3407 18
1356 1370 48
3632 2994 50
1408 484 20
1984 966 73
307 2129 32
31 220 90
505 996 33
92 2842 61
1439 2577 85
3533 3225 18
334 1553 34
3203 661 74
2000 1599 57
2865 1972 55
3612 1787 32
2553 763 64
2244 3639 80
2144 1312 19
136 2855 21
2241 949 35
2381 3762 74
2292 2436 14
2667 133 69
1237 1061 64
1838 2005 71
2322 3297 46
1634 3492 90
158 2431 15
1232 3417 53
1830 820 46
363 313 30
133 2211 76
1860 1089 20
1582 1232 78
946 749 48
1155 3346 93
1240 3834 15
3899 3889 82
119 696 66
2940 2537 41
2226 2443 54
880 903 30
3705 444 57
651 767 69
2396 2097 67
125 2673 45
1653 43 30
1911 1623 53
3724 3265 72
2396 1604 88
2325 3505 41
3056 1054 62
3436 20 42
53 3259 69
1285 2866 86
2201 2929 43
2841 1818 73
1080 1005 70
1091 2771 48
2086 3742 38
1094 893 91
214 3803 60
3669 2442 21
2148 2947 55
1110 844 70
311 3110 39
2582 224 62
1261 750 16
2368 1236 73
1159 3811 19
926 3603 41
1731 2659 81
2798 1776 43
2093 2191 23
1741 2664 37
3501 1200 19
1873 2066 97
3681 2713 85
1742 527 22
3823 2957 91
2971 35 48
2573 190 48
3543 3432 54
2908 402 53
599 2963 39
3188 2118 70
2373 2152 18
142 370 45
2460 614 95
3771 359 23
1462 621 59
706 439 51
3108 2788 70
90 658 52
1206 783 61
3519 3861 64
2622 1129 11
2184 2074 16
3671 3327 77
2399 321 54
2300 1631 80
170 585 44
1689 1473 65
93 100 53
3043 1494 86
973 3535 30
152 2227 29
3358 3146 32
1822 1330 86
2145 1947 29
2044 2517 40
484 2455 28
2644 1697 79
2140 3175 24
274 2702 47
2924 2707 75
492 3542 91
2824 2580 31
2270 3033 52
2743 3527 49
1389 1199 25
912 3449 88
1062 3065 38
3757 904 77
1976 1278 35
508 1684 71
1851 1846 37
719 3423 65
845 2949 65
2770 2750 36
3829 2277 93
3487 1602 64
430 627 10
2357 2164 65
3801 1960 55
2038 2504 83
2791 2917 73
1504 145 84
3684 2275 71
1188 144 79
1981 3350 64
3113 1152 31
496 3750 45
1206 199 76
433 1763 74
2848 402 89
3751 1490 66
1023 2548 55
63 854 63
3471 1891 60
1862 622 61
2779 2576 21
3256 3641 89
2842 1547 94
65 214 37
2960 473 75
1836 519 75
2150 1977 18
1681 3265 52
1642 1173 87
96 430 76
3664 3894 43
2842 3438 42
3120 1287 50
2967 335 13
1219 2791 47
1776 836 77
1508 1951 18
3514 72 13
2928 2542 10
1025 269 77
3800 1552 47
2511 1250 34
713 131 52
3419 3443 23
2732 3584 46
3524 834 89
1701 2207 70
1925 1320 92
3211 557 48
1827 258 15
3315 1157 55
1224 2213 63
283 3486 63
1752 3512 42
2907 3263 94
3377 1467 46
2232 779 26
1462 119 45
2756 1800 94
2677 1818 87
69 3688 59
454 2446 36
108 2622 81
2163 3780 82
742 1011 13
3366 2320 30
250 560 89
236 2188 17
329 1844 36
3182 3582 88
741 2900 75
1371 875 38
2175 2767 51
543 3120 45
2948 2000 58
2592 3166 37
795 1039 88
3399 1555 64
2818 1543 54
2672 186 60
1514 3209 40
930 3264 97
844 2820 49
1734 1201 27
1805 1605 11
1272 929 67
898 1882 69
2567 1177 69
3337 650 30
2492 3158 64
3282 500 12
3294 2470 16
871 3560 59
2023 2761 20
293 962 100
2468 2608 18
857 2032 75
306 1506 99
1386 2466 17
3175 959 47
1217 3369 91
3846 3253 25
3436 2748 37
2274 2845 99
3478 3468 53
1206 3238 98
177 675 37
1996 198 82
3026 985 58
3905 267 89
1251 1580 98
2135 2491 70
2650 546 50
2094 1059 74
2704 1356 79
2292 1026 77
2623 1039 99
1116 1996 37
3356 497 59
698 637 74
1931 3180 90
128 3520 83
574 804 52
1644 628 93
2380 1312 71
2037 3294 91
3600 2451 29
3435 2671 66
1150 2953 38
2729 3694 16
3149 3824 42
3544 405 32
2839 3434 48
2765 2937 15
2207 2953 72
3623 1978 24
1012 2257 44
1725 580 90
3715 1848 17
2117 920 23
523 43 95
941 412 27
2690 2557 79
1302 3567 91
3163 1471 89
1401 3150 77
3819 3741 14
1747 2542 63
281 2541 83
2140 2137 37
3143 2502 56
105 2439 28
252 443 67
2545 1463 18
618 3494 16
1951 3387 68
3789 320 41
160 1042 90
501 1036 81
3262 712 25
619 2674 42
2492 138 97
2078 3570 78
2537 156 27
2696 3361 62
181 2578 22
1342 2757 41
3211 2526 50
1620 1821 34
1064 2509 61
269 978 88
3565 266 31
3884 3408 21
585 1987 62
2062 2595 30
2984 3662 30
148 3650 74
291 3631 62
306 3884 44
3110 3914 97
2132 425 18
2288 2672 16
3481 1417 59
1517 2665 94
962 1294 54
1551 338 81
3497 1005 51
1497 2446 79
3443 3657 19
389 2098 71
3816 3601 95
1854 1277 92
1389 2709 62
2973 3231 14
2821 493 75
993 604 73
1732 1578 39
3855 1601 23
2129 3233 65
3110 2211 16
2092 3002 41
3305 2444 36
198 62 74
3096 831 64
3862 2829 62
295 3139 94
1061 3754 33
326 443 28
3388 954 78
1700 2913 17
3401 144 10
711 1747 90
457 1531 14
2160 3531 93
1516 527 54
233 3253 69
2049 1502 16
3680 3191 32
1369 3702 54
984 234 55
3892 1052 93
915 3051 72
3220 176 55
669 1601 22
1110 2239 93
3193 2058 98
42 537 12
3769 413 28
833 3924 53
654 3661 31
3215 838 11
2287 1388 81
1372 430 33
1918 2935 11
3030 1666 13
3564 1843 32
2524 3738 57
1099 860 88
482 3749 52
2390 926 27
2964 2841 88
1691 3454 14
143 1577 25
859 2122 24
393 873 59
2962 3025 27
2292 1129 79
1360 3171 91
3457 778 19
1850 2657 49
1499 2424 88
66 586 88
3572 771 96
773 3605 15
2216 384 41
1526 216 89
3615 1372 30
133 2107 70
2780 3544 36
3577 1521 28
3498 1554 54
2359 156 71
3162 1850 70
1535 2732 96
3710 2201 19
2680 2558 17
356 3787 95
2638 1043 74
2841 1307 26
876 1928 82
1499 2416 60
3564 3821 52
3192 407 10
3104 755 33
556 1254 56
2289 2532 24
1822 1391 99
2900 3891 79
522 1569 35
1437 3366 78
2106 17 14
2224 2206 39
3639 2431 56
74 63 86
1341 1929 25
1093 2885 36
289 1419 39
2510 944 53
2857 3172 70
2446 149 20
2290 596 36
2739 3357 17
2482 549 89
1355 888 33
3668 1224 38
2328 12 35
1896 1682 78
1299 1167 18
935 603 13
1478 3698 48
3673 2367 69
2208 1626 43
3573 2155 63
2661 1865 10
3016 2338 36
2437 1189 26
1548 2995 25
1706 711 20
365 585 53
2702 684 57
3100 1000 47
1431 230 77
