2823 7921
2782 500 22
1461 433 37
686 508 21
407 2079 37
82 1147 47
899 1427 18
1166 1146 32
2507 39 81
798 1534 42
2747 2042 56
1932 2390 74
2347 1970 25
1711 997 43
983 1239 79
1894 1477 52
2606 1713 13
396 2320 50
1488 2573 27
1313 1835 69
864 388 56
1722 1565 37
2249 2331 90
2427 1047 47
1424 1956 42
1268 2057 16
1273 1015 30
2533 1616 34
1904 2627 13
2197 1562 78
819 874 25
699 1494 13
1832 975 97
2504 1543 80
777 2240 15
1082 142 19
2708 376 97
229 1472 92
1403 655 38
439 1274 16
2096 596 48
2010 2631 68
1303 126 55
97 254 65
526 578 79
2047 2647 43
78 14 25
778 860 21
544 624 56
2269 1317 78
342 2020 70
2521 235 44
465 863 12
2096 2600 95
2759 2814 30
1903 1928 91
2626 1589 72
913 1192 63
1189 2726 17
2498 2726 18
1594 2188 95
1221 270 68
2246 1936 38
2686 1981 19
811 1767 73
1886 2264 81
1669 569 45
2086 1414 96
2062 1774 56
857 684 65
1317 1944 74
1881 1638 43
2104 2265 44
2000 21 93
1472 1722 53
2076 2053 26
1869 2112 10
508 1446 29
1341 664 92
2606 788 27
1663 532 64
354 551 15
2052 2809 51
958 2510 48
1690 1401 76
1532 1004 30
2266 976 94
1419 2232 38
2100 2342 51
1522 2763 49
2535 332 74
1134 1400 69
1149 1506 74
422 1025 68
1001 478 27
2210 1534 18
888 1411 82
2050 1012 64
1985 387 66
396 1518 96
2704 125 20
26 1580 16
342 1252 76
445 1212 66
2210 2691 36
663 2010 82
2779 379 23
704 2575 34
2322 1657 81
1307 1781 64
1062 229 75
725 2584 38
1187 2309 71
755 322 12
2387 1737 88
38 1086 56
608 753 14
360 241 22
188 588 73
1748 2751 15
2472 1064 47
1822 1136 74
316 1738 32
1695 887 14
2337 299 67
2763 254 70
1785 439 70
1012 2101 28
2069 281 76
2420 2398 36
516 2121 10
653 2739 40
1328 1879 36
1559 2606 35
1557 583 81
1081 558 40
1777 1691 32
1736 1204 100
1065 2590 75
105 1816 76
956 342 46
2542 2274 17
2324 1357 22
780 622 23
1221 1073 77
1662 1873 25
1997 2543 58
2464 174 38
2312 2749 74
1340 415 48
1822 607 35
411 748 97
1921 277 73
748 2815 44
670 428 100
2277 1794 96
2351 2347 60
2585 1993 69
2262 64 97
2755 97 72
1999 1968 82
443 712 81
859 669 20
369 2247 81
1768 2601 16
1987 1284 33
894 1044 50
2454 20 59
348 892 26
939 957 13
197 369 90
765 388 44
2302 540 72
902 1045 58
1555 290 73
63 2441 54
2222 524 54
808 2621 93
2162 2044 50
2771 241 72
1007 1068 83
576 1059 13
2179 923 58
35 1494 10
73 2073 29
1586 2071 85
2566 1453 54
2256 54 21
2094 1552 37
1164 1739 93
255 1144 91
1274 786 70
2735 1457 62
127 1679 13
1112 3 22
1330 1230 71
1101 1256 93
2048 1740 29
1640 1196 51
206 1432 70
2345 1686 17
1692 2582 77
66 359 45
1511 250 78
637 1038 38
915 1280 44
2262 758 92
2153 2752 31
558 1608 80
875 2789 57
2064 1334 59
324 664 74
1816 1482 97
360 448 51
298 2143 88
1812 242 93
561 2402 96
2532 789 75
499 89 33
2395 358 97
2670 777 34
1640 2460 31
96 2702 48
1512 888 71
2795 1794 56
1824 156 32
2433 88 46
1093 2448 76
1715 219 82
2351 1824 59
844 2511 14
1049 2790 11
1908 1169 87
1901 1387 47
1824 1377 72
2663 1080 18
1816 2430 39
2317 2452 18
183 88 90
1271 2489 54
1054 2173 40
1424 132 55
1037 508 60
1594 951 97
2105 961 43
777 1990 80
296 714 67
2233 501 63
2195 883 51
1090 62 56
350 1932 10
13 1223 10
2464 2197 34
2799 306 57
556 2559 76
1133 88 69
2762 1850 74
2100 2411 30
802 2111 24
2494 250 95
1994 1395 84
1873 2620 10
2390 73 53
2197 814 45
1937 2742 47
552 2762 47
710 2112 96
1362 1870 99
388 586 26
807 2547 79
2044 48 18
2111 2772 81
1062 2599 55
346 938 42
194 1424 26
1325 2250 75
2146 376 69
484 1852 94
271 2722 90
1599 2170 62
1098 206 25
2715 1264 89
1748 2498 99
2056 1159 30
2369 1327 36
2684 2493 86
1595 966 19
1421 2672 42
351 1382 33
2487 643 29
2818 746 48
2658 2329 32
2454 811 42
1575 1067 69
2377 2291 89
309 2636 68
1572 2131 96
2130 2008 93
1164 1353 63
1523 1766 69
492 869 26
1874 1915 61
1533 1098 39
922 306 21
39 1285 52
2384 1493 62
2518 1199 59
2429 1770 47
1099 1882 85
289 1965 93
2102 419 64
1886 1056 50
1421 610 30
1031 1353 28
982 2007 67
1897 2074 92
812 843 74
888 2036 88
2439 730 63
2217 2811 84
1846 2789 21
1376 1520 93
1126 1143 48
2065 1897 25
1502 1706 98
1875 782 73
2814 716 50
2761 206 37
843 2752 46
2202 1070 10
1044 732 45
466 1854 84
2538 1253 89
123 2742 99
1525 260 99
1094 1395 82
400 2547 79
92 1310 71
2100 52 10
1922 1890 26
2770 197 75
1116 2810 38
629 2259 38
37 201 99
1386 2539 21
72 85 91
1107 1494 78
217 299 92
1299 1606 85
1700 1688 67
943 1709 63
535 1626 86
1974 372 51
609 540 13
2024 455 74
138 958 32
2067 895 36
187 1804 63
1900 2054 36
1949 545 75
2588 1632 59
229 2440 43
1820 1257 55
2739 2578 14
778 2798 13
770 1090 95
1507 430 36
2349 1290 17
1567 2300 50
1762 1027 11
463 578 33
1568 26 80
1037 1777 28
293 353 78
2695 670 37
383 2123 66
664 1271 56
1387 577 73
1719 223 69
1784 2585 60
2560 2382 15
175 474 91
1314 2515 14
1555 2350 88
506 1443 56
772 964 59
2573 1023 80
1722 1625 32
1326 1399 95
2760 653 69
1634 1539 18
1466 1597 93
2715 492 44
2100 2583 91
442 414 44
203 2298 80
99 128 65
114 367 18
687 2465 39
112 2189 100
2718 934 88
2014 1699 50
69 826 73
1412 2227 35
1633 1771 74
2363 2483 62
356 621 48
1772 2065 45
501 1789 57
1905 1929 64
1564 703 58
1704 1590 27
626 2357 10
2346 2460 41
2496 484 82
1550 1168 27
1397 1251 27
1078 277 73
507 1517 60
2403 2500 23
368 305 37
751 2512 48
272 475 14
1707 2793 58
1771 1495 87
650 2060 33
71 583 81
428 549 84
1944 1317 26
1759 20 98
189 2103 40
1022 473 95
1650 2461 49
2167 2001 14
463 119 32
2045 1383 43
1398 1433 35
389 2777 83
29 1395 80
1970 2069 71
464 413 77
483 2237 76
1951 1299 50
715 2046 87
1148 1945 68
2361 878 48
1233 2047 13
2270 1313 84
1344 2504 16
1159 298 27
2720 2311 29
2242 2020 14
2102 1537 86
2762 111 51
1919 288 40
2594 59 37
582 1888 81
10 2414 35
1310 1275 32
2188 2332 90
597 1969 74
2618 608 42
1352 2174 82
2182 42 12
1079 60 14
1513 2761 98
133 2193 36
1452 467 49
771 1413 98
1571 2188 19
2799 2382 21
32 1720 87
2330 1181 10
1871 2215 45
1373 225 44
1298 469 20
1023 2683 44
1273 2783 15
33 825 31
675 1128 15
1195 2633 46
1432 1757 87
2495 1090 21
1945 447 81
1461 2574 31
1330 2593 34
854 2499 16
1955 834 62
1525 1709 44
1107 1550 52
826 1129 99
1040 1203 49
2043 2446 20
1130 1624 15
102 824 38
966 1395 92
1603 1332 22
210 735 78
1391 2648 41
2046 1752 69
526 1837 21
82 2180 47
76 2362 77
1545 1441 91
477 640 59
1031 2181 57
1844 474 10
604 647 24
2154 265 100
2796 344 56
2748 2133 28
2428 239 91
534 344 43
1096 1093 51
1938 925 74
1454 2018 42
2689 2394 86
158 920 17
1767 2516 59
1171 1436 87
395 2620 23
1411 1104 86
1510 1255 27
2668 2739 25
2370 1472 77
2035 1758 72
2257 476 27
589 2416 100
2216 535 64
2075 1695 73
2477 2142 20
1960 1365 52
402 1808 31
2500 1687 49
1298 230 41
2464 760 30
643 967 40
2263 919 41
902 2773 68
703 1479 13
1234 1972 33
1752 1371 32
1045 1084 70
227 1000 80
2759 2425 77
625 161 56
131 2261 98
1818 1907 86
2063 1080 96
620 966 91
230 947 57
2011 794 73
151 2085 62
887 1683 46
1226 908 65
695 121 82
42 960 93
2570 1761 80
1702 800 94
1844 1860 96
416 1820 80
1561 1730 84
1646 1856 29
2572 701 67
567 836 17
1425 1339 97
759 1962 86
1037 2796 66
2593 1333 42
1155 2316 53
1345 925 49
2216 2570 33
2133 726 36
1856 423 89
2121 1570 65
523 406 92
1489 1064 94
248 1402 34
2651 2801 61
2761 1190 54
2065 1563 31
425 2106 94
52 447 20
318 1253 88
2415 2614 56
397 546 55
684 831 81
997 1969 49
1694 652 39
1217 2540 95
1986 1605 79
1108 1894 22
161 2099 29
29 2548 44
140 454 30
2524 2258 21
890 2226 87
2279 1294 53
729 597 97
293 876 36
2695 1432 61
2018 1764 25
1876 2657 95
2808 285 65
209 1694 15
107 1280 45
682 707 56
861 743 51
1502 2245 71
196 547 75
2544 2026 34
2744 880 22
54 218 25
2270 2620 16
1383 334 16
2618 2523 32
511 295 14
2029 832 33
707 984 30
2802 419 76
1725 1936 34
528 2534 86
2257 1910 19
1787 1950 85
1321 1743 46
2198 751 98
710 1659 26
960 1509 58
2458 2420 78
337 691 60
1639 141 64
2602 2613 42
2252 873 50
100 2348 52
2175 1269 44
1358 295 26
1787 1215 64
2559 2480 23
1421 2189 45
2383 1356 63
369 1388 19
1995 1199 26
678 964 57
871 1376 94
1284 2267 67
786 1583 85
100 0 94
2782 2751 28
1740 952 83
1185 2777 82
1494 1655 41
2248 508 11
2627 2060 19
275 73 32
2757 372 54
674 103 16
564 133 83
928 1078 14
2201 820 98
2055 1429 43
1266 504 39
1790 2783 22
753 2445 49
2098 2240 69
2756 2178 89
1621 1553 36
1035 915 32
857 2179 17
1646 2122 18
366 1311 39
2007 1528 71
1070 780 26
2578 230 64
631 1036 43
1346 2119 26
796 71 56
2316 1115 87
1 2660 89
2035 1545 33
1562 2380 41
2332 885 29
361 336 28
1882 1871 95
26 1865 80
846 2576 72
648 1427 27
1331 2598 40
985 1325 98
1688 835 69
2624 1666 45
1643 403 37
443 1371 52
104 1555 58
2240 2697 77
2301 1220 42
2760 2084 90
368 677 94
109 2096 61
171 1349 67
1991 2669 86
1402 564 38
1841 792 34
294 1472 76
1495 2582 93
2813 1908 32
535 2734 19
123 2694 83
309 598 83
2205 2558 43
2677 2518 68
1668 2041 54
1569 329 27
1178 2151 73
575 1275 74
2168 1195 46
1214 739 14
1206 1095 80
1519 1236 18
2400 2077 39
213 2320 10
1078 255 98
1149 1828 48
1669 2237 72
538 510 14
847 1219 65
2022 2691 54
76 649 86
2721 1864 40
315 2549 86
2251 2548 97
515 2332 48
606 441 81
221 1056 53
1036 731 26
303 1641 24
855 2549 15
1733 73 38
728 2639 45
2191 2781 13
1717 2123 69
1104 1328 24
575 1567 51
2523 2 35
2775 1630 70
503 314 46
2504 1172 26
403 192 81
2073 2338 24
1825 2122 46
2017 1342 82
777 597 88
572 2706 45
2653 1898 28
556 2102 49
2268 1320 74
1867 1234 36
240 136 73
1646 1469 20
1191 1501 28
726 2091 60
1415 66 76
1955 2128 70
765 2057 36
2348 1342 55
2286 678 24
583 2297 60
1529 525 16
369 812 25
2193 1890 49
678 158 91
966 507 10
1676 95 54
2596 2024 95
1508 2742 22
2816 1805 19
2374 148 94
2288 2449 35
1435 1323 99
1588 767 50
258 1042 97
2734 1470 23
1525 429 21
2773 1710 67
493 846 31
1227 1053 92
1106 417 49
2526 104 19
1258 2483 66
2485 1847 60
2818 2032 68
1848 1147 83
2593 1662 10
2177 1357 61
2373 781 36
981 1224 80
2725 638 64
2723 1306 85
1622 2310 32
2310 627 80
1857 2421 68
1266 1350 65
42 1845 29
1806 1375 81
1908 2274 17
2674 1440 14
2246 1069 21
118 1043 35
1680 1193 51
2441 2046 72
2540 1099 81
1077 1576 33
1843 39 94
462 272 25
1187 82 38
2189 2492 53
2468 1726 99
2274 1898 40
529 2744 46
930 2228 62
847 2663 17
1567 1503 25
1836 2458 55
2031 889 40
1359 997 45
1550 744 84
155 772 56
1339 938 51
2547 1225 48
697 2113 22
775 1046 82
930 2096 78
2677 2553 20
2234 788 75
1690 2212 67
2416 445 40
2102 2769 41
259 1159 57
1699 685 35
1569 2026 19
351 2362 92
193 1196 48
1822 2482 67
55 1973 41
2211 2420 25
678 2310 73
2645 336 16
1395 800 33
1860 1784 31
75 2795 99
626 2501 74
791 1131 13
147 2546 41
1672 2742 25
1812 2083 44
2004 712 48
1611 2187 88
223 2609 38
139 1504 45
466 114 71
1349 1468 35
1189 2066 72
454 441 55
2211 2242 48
659 1062 53
1150 525 100
1415 985 39
226 2753 30
1721 957 13
1955 2182 71
2493 2028 48
2207 1407 44
287 2600 30
1333 2428 49
1405 2282 99
283 825 71
1416 1810 28
548 337 14
82 735 73
814 1515 97
2083 2052 86
446 2510 37
1562 1897 94
778 2634 19
455 210 57
1523 1230 23
2476 1628 53
2388 185 21
1346 1357 34
2029 1809 18
2787 2786 67
723 2193 100
298 2742 98
2767 1493 84
1188 2477 55
1206 1947 40
1584 2629 41
579 1961 100
1363 1561 56
578 409 13
2295 1574 99
1132 1303 43
2502 594 52
764 732 36
739 1716 17
1052 1697 22
336 910 57
1124 1742 38
922 2160 76
2667 2573 39
2693 1605 73
2345 296 71
2672 1650 79
1463 238 60
1112 2125 27
1205 925 49
2463 1254 94
742 642 83
1110 2466 10
1528 1667 95
2641 2566 46
1298 2820 32
2391 46 94
1279 728 28
1380 517 49
2268 2547 100
1448 2144 76
2174 1589 91
1235 1383 54
538 1962 89
2371 2512 80
750 494 68
322 1863 28
800 856 82
174 2794 14
2561 1540 34
1439 261 66
1712 1345 33
1519 986 45
385 695 45
1122 2137 99
667 985 85
2571 899 10
1738 111 34
670 22 68
1831 382 22
482 2299 87
188 781 35
2196 714 93
1755 2426 84
2700 1390 53
2761 303 43
2327 164 50
1172 1169 46
1639 551 86
776 651 17
407 995 58
466 858 43
2663 1036 64
2768 2698 94
549 766 67
2595 2550 76
1909 743 20
2076 1849 84
416 884 10
2726 1631 62
2769 613 31
1770 625 37
1128 2631 55
372 1038 91
1166 497 51
2097 2443 69
1364 215 79
2818 1828 10
465 2638 14
1814 129 45
2195 1150 24
46 145 63
1456 2390 60
2241 2737 62
1183 687 99
554 1813 90
1113 1459 73
2141 2704 93
2237 2266 19
2485 687 11
443 1304 63
1304 1197 40
2578 2112 96
1280 26 39
1665 45 56
2705 1667 55
897 1121 85
1877 1657 89
1688 2684 52
2075 1046 18
2121 154 50
915 2233 13
95 1621 16
1960 756 27
2253 1056 32
2102 509 84
2668 1970 14
274 283 64
1244 2607 40
1993 1877 83
2365 1859 61
712 822 32
2649 15 65
478 750 36
2620 1748 18
2542 1383 74
2200 1120 66
2761 638 30
1137 2088 97
1630 1942 87
916 185 95
2385 141 100
2296 2158 55
2206 1351 64
1489 1548 81
496 2695 25
521 2747 52
1701 668 83
2089 2284 18
412 1724 80
447 2378 37
165 1967 47
2785 1629 17
1692 2158 80
2008 1843 11
1800 1306 60
1627 1748 38
2181 1882 14
2749 630 45
573 940 28
2057 1676 74
379 1016 34
1242 811 48
1577 1004 62
2107 1122 59
2450 1975 14
1127 1348 33
2607 1722 29
1134 2359 83
1603 2558 21
1799 844 41
1874 2549 13
1491 1471 82
901 1582 28
736 851 35
2799 737 30
1049 2295 18
726 2381 74
650 823 55
848 795 61
2409 373 36
1564 919 99
187 2532 60
1413 2577 56
99 2671 75
2496 1876 18
1978 2463 44
1150 739 28
95 106 49
497 246 77
387 732 55
1464 44 76
1263 404 38
398 1404 51
2426 1076 63
1453 374 49
559 2343 67
2084 1616 34
937 1806 32
1157 1528 35
932 2476 65
363 1626 71
695 2119 15
2153 959 75
1590 1321 55
1689 141 50
2414 192 35
165 2402 74
2400 756 18
402 2008 40
809 343 17
2223 834 68
2743 2404 90
1086 1508 58
2254 1493 80
1533 2149 48
1445 1193 66
284 1165 64
625 2311 63
720 1400 69
2359 1205 39
2651 2045 10
516 1442 14
1449 1965 85
2179 1500 74
1806 657 73
1532 1351 46
443 609 58
2821 1171 36
2355 2114 100
1386 2302 77
618 1986 55
2687 1682 20
1597 2703 20
1165 914 20
439 375 62
12 2599 10
356 210 98
2426 573 60
1901 2161 35
445 1305 64
258 2340 84
2444 582 90
831 1129 74
1635 1715 53
2185 765 27
1409 2658 32
2447 1839 25
877 1887 66
2460 208 16
2053 889 90
1864 1819 84
1933 29 99
1477 2309 36
2713 2523 13
2084 1713 94
1899 1685 26
142 1978 73
1155 2474 52
313 479 42
1153 2712 54
1449 2254 16
1570 2179 80
1570 115 20
1772 836 96
547 90 93
466 271 69
1325 1134 91
2670 998 74
1631 1397 27
247 1033 24
944 110 52
1262 2767 50
1648 670 100
1755 1051 77
784 324 53
1253 1687 36
434 1938 53
198 112 31
2660 1187 44
1953 1571 59
2385 1463 93
441 826 38
253 1637 18
2779 2137 16
2599 2167 13
2673 970 29
446 1769 26
2719 161 100
1870 1948 96
556 1774 54
2513 899 52
2408 236 49
1990 1091 48
1029 1502 56
2504 2448 10
2187 1104 19
1960 1923 94
1821 17 93
690 1259 72
695 1581 28
1826 2287 87
734 2094 70
586 2190 32
1039 177 72
2690 2527 100
540 2438 96
539 2752 90
90 2414 81
1273 564 55
682 2481 87
583 2078 85
603 1908 48
1993 1068 58
575 54 84
989 1166 51
188 2519 100
32 97 28
2144 2798 83
2534 1776 73
1970 2816 73
767 2465 19
169 25 35
1104 308 68
850 212 96
2066 287 88
85 2066 68
482 550 54
2082 144 21
1482 804 19
260 1149 34
1014 52 13
1269 1344 69
619 2804 45
816 115 73
882 1088 15
101 780 60
1639 1981 27
1300 2165 80
326 2444 62
1653 425 85
1607 1639 85
1859 1378 34
1487 2012 65
609 1727 32
1721 2325 42
1188 531 89
1699 214 24
1553 775 89
2058 2239 55
1359 65 90
111 1937 63
1088 1380 19
97 1031 97
907 331 48
503 2411 18
1149 1890 75
2360 1141 61
2126 1022 35
1677 1763 40
809 2684 60
1568 914 41
1201 2651 88
1003 2051 29
1214 525 72
1208 1889 34
889 1630 95
17 2682 14
852 138 17
2355 1927 36
2049 2066 36
2497 1923 42
622 1989 10
1166 2015 86
1027 1605 93
305 1451 38
716 1332 27
1518 715 25
2399 2508 61
1076 2068 94
1608 1178 91
316 885 99
2566 921 49
1093 1671 21
2138 1082 10
619 2359 88
663 356 34
104 1989 45
4 720 89
1800 1308 21
2301 532 49
2540 1346 93
2738 73 25
134 1868 50
1227 330 57
1253 1434 94
650 2813 16
2301 2339 37
139 1836 88
1352 272 73
117 121 99
2180 2091 48
702 1540 53
370 513 20
577 980 77
2013 1701 30
2299 1224 81
2343 385 90
24 2583 74
326 536 88
690 1033 45
1479 1272 59
496 2622 86
2420 1048 78
1024 2218 13
2059 1069 98
1182 1351 65
609 1133 31
1976 2284 23
600 692 67
2160 1916 73
449 1784 19
1919 890 80
1587 2056 35
2407 1806 94
680 2348 26
1517 176 21
1262 1450 30
2151 110 56
1261 1526 27
1477 2153 72
1654 603 33
545 2466 70
1287 1608 11
1887 2124 47
8 2542 82
2680 1188 82
1702 933 100
1790 2516 68
1537 2638 60
823 1972 30
1671 55 97
200 1970 64
1936 2634 61
2088 894 87
2045 2171 42
24 37 34
102 2183 87
2110 2539 66
146 1752 51
2473 2485 22
1319 1186 60
2163 1094 93
746 143 51
1567 336 95
1958 1303 10
898 2042 71
1588 2065 98
118 1228 14
904 1352 15
809 2066 31
183 2222 34
116 895 73
2809 1159 56
1605 530 50
2613 2615 45
2477 2424 11
2462 1383 61
1390 566 78
268 362 67
129 2498 86
1086 2387 77
707 1960 20
1375 1846 74
1525 151 75
489 2818 16
2657 2743 45
75 743 55
1131 230 53
1410 1240 19
1998 237 66
1458 1535 99
2417 2320 99
1064 2081 20
2072 178 65
1687 1240 35
1726 1787 17
792 1522 92
1497 47 100
653 1768 26
1676 1343 100
2682 1012 76
1460 2470 71
2784 2295 69
157 1388 33
1622 375 65
2647 1019 50
748 1456 19
2224 1737 36
1225 2667 31
1261 2104 69
491 1592 70
188 2264 64
1183 1502 15
112 2662 91
2698 414 60
20 1568 94
1844 1900 71
1676 586 12
510 1597 65
2290 2817 40
1914 1327 23
1217 2013 69
302 2256 24
2045 1877 33
1054 2275 70
1810 890 83
2147 2006 97
118 173 92
1010 1055 96
2704 1093 93
1961 34 28
372 786 73
542 1778 15
1212 634 89
1560 1298 64
1574 895 26
357 493 86
2389 1959 85
2777 2303 91
425 1714 10
1384 1919 72
2520 1531 87
1749 2091 22
2456 743 20
400 218 82
819 2633 34
935 361 97
2398 2744 28
2714 2035 38
433 2419 98
2329 1938 95
146 1878 57
11 809 95
348 2254 100
261 804 87
1697 1102 58
679 2759 77
2121 2744 15
1926 2179 77
2681 442 84
86 2695 31
2172 1279 11
619 178 18
2508 2644 91
122 1643 79
111 2760 59
2784 2580 68
1490 994 42
2674 1272 25
1414 250 38
2268 1175 37
2592 2704 14
735 1457 28
41 1066 29
2113 1061 17
721 2517 36
1547 61 38
1948 1904 66
909 2773 90
648 1673 53
2720 853 36
1642 855 19
775 499 36
829 375 67
1891 1159 82
239 1127 68
2592 978 83
2545 2072 18
689 2165 34
893 1700 29
829 1282 11
1978 1672 94
448 905 61
1004 1401 33
884 506 67
102 351 96
1324 460 22
1548 1587 13
497 445 33
2060 494 85
1591 1736 100
321 2771 72
1745 937 20
1761 767 53
2134 797 42
2685 1067 23
2039 549 79
2547 1487 18
824 630 14
1435 1282 22
2550 262 97
2322 212 76
971 2526 78
1544 1749 91
2211 2689 37
1944 2221 76
339 340 44
847 2197 82
1094 309 51
762 180 26
963 199 16
1893 328 97
244 912 25
965 1725 64
2022 516 28
1269 737 16
952 244 87
1265 877 73
1135 1154 26
2055 756 60
1475 2080 35
1681 2604 86
1308 2504 97
104 1072 53
196 2428 89
683 779 66
568 141 25
240 2630 24
520 1753 36
2173 1770 83
2563 259 89
737 1257 64
1163 2415 90
1198 174 29
383 505 63
151 413 52
1185 1419 24
2592 2236 30
360 2491 34
2331 611 75
26 940 59
883 776 17
2302 1530 45
1976 2761 84
1395 1068 77
1659 1293 43
727 2615 33
271 2752 65
2477 1840 44
2251 2806 97
1101 712 20
1403 1886 77
2789 2398 69
326 1053 31
2556 2332 99
1886 821 68
244 1176 75
1910 421 88
187 2188 74
267 466 82
423 950 22
2539 619 12
2371 1651 89
2453 1953 42
1542 1966 60
897 14 78
595 305 36
1138 1854 57
1928 456 14
2421 953 21
77 126 93
1444 1345 23
1210 2159 57
2565 398 66
1434 1276 11
2192 240 75
437 1184 51
821 2406 35
2130 1554 12
2762 51 64
2428 242 22
113 1219 36
412 442 81
349 541 18
2147 2020 74
1032 310 35
659 2156 49
1766 619 77
2161 2388 18
329 98 58
1102 2198 52
1254 2293 66
2696 2522 93
2588 2047 12
1216 1119 71
2438 635 51
913 1159 30
1279 1197 16
1456 337 94
194 2803 64
2256 800 89
1046 866 30
826 2116 20
289 2610 73
962 1209 62
297 563 84
1927 1131 68
2332 234 73
2138 677 31
2127 1949 32
2593 1250 22
2459 1694 99
2666 2705 66
1561 2080 44
830 1728 73
574 586 84
739 1343 10
2256 1413 23
2426 2561 51
1095 2796 73
1876 49 73
155 1542 63
2512 441 52
250 2092 93
699 1129 33
204 2216 81
86 1703 95
2647 969 89
2671 45 66
1280 1419 65
651 624 60
2552 2098 49
2816 2809 54
2765 648 95
574 1592 74
248 71 28
1178 2437 62
1777 647 72
884 956 12
2822 2447 71
1486 875 45
786 1644 20
1533 347 21
2726 2207 22
2343 2481 32
1552 539 96
2001 700 37
2776 2785 59
1764 465 38
1868 1956 45
185 1841 62
768 2687 67
2199 1863 82
1445 2571 15
1971 2107 93
1927 2773 99
10 2304 66
1311 1542 31
1834 738 91
2619 1938 55
305 1762 13
1128 1508 42
1993 1679 93
1416 1874 62
1140 1632 22
1982 614 25
2600 521 86
1956 1778 10
451 2099 97
1224 1631 59
1089 2695 61
960 685 39
727 2083 62
921 280 96
2413 165 77
620 1614 41
2570 2604 84
617 473 65
2392 55 67
540 2732 95
1961 2745 32
1836 1202 46
439 146 55
2457 2182 34
401 2615 82
91 383 22
2429 275 22
1957 1449 11
386 807 28
2755 1985 43
800 1389 26
1464 147 94
682 286 44
2518 636 38
243 2752 18
1151 1857 52
126 1308 57
1275 2544 13
299 1462 61
376 647 75
1976 1459 95
1823 1768 85
1 1458 37
1510 1498 100
2209 2721 24
1687 1149 93
1226 2655 40
1926 1514 82
1698 1350 62
2449 90 84
1103 2154 98
782 1083 17
1590 73 34
699 2019 17
2482 1293 73
112 1581 44
2338 2794 88
1332 1521 20
1194 566 94
1615 2129 44
2237 2266 87
1488 1763 43
1140 692 55
884 2651 17
2721 1417 87
749 1711 41
439 263 29
688 45 79
1534 2213 85
1120 986 40
714 321 64
120 2134 50
1007 421 90
1480 687 90
1868 1283 24
2366 163 70
550 3 23
1551 2122 99
2261 946 97
2384 120 44
1214 1794 22
2217 1823 95
1913 882 47
936 542 28
2364 1401 35
1438 42 64
298 1685 33
2441 1010 82
2425 1634 100
2250 1538 11
2337 1117 75
2144 1529 66
2396 721 14
421 2510 10
2187 875 71
201 1879 50
2490 2287 38
628 788 24
516 301 44
368 318 51
956 1725 22
2593 757 22
43 696 28
2423 1469 95
385 1049 97
2298 588 100
261 2382 21
2645 1076 10
1416 2635 90
2267 535 74
1796 1276 58
1060 804 22
1758 2702 100
2560 366 11
1755 1610 66
1184 2301 81
1824 51 59
1480 1288 85
1857 1032 11
2623 2731 78
82 2507 46
2587 1107 38
2558 2741 84
2396 1909 97
2153 538 85
2706 321 43
1524 686 11
2632 1177 70
2641 2654 43
1852 880 12
1325 1137 52
348 2000 85
2159 1436 50
522 422 26
2162 1568 24
394 2175 41
555 1549 24
1087 2628 30
1739 2280 23
2507 1036 72
1077 1245 43
1318 1745 94
1985 1797 41
656 2382 11
604 1565 68
2397 1815 95
676 1459 69
1948 2271 82
590 2297 45
246 1203 61
257 2031 90
135 1699 92
324 2278 32
1483 897 19
1073 793 91
694 840 82
393 2299 33
1228 2290 28
2760 77 97
1316 889 52
287 16 53
2496 1219 98
200 1677 87
2304 2772 96
1764 1871 69
1686 2645 69
1774 367 66
1092 1175 12
725 2285 75
2131 1170 62
1142 2007 99
965 1468 79
1345 1543 93
1101 55 96
2230 2555 45
929 377 37
1655 1533 27
2406 111 58
1795 7 43
218 1269 56
1863 1432 41
224 531 61
912 2358 95
2413 554 74
601 2258 75
1997 377 22
1946 1591 100
2093 1940 62
647 350 33
2376 2788 57
2178 1251 82
1409 20 11
2193 1724 94
1688 989 12
2476 1050 87
836 1555 17
2047 2694 26
2696 545 64
159 1110 53
1389 2047 79
788 112 22
1152 1366 97
1820 2627 19
1479 467 50
358 1202 85
2277 1075 10
1943 678 73
1815 283 10
1696 902 64
853 1246 32
915 2037 85
2001 2449 52
934 2408 65
1440 2186 62
2236 2385 27
80 715 71
816 2045 72
2421 302 29
1309 1920 76
1917 1773 55
731 895 50
1315 1887 23
1117 472 35
702 95 50
1169 2121 100
1978 606 32
2046 2428 21
1531 904 42
896 2295 20
2471 2131 38
1520 1111 37
1358 213 85
81 1752 87
686 2281 70
817 507 95
1339 1030 39
1145 1238 11
446 1170 26
2701 1174 50
259 746 28
2385 1894 49
1708 2128 94
1646 2537 79
1569 1464 23
2379 1700 24
2205 2796 84
1998 430 68
1142 1544 63
952 1827 72
246 2513 74
2655 318 26
1786 444 90
760 1696 93
2053 359 70
822 1460 33
2811 950 19
2763 1792 62
2336 1109 81
1876 2245 64
122 235 11
744 1984 47
1262 1716 66
1917 1179 66
2398 1255 89
512 867 10
70 2375 62
2740 452 32
2549 577 84
1388 2770 68
1635 74 70
1153 2404 88
2295 218 15
70 1389 44
641 186 38
822 2289 40
496 2708 20
575 1573 100
2419 576 69
2245 2774 24
100 617 98
467 1106 53
1128 181 19
176 645 41
2280 1204 94
960 608 24
1755 1093 47
2679 1436 18
2322 1244 70
2044 2465 82
2421 1600 54
1607 1941 34
1436 1611 91
484 709 13
2044 224 15
450 114 75
644 2288 91
2327 2385 39
1453 415 36
1501 819 36
2024 1615 67
2800 121 92
2172 1834 87
403 2044 62
987 299 60
1249 2514 38
1611 1338 15
1774 1720 68
689 2205 26
378 2355 55
585 1192 34
1747 859 77
14 2575 82
1157 1200 76
2538 595 36
2157 898 54
455 2503 95
627 1926 44
100 1021 92
1347 703 53
268 1323 60
767 1758 79
1375 2275 44
106 1604 26
2749 1773 84
439 519 58
2358 2657 64
1981 533 27
1712 1803 80
2114 1978 77
1801 2484 24
478 2147 66
2606 91 53
1328 190 65
2370 635 47
953 1673 15
2334 636 53
2504 2158 87
1317 289 88
606 35 59
609 2805 28
2766 16 21
972 1313 22
2669 43 52
2266 2107 78
1764 963 89
127 341 31
599 299 87
1291 1244 71
318 2795 76
428 59 92
2345 1815 92
902 1554 57
522 1650 71
1765 1619 86
1306 1440 71
674 2381 99
332 1765 56
3 875 80
2377 2006 48
2504 306 34
2426 909 31
2104 2424 72
1331 1681 16
669 2002 67
2126 1556 67
652 1687 73
2416 2442 82
969 618 41
1743 984 86
2187 2124 95
432 2591 23
341 1873 32
2812 2526 36
1746 512 45
2629 559 43
1976 32 79
926 2805 93
1779 1394 90
1436 197 77
2338 1538 64
1191 1285 47
1178 2698 18
2355 1514 96
2694 975 95
42 636 64
2289 2115 72
1123 2652 33
2077 2022 38
2809 188 52
2707 1407 26
1006 1145 60
1638 1282 76
375 1335 71
1900 1570 83
961 2556 43
777 2111 51
2594 2681 15
371 122 44
1452 444 77
1199 1689 26
1263 2222 96
1797 1433 91
1343 2793 45
1955 571 84
216 322 54
2682 1180 87
206 1886 88
1740 2104 75
1795 829 29
228 2185 36
23 1933 47
2232 1652 39
382 1661 69
1307 19 33
127 10 89
2455 2111 71
1213 966 92
2750 1829 78
833 2046 57
608 887 88
2292 331 85
1908 2729 34
2006 2270 96
2646 643 14
14 384 90
2031 2694 57
733 888 81
1370 1530 15
96 1480 80
2215 600 38
2122 225 29
973 2342 48
1427 161 19
128 2641 94
2074 561 13
815 1794 99
169 2677 57
2119 1165 53
1404 1673 30
59 2513 69
1826 1462 73
2031 2228 90
2601 64 33
1297 1450 66
364 1702 67
2 1396 47
2602 1950 47
3 342 14
1041 1519 12
1976 2015 65
935 1525 57
2419 2098 81
1071 448 72
258 938 82
2105 2019 46
924 2084 68
2031 1291 32
1095 1677 87
2816 963 49
413 1723 35
1042 137 43
1145 666 14
2705 453 67
1535 2196 34
2317 1412 51
953 2332 59
1549 1249 72
2360 209 39
597 1298 15
1436 409 80
2777 1824 18
231 2397 55
1664 1778 86
2553 2742 14
731 2149 66
1478 1079 52
1014 566 51
2577 674 69
313 173 84
1079 762 87
1557 404 81
994 1382 72
259 289 91
2027 2438 76
120 1639 91
124 1651 57
2450 610 26
135 967 12
1080 815 62
2762 1087 70
1754 1423 99
2429 2334 76
2458 1974 57
943 2651 77
384 2493 57
1225 218 47
1471 535 71
616 528 15
2776 1306 90
426 556 37
1557 2072 75
1098 2162 52
1107 1334 77
361 99 89
74 982 99
2221 2446 10
1722 2230 40
406 2037 26
207 2739 12
415 2162 42
1664 2360 43
442 1273 95
2183 817 61
2760 2180 28
1554 98 17
1622 88 71
2666 445 44
148 421 46
2614 1252 85
210 1331 18
36 2089 81
2179 1337 59
1894 1469 80
1796 2681 61
2278 1403 67
867 811 30
820 486 91
2109 2710 57
2695 1097 81
1488 2382 54
2695 519 46
700 1488 27
2481 1560 97
1977 352 41
86 2047 34
1504 1146 70
1646 2013 28
29 49 46
2507 49 72
1641 253 33
2226 170 40
2754 2031 96
2132 1337 36
1287 2313 37
2059 1510 27
1369 2367 37
699 1990 26
2418 908 87
2682 1393 26
2258 1411 82
2451 869 34
2241 52 65
2198 1615 92
1636 2357 87
2793 1030 94
431 661 58
1898 2811 44
1190 2456 86
1785 756 68
1738 1298 81
1781 245 41
2015 50 85
356 1007 67
183 1829 76
1717 1463 50
1671 1546 63
1892 1737 59
1389 1251 73
2562 362 36
2227 2523 97
123 541 66
254 2498 68
1619 822 14
268 1487 73
853 734 45
2091 619 51
2728 934 64
2573 1450 26
1287 2719 53
1481 1035 88
248 1800 78
1638 692 25
1794 712 29
346 1118 84
2024 1195 26
1531 958 46
1713 1679 41
1829 577 77
1029 2260 60
2747 2520 23
1454 2675 16
947 1956 31
834 2545 92
2401 2711 40
1936 185 45
1061 2542 60
2206 1523 43
2797 642 46
51 1576 59
1908 1778 25
2756 1258 59
971 1046 99
2004 1334 57
1231 1704 19
364 2516 38
1030 1348 100
614 549 87
2152 378 74
1613 2727 41
2 2340 30
763 2044 69
2077 1611 63
2341 2659 81
1048 1466 35
805 691 80
558 1340 58
2478 150 70
1026 2695 63
1681 739 50
839 1332 34
1366 2709 37
54 2139 55
1095 2718 57
1250 1163 43
1830 936 29
978 522 19
2138 2399 19
1716 1337 24
2140 1570 20
319 402 74
121 243 10
44 2518 31
236 803 37
2404 313 22
2709 142 21
2028 1889 63
477 1688 55
2267 743 34
810 9 76
72 1317 85
1922 2184 28
1573 1754 56
2802 1630 10
586 2750 54
1224 557 57
131 51 98
902 2109 85
1079 816 30
2778 1178 42
2322 1484 79
2069 2577 76
1787 947 77
1391 1563 62
2803 1605 23
96 957 56
1261 1798 92
369 197 64
485 480 99
1468 2544 98
1214 794 54
1199 315 74
2279 696 60
1066 1732 64
442 2784 48
697 840 10
375 1121 97
2592 681 43
350 2582 44
929 1473 98
2365 966 88
1549 2686 54
900 2807 15
2428 2682 79
997 1753 26
2520 600 77
1137 141 25
1143 597 57
1187 386 84
180 1122 41
241 2754 51
791 195 68
1083 1466 95
877 1100 38
602 2575 26
1350 1741 80
1860 1506 23
291 2231 75
217 1093 13
408 1884 82
160 392 18
662 1776 72
2545 566 59
1200 2607 71
2777 219 37
1248 475 64
1491 1824 26
1310 2171 68
2411 1186 61
1773 902 78
2491 241 55
282 1751 72
1336 1585 14
1214 838 97
59 580 34
1251 136 56
2492 1358 36
1611 1592 47
982 1667 37
539 1016 22
2780 2112 97
2771 2182 98
1267 2211 75
2420 1016 37
1012 974 31
2319 2700 95
338 240 38
734 707 88
48 2180 32
869 369 17
136 1187 55
963 1590 76
1337 303 50
240 181 77
623 2515 38
437 1620 82
2285 2192 55
1222 2331 59
136 1993 20
1199 445 15
1707 811 14
820 1071 32
2769 2421 73
311 3 95
2791 1404 83
300 2801 98
2122 1903 80
53 2388 18
1687 1704 85
410 214 48
370 1502 38
2316 1147 18
2120 239 47
2145 801 27
835 2553 84
375 1855 87
2788 2301 52
862 1317 10
547 806 29
374 879 47
2334 2801 14
2286 1299 69
2045 984 91
2341 2685 37
911 799 96
2419 1091 71
2036 2547 92
39 1739 59
160 1591 70
958 1400 92
2121 1712 49
886 1884 29
1671 1877 52
2035 2820 43
2271 1499 36
362 114 33
865 2105 55
2313 860 66
603 642 14
2569 456 20
1530 339 61
806 2634 64
491 2453 82
640 824 41
567 743 99
1617 2545 91
727 1367 46
2579 1395 63
2172 117 28
1437 1161 56
954 1448 18
454 1611 62
2457 423 40
565 975 87
345 12 33
2630 1984 61
1619 416 57
144 39 62
2013 1321 25
1883 410 27
1202 299 14
1382 2039 82
2199 1503 42
1654 778 77
1379 1264 68
2162 1572 73
2199 1448 99
1857 942 93
392 1159 17
1864 2709 26
2038 1555 48
28 2265 17
1912 501 84
1755 2610 54
608 840 49
777 462 66
1940 1791 100
2667 2298 79
258 870 38
2211 2481 31
2588 2497 64
713 2057 82
1577 529 52
324 1241 21
22 2486 19
1024 2376 55
169 509 100
381 550 22
44 2794 83
403 272 39
2667 2735 96
820 2788 39
740 1831 47
1306 981 38
2772 293 12
300 871 87
1358 2325 27
505 2548 67
1276 85 33
1565 2761 79
1679 2509 91
784 472 12
1148 1657 13
1719 2574 90
1706 1086 41
665 1267 98
1850 1029 55
749 954 34
1778 1601 51
572 1024 34
1378 2477 14
2344 52 69
2496 427 21
953 2770 76
1669 187 71
54 302 55
120 1412 68
1551 570 35
932 1177 52
312 1809 74
2460 1521 23
111 1501 55
2783 1788 27
2503 1791 60
2249 702 40
2670 1138 68
54 2564 61
1146 656 19
1729 834 32
2265 1335 68
867 808 76
585 1935 48
1398 2022 96
1591 2726 20
2243 2689 37
2506 2042 86
128 1588 38
1316 1306 53
1250 2721 21
289 1013 26
2520 855 93
2375 1196 29
110 358 51
2084 953 92
1431 1556 48
1180 48 80
2793 1152 28
2234 1741 13
1059 2080 18
82 1208 43
260 2301 54
470 1800 69
2040 1602 16
265 513 88
2296 1290 95
889 2049 67
664 528 78
2804 1848 54
507 1937 28
2591 2114 23
1108 2610 82
482 1276 27
220 1217 57
635 548 53
2567 1608 27
80 2436 43
1735 44 33
256 1430 30
1849 291 23
293 1019 79
602 665 96
431 1848 27
919 2636 47
469 2438 40
475 335 93
415 1508 96
1187 357 93
482 1638 58
886 2218 34
2682 1398 14
2599 601 28
433 2210 34
123 679 56
1300 2660 29
437 1861 39
602 259 17
1775 2284 43
1691 1749 46
1124 474 81
55 1541 45
2153 141 23
830 2156 67
1295 723 89
2260 470 20
1193 528 47
1929 859 82
2686 64 47
2664 2531 83
2778 367 97
1726 2402 86
981 2077 22
1952 2660 30
513 941 26
218 1483 47
2368 776 45
2494 1045 98
1529 2329 77
661 1264 90
2481 850 93
1220 2527 31
80 2270 24
753 1004 95
835 963 78
971 1185 31
2001 801 55
558 425 40
2626 1705 67
2453 433 86
734 2090 51
2762 1257 50
2646 1591 59
1051 499 10
2759 2326 67
445 1470 28
1248 2582 56
2554 2179 81
657 2164 92
1898 1186 13
104 696 49
2345 2610 14
841 2753 58
1546 1859 35
1335 2348 34
317 1145 45
804 398 74
401 1573 47
1331 2435 98
101 436 96
364 1629 44
2690 92 14
1746 846 30
1687 168 27
34 728 74
408 146 11
1813 2263 55
1205 415 24
361 2192 88
2529 547 61
2277 73 30
864 714 77
2425 2088 73
687 2142 21
1072 1346 42
2671 849 88
1525 724 56
1453 2400 59
535 2009 75
962 974 44
2801 771 61
2504 1521 40
940 1227 20
756 257 98
735 2779 47
1930 1536 88
2021 2381 11
2360 1810 58
1486 2328 72
1731 268 58
1419 2107 69
2019 2200 86
2279 2091 55
1566 1576 77
1596 533 76
1516 2419 52
50 1428 14
711 1596 74
308 2684 33
2504 292 91
312 1262 44
735 621 90
2786 1614 44
1842 1168 70
1316 720 42
1606 1342 73
2009 2310 30
1741 422 37
1831 2220 10
828 2129 96
2677 1081 12
447 2588 75
621 2293 71
2048 2606 95
33 1160 23
2260 1676 33
972 731 73
1020 232 15
1299 1758 65
592 1466 90
1124 1632 65
2148 1648 64
709 1520 68
141 107 100
789 2697 20
2174 2772 70
1760 998 35
1417 6 19
1339 2652 68
2493 666 83
2727 527 78
2205 238 79
1050 183 92
550 2775 52
2557 1902 100
1035 422 35
2249 910 53
1780 1626 82
192 73 53
1157 296 33
302 480 24
760 2546 42
2376 1697 44
685 1521 60
866 2373 71
2088 1211 58
1001 1451 97
493 700 45
1977 545 93
240 1498 43
2101 48 10
465 61 99
744 566 80
450 705 52
2787 1226 20
310 1633 77
916 2467 10
1358 1551 85
1547 2272 53
2126 1687 79
76 2665 82
2787 2443 54
1350 320 15
636 2198 60
80 1247 33
593 1247 67
2604 138 95
1360 2189 84
481 2807 64
1124 1131 53
1342 1478 26
1570 2311 10
1547 635 60
2075 1396 14
1058 2332 13
597 1598 40
1136 1609 50
807 564 92
4 2368 11
1107 2736 14
1980 2614 65
2286 1907 56
554 2610 58
1188 2514 84
1244 408 77
810 1251 94
2668 2745 88
329 2792 75
1207 1324 11
2477 2002 16
2630 1238 85
109 1523 96
313 2015 47
2214 2703 25
1466 1276 54
460 2441 17
1100 2042 20
1778 898 44
2353 2172 37
329 691 12
2660 1880 78
2423 1933 80
429 2041 94
2249 702 54
1019 397 14
508 697 86
557 1391 27
2612 101 17
1181 652 91
989 252 46
2780 1731 78
1717 1419 80
1096 2111 47
2424 919 87
506 1782 16
2522 147 17
1754 2480 98
2242 796 80
871 892 70
258 1102 16
1137 1683 10
1381 1091 38
1379 264 63
1963 1555 77
1028 1086 41
2101 1263 81
2368 751 76
1607 1508 34
2151 1501 33
2103 398 82
1503 1851 75
2810 408 20
1565 2523 27
795 1961 44
1166 1942 45
663 498 10
2605 2619 94
1331 1404 16
1838 28 87
811 2514 57
925 2765 77
2219 2055 34
2562 891 62
1047 1570 25
571 2789 16
1582 584 61
1527 2105 56
2480 886 100
2124 670 62
2660 1251 57
554 773 33
44 797 72
2579 347 11
211 160 19
2618 2256 22
322 2304 69
2751 1727 26
1193 1130 73
1 2649 41
2245 423 56
1170 347 41
104 11 41
801 402 77
1619 620 60
1624 1084 26
1969 404 93
1637 2052 94
739 2296 10
1694 2489 51
1196 1911 52
959 1627 28
1751 2676 98
1131 2448 56
1168 1088 50
1386 2119 72
321 1282 22
580 670 36
961 150 25
242 1552 22
268 2650 54
1785 2198 95
2186 1501 51
1164 1507 15
1393 973 78
36 2261 89
1590 2360 86
1234 1252 56
391 205 73
396 222 95
318 755 40
1779 2660 76
217 153 34
1560 2588 52
896 1420 84
212 2081 17
982 1036 67
1114 2716 48
1387 2431 39
1590 368 50
766 1249 16
2704 1485 51
2168 1198 32
2031 2369 83
2399 267 58
1903 698 19
1794 1335 14
1828 2356 33
1816 640 13
1087 2773 14
1995 185 20
2048 1129 72
2390 336 100
195 2004 60
2068 1680 58
649 530 88
2346 123 98
1658 2074 63
1039 1916 100
2730 2760 82
684 2614 29
38 2746 86
2553 2546 47
852 1707 57
1000 874 58
1586 101 90
2558 1287 54
1930 744 33
913 2292 16
2450 2092 54
1001 209 24
1080 1868 39
1849 1002 14
2267 1424 21
1242 938 21
557 282 98
73 750 67
1688 1286 93
1803 1423 21
659 957 71
748 1800 27
851 839 62
1850 2191 84
2344 2788 15
714 1790 75
1369 768 71
611 2649 81
1687 2773 100
2701 353 40
1445 31 58
765 307 71
429 987 74
642 2326 93
1954 730 34
304 2322 76
206 612 57
1785 2818 56
1309 2767 15
87 2256 10
2034 2458 25
319 1647 29
391 766 73
2562 2002 35
2475 1913 41
390 2505 81
641 452 70
1243 681 88
2165 1786 66
370 2590 78
1305 1237 98
118 1464 48
333 1154 56
400 1244 94
1837 55 77
2343 292 45
2591 2140 90
2365 1143 39
120 1959 32
878 2493 29
2814 1473 87
681 628 65
1496 939 82
1046 1626 71
688 1486 86
1778 1411 20
1375 1586 71
1908 2817 50
409 874 19
200 1479 18
152 2822 57
2209 563 21
1104 388 98
649 1063 67
1825 186 74
2673 1270 66
1861 584 19
1806 583 52
212 2016 72
425 164 67
523 4 53
641 1497 47
1383 1864 45
1346 2716 52
207 418 82
330 346 66
1562 1307 65
1559 1338 54
1134 1015 42
39 1260 94
1486 333 53
2166 2223 83
1753 937 58
1721 2456 31
156 1830 88
1971 1377 69
566 494 20
2603 987 86
1348 2231 20
1038 434 41
103 1654 97
951 2029 49
1015 523 50
539 1116 70
1717 427 16
2261 2019 23
2451 2725 45
1630 2509 80
2605 504 12
2591 1911 22
2417 2136 88
630 2196 13
1751 1582 51
1056 1615 15
1899 561 22
172 6 55
1687 1781 40
2089 2283 99
1248 2225 96
2193 1431 25
1133 2748 28
92 935 42
2712 2425 98
1878 2169 25
1452 36 72
293 798 39
2655 260 96
2358 2036 96
168 1229 32
1203 690 20
2328 2397 66
2569 1003 35
138 730 45
2229 1209 18
830 56 10
2029 1490 38
571 1911 81
1745 2294 52
400 831 38
589 1387 86
1564 2491 58
143 800 24
2769 856 16
669 1449 80
1776 1895 64
548 22 53
179 2568 100
38 925 17
712 435 14
2124 1849 65
2592 42 52
1520 1202 37
868 2204 99
2623 2485 26
2753 2369 66
2701 491 55
1457 1495 89
2668 1735 34
2027 646 57
2599 1620 51
2592 401 32
1516 2330 13
379 339 71
1762 145 38
1383 720 51
282 1968 52
1392 2122 86
910 375 85
2733 1733 88
2587 410 26
815 2510 73
2102 807 70
189 270 66
528 2392 22
1823 2298 26
1735 789 30
2412 212 84
1173 946 71
2215 2695 89
836 896 20
1757 442 43
737 1231 77
2249 1167 27
1500 2821 38
2782 1447 43
687 650 93
2662 417 50
967 2313 34
1146 1097 96
312 49 18
1310 2314 20
591 162 93
742 2532 97
2535 1933 24
359 22 79
2098 1284 77
1504 2517 55
2675 260 54
9 1026 33
1072 2582 56
2575 2024 16
890 1462 88
323 2691 54
1611 439 64
339 2330 65
1055 151 46
414 1915 88
1648 2317 37
2266 40 96
863 2234 75
2245 1318 99
2114 209 84
2701 1851 77
2511 1069 44
1399 1329 48
1772 966 69
536 1566 53
1602 1805 67
219 1425 34
1241 1783 78
267 2569 97
980 2341 94
1441 2318 16
1527 108 51
2373 17 44
1640 771 48
39 2260 42
740 1098 94
1968 2447 10
2754 1265 35
824 2487 17
1593 1198 69
68 1803 29
1685 1013 68
248 2709 42
1490 1827 83
943 1033 51
1836 2131 49
135 1774 49
1127 2389 71
1654 2109 74
1690 2581 60
1554 765 20
2342 1255 18
2804 993 15
958 1122 51
2612 277 98
1003 2454 51
1735 1456 64
1373 1615 25
156 346 95
2278 267 13
926 1104 28
2753 339 39
1245 30 19
130 400 23
439 1727 15
1670 2231 67
2743 1575 56
1438 1912 76
1552 0 89
2130 858 89
1178 2540 97
2139 780 67
2071 2117 82
1328 2698 26
1366 1154 90
1921 1762 36
1183 1876 30
1994 443 58
2108 2708 16
1035 200 32
2012 943 47
788 2223 55
1187 227 90
1044 1977 23
216 695 43
1456 270 12
2821 2235 66
2166 1867 76
2573 2236 12
975 297 76
2567 2691 34
1410 2609 28
2403 257 53
2489 1902 97
486 922 85
800 51 33
157 2523 18
2055 526 46
1016 807 52
527 677 75
859 1394 93
1387 990 43
2245 882 22
1018 1447 34
2707 1391 94
1365 651 28
2761 1216 35
889 2504 71
1896 506 72
416 1950 55
2612 2511 36
1728 1567 71
1201 1520 79
2711 1716 92
387 1842 87
1670 2818 37
2767 1852 93
2716 471 86
1720 390 84
2301 1415 100
1759 826 15
1652 267 31
982 1635 48
2810 482 88
421 2616 89
777 1220 75
1097 2159 69
1825 261 51
2380 1321 22
1087 412 99
2147 2039 80
2414 212 55
1514 2077 20
145 530 57
2214 1986 86
629 2104 62
2768 2317 20
71 2646 17
1714 1957 57
1978 2573 26
648 1858 61
436 135 63
1905 1269 85
377 1825 66
1415 1361 91
741 1965 89
2248 1274 61
2713 1308 15
1825 1503 46
1054 1676 80
1302 2812 70
2190 2169 68
133 1419 68
1469 523 95
2616 2151 69
485 287 25
2432 583 78
2655 2817 17
85 2313 65
1931 2023 35
863 1732 68
543 2356 23
582 955 80
1330 938 78
401 1178 65
15 2399 14
2547 617 49
611 2722 20
24 286 16
955 1624 72
1373 1778 57
996 2348 45
1955 2430 26
464 2631 62
1243 2219 98
1886 2384 37
2567 3 30
2207 880 37
837 851 36
2336 1427 72
2146 1764 20
1379 608 64
2533 2610 68
1481 1572 96
2773 529 52
881 2116 30
2409 917 99
2337 1630 90
815 680 86
2649 906 99
1730 1162 78
1859 1678 35
653 1956 76
725 1202 34
268 2786 36
1727 951 21
1852 2298 81
1039 257 51
1247 2334 55
333 1712 83
935 2538 62
976 965 50
2718 1601 83
1817 1427 22
2210 2038 59
2470 612 41
2669 2228 45
1499 52 55
1765 1163 98
1137 1210 28
2131 1472 26
972 281 99
1278 2099 11
2117 851 32
949 2055 76
2425 1841 20
2212 1728 77
1949 1310 11
1147 1571 16
1682 396 60
1604 1828 74
342 2615 39
2489 2672 29
818 2696 99
1121 2510 20
2413 118 17
2681 612 30
1153 1397 99
2771 685 31
2676 561 72
385 2305 16
2708 2278 47
761 628 25
2735 2161 93
1785 280 83
2107 375 47
2404 316 26
1350 761 51
2550 772 44
670 1366 60
254 628 73
386 2348 26
1092 2252 52
2538 1429 82
2183 1074 54
1658 2359 12
1182 907 86
928 410 13
2597 2098 28
1189 452 79
1418 2382 56
1720 134 51
1996 1220 86
1437 923 64
830 1545 72
2185 2630 64
2078 1154 81
1973 1152 39
295 168 75
1448 2788 17
878 2599 11
1096 2274 79
2682 2798 56
386 1800 96
1787 2523 81
154 1568 49
1060 1607 12
1546 1644 64
2554 2629 56
1682 2011 62
639 1643 73
647 1414 96
1750 400 95
1626 1856 90
350 763 84
482 559 79
2455 253 86
1504 717 57
833 2209 23
1975 1477 50
1697 2632 90
423 2533 63
236 291 78
2269 1793 71
108 685 67
1536 1305 92
1579 412 66
2689 278 96
1286 1 78
2330 1824 25
267 1942 26
2752 1529 57
2653 404 24
2307 161 49
2775 589 99
2021 1672 66
1129 286 91
2729 1235 52
820 1963 14
1837 1828 83
773 1399 10
2233 415 12
1521 2794 89
2078 1585 82
927 2456 98
1595 2763 92
1775 2656 74
1094 642 72
2655 1601 31
1061 1066 26
374 768 31
1150 1714 50
2169 1451 100
336 1170 20
1362 1333 10
597 111 29
1908 651 20
686 1186 45
1493 1622 86
676 517 15
1233 2561 87
2489 2483 98
1009 2234 96
1995 1154 41
663 97 20
1135 1134 26
2191 1443 36
2352 2713 19
995 1782 27
2407 1464 22
858 461 65
682 24 57
121 2666 50
1713 3 51
2478 2661 32
1590 1156 68
1819 718 23
1670 1775 93
515 1219 73
2635 2259 52
975 2747 87
528 2358 50
2054 110 60
1724 1078 53
1504 63 86
2709 2274 45
1423 35 21
463 2263 53
317 821 63
2401 731 20
394 574 89
1973 2153 85
1375 1162 14
980 1709 82
626 269 58
97 1681 85
238 1437 71
747 2364 21
1009 1594 92
647 1363 55
181 16 56
171 2099 41
61 1818 59
1887 1430 60
1612 1481 93
615 1651 21
1381 554 74
823 2395 99
21 2088 10
139 2237 33
1577 2433 48
632 226 44
2732 461 24
1256 453 72
973 347 84
2221 135 55
2180 2071 49
804 2782 28
1560 1980 78
124 2252 28
1729 1882 99
1392 23 51
640 1740 76
536 2328 86
1192 2383 79
1309 2760 32
2433 143 80
991 1905 97
1031 2105 60
373 2103 21
1542 1764 87
1019 649 40
2688 67 28
552 1490 24
1891 330 20
164 1322 54
910 985 15
155 1627 57
251 2734 65
173 1285 91
1896 2671 43
2174 993 54
995 1069 22
1084 379 75
2376 1322 35
1174 2532 62
1939 981 60
2605 2629 44
1272 890 41
2752 2142 59
756 1914 50
2277 821 69
2309 2540 64
2396 1474 99
316 2250 94
2457 1071 70
2727 238 86
88 2319 77
1041 2161 60
1921 1536 57
2119 884 68
10 512 95
2130 1012 34
1330 441 22
2217 2141 92
2569 1779 91
203 688 78
2597 2326 49
1546 2307 92
1580 1244 21
1205 838 20
406 1886 86
571 650 27
1997 2048 88
2406 644 97
1991 1183 14
1244 1580 79
1208 291 41
178 2263 62
425 2238 71
74 2348 88
2809 2311 28
2248 2111 78
1789 282 99
601 2742 54
2702 2445 61
865 1774 49
702 2365 50
90 1782 46
236 28 29
1634 2061 59
2152 10 46
837 433 13
2332 2141 21
2588 648 71
1068 1782 69
1301 1152 68
665 1331 25
2208 1684 66
2216 877 46
2737 2727 58
349 698 71
2249 2522 96
2721 2108 19
245 2517 84
2213 2086 83
2096 665 27
1205 2412 97
1343 1942 15
634 1760 67
2037 1642 31
1688 167 63
1259 2420 59
880 2538 12
2095 1840 50
1889 289 63
2576 1262 88
1883 584 41
738 2639 30
322 746 28
2231 1131 65
1900 2585 88
1710 1826 53
2273 786 81
748 1313 50
633 529 63
1002 528 64
1687 2089 60
1356 436 37
458 2152 26
241 702 70
899 1814 88
1756 2134 43
1306 1275 43
2593 2536 46
703 2436 45
771 1306 26
663 1423 44
1180 1151 83
2784 1332 10
2656 1385 92
2456 778 13
966 1415 81
1916 1382 93
354 628 41
1855 1057 94
654 1206 23
752 1136 65
2704 342 23
432 556 30
2797 2092 24
2182 2581 51
229 2128 34
1604 444 10
1538 2094 17
191 1138 84
194 164 97
2711 80 12
351 1131 37
333 2011 89
692 226 67
2434 2025 42
2274 1786 26
2097 116 33
2649 216 63
1955 216 61
613 647 72
2470 181 63
2240 2032 47
323 2095 14
2612 351 45
494 1844 88
908 2442 57
709 2175 91
1976 1830 54
2770 1869 58
83 791 15
2661 1303 21
1392 2568 80
1000 1377 40
1677 1964 10
202 1580 47
2697 1163 69
1914 853 74
1334 1776 16
2213 1174 93
1510 1874 68
1581 70 45
1089 2111 18
2633 1382 36
243 1727 91
563 415 92
1998 1047 82
164 2600 57
1215 1466 16
1382 2260 89
1253 2346 57
733 1742 84
2008 8 44
1488 2310 42
2536 2565 23
2022 1996 84
1836 1848 33
615 1885 79
246 2800 69
1138 1739 69
1556 818 55
1303 2033 18
1509 1109 66
2626 2549 35
2804 2483 28
2431 1219 33
936 290 17
2314 1339 46
930 2756 57
163 484 87
1498 121 70
854 1072 59
846 1961 10
2297 106 93
629 2184 15
1186 1304 72
709 2067 15
1257 1917 29
1983 2215 17
110 1330 18
129 944 96
2416 321 58
13 1698 12
337 872 88
1723 888 87
1814 2186 91
1266 2635 75
1403 861 90
2671 1812 89
1352 1662 41
389 1014 27
549 1839 46
208 1274 14
1323 2658 54
325 1186 51
901 2076 81
834 2447 92
1419 2092 34
1333 1940 37
2583 1823 71
1690 260 64
1376 1071 38
806 1473 94
2354 1843 70
1420 1248 61
909 531 97
317 2187 47
498 2486 13
167 278 13
968 949 93
1593 2791 62
1040 2279 89
871 1485 25
557 672 12
460 316 23
1491 2485 84
1971 340 21
967 1554 35
1635 1872 51
2484 2797 66
1620 241 59
2590 2714 19
2775 2738 46
124 1793 74
325 342 64
1492 1405 55
921 1116 71
2572 938 74
1737 2370 86
118 14 12
2731 179 49
1355 2539 49
1147 546 90
1301 74 67
26 314 72
892 193 96
946 622 27
2772 662 95
2684 1251 19
1788 130 87
2625 1972 86
2277 2614 75
1207 272 59
1360 1531 36
2204 761 41
1720 1247 87
2131 2732 22
2291 1301 89
2733 669 57
1920 2679 74
1161 842 57
818 2523 53
529 2188 27
975 353 17
334 1646 56
2115 716 31
2806 748 18
2712 1073 10
180 569 16
1032 1991 77
2024 2249 33
38 2776 65
1907 1392 47
2393 1485 87
1667 696 34
315 628 84
744 1667 65
1874 1553 78
1314 68 28
1455 227 12
884 1006 92
155 86 54
1435 2180 64
1300 126 22
1612 1569 26
527 2170 28
2125 147 42
1770 635 22
1152 1418 64
1509 2554 97
146 1058 60
1789 1528 45
687 1728 47
277 1447 91
1397 1413 87
642 2264 90
1155 789 32
506 1500 93
994 921 52
2351 583 81
522 2109 21
1464 1097 69
655 580 87
1054 1309 50
2785 1371 34
762 930 19
1322 1349 53
2733 89 90
1795 1426 50
2189 1467 71
2594 127 84
1157 1285 44
1645 2639 86
902 1583 100
1283 521 58
1158 1969 22
2803 2228 78
917 1640 42
615 20 100
2723 1076 89
123 2525 57
1639 1632 64
1755 922 50
501 2501 71
286 2584 63
2163 2393 99
1987 1316 24
1567 867 77
1990 457 93
1983 982 45
699 752 78
2526 1912 71
2420 292 99
2566 2423 63
800 491 99
2392 2348 56
1792 553 46
2699 511 67
1956 1332 44
2524 1905 91
1325 1739 90
850 2594 98
1675 2119 22
614 1722 77
1080 1538 76
2329 1232 36
394 1250 56
856 1255 62
1949 607 99
1823 1552 80
861 2505 82
1950 868 16
2779 2399 61
2668 2282 51
972 716 86
84 2281 46
2559 471 90
2053 2335 99
2306 685 67
2609 1531 44
1790 393 64
158 1312 95
361 1512 32
1901 2085 40
851 223 85
706 2582 47
139 1217 82
106 1058 55
61 2074 29
1668 2421 13
31 2629 54
1340 225 15
2747 1424 57
2585 637 51
517 2691 54
668 2749 92
1451 106 14
1520 704 36
2489 1184 64
148 1309 100
667 368 96
1324 2045 35
383 1059 53
2113 1790 74
1063 1058 50
1131 2042 66
1602 658 96
852 2532 65
293 2562 86
1022 671 79
784 2514 94
758 1823 52
516 2093 92
1244 680 45
2172 2420 73
79 1609 63
1327 366 38
1759 2763 44
1106 706 14
257 2316 94
287 1559 16
1494 142 40
2162 325 80
2447 1954 98
1883 2179 38
2253 2491 89
730 2317 90
188 466 34
2014 1801 49
674 1614 77
449 675 13
1813 1946 13
165 1773 40
1852 2341 88
2529 1155 87
537 1168 61
2658 815 62
429 1053 13
212 2259 73
2331 1550 39
429 1462 92
747 2580 63
2103 388 51
109 1684 46
1278 1027 32
256 2329 73
1621 1406 100
901 2338 36
1217 1118 56
2623 1578 93
1198 2750 72
2774 1019 59
1233 2173 90
846 1162 13
1535 1194 51
550 424 77
403 1889 62
1255 643 43
2234 1993 79
1253 1952 82
2581 2225 94
214 1258 23
737 400 73
408 2078 89
1325 2317 65
2410 552 12
766 1911 61
1165 904 69
1386 2435 25
1715 1088 47
2794 559 75
900 543 85
1138 551 26
1024 1822 86
325 1271 84
696 2812 15
2613 2117 68
2714 14 50
1784 2257 90
1076 2606 87
468 1399 37
2219 1678 32
1092 1456 72
1031 1907 82
250 860 88
2301 906 10
911 1760 19
0 2767 63
1222 127 23
477 53 86
693 1608 99
741 505 52
162 289 48
227 2607 26
1411 88 75
479 2815 62
532 95 11
1412 2500 50
1907 1708 60
2729 2601 91
325 648 41
2338 489 85
1024 105 76
718 2306 19
438 613 68
141 1914 16
1404 649 22
2783 1867 76
1205 497 91
1362 1096 64
196 452 28
786 2333 71
2071 251 28
2514 704 93
1291 334 64
1257 1821 62
2011 1122 17
1551 503 83
113 833 65
955 1113 13
2642 1462 12
2459 1486 11
2563 1808 12
416 1191 16
636 2808 17
855 153 12
967 2625 76
1958 812 58
272 1926 11
2611 976 10
142 780 69
73 1368 72
2328 1736 73
2107 2205 100
2480 899 42
350 2812 50
1628 2223 56
1359 2454 84
649 1762 44
176 46 67
1678 242 34
2765 997 24
2109 1076 66
2544 2577 64
1420 388 55
2429 2421 91
1686 1122 63
1492 275 60
1288 2134 50
2073 1064 72
2555 1614 30
2621 995 75
1322 580 94
214 2654 71
1732 1881 39
2559 294 86
2197 2654 11
2348 735 94
2155 2571 52
713 2358 67
778 2091 83
406 1398 95
2083 1600 61
2076 1719 14
2446 1727 20
1836 320 66
2547 2148 60
958 998 82
1584 2523 12
71 1146 52
559 1713 38
961 2217 57
1492 1387 37
1329 2665 52
1869 1705 54
1570 253 91
1911 1763 17
2302 1473 47
452 562 33
1392 2152 32
1537 972 47
776 1598 66
1639 560 34
1815 2053 72
2372 462 83
2722 1669 42
833 2007 52
143 378 77
747 1929 46
2805 944 26
1933 2743 42
585 1035 84
1296 2812 33
2217 961 19
1727 592 49
2677 2374 27
2167 1455 54
2021 1183 76
2779 2755 35
2150 1752 68
1199 1040 42
1293 865 64
928 2371 28
2706 1050 42
2777 2142 11
2320 649 66
2065 2004 54
1391 2714 36
861 1559 25
2515 1773 87
2088 1692 33
2128 1996 55
2753 2031 82
1949 2540 16
1267 2422 32
324 18 35
2344 983 34
1134 1467 59
867 1348 64
57 370 69
1126 28 61
346 289 85
48 118 43
2790 167 57
2246 2332 92
635 2027 21
1669 2468 91
230 1111 14
740 2091 56
1970 2595 73
2782 2286 57
2766 1669 89
2361 1736 18
1672 1000 88
1765 1394 87
829 2695 15
630 2591 77
2043 256 80
983 2064 97
1595 1973 41
1359 2498 62
106 902 10
2704 2416 38
1117 1410 48
308 1687 15
1986 71 39
2607 2006 45
1845 2329 72
2712 1774 76
2799 960 22
2305 1366 22
963 912 61
2389 2197 37
176 1413 53
92 1456 97
2251 2244 29
2306 105 25
852 2462 51
2629 380 22
1886 1809 17
31 746 77
1304 2339 12
888 2570 47
1668 1202 45
123 2293 20
91 932 30
2251 1442 94
1282 1950 17
1068 1969 32
575 1597 28
2655 672 50
307 993 39
2717 618 26
2621 759 21
1765 1914 15
808 443 45
282 1870 48
1919 753 53
1707 360 32
1375 2142 76
1710 45 35
1619 407 66
2531 509 95
1668 2254 78
2754 668 72
678 116 10
2508 1915 92
2461 114 37
1941 1428 58
1467 547 60
100 1281 87
486 462 88
2539 412 96
937 2438 60
271 2184 91
72 355 90
942 86 18
2755 831 75
1408 1244 62
970 2160 34
2219 1917 64
74 2094 88
2513 225 54
2099 2743 12
2644 1991 32
41 2124 42
1406 482 72
904 1370 40
794 1785 74
2035 370 70
763 55 39
1156 133 91
578 426 55
1624 1584 32
2045 65 57
743 383 29
1376 1110 44
2004 1082 36
677 2248 68
2623 1533 98
983 1593 45
1745 1276 28
504 2313 51
321 1519 11
2496 1683 22
590 2551 37
2634 2175 56
1838 1502 72
1629 274 65
1006 1462 19
1906 1261 27
1503 1549 14
1465 2226 49
1860 2204 71
597 2125 98
702 23 75
2757 435 52
842 548 56
654 1598 33
656 1226 91
2294 2770 21
2077 992 70
1025 400 29
1255 945 53
979 82 13
81 1716 49
1280 771 94
1484 1395 28
928 1266 34
342 756 41
2715 1841 20
1164 2773 58
2784 280 31
719 205 17
2467 1034 61
2287 1554 12
1704 411 17
975 2721 57
1077 1015 59
1684 2523 81
2417 902 89
2268 71 65
2395 752 18
2692 2520 87
2569 1353 26
1484 1420 52
2648 2200 98
2800 2026 82
1907 1307 51
1417 2379 21
606 1030 65
1982 1366 23
1783 534 67
1478 2596 79
407 2168 69
1655 428 74
1657 367 46
723 2030 33
798 1496 13
1064 1482 39
1099 1156 73
1895 1970 58
924 135 46
1322 594 22
566 1406 34
2049 855 35
1382 1146 13
953 263 66
1767 2348 70
2316 460 69
379 891 68
1765 2514 50
1193 469 62
1877 1889 75
220 9 29
855 1183 88
1491 2397 69
1088 1391 89
1478 845 76
1322 934 13
427 495 65
184 2388 90
1774 675 76
2373 1269 26
1967 1380 62
1952 839 37
2583 476 89
2132 2452 38
212 1765 46
298 1778 86
53 184 92
1937 2230 28
994 491 71
1577 2782 21
163 1195 91
801 532 57
1836 2066 38
1160 1970 91
136 478 63
113 583 87
1597 510 83
1302 29 34
1619 737 30
107 954 41
294 2602 30
1849 1674 44
1360 257 75
2400 1871 48
2164 1873 43
1850 206 58
605 1736 32
1553 1800 53
2062 1518 27
513 1396 92
285 245 96
60 1307 77
2352 1915 62
322 2605 81
1591 577 23
1542 2791 40
136 154 29
1973 2026 22
317 1783 41
1352 1503 48
960 1462 47
394 73 79
1317 1378 97
2754 222 49
126 1692 32
1912 160 24
1141 465 12
2669 1610 26
333 2102 19
2096 2385 32
1775 1648 88
2322 1696 85
797 2558 11
1745 1341 92
642 1348 47
742 1828 26
1972 1810 69
1609 1088 35
2265 2036 84
1651 1884 92
146 744 98
1664 2470 90
1667 464 87
1927 1172 55
2399 64 84
48 1309 18
594 1467 93
2237 305 83
2260 1052 21
2758 405 26
1190 1388 33
2000 948 39
237 1087 63
2634 2476 88
2263 1887 14
2534 2068 54
2309 1917 21
2231 717 26
1069 1238 27
2757 1885 31
2316 1803 12
1492 1115 92
2169 1829 59
1031 2516 45
672 2658 100
2021 197 76
1019 1291 45
1636 114 30
1697 2580 55
1448 532 63
1215 1679 58
886 2762 38
2350 1261 47
1762 2697 52
1155 697 50
124 1062 85
1686 469 76
1864 2376 61
2170 869 59
1092 1821 39
1476 2099 73
2540 2707 94
35 2462 56
1201 1590 19
399 2234 76
1685 1067 51
209 821 26
1887 413 46
2042 2544 85
2235 1825 98
1685 2476 77
869 690 77
745 787 69
967 2693 20
2345 1079 53
1014 2513 19
1969 541 20
1934 2819 86
1196 359 73
957 2465 17
1860 995 79
1441 2211 21
1180 1722 59
960 2662 50
1887 1428 98
135 813 38
2079 451 23
1221 1525 87
1349 1734 16
2666 606 85
1192 50 62
2214 1108 85
1765 209 29
1834 482 38
1274 845 63
2133 1598 68
1312 2066 77
1630 22 76
2695 1092 35
2822 2114 55
2390 2303 76
744 579 52
1822 2031 46
176 2697 56
2261 1998 81
2106 1267 99
1613 1811 30
1024 2408 50
1480 90 11
1285 1914 76
2666 690 56
522 1972 57
1133 1886 11
2401 1687 44
155 2019 20
2408 1086 89
2796 395 44
430 252 37
2476 827 26
2139 673 19
513 1624 50
268 1075 42
711 1595 78
532 2560 68
918 1832 79
2120 2108 94
2194 1185 74
223 2727 69
1147 1022 43
2615 283 38
2007 1816 63
466 2279 89
937 925 73
2528 108 30
259 748 50
580 2484 74
202 481 30
506 2466 65
749 234 62
62 1407 82
481 2509 70
2435 2422 27
972 1152 78
2495 1933 23
303 299 97
2180 1758 34
492 2069 73
1868 96 38
239 115 82
2081 791 80
1676 904 56
1489 76 73
801 1138 67
768 779 99
2204 1558 34
1374 2053 14
763 663 40
1131 1447 43
1667 416 100
1500 2479 59
212 2477 13
1152 339 66
11 2057 41
868 2746 37
2673 2503 70
693 1410 57
1448 981 85
1024 354 36
355 1378 71
815 2315 79
1830 1147 88
912 405 31
89 793 73
2134 2090 25
1759 2499 45
352 2365 63
1794 434 61
2763 1419 11
2 1190 96
1947 1932 12
1448 1831 84
1330 326 53
1888 1645 34
2274 1017 24
2530 1025 27
2766 2129 83
1969 2515 84
2081 1900 84
1009 223 82
555 60 32
362 348 94
1323 381 96
1919 1288 52
1894 849 74
1279 1388 79
2263 1113 46
2483 2456 79
2704 975 36
1380 2531 29
1567 339 98
1426 563 95
864 2328 100
2670 107 92
850 1063 88
798 2450 71
1532 2296 22
2062 1558 85
1203 1817 92
806 1114 28
708 1444 24
1233 507 92
353 1447 88
2281 1101 77
651 122 25
2103 1632 51
1908 763 16
2173 694 69
1040 1218 27
444 2010 33
2196 2041 89
2541 2414 11
323 1760 82
2751 2100 83
711 2558 54
1219 1083 59
449 91 19
842 2289 100
2147 2748 81
2593 1860 17
2066 166 38
2109 2502 91
2345 2035 77
2212 37 70
2670 1128 40
1560 1865 53
2397 711 67
1755 13 64
2217 2020 26
2121 1164 18
869 1011 65
839 182 28
1805 435 93
2545 2798 67
2716 1730 84
2559 2614 12
1534 2390 44
1217 2558 24
559 2562 66
1364 939 21
2598 726 37
1715 1998 88
2371 2765 91
2687 657 47
1215 1070 42
2719 1129 18
2814 494 25
1912 2139 51
1420 449 34
1087 116 35
2384 2764 91
1678 1204 15
2191 2588 35
1627 2326 100
1013 1406 76
2810 2042 97
709 234 31
1382 2193 96
1796 658 87
2164 2041 38
2717 53 60
643 2206 84
1794 2014 65
1750 1445 37
1379 463 15
528 2091 24
1919 1191 77
770 635 74
1300 1598 62
575 807 16
906 1803 47
1301 1963 78
2810 610 17
1987 1468 30
2741 1287 62
1505 1976 56
767 69 91
762 505 47
1718 1440 13
290 283 93
2309 770 59
497 409 29
498 1479 54
1116 1069 23
1994 2085 99
1797 878 35
1880 1075 61
793 734 97
1539 2542 85
1444 1488 49
1143 2627 46
1654 2172 49
383 1598 20
925 233 80
2014 182 87
2457 1806 15
1563 2508 93
707 2362 33
993 1592 52
796 172 95
331 2773 15
1431 83 89
2172 1377 14
1977 935 50
1275 2058 69
372 2086 37
2375 616 37
1987 1984 21
2668 746 85
1085 2771 10
1712 1379 60
1947 1555 80
979 1805 79
1019 2551 48
307 370 25
2164 625 69
2627 388 70
2246 2065 63
1623 2619 85
1292 2518 90
2300 1214 34
748 268 70
1937 1659 57
1410 91 36
1351 1634 77
1102 580 78
2050 1048 39
34 1476 37
530 1562 14
2317 1846 10
2599 1760 32
1598 1726 14
1944 2275 81
2014 1848 41
658 1557 75
1506 1187 56
1995 2065 11
984 2760 44
1410 1591 38
1522 2249 34
1829 1617 40
1543 17 64
2525 1254 16
2681 2039 94
815 1112 24
1500 838 87
197 2008 39
1893 38 51
748 2645 38
248 2180 66
22 1259 99
2767 920 98
1139 408 44
285 1047 21
769 2296 28
2814 181 55
446 442 74
2365 1636 71
1541 1932 55
1397 1976 78
2542 1116 76
1375 121 17
316 453 48
2425 2820 13
683 1317 77
806 1727 100
1296 966 97
182 1102 70
1613 889 40
60 1082 36
170 879 16
2101 1868 27
458 2448 89
2331 2107 85
1768 126 76
1882 489 67
1466 365 59
1750 668 35
719 221 42
1847 1571 94
896 1119 90
1969 2733 99
39 1674 59
1929 2113 84
1849 1384 14
1184 1045 91
701 2596 94
2652 2114 68
2540 1143 14
1897 2774 63
2215 547 11
2479 348 16
1236 644 96
822 2534 56
591 7 56
2282 2533 22
2190 354 25
1377 2657 53
368 1754 64
1228 961 77
1556 1295 55
1575 2495 82
978 2689 99
2620 1551 62
2744 1945 22
1274 2459 81
1514 637 73
1421 2804 80
533 2722 55
764 2009 74
537 2663 84
78 385 72
2729 2009 29
374 505 94
1950 2711 88
2749 492 73
595 541 63
2277 256 58
2607 2355 92
1353 995 46
543 1592 51
1648 579 98
739 2397 57
2494 752 70
2371 156 46
1559 117 30
2493 1419 70
1788 452 33
1383 891 67
222 661 14
2397 2423 77
1640 1393 20
40 1153 68
1093 585 90
1520 1484 96
1277 2010 18
2004 1090 70
199 1095 37
2199 1284 37
1469 2740 41
2232 1901 55
127 1437 98
293 1323 59
2355 610 18
23 2449 75
165 1666 84
211 2421 15
2280 1680 59
2319 2579 48
808 1938 76
1793 1407 20
1645 229 48
2029 1465 39
2218 798 81
1613 1317 55
1390 1569 93
190 1404 23
2214 798 35
1771 782 46
2263 1989 66
1065 1731 37
798 963 28
365 1708 80
557 867 12
2015 990 37
2789 217 78
1493 1955 47
2379 924 19
154 2348 55
1430 2215 95
467 455 74
487 653 88
696 179 73
1490 1986 79
513 1526 69
1992 215 70
1340 872 52
420 2358 68
1405 1795 66
678 1012 40
2579 607 62
2629 1413 89
2034 554 36
626 759 40
1589 1803 10
665 1832 54
641 2010 71
1484 1982 87
1390 358 71
2225 1121 17
883 859 84
1833 470 78
297 1095 80
2734 798 96
2263 1855 73
2224 1830 44
2273 1108 71
2514 2634 74
1659 1418 60
481 596 10
2572 598 68
68 2244 57
135 1825 36
474 2480 100
215 985 95
1926 1413 80
197 3 100
1215 1958 76
165 604 16
958 358 81
1807 1297 47
1751 292 40
2412 1455 83
678 712 56
947 2700 60
2124 452 24
577 807 54
1017 2605 47
2631 1456 67
1352 1755 70
2118 1460 94
1732 2412 30
2446 2071 48
2754 1734 38
2480 827 38
2059 2141 78
1492 1005 61
2107 1483 78
1636 793 10
80 2608 39
2313 2339 47
774 2121 42
571 2307 32
2818 550 78
1689 2000 46
338 2147 81
884 1984 84
2740 2416 13
1651 1136 20
483 1443 37
2109 815 37
1723 2007 14
1515 2702 58
2521 737 18
876 2116 22
1277 2171 50
600 2066 82
395 1178 29
2402 211 78
2527 1642 19
2674 2348 24
826 2319 78
1479 2332 35
2119 1708 76
2297 175 95
2169 1112 35
1181 323 68
471 163 93
2228 2613 92
1842 2366 16
1078 191 11
531 2130 34
739 1577 56
1843 250 87
1730 2584 52
2469 1233 66
1202 561 94
590 2346 19
2033 2796 25
770 467 69
1952 2172 49
1775 2615 30
1267 92 83
1080 968 73
1181 346 22
367 227 36
2433 2782 95
712 2712 28
1006 1234 55
1382 1868 57
1882 2139 26
2552 2290 81
263 1951 83
355 935 72
2473 2251 86
1283 2032 80
529 235 95
1183 374 56
1248 1019 43
656 928 26
115 1395 76
2818 177 96
2726 1714 88
412 196 63
1452 2719 81
1265 2013 92
1623 2424 73
303 2188 31
2339 1235 99
258 1242 41
1107 1102 94
2372 245 85
976 1103 90
1640 985 82
1388 814 46
2663 1705 22
166 2220 50
2305 1031 29
1437 480 87
1387 1520 43
2491 639 88
2669 2414 83
981 464 74
2142 2068 84
1998 565 25
2652 321 40
670 2692 72
696 2576 16
486 1832 67
2502 854 97
1695 878 80
285 2758 43
325 2735 84
60 715 72
253 1146 25
1158 1943 59
2523 1867 19
1773 2280 39
452 1328 94
1728 2063 52
1291 144 77
2168 119 61
2422 2451 64
1624 529 53
1979 46 23
869 1482 41
1750 2575 56
2812 35 76
1803 2401 21
1110 2474 25
2204 676 32
1979 634 42
1407 848 33
525 2782 72
945 2276 86
2595 225 54
156 2745 61
1981 1779 19
102 1157 51
265 2465 31
1016 1492 25
1915 2618 58
642 342 53
2257 1493 58
2251 1545 41
228 1041 27
2645 1482 68
1682 579 97
2052 1512 12
2199 1856 92
673 654 44
1366 1236 77
2717 1814 59
712 675 78
1562 1378 63
752 2031 24
1282 1153 79
2196 1860 61
1328 2722 71
1294 2479 63
1782 1238 88
1179 300 16
2488 1296 61
395 737 43
1914 2599 39
2275 1666 25
1833 2591 91
440 804 43
889 1024 31
861 1121 10
2007 523 71
979 883 98
2676 735 75
71 944 90
1057 2289 62
2500 595 29
2298 326 90
2062 137 41
165 211 37
2508 285 86
1944 1459 36
1744 631 55
472 2111 68
351 841 73
341 660 93
2712 1648 62
1749 266 81
1586 225 22
2045 753 88
2222 903 30
2025 1330 55
2064 1246 62
1845 1404 94
1023 77 84
158 67 71
2465 1337 60
1065 928 87
1414 2329 38
262 1613 89
1521 635 57
849 2440 79
2530 702 99
2392 1748 68
706 641 18
2517 876 40
502 1587 54
1658 474 80
2383 651 15
2251 115 92
1416 469 16
1838 795 26
2346 1576 46
2727 1973 17
1090 70 53
947 2682 27
2267 867 84
1976 1504 81
2360 1053 70
595 2434 67
1479 2195 74
2633 63 96
2046 415 89
1389 1408 49
1766 1344 78
2426 2452 52
368 108 39
1245 1832 97
410 144 16
760 1591 81
1947 961 76
2239 364 72
2456 2518 36
2125 762 94
546 1487 56
2656 618 98
809 821 54
1257 2449 18
984 67 79
1382 1979 34
1704 1914 55
1174 1532 27
1866 1658 51
1511 321 35
2120 2142 54
55 236 77
2729 2258 96
1429 1818 26
2380 1858 46
2085 425 13
1498 668 62
2699 2664 47
350 1031 49
1690 599 18
2566 2219 51
2690 2255 40
890 1956 69
831 1413 19
2550 68 19
289 796 25
1628 2584 51
1468 2473 99
2558 707 54
1971 1480 79
1998 2044 41
2587 94 39
1877 113 47
311 2790 48
346 2008 29
1776 1627 50
1421 2525 35
2438 876 79
1983 146 34
578 1577 34
555 1121 47
827 1435 50
1438 252 56
1259 1554 42
1706 1654 17
2592 1552 100
2413 1499 37
1004 649 64
1420 1343 74
1939 2787 65
32 2067 69
2028 1458 43
2817 505 98
1733 2157 66
1996 1816 44
780 1821 25
1205 277 49
1863 1107 19
1558 2269 38
1413 300 43
2457 2471 24
2258 2685 93
1478 2523 72
2545 430 14
2059 1041 99
1710 924 59
1492 12 70
1200 1869 42
2519 2806 43
834 2822 86
1718 2034 66
234 2297 14
1324 2593 21
978 553 29
2516 1077 11
1049 1581 61
985 1037 66
810 2438 37
20 1812 64
710 640 37
572 1912 12
1488 646 25
136 2602 78
1636 1843 43
2750 1008 84
2417 1831 16
1474 1100 18
822 1432 48
2069 1666 43
1352 2820 36
1510 1985 26
2538 1869 72
1800 2510 39
1826 1470 81
2553 1129 77
1498 1193 94
2313 1471 58
2136 577 35
2053 646 71
2248 1534 35
2410 1507 24
2268 1368 57
1851 417 13
1013 4 59
1221 557 17
1150 68 48
703 174 98
2756 1499 89
491 2741 51
2167 392 76
993 2092 99
620 398 46
1847 1779 49
802 1396 19
1699 1349 82
2197 2437 57
2801 2056 79
661 2020 21
306 443 99
2477 49 20
1245 2432 95
781 698 75
2208 2713 28
613 1198 92
1695 385 62
1660 2568 42
52 699 79
1579 2268 68
2574 1866 26
2297 1863 61
2114 320 57
1425 1687 31
900 720 32
1539 1398 21
1928 1398 42
814 1648 24
1959 500 72
1077 1984 12
1151 155 68
2244 2097 16
2689 522 67
1460 2524 48
1981 492 86
115 978 30
466 2635 74
2607 44 88
2385 700 11
1610 2192 27
1298 697 17
191 91 24
1263 1534 12
662 2592 88
893 1800 35
2195 1939 60
2677 1528 12
2473 807 87
1799 2605 12
2035 627 53
663 356 50
203 1203 75
74 1710 95
363 1545 31
1696 2573 50
1341 2333 20
583 1019 38
2807 211 92
823 1936 90
2190 715 36
2653 574 90
550 2280 42
2130 1704 71
2560 245 38
1190 446 70
971 850 22
988 56 45
2753 414 33
428 1284 30
206 2481 59
51 1924 35
998 2530 29
235 2059 84
2048 1319 59
370 1247 93
1824 2652 52
1067 1156 86
2799 1825 69
450 2704 61
1596 2333 72
811 706 39
1893 1587 28
2354 1076 88
2258 171 76
932 1575 83
738 1220 51
156 1794 55
568 1328 49
1293 231 52
1223 2415 88
2668 2078 29
206 2091 74
1818 1874 50
2744 2532 74
789 2462 88
1955 1156 45
1562 168 26
1067 2561 56
785 2467 28
2377 2630 55
2314 1366 60
2685 922 52
1599 2622 54
590 631 43
2356 1039 68
1227 2000 96
2191 1446 11
319 1982 95
1336 1781 50
2499 2253 43
1201 1480 60
1646 1171 40
397 1194 74
25 862 29
498 2243 37
1558 348 53
8 1344 43
2077 1675 72
1313 1422 34
17 2436 42
1918 201 92
2684 2572 51
1734 1945 73
795 2261 78
1284 564 12
2048 1235 80
504 1900 95
2435 531 19
1613 2583 56
1467 2218 77
588 2042 93
1970 940 94
1443 1392 83
728 2615 23
2413 2394 37
2597 2600 96
2601 1772 76
1143 1496 98
1934 1825 48
691 246 39
1408 1405 50
2388 1531 52
1669 406 66
697 1259 20
714 619 86
730 1789 59
1571 1179 80
998 1850 62
1502 1237 47
976 1670 89
2502 294 23
2047 962 25
1981 1804 68
685 102 18
363 2305 66
55 67 86
1761 1032 68
2570 920 93
2424 727 27
431 112 17
374 910 89
792 1832 65
2723 2606 80
385 534 33
1092 1576 67
606 2272 49
193 939 91
2662 1276 91
1805 93 14
2514 2726 35
512 539 77
2583 2218 70
155 2657 20
760 361 74
2061 1660 30
52 2642 26
1317 349 46
940 700 58
1833 2636 74
622 2591 97
1795 1325 31
1367 1595 67
245 2582 17
1758 2674 84
72 1718 34
2480 2195 11
991 1286 68
1550 1565 93
704 766 47
2459 2663 93
2592 2771 78
1609 1588 79
37 2329 46
2424 133 90
1054 140 92
336 755 65
1420 416 59
334 167 36
16 2322 86
388 700 87
2795 464 31
2766 2073 16
559 1904 96
1864 2145 44
1834 77 77
2245 2183 74
694 987 43
514 1000 76
1551 1710 24
29 207 99
1613 1394 28
1704 2492 25
1934 1511 39
2707 2498 92
2254 1623 37
2552 620 49
1192 719 20
1238 756 71
354 1786 18
13 710 66
1979 2682 99
727 2468 84
2561 2064 68
1154 805 78
197 1556 45
146 2759 76
2695 2228 39
1396 202 10
723 334 93
798 647 16
1900 2509 41
1442 748 10
1286 1441 14
1505 2109 74
2780 258 37
906 647 32
2772 1613 93
1699 2433 54
216 641 26
1549 2797 35
1362 2767 96
326 2534 18
251 1475 96
644 870 73
1524 193 30
877 1022 73
1626 1448 67
2753 1414 69
1785 2340 100
1708 732 50
1205 1485 23
1278 203 30
773 149 57
1713 942 41
2223 910 79
2007 447 36
804 1129 54
648 2791 68
1982 826 94
2192 364 28
2674 1412 49
1405 2492 39
1015 613 90
1076 1932 45
1421 1496 20
2676 1170 76
485 1749 28
2088 636 39
457 1719 27
104 2343 75
1015 2625 41
2499 2348 29
1002 2337 72
41 782 47
1918 1660 48
250 2399 22
2322 991 41
1260 458 78
1374 420 69
2317 1034 32
1377 1251 27
1513 1849 82
2555 2809 42
2106 2312 13
2293 369 70
1463 2274 95
884 217 65
1313 432 56
251 1203 29
1684 135 86
1759 2164 40
250 449 39
2109 2241 62
1009 2294 88
90 503 94
2441 2697 24
1575 927 56
1475 2154 10
1133 1160 36
322 722 15
206 1779 31
472 278 23
2722 875 99
1136 696 32
1550 1452 61
1339 387 18
1808 1466 40
405 464 76
2388 1213 91
630 1059 96
268 899 94
2399 1327 14
1850 155 76
827 267 54
230 1214 49
1957 1412 12
144 2247 84
272 1013 93
2057 1827 23
1190 637 80
1299 731 61
1449 586 21
1806 729 75
2500 382 33
645 2299 72
298 1068 15
1074 880 20
1516 1990 69
1699 1439 22
1823 1858 57
696 2496 92
1341 1419 31
1222 2484 91
1793 188 96
674 585 44
698 331 69
1112 577 68
1274 2294 41
1304 472 68
2430 1916 76
901 2701 28
203 819 24
10 967 68
2521 1049 33
1583 2205 22
107 1289 11
1865 519 86
1713 2372 72
2515 64 59
1414 589 21
412 53 64
2109 818 13
1032 1523 71
1946 107 50
2756 653 60
1027 2193 66
958 2778 44
1088 1790 45
1306 2495 94
2369 744 56
198 1325 96
883 35 86
1589 2115 41
1542 2320 84
2527 1967 69
1117 1423 84
405 2000 85
729 2387 12
206 2160 83
2645 258 12
403 797 25
2760 1161 58
2398 2070 64
1714 925 12
98 1765 61
1708 746 97
1073 970 78
2747 1951 79
2181 1600 37
768 1234 56
610 1405 80
424 2596 43
389 2142 41
1335 1079 56
623 155 73
2222 2422 91
1878 2383 77
1037 13 60
1962 1442 73
550 2480 15
1640 1693 62
667 857 22
365 784 72
2178 1736 82
2384 132 19
1955 1748 35
1405 2680 40
691 297 31
41 343 99
2142 1489 36
2054 2604 10
2653 1384 48
2186 1938 36
2453 2670 73
137 1391 47
183 2400 55
2438 788 37
2465 269 18
2069 828 58
1790 230 72
1029 2657 88
1119 2065 45
2412 2557 44
1147 1047 91
2266 2810 68
249 1483 50
2450 555 60
766 2745 87
1525 1832 74
1314 2723 37
1470 2587 43
164 63 97
2538 504 79
2497 2489 87
1305 2247 92
631 1410 83
2685 751 74
1678 2072 83
746 1170 50
243 1237 88
2294 657 92
2423 1470 43
2388 772 98
1082 1221 20
378 2662 16
370 1201 55
451 208 61
413 1281 26
1017 2436 25
2181 590 52
655 1231 44
971 918 64
1955 2342 57
1450 662 52
814 2199 94
1024 446 27
2460 1433 65
380 257 39
437 234 76
433 2004 22
985 1818 93
1688 1512 99
1414 1551 28
2496 2436 67
144 1510 73
626 810 55
2682 408 91
975 2534 81
415 963 98
1881 671 99
18 306 20
378 2706 74
608 1653 46
2813 1009 91
839 386 99
122 2734 22
1248 1686 100
2781 2153 20
720 2448 39
2037 1177 52
1766 1780 49
1593 894 16
1304 683 28
919 795 28
787 1885 69
2797 2796 69
2404 1294 12
914 2525 85
2661 2697 40
1317 2340 81
2236 889 29
1119 1411 53
1078 1909 99
862 1327 92
1169 1084 39
1482 1763 83
982 967 33
1059 1508 51
2340 347 28
2042 514 85
2801 874 96
1355 1056 45
1294 2074 73
1040 2242 66
2672 210 32
2221 1878 87
670 1026 32
2667 2576 42
2117 2768 84
652 2275 71
737 582 78
2746 1488 26
1205 286 57
175 540 100
56 1194 37
621 158 85
2037 944 15
309 2185 60
256 2709 50
1366 832 21
2147 1023 83
755 346 64
2681 2290 73
898 1245 33
1813 1153 63
216 1996 29
2787 1482 82
2203 2111 86
920 1337 31
622 698 34
2386 61 67
2263 2761 94
964 1722 14
575 2243 31
351 1802 48
662 1479 17
451 2080 38
396 348 77
214 1715 49
810 2751 38
2561 1373 35
1249 1536 81
113 2519 80
252 2517 29
2573 2722 30
521 198 63
830 1688 12
1326 2805 63
2557 2190 10
1973 1088 46
1142 1811 63
1932 439 79
576 1491 92
513 609 26
73 196 76
2425 1195 15
1784 714 46
2257 1693 75
2194 377 19
964 436 35
1440 92 88
36 2480 45
65 110 31
536 1422 35
1034 1281 24
131 500 40
2270 325 42
1493 2062 37
367 2621 57
1064 341 84
2431 2246 64
1558 1641 77
2494 2801 42
1334 477 85
70 120 27
1320 1717 48
479 675 71
2565 2601 82
1552 2203 99
494 2166 30
1059 1920 56
242 274 20
1718 1525 86
2689 920 41
2080 1283 60
865 333 49
1519 1621 47
1627 843 73
2396 2758 43
2194 1563 54
169 1160 89
2655 1182 61
2735 163 26
534 2167 57
2685 2093 43
1662 1417 82
2713 1974 30
1165 1473 54
1872 1134 47
2365 2326 36
1249 1862 83
2422 871 81
2745 2695 61
2811 2732 44
128 1940 69
734 7 95
415 1564 29
443 502 80
2351 129 89
572 1272 79
652 645 80
69 380 76
972 2157 28
2447 1142 32
2781 833 58
1015 171 98
237 1197 100
1913 1545 55
717 2763 52
829 2275 82
1188 379 50
1035 945 61
1251 1552 35
1343 275 50
919 744 73
533 437 74
743 2234 93
793 1397 30
1364 2745 93
1033 2717 85
2363 447 43
270 1693 75
2167 1574 60
2593 168 69
556 2524 46
1236 2614 78
1162 1680 55
2409 2246 86
1101 872 80
1598 649 57
113 2554 17
915 2070 30
2204 438 50
1187 1351 96
1020 2349 95
598 176 61
1593 1128 70
317 2671 77
1912 947 68
2709 2633 46
1251 146 99
2027 1451 84
2145 378 89
1967 7 21
589 1513 22
860 2350 90
994 2154 15
92 2044 13
152 1909 96
1947 2275 52
2272 817 39
2374 1217 47
970 1492 14
15 396 71
384 79 10
25 777 35
2542 2445 41
621 180 51
2636 2203 55
2349 1558 59
2284 1631 82
1271 2289 78
2508 1641 89
960 871 59
1515 1377 30
2798 330 19
338 1277 84
2295 139 47
875 2545 91
1443 400 32
1419 680 85
228 2357 81
2214 2488 81
1922 1752 32
702 975 56
2169 942 15
2804 1046 39
1943 273 64
1332 2246 66
2308 2236 36
2064 1518 34
1615 1976 91
1991 2811 61
1540 1008 72
2071 1269 15
847 303 94
2150 1463 16
1941 1149 92
1659 323 26
138 2819 28
1343 2456 76
339 863 92
1360 2506 33
453 650 40
992 116 84
1498 2732 97
121 891 47
738 1529 87
470 2691 21
1516 364 77
1116 342 40
1768 1225 97
1344 986 37
2336 997 51
814 1602 89
2521 1791 70
2198 1872 78
921 907 16
203 1264 70
1614 340 58
1791 452 73
1468 362 21
2457 593 76
1461 1585 35
1704 384 37
2683 608 49
822 264 91
2458 1837 94
1225 2685 51
2231 963 46
795 2013 14
2651 848 79
859 2478 18
2021 1106 23
391 1626 18
2430 1724 24
1544 357 30
2172 2550 50
2786 121 25
2102 697 97
2734 2636 92
1464 2411 86
112 170 94
921 2590 36
1490 646 51
1869 1232 40
1409 1858 90
1512 1496 47
111 1581 48
599 380 45
891 1395 80
1859 55 35
1549 669 99
1532 1774 38
652 2453 12
1603 1721 89
426 2541 96
512 2552 89
801 793 49
24 2290 18
1788 244 19
2044 2582 79
1498 2089 12
2075 362 47
2434 981 42
342 1891 40
2715 2366 81
809 1039 16
1628 1160 53
2140 2524 27
2249 1523 11
1042 15 35
2068 2702 33
2692 1741 78
2004 289 15
2294 505 75
1976 1447 93
629 1486 95
57 1066 23
1119 2117 75
1186 1691 87
1002 797 96
667 803 80
76 1937 50
2464 2422 46
2491 2332 53
1405 1847 59
2444 2712 29
268 2199 23
2325 1771 37
1272 2802 91
1257 1827 84
19 2767 17
414 1023 35
1446 2678 62
2348 1743 45
1226 2050 23
1652 87 68
2510 1209 67
150 1036 85
1333 1995 78
1443 412 99
1553 2597 64
1015 886 81
487 1202 19
401 2728 66
1828 1184 65
2540 2429 95
1388 167 42
2722 2315 28
928 897 86
1750 1774 82
2682 639 30
1573 143 17
1030 1500 37
2680 129 73
1658 2058 18
338 1652 63
2455 1739 20
2091 938 99
188 1090 64
1908 31 43
1820 743 40
1914 1787 21
1851 2441 26
2478 1268 20
1021 437 65
1252 2482 18
1623 2694 50
1464 49 88
374 2597 32
687 968 25
168 542 53
2746 1850 89
1254 2080 90
2049 2015 21
1211 468 68
1047 457 95
1470 1701 89
479 2299 61
2254 2062 87
1670 944 50
1222 2407 23
1989 1991 35
355 2588 21
893 106 86
2149 102 92
346 932 18
2411 1630 50
1980 483 77
2568 2514 55
682 1424 35
1288 519 52
2787 1201 65
2674 865 47
2293 798 75
297 2178 87
2532 1361 74
920 1855 98
2428 1943 49
904 2186 64
115 821 70
1737 1318 22
1049 274 20
1705 2420 68
1242 936 56
2482 2363 57
278 867 21
1578 1122 69
1837 968 12
1756 2438 26
2170 2365 15
323 751 72
2375 243 91
1166 584 85
78 1588 57
1252 2543 44
752 1775 98
209 2399 66
1827 2091 61
522 2149 25
1436 1810 98
892 70 65
1218 1586 45
2471 2458 12
737 123 31
1581 2030 65
29 721 14
1436 1273 59
339 2074 46
604 657 42
2087 1695 78
1503 1126 15
2146 868 47
894 2474 45
91 378 77
2658 89 17
1845 2646 60
2082 2102 15
1811 328 66
250 2324 74
401 342 71
2175 2303 82
1819 1595 28
976 2818 44
2011 78 81
2816 733 88
2804 2294 14
1321 658 70
787 2526 27
409 19 29
1799 386 18
322 957 89
2768 2502 62
1408 1078 30
2031 2668 33
1762 1260 76
1240 913 10
736 142 63
216 1772 63
258 2470 89
2564 2487 60
1762 1906 34
1611 1196 49
644 2670 27
526 1886 96
1257 47 30
2184 572 54
2425 44 73
2046 2612 36
1980 878 44
2573 2801 90
1287 1638 58
2371 488 23
949 1429 35
1599 760 20
2049 349 61
942 2483 39
2561 450 23
1752 939 31
1963 1163 56
825 1783 62
596 2730 76
509 1818 38
2503 2114 29
2478 1700 92
2415 301 32
211 1106 11
1838 893 66
2677 895 90
1310 2217 96
1529 2211 34
1632 111 30
1669 1670 43
2773 1099 33
1704 2430 62
2166 1112 24
1490 1264 75
938 1466 81
2369 1879 88
2203 570 79
1467 1692 74
1931 1114 33
2649 932 80
2355 1585 12
1141 146 70
1647 107 64
19 2541 61
2533 156 25
201 1595 81
1500 2387 91
1635 474 10
521 373 71
1957 2481 38
2475 1066 19
2584 2520 75
995 766 85
205 2302 40
2354 1156 29
2679 597 28
750 1462 58
275 902 90
2077 1250 31
1402 1142 89
1785 318 28
330 1396 92
2303 1852 76
2366 2261 84
2089 1793 83
66 2480 84
2209 1393 63
1928 1365 58
1864 1176 19
934 41 20
115 1407 15
2735 2471 20
2275 2388 40
2766 351 34
2765 1547 30
2023 2419 64
1432 1975 38
2191 2369 45
2742 2367 98
645 2745 98
1313 2147 13
1440 2374 87
825 1163 60
2111 2703 27
1849 2617 63
1824 1630 89
234 2233 41
7 507 97
2695 881 58
1857 2607 31
1177 788 14
1459 85 90
1730 415 18
2697 76 59
1508 1356 84
363 842 67
1270 2655 52
2679 281 91
254 2240 60
2049 2657 62
2209 1611 60
1856 2480 26
2763 45 74
2817 1509 53
1510 2102 47
866 364 36
2339 206 64
812 261 56
1827 1179 69
159 61 51
2668 1054 54
1887 2284 34
1097 1051 40
2576 2595 66
1892 1722 79
425 1214 92
416 2347 70
855 221 78
1050 1893 29
2475 2030 10
1605 1393 64
1190 2286 30
2821 2808 65
69 1425 21
224 759 94
2140 2204 75
1702 2244 43
2240 1520 69
306 1673 19
518 2117 69
1025 392 78
1236 386 79
685 1010 35
1276 930 62
646 644 13
2245 1271 99
2346 1138 71
1548 1049 22
2082 2756 48
1645 2594 18
1883 429 44
1950 1152 30
950 892 91
380 309 83
1323 1535 40
2059 1377 54
2749 557 72
2575 144 75
867 838 72
835 2112 65
2285 1128 65
226 1291 37
1243 2336 76
1972 1290 36
2316 1577 63
613 1271 30
1628 1691 59
2330 2191 98
351 1078 34
2688 897 30
2553 92 49
2560 1083 38
2530 2238 73
2753 1289 39
2513 2010 82
55 1632 82
259 327 13
1239 905 69
2096 252 81
1828 763 51
759 2306 66
1297 1956 54
1478 1445 21
283 2037 72
345 2069 59
1733 1823 17
2694 2392 68
2137 554 77
33 1465 59
1537 1742 83
2478 1680 69
823 371 42
2238 172 36
1809 887 75
215 2726 19
2054 2745 98
2311 1469 71
2025 1861 56
1932 2133 66
1607 2593 28
2768 234 96
2226 2117 33
1623 484 16
2404 2252 98
1911 1020 64
201 824 86
2581 787 63
220 1885 98
1709 1244 65
1560 832 16
1472 100 85
1920 1520 84
2461 56 24
1808 2130 25
2193 1528 56
2524 2316 30
2467 497 40
32 2272 35
1789 2814 30
241 146 88
1113 2505 25
2318 1454 75
1498 2294 27
1425 257 28
1600 1161 50
832 2139 16
1530 2723 88
1629 1204 90
159 1152 87
948 170 96
2547 2695 46
2797 1273 91
697 594 100
2392 1968 74
755 1108 38
1358 2277 100
1871 342 60
782 154 35
2523 2005 58
255 2310 96
56 1710 91
1114 218 57
2394 1173 77
2756 2694 71
1366 2690 62
1601 219 62
1125 1941 94
2208 1271 53
53 2342 34
1707 1863 32
2417 2353 18
796 845 36
388 2218 33
2564 129 22
754 654 15
2372 1523 74
681 548 46
925 1478 32
2057 2182 62
1247 366 39
954 2685 32
1865 2116 64
2730 2135 15
1989 793 76
1256 111 69
1404 2073 66
1967 2303 69
1162 1536 87
1232 838 18
1970 441 56
799 521 38
1845 2432 14
1782 184 94
2234 938 33
2651 1797 64
1346 1596 41
2818 230 61
1126 960 26
2501 504 15
29 1983 28
1606 2205 90
50 1678 23
1570 1354 85
2168 2097 43
2019 2243 69
2358 0 35
87 2452 36
2031 1921 85
581 1297 96
1827 1414 28
2645 413 73
1203 25 82
1589 147 61
1853 1175 29
807 670 41
1402 1631 38
1152 1998 40
1717 1398 60
1078 1221 89
2340 2555 40
2652 2820 72
901 714 55
1500 752 55
1141 2374 61
2811 162 72
643 1038 36
1906 2350 67
395 2615 49
1425 1595 29
2319 1809 17
125 2366 17
2119 2131 72
1638 739 55
2723 1439 78
632 2593 21
147 2814 73
1169 1690 44
989 1910 94
369 1039 40
633 1106 39
1091 1011 19
1929 2657 23
2617 520 55
1380 656 54
2720 281 52
1518 2361 45
895 1905 100
2377 108 94
1037 750 29
696 2534 29
227 1412 89
1592 679 70
2138 1893 55
292 1387 18
2697 748 24
121 2472 77
446 1546 38
267 2277 43
2422 1604 82
2217 816 11
2278 1660 20
2640 2382 10
712 1763 27
1880 2559 99
2057 2268 14
1634 687 76
428 1028 59
632 1679 31
1844 1152 47
1682 2374 31
2371 447 53
1152 2773 16
104 516 44
1062 1981 35
2356 1620 65
2450 778 64
906 262 64
287 1268 92
2319 1356 39
752 1675 90
2616 184 61
787 2104 11
2499 1774 79
651 823 70
5 1412 73
1043 35 35
1349 986 62
2397 2000 66
1696 2182 29
1931 744 18
2129 1719 49
1528 291 41
277 649 26
547 2668 70
2666 2286 97
1997 871 42
1358 2393 24
1164 2494 49
1674 1134 49
2130 1450 13
451 901 62
2039 1729 31
1583 2126 87
469 2695 46
2308 2395 100
567 1697 35
1964 2158 28
1890 1750 32
2819 127 48
1910 1667 26
1462 2503 42
519 174 84
236 161 89
2131 320 88
5 865 79
161 2143 87
831 1356 11
2169 2672 85
1036 1425 88
2332 288 35
1183 1620 63
646 1777 52
1221 2253 90
1185 1216 27
1982 1483 90
599 2529 86
1535 358 60
1806 67 46
409 1635 37
344 321 14
2794 2490 80
890 286 77
1666 2787 10
38 2183 52
1843 2649 32
84 974 51
287 1070 62
2155 1111 96
997 741 68
411 470 48
1608 2013 34
1310 1399 66
438 363 17
175 103 68
883 2084 25
2593 2045 93
2580 1795 29
2493 2649 20
105 1525 27
1426 1198 21
916 1286 92
2223 654 84
412 1335 24
508 724 62
1468 2233 20
1587 1910 84
20 1534 87
315 1658 36
1729 1670 14
687 842 96
1723 510 61
2135 730 24
907 1658 75
1774 1197 51
2652 2238 10
1213 1663 41
188 583 12
2159 8 51
533 2360 60
640 679 68
892 1153 83
569 212 41
465 931 71
2182 2026 93
2010 1739 75
2811 2605 25
2648 1090 50
195 115 54
55 1418 28
659 1332 38
1633 615 65
2404 206 86
1702 1880 49
2445 1729 11
1969 1528 36
511 1445 13
1248 488 58
858 61 89
1128 578 97
2750 724 81
1364 1403 100
2062 2413 67
321 2144 17
706 889 16
876 1159 69
1134 629 47
2094 1673 52
1386 648 18
633 1678 82
1833 1067 10
1034 26 77
2716 888 25
484 874 38
898 2266 25
1254 2751 64
1039 902 68
47 1115 89
2003 2650 62
1109 1007 92
1315 995 65
302 2116 64
93 382 60
1686 1438 88
1473 1602 84
580 979 19
677 1343 24
2457 2546 54
2450 745 65
1411 447 81
522 390 74
509 160 41
1767 2781 24
2262 1118 68
1100 1305 99
682 1470 61
1551 1651 99
576 83 94
2016 137 86
2791 1753 44
84 2645 40
1028 1775 42
2348 793 95
720 179 15
2615 2150 26
1911 2474 58
1885 37 12
233 524 13
65 2123 78
1489 2183 15
1956 2394 15
1296 141 44
1877 1031 70
1530 2809 19
1038 1506 93
1363 1996 68
763 236 74
299 1417 93
2058 257 85
2691 1730 88
344 1994 34
2364 1131 93
154 2313 98
583 349 29
2669 2721 54
381 525 90
2707 715 36
2028 1635 29
1017 2102 42
2029 460 86
2332 2352 13
2562 901 45
99 1766 46
1737 69 66
854 913 87
413 458 46
461 501 40
2798 427 43
1344 2232 42
836 1769 56
2480 2798 32
2767 2311 33
1286 1661 81
1798 506 48
1674 678 36
2576 1862 68
2512 2332 67
1772 1756 45
220 2453 37
302 2093 26
356 344 79
575 2081 73
222 505 71
1785 1941 65
150 645 88
2330 1836 82
148 156 47
1880 603 64
2499 2270 44
1805 737 89
1102 1147 26
1486 2080 21
2414 1416 42
1779 1576 60
1053 1129 37
1118 1760 11
616 652 80
1162 895 97
1449 1929 87
767 1897 20
1328 1079 92
2676 271 67
691 240 17
2017 1332 16
2095 1787 49
1486 2288 16
832 2707 31
709 41 45
1523 941 26
1233 1169 98
2457 1340 85
380 1928 84
488 616 35
875 2011 38
1319 1157 65
569 2301 77
864 1941 10
1140 2761 58
1718 2105 39
15 2040 63
657 1722 55
900 2709 46
46 2258 16
417 2208 67
1810 397 74
2720 1586 16
152 1427 74
49 2221 77
1668 2195 81
2750 708 31
1157 1873 14
455 456 63
679 840 76
1576 2401 93
2125 2032 18
727 2483 85
1574 493 75
2488 982 56
1463 774 100
179 509 31
2721 224 77
2577 767 63
218 1994 50
1752 1212 51
2402 453 51
24 1191 52
1255 1672 86
508 962 85
419 1811 76
2539 0 63
2483 2067 43
714 1573 97
1539 778 17
2466 354 44
2059 1165 31
750 2494 21
1179 41 45
2650 1219 63
617 175 22
1765 2382 94
946 75 59
1556 2547 77
2623 2100 31
1979 873 35
1290 1170 74
2732 627 100
1116 434 56
1322 889 19
2808 1820 27
2056 2541 13
2247 2046 51
673 202 23
1274 1805 68
1922 796 81
1191 292 31
1105 1517 69
727 608 96
573 844 44
1217 627 25
489 698 80
1411 994 10
2088 1734 93
2473 2621 60
2473 2045 54
1361 624 88
2147 1689 89
2622 2272 75
2672 1150 29
773 2087 21
973 1082 25
2728 191 60
186 319 74
2744 1340 15
2787 893 45
1818 78 93
1440 1207 37
2482 1714 51
1959 286 79
1702 1062 68
2285 831 93
389 218 90
366 1746 53
13 1249 81
663 2590 89
2144 608 80
1996 975 49
2017 2686 15
2353 1239 10
774 1295 62
1133 1814 45
878 2165 51
1706 941 72
1689 2732 54
1505 1462 44
245 2463 35
1835 2106 73
1928 2735 17
2368 1364 63
665 2816 59
901 589 21
2569 1704 71
643 499 72
292 7 18
2504 265 41
2036 662 67
1271 1927 30
451 1755 21
78 1300 74
1154 1394 100
2011 841 27
1673 497 85
987 2432 71
923 1529 64
1004 2323 10
1338 1066 51
1589 2637 35
2783 1241 58
2577 1890 67
791 1351 81
2217 1896 56
3 2586 85
401 299 69
1331 1804 16
2307 1549 60
2440 2376 39
2703 2539 69
2660 463 37
430 1307 68
799 114 73
723 2778 26
872 2755 24
188 1877 100
1488 966 29
1038 955 39
2688 154 81
1759 577 91
2296 650 56
1807 1298 44
861 11 17
2687 2541 36
635 443 90
1012 862 77
606 1562 46
472 2645 17
1965 1520 17
2756 13 44
2483 2426 31
864 2021 98
1128 306 59
2173 2419 54
2030 2729 56
2161 2110 89
1433 376 70
888 1965 97
1987 2409 81
1607 2338 24
893 825 92
1241 857 86
939 2359 71
2135 1594 52
1642 2724 50
1136 2608 99
2123 174 61
667 91 73
409 2026 99
50 140 45
559 1508 12
2735 2519 17
1178 1528 49
1893 137 32
2707 18 77
1937 1588 36
627 1411 49
1033 2256 90
2306 2786 78
859 2307 62
1183 282 62
545 2171 60
608 1493 60
1668 2192 68
2369 372 21
1960 709 41
2336 1332 19
15 69 68
1390 1368 83
194 262 75
1935 24 86
803 1126 46
1956 67 69
2572 2768 39
384 552 98
1293 2321 36
1196 1095 99
2217 1470 11
2186 224 42
235 888 75
1018 1726 30
2086 1418 59
2310 765 35
1473 201 31
2358 895 60
1524 1552 29
527 653 48
719 1709 30
960 1743 65
2191 2198 56
2591 624 84
1179 2261 47
2108 2426 17
972 871 63
22 2441 96
2026 1249 35
1079 2811 34
1079 1430 58
1414 1119 18
1546 655 98
1990 81 48
2073 548 98
1109 1529 45
1540 2229 55
273 158 16
2156 454 33
121 2701 89
2726 2163 47
475 2697 97
1091 2186 73
1839 1727 76
1822 224 32
598 264 58
2760 2639 29
1071 1461 12
2484 508 100
2082 23 28
1485 2535 93
2161 2024 44
123 335 37
1673 2799 73
2230 1398 51
2193 287 14
1987 1823 93
2487 1016 66
1559 1217 41
1540 1696 22
201 1881 55
1251 219 97
1633 469 60
2590 2315 54
2195 2528 44
300 2332 62
1621 724 26
2497 576 15
1476 1382 42
2529 1755 80
2305 1057 61
2655 1295 41
1925 2429 62
2219 762 34
1187 1851 23
701 1401 77
1001 774 43
1448 1554 65
1796 271 83
1477 992 10
2349 1024 84
2662 481 88
202 32 11
2004 1371 60
1671 1052 59
1613 1887 55
1576 1624 12
34 2715 30
1563 632 68
1215 936 28
75 2691 63
29 2666 64
1751 152 36
2460 565 91
1725 1508 17
2677 2695 95
2479 581 68
2808 994 36
2810 643 64
730 1697 55
620 1739 80
1770 746 10
2129 2521 21
2273 865 73
2591 2384 22
355 2329 65
275 1507 71
1749 2708 43
395 2002 23
1531 587 48
689 2764 97
2520 1065 37
1849 2123 81
679 964 38
1763 1761 72
1297 1155 31
2650 2577 18
767 51 95
2481 2433 44
1099 1434 79
2128 885 54
535 577 85
2520 1329 63
1945 2128 51
2802 633 51
558 296 27
232 1554 66
2385 345 55
2611 1649 41
220 870 82
1862 1229 30
619 2209 10
311 472 43
841 412 15
2317 325 32
918 2163 80
1271 58 16
1563 2371 82
2110 1523 76
1017 1345 87
2360 366 80
1739 837 33
1530 1801 29
1553 2433 81
553 1691 57
2025 1481 57
1463 1656 99
977 558 73
1224 203 47
2079 1251 37
1000 1557 85
1675 136 84
327 1473 64
1309 2457 76
1507 2181 18
1803 775 39
1163 1873 70
2675 271 88
1517 977 58
1797 1728 59
1001 2434 69
1740 2360 16
2783 720 22
1544 1458 27
1673 2348 25
1757 1755 57
733 1588 60
2028 257 99
1161 151 80
2740 793 28
2100 1641 99
683 674 55
154 164 71
1091 1540 53
1289 968 31
723 563 64
1151 839 43
1346 1330 54
1999 1135 58
1848 1027 28
2117 1514 33
1521 2076 92
1950 2781 87
2715 2667 93
1918 2439 51
763 549 90
1397 1003 75
942 1391 60
1092 1008 57
2257 1222 23
1005 2053 27
332 2211 16
1177 2005 79
1248 2410 18
1073 2247 47
680 2612 28
1667 495 94
2225 1340 21
2752 1130 25
312 1895 22
597 458 51
1337 748 77
682 943 75
1494 1746 61
1023 1701 21
579 1677 10
1467 1525 84
83 245 88
228 1402 98
1462 145 40
2420 1313 94
1445 573 14
1437 2576 100
2776 207 73
528 1964 61
2118 2613 97
1655 551 94
2182 2580 12
2155 1546 46
1465 1687 70
832 47 18
1595 177 26
1741 2714 45
1241 828 11
2631 1916 18
816 104 49
79 1203 91
2184 230 37
2061 31 73
1045 1079 68
1968 633 55
1187 1404 93
2149 197 47
1808 564 32
2091 2474 40
2521 765 52
1323 788 61
2639 2149 21
180 1796 39
48 673 70
1544 225 62
102 1981 80
1652 1337 100
2506 465 73
1755 1484 68
600 2664 60
1314 2067 38
1420 295 28
1495 1033 74
1190 1207 67
1328 30 77
424 2503 89
2209 2203 92
810 391 27
936 128 98
1891 1794 23
2231 2746 45
102 2794 75
2728 0 51
2012 1251 56
423 2053 58
2667 2459 47
1144 1930 93
316 862 93
198 376 22
1290 2138 34
1420 2127 99
1567 2638 55
383 1966 90
2609 1901 51
1346 1755 43
2798 911 41
1830 1495 15
368 469 32
1951 458 98
2462 1949 77
2225 701 34
178 1984 98
2772 292 27
2207 2424 45
422 564 13
2182 1175 66
1185 446 63
1239 2505 54
2724 2692 11
1144 1796 74
1533 1455 96
2421 2762 91
186 1594 11
1318 2617 51
2714 1081 17
964 1995 91
1223 2354 91
454 734 65
521 272 29
896 604 57
895 1148 23
1862 381 25
2737 2225 18
1058 1841 54
1160 2372 23
256 2242 93
2714 1457 82
1605 1845 75
350 1740 58
2724 1851 87
2490 2340 72
2332 2399 92
2522 126 78
13 861 22
1892 237 84
664 683 80
594 1810 66
2777 1496 74
885 935 86
2096 836 82
556 1692 97
1473 2031 96
2040 535 34
2318 1565 67
813 302 93
1492 1140 20
1770 919 80
781 1582 42
212 1038 33
1059 1339 41
470 2529 12
2728 296 23
847 650 36
1163 1682 41
1536 2070 58
1542 1961 56
2413 2075 77
1254 2297 40
120 288 10
1624 656 15
2018 2024 94
1531 2721 27
1248 1494 86
1004 106 36
1089 1547 65
294 525 61
1525 1116 85
2140 241 69
1363 778 79
1022 895 62
221 2821 84
1770 1561 47
2778 789 64
657 780 38
10 971 85
758 596 92
1018 318 37
1468 2251 100
1873 1996 27
1007 1740 93
2538 1050 24
1319 2681 96
1002 2441 46
608 1215 42
511 1240 11
2483 166 71
2722 538 93
2225 222 20
646 1130 38
649 2563 99
454 1460 23
568 383 87
2125 2137 48
1180 763 38
1830 170 66
1626 1508 70
1362 1863 17
2431 107 21
1847 1887 32
1527 2271 52
1931 161 33
2639 2377 95
768 1136 62
1306 744 69
1134 2098 52
1681 369 38
143 392 44
2306 1840 67
1222 704 42
2210 1591 61
2219 2114 77
312 1083 41
1559 1063 78
2664 464 86
142 2524 66
350 804 21
73 2427 38
2821 1462 66
1185 1038 19
2462 1139 41
1583 509 21
1457 2515 30
551 568 37
1240 142 37
2775 2817 21
1811 2645 46
1913 765 12
172 349 52
425 1593 70
13 2092 68
2579 2391 66
289 188 68
343 951 80
418 773 75
684 717 82
1332 1507 71
389 799 74
2449 1218 18
2565 1720 84
377 2462 19
1666 986 60
1868 2739 93
2170 1591 23
1719 100 96
2230 840 70
2180 1233 26
2500 800 80
1889 2720 62
445 2652 57
1485 2707 14
1603 392 90
633 2072 16
332 2596 37
2497 572 63
280 2274 82
400 701 49
1589 1258 66
2015 2614 20
2594 2117 29
2080 1737 92
445 1084 87
2004 2082 90
840 1875 63
1001 462 32
344 383 78
2506 138 71
63 2508 10
94 1607 61
1565 2561 36
1906 55 76
1574 1011 52
1889 809 83
2272 817 48
2352 1112 24
1388 1118 78
1433 1311 87
5 1530 100
2018 1177 97
802 1011 67
2148 485 49
958 1793 42
974 1758 95
929 1199 29
699 20 17
1248 771 80
128 2317 62
1419 2268 17
243 1632 80
931 1074 29
2555 867 77
1790 214 38
2668 217 88
1168 2656 20
2195 1391 20
2276 1251 20
857 2154 54
2499 1240 99
2181 1888 78
2177 1896 27
1234 215 48
484 1557 87
1869 1202 66
657 836 46
1726 2281 94
1226 395 36
2161 1732 51
782 81 14
2710 2209 60
1306 1507 47
1775 928 51
536 1690 18
1494 280 100
1481 2768 52
2213 2071 84
2812 238 31
768 796 41
460 681 78
307 2184 40
2474 1632 16
1171 585 90
2726 1334 84
203 2186 94
2704 1163 22
975 101 80
895 1033 47
1242 540 10
2225 787 100
1434 254 25
2003 728 36
2372 787 75
450 1161 28
1360 1468 68
1738 993 20
230 1029 78
2364 1108 19
2400 2526 60
617 1003 42
74 1600 93
1509 51 42
1845 512 67
2231 1935 33
1634 998 68
2074 238 70
1927 2251 11
2519 1808 23
1903 1129 26
1220 2596 79
2177 1432 71
797 2750 59
2106 643 12
409 1871 59
1019 1931 90
639 739 60
1395 1664 77
2062 1301 44
939 1219 91
2747 2002 84
1143 2155 45
1473 270 29
2335 1471 12
1716 2185 46
1411 623 89
2302 2807 83
1088 2178 16
1440 1724 66
1775 1726 69
1213 2513 94
1816 585 45
1065 1540 22
2536 2121 14
2567 1143 25
755 2219 18
2685 2329 14
1032 990 72
101 2720 69
380 1201 34
1164 307 44
675 1886 59
1643 1310 77
305 382 61
1438 34 30
1479 883 46
2720 2744 61
2156 2432 52
778 1598 51
2329 2106 91
611 2046 63
927 443 97
1085 2103 71
810 317 71
1102 1411 32
1358 1027 57
2009 1017 43
929 2313 90
757 1529 31
1040 348 50
195 1262 17
1300 985 42
994 1095 59
527 2393 16
1751 2175 32
1887 2797 66
705 2274 16
2287 2752 45
386 883 67
2346 1154 44
2155 685 13
1792 1084 34
2433 567 96
1772 664 29
1570 174 75
463 1401 54
310 2140 40
950 1290 87
872 1209 77
1277 1460 95
1003 1791 100
1451 1582 46
2548 1037 58
490 2140 23
1358 1606 11
769 1398 12
1463 2311 13
731 644 59
1247 767 89
1272 1182 32
1033 182 67
1639 411 57
420 1558 55
2735 2616 17
346 816 90
574 1771 17
236 1756 89
1409 838 48
322 1791 84
1067 2344 32
2258 1528 28
2705 2166 74
1199 1596 27
2084 1377 12
1278 361 54
1656 1855 84
2805 1468 99
1030 2191 87
1376 1869 42
906 508 80
2356 282 24
1195 2259 29
1597 1523 75
873 2136 53
507 1862 10
821 990 25
535 2761 35
400 797 50
1746 1861 69
898 1825 34
1123 2141 33
651 1735 21
50 2299 14
2467 2767 49
27 2546 10
637 1028 87
610 1786 66
2190 547 29
2555 495 21
2367 1409 35
2136 2098 24
1379 741 70
1304 2786 81
2499 1516 24
1361 972 95
50 2223 28
2643 2023 41
2191 2364 53
280 2389 84
1260 572 84
1582 1126 82
988 1223 100
748 1377 73
66 958 61
522 2252 27
62 2667 22
2232 2306 79
731 2058 81
89 742 69
1672 1866 44
1345 1064 81
172 1589 27
2095 2804 14
796 631 99
2334 1925 46
2701 2408 81
2758 2424 71
1878 479 22
2484 330 77
653 2748 15
1953 396 46
866 2476 40
753 623 87
1853 2008 72
1246 1632 87
565 770 22
154 2499 33
1640 2772 76
1287 1011 78
2000 319 56
2423 1387 13
965 1965 42
1868 669 29
2668 1123 56
1471 137 87
2407 2743 38
2617 55 79
2508 314 89
1353 125 63
1030 2812 96
103 1035 99
938 1929 58
2497 2511 13
2382 2736 73
455 1366 64
2337 2326 43
1775 2378 52
1103 371 74
2589 1895 49
1233 2143 55
2361 462 77
1265 337 88
2635 2490 62
931 2162 67
1030 178 93
2130 2443 14
2634 373 46
1386 1357 35
787 968 68
307 1838 72
2593 971 31
1616 979 83
2611 538 24
740 1093 81
1143 1140 36
2538 874 31
541 317 19
2213 2424 46
534 1353 31
463 1421 20
1908 2450 61
1694 908 83
526 522 15
1534 2284 81
610 176 75
215 1444 67
2660 859 100
1621 1756 63
1154 206 76
2734 1771 77
84 443 37
2322 449 50
849 2042 42
1467 461 58
780 2789 87
504 1422 80
2347 1562 84
1056 971 74
2571 205 55
404 1504 27
1494 1218 90
1232 324 60
1472 167 67
1325 1552 54
187 2347 70
1350 225 77
318 1219 85
1980 2199 10
1120 2332 41
603 1303 61
2711 2703 16
1457 2251 50
2343 1608 43
2478 2770 100
484 2786 33
2379 2145 72
2139 1412 22
2560 1957 98
1195 53 77
708 2026 14
2294 497 31
601 884 11
1955 1447 87
45 2820 52
159 1803 14
136 1619 73
640 1690 28
2427 2276 37
1963 2711 17
1378 1486 90
1947 804 52
1693 378 100
1331 2724 36
1857 1865 48
1481 2686 100
2108 1811 91
2454 2597 48
551 2023 66
680 451 23
1219 2434 53
1730 1971 60
52 1970 62
1538 1016 80
767 1007 68
765 1986 52
1279 790 34
2605 528 97
160 312 23
1140 2581 41
2704 136 74
987 1283 89
2461 1270 37
284 1577 17
2669 1000 68
594 1724 27
1848 1050 93
1120 2615 66
2257 736 34
745 907 31
293 774 29
2605 1316 81
233 1471 63
872 2661 55
2554 1921 17
2165 1793 84
2276 1625 60
2356 1691 64
634 264 79
192 2245 48
2800 1757 12
938 263 88
2260 1672 23
2319 2037 63
2581 2605 74
1807 667 70
341 125 99
52 2797 13
1491 1546 56
597 176 27
424 2674 66
1488 2340 69
2021 2571 15
1600 1938 32
2554 2462 61
2569 1710 94
1484 1055 20
91 1599 29
165 1326 29
1908 2602 21
143 1612 87
301 2556 67
1931 2186 85
1354 1932 53
2476 2746 71
1443 2109 31
532 485 63
1819 1945 26
652 268 80
2636 2512 20
2434 237 36
581 2026 42
698 1717 42
1953 1473 76
195 2387 88
1658 1451 100
1565 261 63
1425 297 46
1896 1234 31
2392 543 49
2413 2693 36
1529 770 30
116 68 94
2344 2618 27
1370 2671 31
1765 224 85
2686 276 75
608 1380 23
2508 502 43
1184 1744 87
629 1506 96
980 965 53
1342 545 59
233 831 37
1865 2608 85
2340 2521 24
2683 1864 75
2580 1850 16
2795 714 93
2298 2767 71
1749 242 60
1670 1363 94
1980 2680 24
841 638 28
1247 173 98
1761 1061 38
2482 2381 92
1588 2428 26
2049 1440 78
1254 755 97
2185 1395 13
78 720 10
689 2574 53
126 138 33
2471 56 59
1640 2091 65
2041 1386 64
2709 164 37
2226 1208 16
1819 2353 28
702 2017 60
879 92 31
1942 958 93
2022 2068 51
2034 695 83
1440 1737 79
2513 277 99
123 283 98
792 1573 20
1144 1327 46
2057 2193 41
2067 657 63
1926 2125 47
2586 377 49
2345 2672 92
1744 843 69
1360 486 48
2662 2274 43
2814 1431 42
845 1544 26
2526 2128 100
1971 811 72
1083 2630 20
1677 1630 33
1582 1717 26
708 1483 88
824 1998 68
89 1878 65
1872 2508 60
1397 497 13
634 1971 74
488 2813 86
1119 2450 31
2489 832 100
2802 2326 26
499 14 48
204 889 55
1783 255 83
516 1148 22
1283 179 65
1899 2021 91
792 1328 42
1300 1600 61
961 2784 55
2133 1386 57
538 1724 13
319 861 87
115 938 72
8 413 68
1889 2489 48
471 2809 60
1671 1328 17
675 2672 81
2411 2224 32
646 255 94
2278 1640 16
1257 2205 12
1654 358 84
1399 49 72
838 326 53
222 2577 62
212 1987 25
35 1829 64
1940 1939 39
2361 2346 74
1006 2363 88
2639 1958 76
268 414 69
2301 696 93
2164 1735 52
1744 1907 24
2107 2638 55
2283 1149 13
1116 2445 53
461 1876 95
1343 2522 30
2337 887 100
1509 391 45
396 793 55
652 1256 29
400 596 27
274 2080 96
560 764 39
261 1142 51
178 2626 68
405 1327 31
2192 1828 25
2446 1909 64
1879 490 95
1231 558 46
410 1585 51
1067 1474 46
1134 1902 12
201 2732 84
357 554 80
2713 1513 72
961 1096 77
1210 48 75
686 2446 43
605 2407 98
354 2156 25
1604 133 23
2321 1506 93
1355 875 87
2030 39 94
657 2300 97
2616 49 94
353 706 65
2540 1799 37
975 1388 18
2782 1813 62
2269 2264 75
1105 1508 56
732 405 84
2396 2593 45
2462 813 54
100 2313 12
1619 855 35
587 1921 16
2323 1319 24
2201 2223 66
2255 1836 78
1599 647 24
362 2683 65
2574 1122 81
837 2041 17
173 832 65
727 1897 86
2243 911 30
2036 629 80
743 2139 42
2762 2587 60
1861 1876 27
2190 1746 36
70 364 33
2231 1970 64
2427 711 95
2204 2195 97
1408 2528 39
2363 2482 59
2446 1875 46
1799 978 86
1971 2768 76
1997 2218 17
2720 801 85
1566 331 37
1279 2609 32
1199 205 76
376 417 86
1108 902 49
1283 73 96
612 1956 62
2560 1909 93
1810 99 10
652 781 72
2492 27 90
1395 1076 89
1842 1462 27
1991 1160 57
2247 2236 90
1984 2460 35
2582 352 39
739 928 35
2427 1911 80
2790 2360 73
2727 140 77
1582 2092 87
1247 998 82
1133 893 10
2280 1043 50
36 1621 15
2576 99 89
1984 1844 38
1613 204 86
233 1572 97
760 1980 88
737 435 87
2084 2603 57
2463 1394 34
675 1986 85
931 1395 77
1197 2144 12
865 2110 82
1324 2423 59
71 442 64
1801 780 93
304 2047 27
861 2057 36
1686 968 50
2090 2508 80
352 2434 94
923 2135 29
1600 1071 11
183 2291 70
2296 2765 24
941 648 49
589 2328 25
2553 275 35
308 2297 28
259 2289 79
852 1869 79
2077 1836 49
1862 2399 24
1716 912 19
385 471 33
2602 1240 34
2653 2076 75
540 1514 24
299 1548 73
2160 382 23
530 1778 64
1616 322 62
