4135 5128
3258 2123 67
1024 1273 10
2906 3929 24
1741 2952 28
1256 716 92
1316 1429 94
2915 2264 27
170 2072 54
81 2349 10
2465 3777 88
3847 2754 32
1374 3735 49
3310 2547 72
1034 1599 82
1541 2362 25
757 3427 78
3184 1107 97
3352 1271 12
1225 1292 51
2877 2702 53
2560 2347 53
4077 1391 63
2814 1045 36
1986 2317 100
3826 2682 31
2531 3993 14
3565 3850 64
2186 4120 65
3947 1832 26
1673 1500 77
1474 1345 42
4086 801 77
399 149 16
4065 1092 58
1607 255 18
752 3065 97
2494 2207 76
2900 1681 13
2561 804 93
218 2591 59
1054 2610 24
747 941 96
8 917 22
341 1878 70
855 2357 19
2037 2407 10
418 427 63
1420 2379 29
1425 3135 61
3339 2987 73
3785 1051 77
903 2326 89
586 3470 25
3927 1727 29
991 1816 36
1156 406 73
2055 2130 20
3081 991 64
1226 2320 11
743 88 62
3434 1552 77
1264 2092 37
2550 844 29
799 2454 87
1205 1837 21
3838 3213 84
1481 249 85
1439 2028 43
4133 843 47
180 4103 30
3565 2968 56
3844 2594 60
2110 4068 16
3177 3961 49
1133 3195 34
1426 1138 100
3621 314 13
986 3606 66
2111 203 32
21 3036 80
2911 2694 75
315 807 40
730 2629 40
2235 1642 71
727 2677 46
812 3455 70
3900 1436 32
1137 979 46
857 4081 88
3958 3005 35
1252 3822 12
341 1338 70
1894 3235 89
3338 2734 81
998 1847 77
3427 489 56
1693 1499 76
2678 654 10
3500 2574 90
2542 3145 77
3713 4087 44
3782 596 99
1529 2057 17
3028 1943 71
2618 3515 31
3069 892 68
3012 1755 17
2082 659 18
4072 1591 12
3344 3627 90
2064 3591 16
2395 1534 38
866 1382 12
251 1958 79
789 3556 68
3073 1740 55
821 1083 62
2565 3368 30
2555 1303 26
3658 3783 96
3483 819 57
4113 3060 45
2464 718 14
194 2159 81
492 2096 27
2392 485 55
1702 439 73
1090 3477 47
622 3827 29
3458 417 90
3634 408 86
2596 292 92
1595 2067 18
802 2152 51
3788 3752 72
2052 1839 65
3887 359 32
2361 15 91
3103 403 20
2102 2892 88
2581 1489 12
3170 1774 65
3983 4008 72
611 3618 64
1048 2120 81
3985 2928 31
622 714 90
2178 3207 47
1943 3525 64
255 4125 87
544 3696 10
3358 576 86
3005 1419 29
1207 1656 67
2318 3457 78
3576 2347 72
1402 83 23
3628 2625 61
2936 2838 12
2565 3550 36
1750 3979 70
1919 1658 16
1090 890 25
3119 3066 70
3735 486 75
2289 3717 64
1279 700 70
845 454 67
46 2929 72
1669 3563 57
2828 197 31
1336 3879 78
2668 2792 63
1851 1710 29
1911 2246 57
3276 1095 100
2845 1986 74
4117 3278 23
1831 1044 49
4009 2352 36
2711 1163 98
161 1083 65
4015 1161 40
2778 948 84
717 1707 83
3462 1759 56
2376 1598 39
1496 1888 32
1209 2709 87
2382 475 84
2654 3644 30
3639 885 64
1473 1411 70
171 797 29
1127 2942 39
1676 414 24
2837 73 45
2823 2074 96
2953 784 91
3995 3243 43
2012 985 61
1480 295 76
2899 2703 46
2721 2791 10
992 2044 34
547 898 44
3272 2192 24
3268 3444 40
505 3920 26
955 3571 22
1816 582 73
4075 2985 25
184 1854 73
2584 3463 36
1437 1550 69
2614 3136 37
3422 1294 82
1212 3885 84
1196 279 31
1578 3067 19
699 4022 84
948 1488 23
190 3477 66
314 3264 19
3081 77 86
3306 2069 67
3039 1587 13
462 2795 34
2908 3067 19
2629 3555 69
286 652 58
2216 1254 68
4106 3790 28
1939 2872 18
2865 2448 48
2883 3633 87
3941 3817 56
4 322 13
3511 3159 98
3318 3074 93
3289 2976 100
1121 1430 29
1740 1242 47
49 2263 23
614 3368 43
2078 110 57
3251 2420 10
2588 980 67
849 1321 52
34 1140 70
318 1012 76
9 2948 44
2540 853 65
1296 2577 48
92 1794 53
1220 3000 21
551 2774 22
2054 902 55
4118 3027 25
2698 3520 69
2556 2405 90
2420 2406 54
2269 3993 74
843 319 74
645 3360 75
3771 3789 54
230 2174 64
1872 12 43
713 789 39
1657 157 76
1341 684 69
2097 555 25
280 410 85
1437 2021 64
2124 2460 52
1979 1408 24
3348 261 73
4104 589 38
3060 1419 90
2752 323 35
1902 696 34
1846 2298 22
1461 1402 64
3146 2250 51
2271 1052 82
3858 1033 71
3115 2533 83
3200 3741 22
2039 3211 66
3338 652 62
456 43 92
774 3138 17
2711 1396 51
132 1351 24
465 3675 99
1822 998 71
3401 1233 49
560 2657 98
1366 3531 88
1478 3421 31
1254 3894 99
228 2276 66
1763 2193 76
1300 2103 51
634 1619 70
1666 1512 63
1431 2669 99
1091 3555 17
3549 783 76
2812 3626 43
2520 121 74
3329 3305 69
1071 290 80
33 3123 55
632 2246 48
114 2879 93
3720 2092 16
1473 112 60
2078 1148 33
3293 2551 100
176 478 19
3441 445 18
1336 548 57
2849 1229 97
2405 4061 60
3124 1107 60
772 1384 44
1382 807 83
2565 713 16
1814 2690 81
1004 2297 14
3396 1522 15
13 2077 65
3144 1460 63
784 1866 82
98 3299 75
3318 1257 48
2852 1506 60
2604 1154 90
1067 3421 39
2871 2667 51
60 931 93
3235 2536 37
1214 3482 78
4032 1805 66
3543 2970 76
2725 2900 32
2318 3911 71
3587 866 63
1814 1526 58
2104 686 18
1134 2593 90
2385 2983 93
1145 170 28
155 4062 77
1917 3690 57
2082 774 55
3655 2096 11
3178 105 70
2884 3717 25
1635 3024 91
3950 3765 69
1412 1746 42
2870 3015 41
1466 1057 25
2482 2405 99
4074 3782 54
4041 2238 97
1644 1813 100
3169 918 47
531 78 56
2065 3372 54
2429 3410 73
2101 2093 63
2753 3945 39
3953 2956 74
2003 3921 97
3645 299 90
634 2293 40
3943 1761 19
1170 2798 57
2947 891 65
4041 1290 30
3624 1764 91
3190 668 48
362 370 15
610 3763 43
1608 2950 18
823 1786 92
3968 4063 80
2728 2715 29
2268 592 90
288 656 21
1379 1221 67
3257 934 42
765 2855 97
41 1722 49
968 1317 77
2512 1862 70
668 2041 80
3426 1459 48
1077 1606 50
225 2401 97
1729 3743 24
274 3563 53
985 2849 33
640 2650 62
2824 344 68
2188 2090 77
1041 2789 99
1066 2681 19
759 1903 24
665 475 23
2160 758 85
2600 3619 61
1067 3997 30
336 2180 18
2756 667 39
2527 1585 26
314 3298 82
1438 2289 72
3260 3771 23
504 1710 68
396 3065 20
1895 1827 56
642 1220 32
4127 1819 55
3916 3052 52
2518 2719 74
3614 517 49
2689 2924 30
2271 1094 94
118 3297 47
465 740 34
3170 3786 53
981 3359 11
3553 1090 34
2895 2332 41
2090 714 44
3032 3507 50
3198 420 59
92 2940 91
1067 1836 17
4005 3044 70
3819 1198 19
3095 725 78
3163 3595 35
2785 2041 15
3907 682 48
2615 3079 90
2298 3769 43
657 199 70
184 1562 18
3924 3683 29
2059 2608 77
2133 456 15
2442 1827 65
2627 1159 22
2817 1966 16
1845 4120 17
1395 2634 54
2728 401 41
522 1010 33
2301 895 79
2604 412 27
2784 3141 97
3707 3816 72
4052 1176 29
37 3533 48
3988 222 71
2002 2768 88
234 736 24
1398 3769 62
3794 1345 57
2978 9 99
3001 3210 34
2741 2017 20
1023 2749 40
587 30 42
3870 487 41
2424 1846 15
3412 3534 51
1886 1526 100
1087 2656 52
3301 2939 14
371 2877 63
2083 552 43
4056 3227 60
2731 1679 44
4034 1835 34
957 2313 84
3088 1459 44
709 880 100
3363 981 58
3618 1041 32
2743 2682 78
1827 3019 56
3206 2089 72
2514 2581 100
2272 3326 29
2910 1633 95
417 1192 77
688 3127 21
772 444 23
112 2634 29
4118 619 56
2175 2583 79
1047 681 87
1992 237 60
1532 1809 28
792 2207 41
747 3717 53
2569 1541 66
2506 1024 39
382 52 51
3865 4044 42
2316 4114 25
557 2740 29
2000 622 18
618 152 62
3006 2289 74
1725 2573 33
3177 1194 44
3448 2683 15
1108 3325 91
788 1104 53
188 3387 71
1282 1659 40
3307 3834 87
2399 77 95
848 1427 97
1385 2994 11
3586 3479 49
304 1306 86
753 2004 38
274 1056 23
3259 1661 49
1692 2904 19
2883 971 87
2132 3390 70
3280 1713 26
846 2078 63
1592 2093 75
1275 2744 33
2456 2256 71
1320 2549 46
3105 613 37
679 463 23
985 2034 72
2860 2812 10
24 284 37
4088 2720 62
189 419 34
3569 872 58
2876 3780 83
744 1662 19
1178 2871 97
1824 354 66
3608 2961 75
3257 692 68
636 716 67
1991 1487 46
3264 93 14
224 866 88
3641 3913 30
3729 1015 75
2173 3807 40
1481 1165 24
2519 967 33
1238 1789 26
4015 197 63
626 2521 10
3580 3639 72
604 1244 94
2185 948 86
1293 1081 94
618 3314 44
1228 2608 52
1540 975 32
1532 1677 87
1693 863 55
1532 3492 21
2779 2447 27
3691 161 65
278 3219 13
2889 1911 37
1004 899 57
428 3479 98
3862 950 66
2013 1061 10
98 229 78
1714 4021 10
3206 1641 43
2545 83 23
3144 1117 24
3265 1167 39
2335 3786 10
867 3220 55
3694 2851 96
793 1548 16
3381 1103 12
3915 906 90
2423 4047 73
3115 1066 86
1701 3366 43
1111 2402 99
2546 223 97
2223 194 69
927 914 97
2533 2250 78
2498 1316 58
599 2394 37
1452 2173 20
1265 266 12
1095 4125 78
553 658 26
1300 830 68
2489 2228 47
2854 3571 22
3257 2291 68
2615 2928 14
787 578 50
2365 2276 31
3917 2869 81
865 1137 42
62 3887 76
3261 3380 22
1085 2080 89
171 1014 11
513 2081 27
2094 1115 48
592 259 83
3390 460 39
1637 3503 26
3376 2465 57
3237 1774 70
2409 4123 28
1171 289 94
138 1368 48
306 571 67
1877 3299 31
169 2338 79
913 2281 22
867 4021 77
3521 258 94
3457 317 63
1820 3268 25
449 1798 41
1778 1297 94
192 504 95
2049 751 40
26 3245 27
3302 4119 72
2102 1926 31
3282 646 87
2545 3448 80
2781 2795 56
3231 2828 53
879 1556 67
3645 1052 86
795 444 75
953 3064 77
1901 2396 87
2705 238 21
2006 1830 98
3439 1820 14
3650 3335 76
2452 781 12
2129 1968 79
2578 3370 61
621 951 70
2747 613 56
2470 1641 30
416 3627 73
827 3675 28
4003 3987 28
1414 3427 81
4022 3761 69
3165 3274 61
9 1043 92
1799 134 54
1925 441 47
767 2441 79
3136 3833 10
3785 1404 73
2071 1267 76
3127 4007 86
1959 1025 15
3573 3260 62
1325 1703 92
4101 2958 82
2195 340 32
1008 1741 85
2577 3426 31
1261 588 24
3148 1741 89
249 406 65
60 500 74
3911 3459 35
3125 2648 66
114 2379 12
1886 621 10
1784 3286 35
2064 1152 49
2473 1899 33
1268 1730 14
3775 158 38
1440 2127 59
1263 3922 70
1829 2444 57
541 1198 52
1007 2257 89
652 1852 58
1828 1444 94
1993 1513 47
3918 2748 34
649 1311 45
2735 2368 84
608 51 10
1903 3279 91
3009 4039 46
3855 41 52
681 647 92
205 3348 51
225 978 97
3585 1092 97
1909 65 87
45 2181 76
211 475 43
168 1156 87
481 2734 44
3189 4070 29
144 1550 23
1050 2514 40
3571 3222 45
3656 3315 50
1012 3790 39
3370 1474 14
3403 1974 88
1168 2918 80
2069 4038 93
3684 3022 72
2259 2308 28
2334 1789 24
4055 1488 48
2777 1426 54
222 287 49
582 1629 99
3732 2081 64
1005 886 98
1507 304 18
413 843 87
620 1053 95
3166 3467 55
3591 82 33
286 188 48
1211 1778 92
981 1925 73
1295 51 50
3117 1010 61
4043 2023 14
3683 2353 31
2912 1284 68
3687 2801 66
972 914 56
1364 42 84
2660 1259 40
3718 2198 41
1328 2931 38
658 3461 33
598 1387 41
1524 1220 83
1110 5 12
2984 1022 16
456 3449 100
1431 3337 23
1791 1022 16
2754 3107 13
934 2939 73
2195 2004 21
2785 2590 33
1160 1607 68
1396 1295 59
44 2495 99
2175 1462 18
2558 3367 96
1711 817 56
347 652 22
1138 3159 73
1726 1238 93
3747 1150 79
2194 4046 30
1556 421 60
823 1470 62
2908 4042 40
2219 667 43
191 1482 72
179 1621 23
968 2803 36
4096 2197 64
3134 758 80
1795 400 73
1117 1470 28
3638 3099 41
89 3554 78
2371 3337 78
292 2302 96
3630 285 85
3749 1937 75
1067 2420 61
534 376 36
4010 3695 54
180 1187 38
2558 1867 58
3786 637 44
4046 3988 28
2740 258 71
1184 2792 85
2098 2616 81
2278 3345 41
1489 3350 70
3373 1872 71
2960 1081 67
217 2394 38
413 98 75
101 442 64
2942 3959 51
3602 1764 83
748 3339 55
2414 105 44
1257 3581 100
260 4112 33
274 789 66
506 3780 75
570 2479 39
2560 1248 76
3599 3797 38
1482 837 51
2912 3265 98
222 11 64
2565 1106 74
3390 2808 16
55 110 71
553 3885 42
3331 2006 89
3448 340 46
1695 2473 11
2957 545 62
882 1461 85
1620 635 98
126 2200 69
135 1916 52
2258 3779 88
1005 1478 22
769 2270 67
762 1607 71
1858 421 71
3171 932 47
3872 3242 20
4046 712 22
2430 3740 12
1658 671 55
2613 1935 70
2750 3836 96
3154 3963 60
2250 484 70
971 2399 91
1458 2826 90
1343 1592 25
1886 3357 41
3003 2019 47
3015 896 66
1744 507 24
851 273 74
1109 3246 81
2482 3812 70
3245 30 21
3669 2800 39
2592 3240 40
2956 1078 99
2899 741 33
2224 1678 79
2447 3405 43
1399 4088 34
4069 183 66
3702 1649 86
413 375 39
3484 2692 100
1782 1447 68
3299 242 44
2447 2451 68
2703 2298 28
2137 3400 96
3018 2965 39
4009 4107 58
1705 717 13
29 701 74
1553 1880 74
2730 1729 78
806 3691 28
1051 265 19
1727 1993 44
2144 725 37
2727 3913 97
2917 4020 14
38 1665 20
2709 3813 32
88 3567 40
563 3083 96
2637 2707 57
2061 4071 77
1148 1268 41
1791 1154 17
918 1059 13
3471 2668 100
2832 3099 45
1584 1701 70
1280 2248 31
2372 2505 16
3823 3538 58
1998 3258 86
1182 3018 18
2920 3316 47
2376 1403 33
1901 238 38
3265 2150 86
3179 1134 91
3688 3901 28
490 1187 10
1311 3604 68
3848 1130 21
3070 2809 76
2290 2569 84
502 1256 81
1214 3571 29
3237 3873 11
3177 2568 28
1672 480 59
61 2469 26
1354 523 40
2070 2289 71
2086 4047 47
1971 2273 50
312 1422 96
2837 171 88
494 1314 50
4081 2071 68
1720 1287 48
17 280 95
345 2071 64
2609 3332 75
3349 2358 58
1900 3912 57
1763 2779 32
2619 14 63
4072 3312 45
1746 1775 60
2857 751 98
258 1259 21
2437 3420 36
2068 1631 72
95 217 49
1936 2807 30
1683 2946 66
883 2612 73
1392 282 34
304 2143 19
2302 1554 97
659 1186 65
2250 946 89
291 1977 19
2746 2907 69
3671 2424 25
3387 2153 63
2667 353 82
217 2079 70
3563 3220 25
120 2899 17
1783 199 75
280 2960 54
533 105 15
4065 3310 17
1332 1906 82
1975 3984 72
2389 3063 15
2544 4064 14
2306 2779 82
338 3984 98
2046 538 16
2137 796 98
1907 1545 45
2927 257 10
429 109 85
756 3906 16
1697 934 13
3440 3264 24
3472 4010 41
2366 3593 97
419 3867 45
912 1371 21
2620 1 31
1912 3048 84
3956 515 14
777 1514 58
1735 40 41
1703 3669 39
2419 1013 53
2885 3724 52
2404 1280 84
1848 3149 58
3751 1248 81
665 3968 95
2585 2173 47
3705 989 21
2090 834 97
1161 4042 21
2918 1748 32
1163 4065 52
2546 2738 64
3802 1401 27
1405 2226 54
3899 561 100
906 3976 96
2811 3237 33
574 2515 54
3915 3346 62
117 2358 92
1407 2324 51
2758 4069 59
3799 2976 25
3724 1332 97
1152 3033 31
1776 1276 21
2179 350 36
3830 2952 39
2131 1706 24
3310 2879 57
2286 2776 43
899 3824 18
2030 2859 56
1050 3252 36
2268 2154 80
4085 4005 71
727 141 94
3343 3058 57
3482 2039 48
1390 2411 30
2757 2862 12
484 3737 49
2377 2468 32
2817 3232 35
72 1321 24
558 1719 80
3230 2614 78
1 3873 71
3048 461 40
991 888 75
3102 674 94
3968 3613 10
1234 943 40
2144 1419 93
3124 2332 84
3175 3987 44
2375 3547 93
1676 2393 80
4074 790 94
822 4090 71
2535 2524 28
2323 508 18
2245 2072 62
2337 998 81
2612 1133 12
1696 2741 69
3995 1555 10
2256 131 67
1029 3476 47
317 155 18
3771 2822 21
374 182 97
1960 2785 25
346 2012 46
2612 1093 89
1102 3020 84
1298 21 55
2175 1511 85
1313 1310 40
2259 3119 38
2783 2309 45
1212 2824 30
3390 1372 22
559 4062 54
403 1987 39
731 3129 76
3944 2977 67
3778 2115 28
2432 807 16
1363 1493 52
925 1335 61
316 2645 26
2787 1634 10
1190 2431 86
1706 1095 13
3721 2712 10
3901 1549 62
748 3417 44
1965 953 22
3295 1583 17
230 3109 73
22 106 83
2802 3167 67
115 2985 20
2445 2120 14
3862 918 81
468 3506 92
2429 474 65
674 3136 27
1846 385 63
3723 2965 36
2250 192 66
1710 772 92
911 4003 26
1700 267 70
2838 522 28
548 386 64
3588 2181 49
1488 3988 37
2574 1080 49
1686 3042 62
1846 69 15
502 1473 67
1481 2338 52
1808 103 15
1497 2260 72
1795 1918 33
3388 563 33
3720 1514 99
1552 2543 56
4027 3101 43
1646 2228 68
2747 510 35
525 958 60
483 593 24
1728 1328 63
99 1100 72
1526 3478 62
4075 1671 27
311 686 91
2093 3229 84
2205 3151 10
1354 3397 74
3366 2599 39
2188 3787 71
379 3869 87
239 3808 73
885 2477 22
3369 68 42
1674 615 59
2854 926 43
4016 275 61
707 214 85
1167 3726 72
2214 2258 33
2185 1350 30
1678 4054 68
1504 1097 92
2725 3067 84
1529 3993 10
1989 3632 63
2900 370 46
3278 1880 87
2585 3391 37
4105 3635 11
3843 1275 38
39 1378 81
1499 2090 69
4106 3459 95
2732 2644 40
4108 3559 50
228 1855 88
2777 3785 66
3753 618 63
2332 3686 94
805 4056 48
3687 1756 83
453 1278 34
1603 2646 18
2921 3653 15
1379 2497 59
2539 4067 87
874 3376 39
4085 659 17
1461 217 19
4024 2005 61
3288 432 90
3075 1972 29
2114 1016 54
279 1097 69
777 3288 58
415 2764 25
333 3717 26
3114 2828 51
3963 2149 52
1450 2193 96
3722 3965 48
2200 565 84
3845 1141 74
2530 2822 94
783 21 69
2154 2180 60
3948 606 47
2575 3180 24
410 1598 96
2274 3370 15
3489 2594 70
1044 1302 85
1454 789 61
1402 1615 21
1875 1156 92
2672 707 49
826 2842 33
2770 1315 65
1692 1930 71
3947 3138 83
2494 2192 79
3449 1491 71
3769 1185 36
717 4127 65
2807 338 78
722 2054 90
1915 1545 46
2054 3460 59
1324 2737 16
2302 125 40
1896 2399 45
3210 763 63
2632 695 19
3449 2537 71
3630 533 22
3823 572 79
1281 2012 63
94 464 77
696 3015 94
2823 2741 35
1834 2143 92
885 644 36
2147 655 97
1446 2512 56
947 3651 17
4044 3183 18
864 2097 63
1816 1683 40
165 1501 86
184 3454 43
1501 3626 12
4045 2131 72
1069 1931 95
3943 2491 79
2601 3239 30
593 2557 28
3448 2451 72
1665 2620 63
2935 1360 21
2806 986 48
2049 118 82
2976 334 96
523 3408 17
3960 4079 77
1414 4055 78
3475 2094 12
1061 779 45
1760 2693 100
3105 3672 64
2858 1851 76
3682 1439 35
3534 1365 10
68 1616 92
725 2281 90
1557 1615 23
506 261 40
3763 3678 97
845 578 54
358 3754 47
2193 3035 95
3812 1213 35
1512 2943 13
3892 2691 29
2236 306 85
345 2267 66
2164 3157 89
808 512 81
2250 4048 79
3352 1215 81
1934 444 51
2701 2771 49
2321 3420 46
430 3390 47
557 2340 97
452 3147 49
22 3521 20
614 1342 38
2579 3405 83
2361 2636 38
2773 1888 77
2410 2846 48
2675 1988 30
1418 1011 52
3277 3025 94
803 3669 44
2171 1315 17
135 1765 36
3735 2228 88
1735 798 67
604 1782 84
901 2871 55
2435 1902 12
2810 3671 36
1273 3296 50
3244 2857 15
2703 1265 24
1081 2832 10
817 2662 91
1940 1591 39
2953 1140 86
3262 1582 48
3138 3128 85
195 3453 36
1504 478 36
3092 3357 31
1192 1399 58
3950 1832 51
2380 3174 70
1411 1316 67
1595 1734 80
2310 341 44
1220 2844 75
2812 1880 97
2423 684 29
3951 2086 28
3253 3660 99
3424 1441 15
2614 2752 75
2263 3840 90
1588 4052 87
3528 3686 52
750 585 71
2433 772 77
211 2790 27
438 2066 82
243 2429 82
3920 2535 14
3055 310 62
1836 665 17
3530 2524 87
678 2026 17
358 2723 59
2260 2112 98
4116 2942 53
955 1596 84
3431 1534 89
2567 1786 19
2232 2617 21
2564 459 14
2218 821 21
477 2386 44
2681 2898 59
3953 3804 89
2902 3461 67
3660 341 76
943 1833 13
233 3691 100
454 3739 71
2574 1872 21
1638 2603 74
835 890 86
2993 3044 29
830 2661 89
3554 1646 93
720 3202 16
2670 3673 23
587 2058 89
2340 142 82
2031 922 57
3226 2430 14
3350 505 59
2607 3530 81
3508 977 96
584 2162 99
298 2823 33
1658 970 33
1028 687 28
539 1042 41
3250 471 74
728 186 39
2104 3626 35
2465 305 58
3351 4002 96
2615 1985 66
2538 3412 90
1720 1141 73
2730 3175 71
1455 224 19
2961 4012 38
1656 1677 36
1091 832 23
2083 51 14
662 4024 64
1289 1608 50
2180 1408 91
3039 3974 72
24 3029 14
1502 986 73
3517 1829 16
3565 1950 23
3369 22 68
1869 2206 35
2103 2859 91
2217 1522 20
2750 3419 19
1895 612 83
2052 4056 55
3912 2599 90
3411 2972 24
1295 432 47
2924 447 19
2474 50 51
3519 1032 52
758 1344 29
651 3172 85
1446 2831 65
2750 2013 45
1287 3278 100
2847 1411 100
1923 1240 100
150 3257 97
2576 2368 57
3518 3287 99
4051 174 80
3618 3602 42
1296 175 10
2955 177 27
3060 205 38
2965 1464 16
996 2626 23
918 1593 68
1043 1935 16
3902 3828 94
3883 565 58
2546 2093 27
2766 119 97
568 3627 90
2022 3320 18
3310 1739 81
811 1072 88
1702 353 65
2471 129 92
2000 137 85
3585 1425 87
1509 1839 29
1892 3817 98
2772 419 58
1216 521 42
1557 3636 86
717 116 95
3646 3436 99
3015 2634 94
1760 451 84
2316 3483 21
2051 1872 96
2700 869 95
888 467 45
150 1897 56
252 1259 98
2286 3203 20
3541 2843 57
702 574 39
399 2153 64
2395 554 62
927 684 92
1277 3103 73
585 2624 32
2427 3023 41
3913 66 19
2466 846 91
717 2616 56
569 307 23
2756 1141 72
212 1189 76
2792 2953 27
3663 1761 92
3446 3947 40
2724 1904 78
556 3958 25
3172 518 98
903 3921 55
3647 3123 92
2415 1263 36
3519 1259 64
2027 3977 83
2292 2044 68
569 1878 44
1386 3083 79
2769 3725 93
311 2372 99
2501 3503 70
3812 3332 49
739 2423 73
3551 2878 68
3101 3293 33
2832 3493 12
1242 332 17
2745 3227 68
1572 4123 38
864 2234 49
2610 1889 87
4066 1150 38
1299 1757 70
474 2318 34
2084 2581 41
812 497 71
3083 407 31
429 1221 87
1619 982 80
3797 3739 86
1321 935 66
2976 1873 28
2543 2074 60
2459 2672 51
2152 3220 15
1292 3229 50
4097 564 94
3917 2529 16
2189 1521 59
3101 3496 92
1467 3808 80
2894 779 23
2311 2230 61
2691 2004 100
498 1171 86
3717 2849 43
1106 3621 47
2550 3475 36
1051 3151 57
3850 3364 65
1311 1026 20
473 1323 99
3809 1367 22
2283 2118 53
2288 22 24
302 2214 88
2759 1295 16
332 374 94
1078 503 11
3210 4082 81
921 1028 62
3746 2653 15
2934 3365 42
3689 3940 20
1732 741 56
575 3643 38
2503 1626 78
968 3574 49
3448 1761 80
1097 1178 41
99 2467 86
3811 2271 46
763 273 62
417 3290 30
560 1969 84
1550 2071 36
3115 1506 18
2690 1421 14
1347 3006 15
2194 1013 94
1142 647 94
3137 4126 98
514 1715 47
2586 857 80
3422 2367 45
2360 1543 12
4121 2394 95
2416 183 24
480 836 20
788 60 94
3633 3738 79
2376 2055 25
885 2793 37
2173 127 27
2231 2565 12
1257 3716 93
3015 2254 49
3382 4089 44
3413 3801 50
2047 4102 17
530 1992 27
3879 2809 12
3903 3869 78
2001 3916 43
2084 1468 75
3288 1702 73
3017 1145 76
2059 73 34
3118 1407 15
1323 3252 14
411 2312 33
2769 2568 51
2744 149 56
3683 859 22
3286 1359 10
2226 614 17
1872 3052 30
1803 1986 39
996 1859 53
1422 1388 30
1810 315 51
1751 4021 17
19 3014 25
1417 2785 65
3898 2454 26
816 4111 47
2477 3468 38
1911 1874 49
3858 3138 43
1412 861 75
1686 807 51
3723 2484 52
2514 2057 49
2471 411 53
1054 1164 13
3227 485 43
1979 349 83
1283 517 61
1367 978 16
3452 1142 17
2841 1216 41
1112 3611 49
3412 3692 27
3623 3924 15
2496 3902 20
1275 2587 17
3945 274 55
1929 3909 16
570 1888 40
3424 2762 57
1161 1668 35
2194 2555 22
306 3891 48
224 2810 42
988 2822 23
2202 1335 54
2207 3798 98
3860 1861 46
32 489 94
1373 2175 65
390 2901 62
2432 288 83
3673 1244 90
3536 1309 22
2924 2081 15
1702 3454 84
2709 3549 70
1239 275 55
3542 2459 79
2853 1678 56
1874 2188 23
3787 605 92
1603 2919 83
3168 3113 50
2712 1257 63
1766 3694 84
3914 2023 13
2843 2198 65
1622 3497 47
3804 822 87
3431 2662 67
3632 4061 76
1665 2481 60
1622 2973 11
1334 1024 15
1803 388 93
2728 1031 39
2892 4072 44
3169 771 80
373 497 69
3146 3984 56
2870 3715 87
1631 753 57
2386 1390 27
2967 1408 59
3478 2797 35
337 643 13
2371 2413 91
2282 2080 72
987 3348 66
3744 3185 31
2543 1910 11
4005 739 23
1379 1701 53
3401 3857 13
2649 1526 56
3137 569 35
3047 2359 24
2478 501 45
1885 696 67
1110 757 35
4120 747 58
3949 2504 40
1286 1977 29
2476 338 17
444 3586 87
2351 662 42
1509 3323 47
3015 1982 67
2838 2783 19
218 3311 36
2039 1411 11
320 1043 89
60 336 17
2443 2811 78
78 3096 64
3876 2592 73
3002 1102 56
821 1277 94
353 2369 32
836 2316 58
2002 2941 18
2987 3377 59
730 1124 94
3592 2416 57
668 674 87
550 1903 85
1203 1152 91
476 3370 57
1240 2516 98
314 3103 52
2051 1317 93
1887 1762 27
1269 1784 67
2106 1663 90
2128 131 37
3686 2901 72
862 161 22
178 683 31
1733 1326 49
2554 457 43
1487 2574 82
3785 112 49
2359 364 52
1455 1672 75
491 2179 62
1487 1737 65
3766 2936 62
223 2627 36
880 3352 19
178 2387 24
2179 1771 52
3758 1026 36
1589 3966 79
557 455 48
2136 3098 87
53 2665 70
2082 2801 67
2390 196 51
736 3415 93
1663 3547 43
1035 3968 93
345 3157 81
3597 178 15
613 857 45
1092 3267 74
2720 3500 11
3815 2931 45
3486 3816 35
809 726 76
4037 613 59
3677 1307 36
1323 1454 11
1514 3782 100
1043 3230 96
2887 1027 97
328 682 73
1208 1320 92
293 2353 96
1904 1492 99
3049 133 74
1195 32 93
2995 2814 31
1174 640 67
1583 3652 35
1488 4002 41
1276 2019 92
1191 1039 96
3365 2154 44
2548 1689 92
296 961 54
2814 1937 37
1348 1044 16
4126 1376 61
3174 3327 91
421 2241 54
2458 2877 99
3187 620 14
1580 1116 55
3056 3008 71
1262 846 53
3302 3665 90
1492 1963 22
1065 1076 22
776 1171 21
2555 3899 66
414 3124 45
2955 3901 62
176 877 61
87 902 74
145 719 13
916 3820 64
4002 1255 70
4049 3376 57
1158 2198 37
1429 1505 26
4091 326 15
4025 3801 35
1840 3910 36
1979 2617 40
954 3099 32
4079 3614 72
3594 3025 26
1762 1196 60
2201 1533 60
1280 891 67
1333 485 98
3033 2131 79
2153 417 71
3884 246 46
225 3802 37
2293 3701 62
1823 2099 73
3824 3885 29
2878 3943 49
439 396 88
3812 3802 86
2225 728 69
786 3452 89
621 3521 75
3709 2583 91
1006 3871 24
1773 255 85
2989 3217 28
2774 1546 71
1458 3075 11
3994 775 10
2674 480 17
1368 3317 15
3094 2657 32
781 2840 10
1615 1990 40
168 2381 13
3768 304 21
1461 815 51
3053 4113 75
2299 1634 46
2628 417 85
1094 1320 92
1820 253 47
1444 3337 35
1215 1599 59
2660 167 46
949 4019 90
3040 902 73
1415 971 65
1410 4029 31
3066 1967 61
2334 223 76
2224 1760 97
326 2474 85
2238 1690 53
3163 3475 46
973 3507 40
2522 3015 93
1969 2947 64
1946 4125 76
4114 4104 31
3766 3973 86
3701 1409 65
535 287 50
3931 1590 78
3945 3814 57
1997 2662 37
1031 1948 24
104 3336 92
1571 1882 43
3361 3521 40
3504 2959 30
554 545 52
2707 3382 96
3793 298 23
1076 2801 77
1735 1700 98
3840 17 57
674 45 61
805 804 30
2607 1299 45
2462 3901 12
2049 486 51
1856 83 48
2792 3771 87
3751 822 97
3283 738 50
932 1292 57
60 2839 75
806 1143 79
961 1367 15
396 2611 29
295 3236 72
2777 2338 26
3199 2573 66
464 685 87
3257 2784 83
3635 3517 63
3607 2496 40
467 2907 80
3767 2139 84
599 402 68
16 777 33
3807 3440 27
1800 508 14
1630 2051 24
654 1052 85
3350 1675 71
1779 3689 51
2475 164 34
1703 1200 57
1178 954 48
487 3558 19
3692 3694 40
3422 2659 77
2002 4057 87
1196 5 43
3740 1696 78
544 1110 89
3038 2349 84
2584 354 71
1827 2405 84
1137 2269 57
4078 8 17
2160 2547 16
299 4126 80
551 263 65
2880 2452 76
1996 3020 74
146 1235 26
105 1310 59
1240 722 81
685 3253 20
1478 2988 95
1758 3460 31
2045 4042 76
3898 1021 96
3347 2228 71
3828 258 87
2311 2898 74
2255 3398 42
781 2462 37
139 2286 15
3349 3345 11
1041 1615 26
920 3331 61
2496 136 75
271 216 22
2346 651 85
2130 903 62
1759 682 11
2155 200 38
1121 103 58
1296 3182 27
1239 4114 84
1608 4089 14
1097 519 69
441 2581 54
2645 2816 41
2109 486 59
3187 273 100
2811 3671 50
1495 1631 41
2048 3028 42
3627 2863 49
1802 2209 31
3080 1974 40
2780 692 61
154 3157 71
1620 1487 18
1492 3810 96
2740 462 39
297 1987 81
2028 1595 54
792 3136 85
1483 3528 16
3941 3227 38
2037 110 77
3473 1295 35
2687 166 100
3483 613 27
2863 3773 44
2510 2185 83
322 3891 95
3806 2936 50
50 3800 24
3099 719 39
3040 136 95
452 1903 80
3976 1743 79
1707 3636 84
198 2277 47
3169 2231 87
1758 2149 10
1927 3439 44
4062 2722 76
4033 1983 88
385 686 31
2612 3107 99
482 1230 82
2002 1378 44
308 2420 33
3236 2190 96
1662 2448 71
2054 1775 19
2932 3041 76
283 926 67
121 433 98
2734 940 27
2936 610 68
1214 3558 60
3616 2784 31
619 209 19
246 1601 94
905 2035 34
3660 3590 95
696 63 86
1144 2691 79
3373 437 18
36 1492 11
2815 2045 52
3872 3457 62
3242 169 27
1010 2940 81
2088 408 50
1554 231 47
2935 2749 38
2044 2282 28
4106 2107 50
805 1512 41
2635 2517 12
3475 708 81
1023 161 48
2069 258 48
3644 509 15
3808 1872 71
1297 933 49
1789 3204 66
2591 1501 54
2984 2751 65
785 2258 30
2125 1955 68
77 1129 93
389 510 99
1795 1759 12
1002 3568 36
171 1752 100
2651 985 90
4098 3577 53
2705 3946 84
2682 2711 73
2318 4068 21
258 3092 85
4055 2277 21
2970 1475 86
1784 1526 42
440 3387 98
2117 2003 69
271 2443 91
3305 4020 82
2557 468 84
1410 658 45
4073 2464 39
2077 2371 51
698 3751 11
304 691 88
3508 1634 63
4061 634 27
1575 636 15
762 761 52
2103 1277 12
841 2398 35
785 985 12
1848 2231 20
3165 3544 26
2578 66 64
3867 3280 43
2694 3379 91
2868 2501 37
1609 163 42
1416 737 87
815 4017 11
1634 1043 10
4126 3860 57
1806 3627 12
1926 1858 13
64 2188 68
1581 522 12
2518 529 36
1541 1840 72
1712 1444 50
1597 1972 84
1336 3999 64
3655 2907 70
2603 1559 21
1281 455 51
3331 574 22
3120 3318 16
1664 3636 55
779 3648 43
2460 407 50
2526 2212 27
146 2982 39
1370 696 88
733 581 96
316 1969 22
2815 3166 56
3372 4041 30
216 117 90
1786 2061 53
256 3258 95
1695 507 81
1266 1031 85
3663 1849 21
823 1218 99
781 417 86
3235 1549 18
1323 2032 29
1077 3983 56
3741 3874 35
1092 628 49
3393 2391 44
3281 3034 44
3645 13 65
3927 1190 47
1756 2216 53
2286 1139 70
736 1074 62
3667 2100 76
1959 1866 32
1715 4117 62
3994 3373 87
38 2813 54
1433 2161 55
45 3716 54
2951 612 95
683 1106 50
2849 1344 45
758 4131 81
3859 3839 84
3674 4002 49
1532 3388 80
3579 3477 90
1383 414 42
380 3902 63
3367 3634 44
476 136 66
2090 2676 25
996 50 14
3376 1869 36
1961 2726 83
2147 1334 69
2054 3466 28
776 3708 46
3005 471 66
1667 4026 97
1897 2300 69
656 3862 73
1371 2623 74
3801 2151 20
372 3994 74
2558 7 30
1799 1580 14
2135 3100 38
3206 851 57
32 2557 55
1896 1653 41
2163 2089 89
3223 2329 32
1382 3269 35
1976 944 34
2824 2035 86
108 2193 66
1225 2064 32
4014 2493 91
2534 1640 89
352 3775 73
1768 3099 95
262 2289 42
2819 1454 74
1855 1670 86
2663 3393 93
3472 1798 24
1134 931 80
322 3248 87
3137 3021 58
2713 3473 73
1292 352 13
1923 230 62
2889 1369 79
2865 132 33
3159 3205 73
3184 1722 63
1265 1556 28
2684 1291 93
3226 2028 94
442 859 94
130 1868 62
3777 3346 56
1050 4105 83
1624 71 28
2165 144 27
639 604 50
1228 1310 36
2679 1889 82
791 2076 54
3810 4102 49
1861 1375 18
3420 1891 80
2521 3987 97
1855 3411 100
3777 2882 18
1566 3019 38
1895 2671 62
1928 2792 27
593 2272 37
1235 2445 90
3627 2881 59
1533 2704 75
1660 3041 18
85 3534 91
3805 3498 18
3127 2335 38
3789 341 75
2808 3570 77
610 3505 81
2343 4063 66
3938 156 75
3720 2625 100
258 3574 76
4046 2106 39
3644 3601 32
2379 771 37
2890 2671 90
745 2982 33
3558 404 66
1598 3715 81
190 922 97
226 1342 31
1779 2877 29
3296 1345 81
2378 828 15
993 1411 71
1668 252 36
1624 2758 86
4005 2936 57
3363 1028 39
1619 3170 90
1116 3086 49
3002 2028 95
1573 3733 51
1975 1226 83
1459 448 45
2183 3952 41
397 3035 75
98 3512 29
2624 3004 77
3993 671 34
3702 890 30
3476 2165 30
3982 2282 58
1444 1120 98
1468 3851 31
186 2885 15
4081 2061 75
772 652 93
257 3716 54
412 41 99
441 1573 90
376 2298 76
1366 1608 35
1153 3137 70
513 2032 84
2161 3285 36
1227 3782 86
3377 3681 42
4023 3693 49
1414 2688 68
273 1868 91
1145 2228 74
3678 1917 46
1658 3941 52
447 729 73
2980 2889 12
1090 559 14
4041 1477 96
3087 3727 13
2468 763 82
58 821 75
3104 2136 16
940 1859 31
461 2200 85
3030 3036 33
2498 1858 46
3671 3021 96
2281 2863 35
2383 882 46
1054 2362 30
3702 2572 58
708 1086 20
3779 100 54
2161 1898 11
4127 1284 88
2648 2903 84
424 868 26
1773 3282 17
1660 962 59
58 3390 49
3077 2961 33
3668 2352 59
12 3925 77
1589 1666 30
2854 2626 93
636 3963 76
2897 3066 87
1448 1136 60
1667 2329 83
2237 3360 78
1798 3170 15
3157 1932 96
3226 1810 57
1674 706 60
4111 1650 31
1910 1737 97
3523 2514 88
1213 542 53
1714 1809 28
297 949 62
1974 3785 91
644 3161 30
2436 2624 92
310 3347 83
2465 945 40
1112 2330 34
2310 1063 64
1035 638 42
903 2237 99
3533 2949 79
2598 1631 81
2176 1815 76
2808 2873 46
2653 1444 51
3399 4125 70
893 2312 76
2137 3675 34
49 3774 24
2383 3402 39
3023 2393 23
2220 2415 51
1264 406 16
3839 3418 98
900 2442 48
3100 1579 59
1279 3458 99
1654 331 97
2468 2838 84
959 1040 10
1599 3550 85
1584 3591 56
3043 2051 98
1234 1010 26
2854 974 24
239 1781 59
2347 1439 29
2583 1159 89
3132 2916 88
276 419 61
838 2606 18
4058 642 98
2646 145 57
683 880 71
3362 685 67
2799 3989 95
985 3266 84
2215 323 86
2725 2289 21
1382 2879 25
1667 638 27
3444 1779 34
875 915 20
2834 1487 98
2011 2477 84
1155 1492 84
716 1759 17
2318 3386 29
389 3931 26
864 3121 71
2939 3488 50
242 2038 94
3261 4031 52
2501 3492 60
382 3538 100
3171 2039 66
1403 1657 95
3823 2725 14
2212 3701 21
1061 1745 75
1231 2726 66
1614 2789 60
3899 29 58
3860 2528 16
3909 3451 18
4019 2747 90
3127 3891 85
2017 934 83
2112 791 34
1335 3705 48
2947 3720 53
2558 4088 96
2722 1925 25
4069 3215 20
3708 3136 22
1774 3260 17
1 3512 43
3148 4046 49
739 178 10
535 2031 53
1651 1947 66
3832 1027 19
813 357 35
2573 4076 40
1641 2253 90
1488 2428 45
2263 2607 85
3201 113 63
2758 3352 54
3542 2438 77
826 266 12
3212 1087 81
3666 2268 44
2330 4032 18
808 1997 54
2262 2383 49
751 4065 94
2652 3184 87
443 3218 59
1093 413 38
2586 1456 56
2584 176 92
2792 1402 82
2590 667 17
407 2712 19
1599 1051 95
3030 1429 44
1368 1745 28
799 2940 65
3264 2522 93
1106 637 21
1971 1553 37
1396 3348 41
703 396 37
2861 3643 79
362 2949 36
1750 4125 98
2982 724 95
2413 1739 12
1137 4083 33
3623 359 86
3083 2208 71
2895 12 64
49 4074 77
3296 2939 19
755 2288 59
1498 635 78
2267 3194 77
3595 1949 70
1094 3953 24
1732 2959 80
868 1303 77
831 1418 95
3205 1109 83
722 3641 88
2741 1052 39
1724 2421 12
313 959 18
2204 3928 14
785 3764 82
2735 1379 85
478 1974 53
3000 1617 47
1209 2409 18
2895 1198 97
2454 1628 69
1437 1798 49
3094 2286 61
3843 1486 90
2331 3118 96
3637 2103 48
4132 607 30
2269 3203 50
1801 2388 38
38 2207 52
2677 3330 93
349 2336 54
2294 79 28
3201 1694 15
890 127 98
3324 959 73
3781 58 79
55 505 50
1798 404 97
1554 1833 17
1884 2088 21
649 1962 23
1639 2845 31
2686 391 52
1576 1780 27
1311 3412 82
1386 735 40
4010 363 87
31 719 15
3864 3006 47
2557 1407 36
1148 980 34
3830 637 86
1131 2413 57
1306 86 43
3947 191 68
2249 2331 100
2573 571 88
443 902 81
165 1047 67
3649 1103 63
913 1879 46
3722 1660 90
194 3544 25
3702 3676 11
1709 2871 29
761 3394 82
3381 1371 88
898 3274 83
3876 314 26
991 1602 20
800 2180 19
798 357 97
1599 891 14
2091 3807 71
2499 3967 73
3917 479 78
3435 2590 63
4125 2613 37
1260 460 82
1518 1962 83
724 1657 12
1811 2852 99
3142 737 20
3708 1141 25
2222 253 57
1120 3429 64
441 1371 91
2804 1243 13
3666 3950 70
2007 3723 34
2660 949 17
800 1482 37
2111 509 91
334 2458 53
1458 995 35
2194 1280 28
2354 2434 21
1290 3334 46
1084 1349 22
3972 3712 94
2893 1445 79
1513 1767 44
3865 2148 62
1753 1552 72
2372 3515 56
2919 3778 14
3285 2756 99
829 3187 65
4023 514 42
2969 2474 53
774 2390 17
2777 705 28
2764 3012 25
1239 1772 50
3796 2808 24
2133 760 79
701 3886 84
327 3595 32
349 3941 55
597 1563 75
3963 4108 79
2373 2576 88
304 2544 66
2795 1458 67
208 857 61
3128 3758 31
2903 1302 18
923 1174 47
1950 3819 39
203 177 17
3123 4093 44
2567 3662 73
2747 855 68
2404 738 68
2158 2643 34
3538 401 32
707 4040 83
2505 1126 84
3445 3662 13
571 2155 67
3724 926 15
2780 2922 53
848 678 12
57 3322 34
662 3822 68
395 2458 64
3568 2546 43
3795 2435 43
2669 1505 84
2314 1757 30
3074 4048 24
1443 1137 37
1287 305 71
2408 470 33
1604 1021 39
2173 2468 45
3480 879 64
3338 2311 30
3424 347 40
3487 3900 80
1452 1914 47
3585 1852 39
3372 3250 43
2107 859 61
2672 1654 19
2350 100 52
824 1933 57
3011 1689 71
593 3316 22
3574 431 88
3774 17 70
1650 3222 43
2560 3095 83
822 2784 69
913 3398 44
1938 365 59
1353 1952 55
2251 3947 27
2429 3814 92
3337 4124 36
2566 3271 88
1153 1294 42
3128 260 36
1917 3572 22
1124 3765 22
280 2405 68
2639 2342 65
1447 1378 42
1753 51 17
1720 606 93
119 2580 57
4123 2709 95
3011 1872 32
2544 2073 89
3144 882 26
3476 4034 15
987 593 18
3725 3314 14
1524 2595 11
2556 3486 36
3371 1734 58
379 2998 55
1718 1849 59
4087 1974 79
1065 1164 43
295 1840 69
3855 1025 74
600 4078 82
2664 1744 23
3767 2545 47
2420 1826 58
890 2100 54
3329 1145 44
74 706 65
1683 2254 32
1647 4114 84
1404 3661 80
300 1269 95
216 949 50
1382 1657 24
2761 2021 89
1170 2537 95
2209 703 19
3073 374 63
555 3070 47
50 208 46
3422 2334 12
696 1695 87
3849 133 40
978 1181 65
847 3968 32
1654 989 74
1132 1308 100
204 2741 93
1136 946 12
1511 3881 17
1006 1801 90
4053 2388 60
663 318 52
1614 1937 77
992 3748 25
2460 1587 16
1049 2393 77
806 794 73
756 62 58
395 16 54
2642 1129 51
3414 3001 20
1172 1833 90
3953 2115 90
3886 2455 54
3419 3997 73
786 3128 44
796 1699 43
2741 3424 45
1483 1578 60
3671 3169 46
1323 722 65
231 2634 40
1006 3504 12
180 452 49
3852 362 42
2446 1982 13
2732 871 45
444 626 96
2821 729 53
3979 483 47
2157 1715 31
2726 72 51
28 2991 47
4082 3179 47
425 1766 27
2590 1382 76
2932 3465 20
3946 1636 52
2031 3837 57
3578 2438 16
2132 2948 70
2382 1441 62
2992 3683 55
2978 3397 81
142 2283 57
2604 533 77
602 3082 24
2516 1050 59
2281 14 68
245 858 27
775 2353 24
2640 76 79
622 1696 66
4036 2186 20
3405 3176 73
813 1212 43
2921 3118 34
1379 990 46
2856 1808 56
98 3821 62
1155 4095 33
1310 472 61
1052 1104 39
10 2559 91
563 2845 50
1892 1967 93
2523 3559 12
1059 3977 66
3544 3033 70
114 3137 21
968 271 46
1879 1642 10
2982 3991 63
2261 1105 98
579 4055 72
580 2705 40
1374 2686 61
3655 885 64
1282 3429 11
2402 2381 55
841 727 67
3666 2461 79
1884 1608 50
1944 216 90
3603 3926 69
2657 888 57
2005 2607 89
3877 3253 15
3024 3563 66
3563 263 44
387 3076 69
3690 3450 21
2272 175 89
667 913 34
3500 1295 15
2943 2126 23
2489 397 97
1562 2808 60
4097 3626 82
1164 4063 75
2019 3569 87
1227 2099 17
3206 1939 98
1912 1868 10
1745 3976 71
1345 610 94
2978 140 10
3769 2023 28
1975 3515 32
1732 1105 30
3413 714 19
765 46 79
3957 1748 42
1449 3297 63
3465 1809 35
1786 3340 81
2674 814 45
2317 2941 30
2999 3361 50
3011 740 68
756 972 55
179 757 89
4031 1383 48
2756 3928 69
2038 3237 12
2466 3505 14
1480 4051 90
372 3421 86
2483 2579 41
1428 938 24
2600 1228 14
2326 1014 24
3233 1396 72
1126 1094 13
2250 3301 77
2359 438 85
3226 1925 76
2276 2486 91
2937 678 73
3727 750 33
3946 1481 49
2054 2473 45
578 2511 14
2767 3747 33
4027 3336 68
1776 453 37
2367 3461 97
2621 546 35
3401 567 15
1526 2156 34
260 453 69
2793 810 36
2268 986 21
4077 1692 68
2397 270 43
599 3021 56
1833 3725 87
2062 3470 98
3762 2933 32
1038 2066 83
2761 1424 91
2949 4036 21
3278 692 47
2227 4068 81
103 1000 58
1467 2456 70
3303 1404 94
1836 4085 11
1713 1279 78
3547 124 65
2298 1124 93
2380 1525 99
7 1478 44
1181 395 77
2714 2445 100
3600 2337 40
882 3044 26
2152 1880 15
1014 2881 74
3861 1195 36
3254 2311 79
2078 1718 73
56 695 87
3287 4046 87
2370 3545 38
3926 1225 11
3834 849 41
1496 1842 39
2674 3183 86
3209 3037 22
2392 2425 100
2588 2168 30
742 919 21
2527 1369 25
470 495 78
2156 2470 84
2152 1885 41
260 3332 20
1306 3761 50
1950 102 39
2492 3783 41
436 1628 32
1277 3681 72
2949 2362 10
1182 3568 57
2566 200 80
1727 999 46
52 928 26
1264 1547 97
1189 953 25
3247 3085 93
3535 3793 62
1386 30 36
1831 1705 15
3700 1641 41
3143 2785 49
841 1137 23
2058 2084 75
1295 279 62
3729 2518 20
3164 4082 40
3098 1958 36
460 567 12
3071 3748 45
402 2960 65
648 578 12
37 218 10
3156 96 63
2381 2144 41
1080 3201 94
2291 1593 96
941 3835 27
210 2915 95
267 298 51
3304 2611 15
2138 2229 78
4012 1287 47
503 1275 57
1431 1448 98
3774 3376 51
2390 3325 84
49 1689 55
2285 2099 85
3513 2308 52
3498 25 87
2887 37 70
3835 264 82
3871 2988 64
361 1652 53
742 621 77
1601 896 55
3834 3366 50
3456 1245 87
3258 352 24
384 1427 42
1658 547 42
1039 2909 98
3335 4082 97
2761 690 20
2197 1703 84
3852 663 80
13 2347 82
1417 3377 11
2855 3515 35
92 3236 41
1188 2211 87
456 1108 91
2434 4026 94
2648 3177 47
3281 2055 47
1671 398 53
639 577 93
3113 994 75
1981 385 67
894 939 37
3261 2271 70
538 2463 35
517 477 49
3433 1524 61
2360 180 74
318 2309 55
2861 3921 66
3528 1204 41
2940 696 98
3729 1909 67
1329 3409 57
2810 2451 62
144 2891 10
1188 1776 96
254 3827 71
1991 2003 41
2594 3698 67
2857 3269 62
473 1419 63
179 652 84
1453 2443 23
850 1712 66
3869 758 78
1333 2396 31
2283 3796 43
1901 1561 25
3030 933 90
942 2748 52
3134 2698 86
1570 2054 18
1164 2 31
580 3849 64
2957 3742 63
1739 2991 20
4026 3039 42
2924 488 44
3846 999 72
1506 1265 24
1712 1729 97
1692 978 71
1245 2914 87
2826 528 99
2509 521 100
1862 1662 10
233 3077 87
4075 2850 37
1983 3536 50
2582 1964 90
1684 3374 81
794 3749 91
2329 3317 68
632 2411 78
1361 2617 53
100 826 30
3629 2081 43
1626 700 55
1538 1101 14
2133 1392 84
3380 1137 47
73 587 86
239 27 35
2205 3790 17
3416 253 100
4053 1650 50
654 1633 63
3957 3915 44
1157 2477 58
2836 1560 85
3493 1259 86
849 2342 31
711 537 32
3693 3405 55
3880 2004 11
2770 1507 71
3603 3801 39
4108 3514 76
3310 576 95
4098 1198 63
2599 1414 30
2370 4112 14
694 2680 27
1898 3270 68
305 3770 48
2606 27 37
1549 610 79
3517 1926 70
649 581 73
3325 1235 70
4085 3902 27
601 137 24
701 1862 50
945 4059 35
692 485 30
3371 4045 84
1751 3554 28
3941 440 49
2587 1492 23
846 1350 69
3360 3652 14
3143 1621 99
3592 3386 75
2193 585 69
3585 1465 29
2075 3408 37
3544 3823 14
2771 1508 32
2934 3158 83
3554 487 66
3601 798 99
1725 2727 50
2452 1383 42
3567 1391 88
3919 1174 72
406 525 41
2494 427 39
3089 765 33
2285 3108 36
2061 1395 52
1971 3244 47
1087 3873 31
2666 2231 47
3235 3287 29
2481 290 69
1477 2759 26
956 3013 58
2954 1481 96
1381 2205 61
1654 1354 62
3417 604 57
3469 2602 47
3578 1553 27
3310 3376 95
3146 377 74
1266 1578 30
1074 2072 97
2968 1948 93
33 1632 92
468 1065 74
2169 3493 68
1387 1236 13
2761 1320 83
2873 980 59
2432 626 78
3238 2802 86
1848 3138 56
796 2378 78
2679 4078 32
332 2165 17
3668 1973 57
127 3956 100
3368 2319 51
2086 317 39
2563 1831 43
3953 3288 77
1352 2584 92
3553 467 26
67 2121 22
768 2452 46
3349 375 65
1465 842 63
2696 3171 58
3578 223 34
1473 3007 18
3876 891 27
1730 2576 29
483 1641 72
1854 1200 13
4020 3426 100
308 1561 56
1990 1630 27
1261 3947 10
2059 1735 45
275 572 41
2933 730 100
2610 2556 49
240 3298 57
3548 1824 96
3661 390 32
3104 2576 53
3203 3999 16
2173 3422 91
413 2270 28
2944 3011 14
951 1484 96
1649 3854 62
3679 1344 33
2460 638 70
2734 1060 70
853 1018 85
1723 2184 16
3498 435 37
998 1655 11
2987 2856 73
3104 83 89
1470 1681 78
1149 1883 26
876 3399 20
2064 374 25
3801 541 43
70 2882 10
1036 270 42
4075 4012 92
475 9 82
1399 1956 98
3239 222 61
1104 1371 12
3371 925 74
2971 2898 64
974 947 81
3309 943 94
2405 2352 22
1874 2792 24
3585 1239 41
1812 3273 59
2204 4028 33
1981 1535 59
2059 2487 43
2767 4013 23
1992 3634 99
3002 935 28
1173 2854 97
3387 464 61
3474 3415 90
666 3323 50
459 3566 29
3899 2318 45
1391 3033 38
2738 3583 84
782 2711 95
3770 631 71
2230 286 67
842 374 92
2661 2483 76
2253 2574 49
1727 1758 11
2777 3444 74
212 1064 68
1450 1598 100
1627 743 14
851 2439 44
2175 560 17
2348 1947 81
2631 1956 96
1971 145 42
2203 650 65
865 1545 69
3000 377 16
236 3123 94
2344 1675 39
2811 3751 80
3873 3303 28
2566 3943 27
3248 3978 19
3600 4073 29
2274 2420 100
570 2993 94
3965 697 40
629 2530 90
3536 2207 13
1040 1227 67
3854 3933 84
864 3273 54
3611 2502 62
893 1734 39
770 2770 70
718 1865 51
123 1916 39
2187 2111 52
2704 1204 60
2573 69 94
1927 1700 99
2767 3767 11
2276 1231 19
3507 726 95
61 3566 15
3179 854 16
2678 2409 27
3151 3200 84
2299 3469 85
1978 2720 94
2633 1204 26
2517 3847 86
1788 2263 16
3357 3875 14
1970 3909 66
3511 3066 91
510 2913 88
503 1279 60
110 1984 23
2147 1327 68
490 3622 24
2040 1116 92
3244 2651 22
1033 2108 57
3907 3107 80
3970 1018 26
3148 319 80
3808 36 60
2728 1723 50
691 1209 82
1458 1555 74
2249 2554 62
1967 1530 71
2054 1381 41
2353 2900 73
216 2271 95
251 2343 28
2370 1050 12
3599 356 42
3095 2302 57
1082 2497 40
2258 2034 83
3391 3939 88
2980 1124 63
1747 871 82
2942 497 99
2332 2508 45
3098 4087 83
375 1158 55
3593 3622 29
1924 562 84
2938 3126 93
2000 1074 72
342 3246 81
1975 1338 52
3827 1527 51
3387 3945 46
3774 2727 16
1024 693 97
1610 227 55
4102 72 83
3026 2296 32
2078 3282 77
1370 3344 52
2986 1841 45
494 211 64
1216 3120 56
3326 72 95
684 2048 49
796 1987 50
4082 520 52
1952 4029 93
2105 999 23
2559 2915 21
2704 2 27
1155 1322 79
3782 3058 58
1847 2097 93
2048 2139 12
3492 1696 59
75 891 40
1013 509 64
441 1752 30
3748 3641 23
43 565 30
886 4007 65
3289 3163 40
3754 3634 100
528 2106 64
1541 1955 35
472 1653 14
1232 3900 53
3199 2550 21
1184 2270 71
3377 147 44
117 3812 90
3537 1155 13
207 3164 98
1319 2707 89
2838 2459 78
1118 2998 30
678 2465 53
728 3374 21
2494 2091 95
2855 3674 26
3145 2512 94
4029 1736 49
3418 3252 91
1464 1677 40
212 924 45
2970 842 23
403 1568 31
3247 3667 63
303 35 50
4042 3779 24
174 1082 64
1842 3660 65
2078 165 82
4037 906 66
2339 179 83
1393 738 48
705 2941 73
2496 3866 29
893 79 47
1501 1671 42
1345 400 71
4055 2096 95
3419 2828 71
4000 2829 34
3228 1699 70
2408 785 11
2311 3287 98
2531 1103 68
309 2787 35
4102 3838 72
518 3573 43
3874 2553 79
1004 1559 52
95 486 50
1129 154 78
2200 765 10
1913 3705 86
3865 1833 28
190 650 39
3555 1945 84
2699 737 61
4113 510 12
801 545 90
2455 1154 32
3883 3938 97
3011 433 56
3523 2898 80
2224 2234 40
3587 3793 10
877 1197 58
2434 2706 84
3567 3207 37
2713 3536 38
3 2396 97
3827 2621 47
2407 3959 89
1709 606 35
2731 1375 13
1017 1894 58
3114 4049 65
986 3867 91
2192 3387 60
3359 444 43
3336 2341 36
2836 2918 98
4121 2426 97
408 3905 46
3359 1808 44
99 1650 27
632 1636 24
3613 1621 65
455 2696 70
2022 583 44
904 511 53
2647 52 45
503 1377 12
1802 1480 12
980 3793 10
1485 2488 52
612 2966 50
3422 4134 88
723 3470 47
47 865 76
207 963 24
2479 1690 74
2353 482 41
4005 612 38
2029 3667 59
1642 1034 60
744 3514 66
3638 487 26
764 1024 36
1075 1698 29
4032 1992 99
1825 1610 20
2518 3415 90
2948 3948 57
702 295 44
2533 3050 10
524 1076 62
855 2409 39
2702 2815 42
1196 2574 42
1532 2070 30
2545 2036 10
1202 569 96
2320 2525 60
2390 1263 45
991 3087 31
494 1021 21
3139 2184 80
3311 692 53
1497 615 28
3437 2631 88
1941 1911 12
585 2819 32
2297 343 93
2745 3845 55
92 1872 24
3396 3732 78
3460 1173 95
4030 880 83
3554 1552 30
1943 3327 88
1886 1443 47
3414 2504 49
1164 2995 99
1640 2622 57
2395 844 63
487 2522 26
2026 192 36
169 247 96
3828 1864 30
2748 2556 99
1403 1008 30
2233 4020 77
1197 2649 85
727 1372 92
1708 3207 35
414 318 32
63 282 58
1537 1167 35
351 3403 58
261 1103 86
1367 1901 93
340 326 12
658 906 61
3521 3829 57
1267 757 96
3782 862 46
3980 3420 82
1190 3452 30
977 661 97
3239 1772 82
2982 2992 52
2918 629 50
361 328 57
1411 2460 33
3391 3366 96
2821 1710 62
2674 3695 98
70 1327 88
2555 1807 61
2094 2581 71
2362 2038 91
841 3464 54
473 261 42
753 3076 71
470 4100 37
3135 3859 12
3229 1293 84
367 1127 36
3988 1526 25
3480 3813 89
574 3266 54
3482 186 81
276 3979 73
2645 2310 54
3871 1959 12
1200 3728 79
1449 3228 19
3933 1235 15
1677 3625 97
1043 3395 45
617 3018 49
2147 48 67
1528 1559 78
1139 1211 73
3214 2230 78
3773 2462 85
3509 213 78
309 817 95
1734 2497 97
1236 627 30
2286 954 79
57 1037 55
3654 3954 90
3633 2262 41
1952 298 97
2050 1091 30
3921 3681 54
3402 2587 69
1658 1828 93
2665 1062 10
1860 2385 28
472 3937 24
2059 2429 42
1519 3609 39
1745 1107 65
154 1222 74
3166 667 32
3046 2123 10
2657 1424 32
3882 1178 35
883 1365 93
3669 3019 43
68 2168 53
3784 2946 28
4020 2659 32
2436 598 56
650 3829 47
294 4055 81
1883 12 38
202 3032 28
3465 1460 66
2581 849 66
1534 1614 27
2843 1545 70
1574 3226 44
3890 19 11
3031 4003 36
3253 1571 28
3447 3875 83
1270 404 49
3072 466 53
262 1551 88
1673 3644 18
2448 3096 44
3011 3079 61
1167 914 95
3337 861 50
1096 4069 29
3647 1582 62
2063 2954 88
1152 2070 60
43 1064 24
2574 2378 71
3041 659 59
2712 2802 70
326 1227 58
203 865 32
454 3849 32
3248 394 54
3134 3831 20
1192 301 91
3696 580 95
1930 1840 65
4002 2184 67
2939 3911 90
2515 1715 43
175 4013 28
2237 1656 59
965 1300 49
2304 3868 32
3250 1625 68
792 1569 79
770 1561 16
732 1994 91
3082 3507 69
965 2268 21
1831 1399 94
1277 859 47
1779 2464 47
1721 2930 90
2906 3330 30
2004 3570 68
2091 1609 84
1247 1579 67
1875 2269 27
2885 3904 74
1141 1415 64
1724 1041 68
1617 2985 91
3957 2429 55
1193 1716 11
1633 832 76
255 3333 77
1883 1706 29
1852 1374 55
3183 3006 19
3967 1668 15
332 2278 85
2268 1221 37
1354 2859 70
3494 1853 43
3166 1483 34
2832 3622 16
304 3406 37
1367 863 47
4126 1936 32
1329 883 67
3058 2386 11
3063 2916 57
1812 1232 16
2206 4015 28
2249 3460 34
129 1868 59
3565 1287 59
2447 267 51
206 297 91
1819 828 87
3468 2715 26
2303 155 85
2642 1207 23
712 485 55
2585 264 19
1155 141 25
3997 1185 78
3799 2247 10
2999 2320 24
1396 3935 72
1846 2598 30
896 441 82
3639 1165 57
443 2109 12
1010 3145 72
1121 2511 46
147 558 18
3608 266 79
1239 1215 70
1685 3266 85
1215 644 29
135 2717 20
253 4105 79
2355 1663 91
111 850 33
2401 2978 64
1134 2144 75
3501 2389 33
1755 1821 98
2157 2044 12
547 2596 44
2298 1631 54
3606 847 85
3479 2684 25
1236 3285 96
3695 1350 93
2536 1610 38
1362 1490 96
1325 3661 99
1166 201 27
936 3501 99
1245 296 71
1254 3192 19
3725 1046 16
448 2787 61
3117 1674 44
705 828 81
1978 251 32
3936 3906 65
712 3205 85
112 1721 68
2360 2407 33
2280 801 40
3741 3492 15
103 2508 63
2974 1517 98
2785 837 88
79 1805 81
3308 658 97
3678 1479 53
1925 418 47
2625 2826 54
676 1296 74
1218 1931 83
873 2410 80
4017 153 28
1356 3920 34
1463 4051 20
1740 205 61
902 3907 92
1992 2459 64
1302 2357 38
2033 296 19
1462 1846 98
3343 786 66
200 1477 90
1159 277 91
3404 3639 14
3841 3444 84
266 1876 92
3009 2463 85
1875 3293 37
2128 145 33
863 1176 77
502 2701 26
4114 2875 67
2537 2430 10
3060 4105 66
3088 3979 18
2745 1988 27
1570 3442 99
1700 1008 94
115 3766 77
378 2677 96
1523 1316 25
483 3680 58
818 2989 23
3740 2929 18
2178 2747 29
3230 3743 53
3250 3978 38
3050 2060 23
750 3290 61
2214 1208 88
3484 2258 71
160 1646 86
2826 2509 86
3135 517 50
1449 2570 81
1962 2095 42
889 2164 75
2143 4095 16
480 1535 44
1188 1781 17
730 628 81
4001 3719 12
1376 2246 97
719 355 50
2184 439 58
1691 3057 33
3557 1272 32
657 481 48
2282 1053 14
1256 2954 76
3746 1194 80
1495 3156 96
1091 2702 65
1774 1398 99
3031 2066 35
1977 387 27
194 2229 98
2400 183 12
1214 2122 70
1123 2338 25
2335 521 50
3618 1593 49
26 454 62
3077 1189 58
2485 1418 84
1003 2838 51
1612 1364 81
935 1175 68
1314 258 52
1373 1027 42
3234 3479 92
2313 3964 39
2862 610 98
3973 458 42
3950 1811 46
1674 1509 99
3066 2254 33
3250 984 10
6 2742 12
3669 3511 46
1454 456 45
4044 2533 23
2867 86 12
3278 3642 88
2196 415 29
1644 3921 79
1391 3457 86
3925 1634 34
673 2023 73
3047 2023 96
4025 2176 96
758 4101 68
3258 1394 85
912 823 18
1192 3452 58
3589 3105 39
3609 224 95
1483 3409 99
149 2222 82
851 1951 80
2093 1407 53
3115 1717 26
3804 379 44
1753 4048 94
4008 2037 61
2180 67 90
2612 802 60
266 2622 27
2052 1332 66
1664 2485 23
2847 3417 46
3631 1747 54
3772 3537 69
3606 2926 41
1036 231 37
845 1310 47
137 1089 49
204 2331 95
3866 175 43
757 2221 57
3604 2867 31
1060 791 43
3857 515 14
4028 911 71
3945 2348 48
2371 2632 58
3091 1141 27
1873 1334 56
318 1757 80
2402 956 34
35 3483 19
2401 3559 86
170 2813 65
2980 298 77
4110 315 30
914 2767 73
2047 3391 22
1396 1405 86
3422 2884 97
49 2108 72
545 2172 68
3609 939 21
829 3556 19
1030 2131 35
285 1571 23
515 744 35
199 4133 88
4011 1481 56
2493 1403 75
3237 366 27
363 3487 50
1526 2819 100
3216 3943 19
2110 865 19
1304 2174 100
1399 3285 11
3876 693 57
1804 3798 93
2785 2027 76
2792 288 72
354 2194 64
825 2440 39
3018 3465 31
1175 2212 42
1476 3260 97
2875 3713 60
591 2311 85
3351 727 50
2917 2018 81
3319 1035 75
2060 1844 19
140 270 93
2494 1687 27
226 235 31
2069 235 51
3336 754 30
384 2641 45
178 3427 12
3863 733 35
206 950 46
1639 1674 81
2432 2379 25
769 1256 20
2971 440 96
2654 2882 98
1151 2243 55
2254 3711 72
2346 2859 75
2972 80 64
3387 3242 84
301 1468 72
547 491 75
2577 3733 96
1235 426 36
1097 977 39
3471 1367 82
818 1510 66
2434 3132 50
2590 3152 48
1542 706 62
2722 1745 73
2390 3735 83
2839 3794 88
3249 1390 59
3082 839 12
2962 323 27
1975 1463 46
2488 2734 44
73 2316 93
311 165 67
440 2651 70
3484 2357 38
2122 386 82
384 3134 18
1058 3895 73
3188 4030 85
2268 1655 68
1887 1744 39
3011 3701 37
3187 2884 30
1469 1364 73
3344 3762 98
2909 2348 73
288 803 70
1261 1790 48
1204 3495 56
3928 3428 53
1300 1154 51
2437 3118 58
3111 1205 53
2814 428 23
885 3946 24
2663 1160 83
508 2810 23
2806 1102 98
447 47 17
3373 510 57
3111 129 71
1968 1670 19
1282 3470 56
1759 2820 63
3043 4002 28
3491 327 96
969 1908 55
756 3594 59
4068 963 72
2020 4100 17
1108 1241 96
2010 962 96
3951 2827 98
2093 2446 22
3908 2523 78
534 1403 35
2763 1450 60
2216 1505 63
1339 1904 79
846 4042 96
4060 3366 88
689 2764 79
2225 2056 58
1464 338 14
1999 922 78
2765 565 92
1149 3700 71
70 1987 62
3873 4051 71
3117 3357 45
2115 3855 43
3216 2836 82
987 458 54
3655 2477 34
1998 2435 24
1343 212 95
2581 2702 17
121 2418 75
912 870 37
2298 2511 42
1393 3119 85
2223 2147 33
552 247 73
1917 3275 91
1435 85 58
1659 2114 75
2518 3725 71
3083 3747 72
1750 3935 14
2112 4125 89
2210 876 35
3057 204 99
2508 2978 94
3358 3110 33
3590 1647 94
2234 73 44
369 1046 18
2662 2418 10
1390 1012 80
182 3997 94
3510 3618 88
2369 3179 67
122 808 45
3234 568 68
2224 2219 36
385 1718 24
3618 2793 73
3754 2526 64
1295 3531 53
1064 4127 28
2651 3526 25
3674 789 100
3397 2450 87
3281 1124 63
2514 1359 22
2224 3688 57
3267 959 67
3914 3311 36
3599 1882 58
3297 2496 23
923 1485 36
2996 3219 98
4114 2898 15
2402 2611 24
614 252 50
335 3126 93
1923 407 53
1295 3912 38
4012 2410 61
129 3083 62
1598 2942 55
1284 369 49
2023 3062 96
676 2150 88
317 3370 84
3677 3943 44
1694 2570 34
3207 1214 36
3671 3258 100
2672 749 34
1698 3664 93
1339 781 40
1675 1013 30
4 4109 62
280 3472 34
2808 3644 87
2698 3377 82
191 2855 62
3924 3172 93
2307 20 20
247 2155 95
1136 780 70
1137 1759 14
2407 138 26
1442 2679 89
2276 3057 35
3990 3844 64
1471 3553 73
3947 3005 54
44 702 77
39 3228 90
3371 4056 44
579 2359 35
2316 241 90
249 294 35
3632 2955 31
1419 2701 23
299 3885 26
2085 515 86
3191 3483 69
399 4021 74
766 3488 49
3418 3197 20
207 3771 75
2721 1191 40
192 546 56
1667 3228 34
2760 2960 30
3131 1757 65
345 2918 69
802 1789 90
1139 3371 59
2602 1329 58
3483 3776 54
1940 3617 25
3943 3957 31
51 2284 43
524 3207 21
1123 119 13
4118 1514 57
55 3512 89
2718 3906 44
614 97 46
37 2081 27
568 2556 32
1403 2106 55
1197 3573 92
814 1696 32
2514 1700 68
1895 2009 80
2180 1788 99
560 4102 36
3332 2157 28
3759 3466 31
2609 273 79
956 1453 84
1152 2755 67
1604 2145 69
1061 1890 64
4095 2773 75
1475 1879 52
2820 1057 67
528 3704 78
2039 1053 34
824 3940 11
333 2939 99
2038 2549 61
896 3002 64
3903 431 89
3513 896 11
2850 7 13
1990 2082 55
1756 1900 17
270 884 29
2158 2132 71
519 1701 42
836 3091 73
2389 1262 40
2832 1819 61
361 838 98
1058 4022 89
1816 750 69
1893 2530 27
506 1260 57
2848 1815 41
2291 2181 11
3923 4012 19
1769 3758 76
4057 1209 18
1513 3180 37
2116 1599 25
281 1463 68
2319 1740 23
4083 3922 42
930 767 25
252 3457 89
1889 3950 38
646 2306 20
3660 3380 84
2659 1015 98
1591 2679 83
2785 361 32
2002 3647 85
2246 3155 35
3340 1394 75
1269 2430 74
1477 3936 45
2152 1803 45
1138 824 12
3684 2234 74
903 638 44
863 1329 50
2610 3338 29
1794 1343 87
1106 168 81
3102 2358 88
3603 1449 43
1004 2590 76
799 610 20
538 2457 45
2745 427 69
2456 315 80
2523 210 18
3632 2278 78
2054 3858 82
910 422 62
3312 3045 46
1902 3743 79
136 337 100
542 1906 47
2749 2568 39
2737 1367 66
3934 2735 47
1237 3885 97
3579 2887 44
269 1051 96
626 229 29
94 789 32
3521 286 59
3030 2847 13
349 771 13
2685 3911 16
3711 2639 32
2100 528 58
2806 3342 10
1803 3292 26
1482 2719 94
3663 1614 59
2135 1716 56
3037 3427 43
383 2022 91
1422 2725 83
815 968 13
1627 81 100
2863 181 39
1593 327 78
3640 3509 30
3310 3973 44
3832 754 69
46 2247 31
2683 3381 68
1485 481 100
4071 1221 12
2293 3873 14
1156 849 22
2224 2893 69
2667 2522 95
1583 1462 67
3524 3876 45
1464 18 91
3028 4128 11
3231 1513 21
3903 3887 83
3538 4108 45
3853 2809 21
4097 3411 14
1384 796 86
888 2391 50
3131 517 26
4096 540 33
3890 3495 54
2461 3263 80
1934 4048 56
219 362 60
3952 1862 40
708 2124 83
970 2368 55
3724 2425 76
2556 4098 76
3480 720 50
2761 454 65
4122 2359 93
4104 1825 39
1482 488 96
2147 1131 21
2179 981 54
2842 2979 39
4081 1805 39
3961 2557 100
790 1150 87
1972 3786 89
3633 3413 39
3631 2556 64
3275 3984 36
590 1241 85
496 295 22
2908 171 78
907 321 84
2594 336 88
216 2281 80
1817 3221 59
1953 3911 31
2315 2455 80
1718 3075 32
2974 2546 77
3184 1344 26
3637 2618 30
2861 2840 77
3334 3921 11
3136 2042 35
2633 1288 32
923 318 11
1830 939 27
2668 3533 50
3909 674 43
3201 1019 35
2971 2934 73
1906 364 29
2303 878 37
299 4126 31
362 585 58
422 2238 90
117 7 49
3789 3676 55
842 1896 47
3097 1832 15
3283 1276 20
3562 1472 72
2064 1448 94
1669 1399 13
1812 963 34
2262 1483 13
337 3055 27
2192 3822 66
484 3731 45
499 3751 77
3379 2091 48
2262 823 97
434 3863 46
2565 2683 22
2730 3848 11
371 3648 46
1688 1838 48
2208 4034 70
2216 1692 38
1487 3002 16
1201 911 32
3350 1629 83
1903 2455 96
537 2772 41
2015 1174 35
3385 3386 50
455 665 56
2649 4121 38
1441 1024 32
27 3887 85
94 2513 26
1345 3389 76
3886 59 29
2856 3812 49
884 2737 85
547 1731 91
1623 2203 64
3608 1548 17
2500 2300 88
2859 904 100
4099 1089 95
638 3147 85
3787 1428 96
4090 1698 27
3631 291 48
2597 2524 13
1127 955 46
3073 2502 28
2581 3272 22
1758 2026 29
2331 2046 45
2342 475 48
2147 235 67
2443 1685 59
2673 2262 98
369 1123 24
2044 3664 37
969 757 32
1608 1661 34
233 761 66
140 1302 84
3483 3314 22
2113 355 76
3463 3620 29
2211 1846 61
3512 564 60
1295 3863 31
3585 2818 56
4118 1260 85
2161 662 64
1651 1475 35
1729 3992 25
1883 333 30
376 2192 98
2304 678 56
1294 3330 21
2926 3941 31
3878 2978 51
1243 3595 26
4007 717 20
1634 1044 14
358 284 50
3144 502 41
3667 849 97
511 1532 44
2711 1973 72
3613 3136 94
1867 2043 24
283 2434 57
1437 624 12
1595 2766 72
1358 2803 80
3694 3926 63
3607 3348 37
258 226 55
2197 873 94
3165 3312 46
3796 2562 18
3537 2110 31
3056 2344 97
258 2616 84
1395 3566 62
2791 3188 14
3789 3192 92
58 1332 35
3625 4000 16
1701 1863 61
3757 2246 41
1902 504 25
2807 2776 40
3765 3525 98
3116 1216 97
2816 600 93
546 2641 20
2277 1645 100
2451 962 75
1652 333 17
1238 3217 82
2586 1130 26
2069 3514 56
2536 3711 79
2121 3216 42
3087 893 95
1984 1672 62
3829 646 100
3549 3758 88
3072 655 48
3743 8 56
1731 2596 24
1364 3059 57
1457 378 47
2892 1995 50
2307 3776 11
1815 715 87
2719 3897 11
2089 670 75
445 174 89
3406 1368 58
1828 1902 34
3217 550 58
822 3176 23
66 1149 21
3165 1554 27
3096 372 67
1386 799 66
785 2819 48
3909 3581 76
925 3306 58
976 2385 21
2611 2053 54
498 2084 20
102 154 48
2369 3487 49
3636 3107 21
2532 3860 100
1405 199 73
2107 2483 79
785 3246 41
2646 3264 64
3242 2803 61
1047 2333 11
1661 733 59
776 3330 20
3298 2541 87
2008 39 55
458 287 85
1349 3394 60
3548 1045 50
1980 4048 10
3740 1723 32
2527 2358 32
256 1512 15
2974 3687 75
2784 2691 32
1272 2815 33
3181 924 41
867 838 86
1669 3569 93
2639 551 76
2704 4121 61
3451 2311 20
1632 2494 81
1817 708 68
4092 418 33
1144 2907 16
162 955 98
172 3066 12
822 2778 50
2140 2968 78
3029 307 62
3351 1641 93
2121 935 57
2063 3048 26
1391 92 44
3297 3497 68
1651 3534 22
1793 2610 13
2436 832 87
3443 846 75
583 2637 66
645 2132 66
1240 3921 39
2424 2353 88
1481 1850 13
3035 207 36
605 2806 29
1499 3524 36
3651 1529 89
160 230 78
3675 2411 94
3475 1548 98
1652 1565 82
335 4097 70
2090 388 13
2276 2650 31
1086 1822 95
2974 983 87
1067 442 23
1351 2268 75
645 1081 21
1667 3661 84
2133 94 15
2570 3673 86
1653 3781 21
463 2257 38
1701 2854 70
2352 862 71
503 1283 17
3453 4066 39
1234 4023 80
3977 618 66
2146 393 92
3515 934 34
672 108 46
3751 1336 92
1570 3908 79
3844 1330 28
3690 3549 60
3261 1785 96
633 740 50
917 1617 43
400 4134 30
2004 3820 93
1227 2055 31
3488 2302 87
2489 278 93
2551 441 13
725 1527 54
1627 1310 99
222 544 30
2422 3095 26
484 292 19
2937 2582 90
531 242 32
2868 2719 90
1515 1948 16
653 3890 29
233 1535 97
3458 679 87
3224 2478 70
3681 937 50
2734 2152 49
84 3957 49
2662 987 72
1238 1834 88
2628 3854 44
647 2592 95
641 2823 22
3813 3227 99
3975 62 48
147 3363 46
2315 696 51
2609 1124 58
2297 2315 92
2422 3050 44
367 2204 76
2106 3404 96
4053 1773 97
3602 2064 54
4028 1470 100
2994 1267 50
1090 550 52
3088 1530 58
3709 2632 63
1595 871 67
1493 3718 65
610 2917 64
2449 94 92
142 1403 23
2881 2961 53
3505 1015 40
590 3011 49
3226 3943 70
445 1250 71
784 3932 39
2448 693 70
2536 3787 29
2406 3409 32
705 85 16
2684 2563 47
1020 72 72
3527 1520 35
3408 2560 94
629 1114 59
3385 1884 68
1788 2743 87
2967 2178 14
177 1681 47
2555 603 72
3266 2496 71
3170 3753 83
3200 959 31
234 2814 58
2655 1813 25
597 3135 41
1267 2111 44
2477 1614 19
603 3728 15
519 2989 38
1177 1657 24
2362 3601 13
3060 1257 64
1683 3321 27
2215 2435 11
879 3700 56
2709 702 47
2275 1368 36
3949 3008 75
256 1667 88
3067 523 26
358 831 30
735 37 13
343 1403 78
4056 3392 45
2034 2835 38
3649 1969 91
3799 1656 10
1257 1742 91
1300 391 90
613 3047 89
1269 2223 76
3579 1202 91
2906 1647 50
961 1036 97
1695 1973 82
774 1555 59
1758 682 47
384 2754 10
1518 1060 69
2033 1167 43
136 3839 46
3571 2921 32
1590 1047 97
3407 398 87
2722 1360 57
1687 1189 59
2794 238 44
790 2612 22
3405 598 30
2237 1102 73
2548 444 59
3508 2284 54
3863 3047 47
4109 153 69
3853 1094 47
476 1454 100
1202 493 71
706 3349 76
3556 3619 19
3114 1926 16
370 2811 21
3504 2865 50
1165 2872 90
2704 929 45
2497 724 26
3019 1826 89
3256 592 91
1362 4079 36
4044 2207 90
3927 3241 31
2824 616 44
2613 1363 75
1231 3945 34
3863 1373 81
463 3465 13
873 3815 32
3279 2802 83
2439 39 54
2859 3141 17
1334 2135 35
839 1766 36
1652 700 55
1458 3990 42
2770 2725 18
2659 169 96
1716 3445 27
1819 815 41
2115 1201 57
753 1214 38
2347 1265 33
116 1250 22
2080 417 14
1485 1395 71
1056 1161 18
3130 3380 91
1133 2334 46
651 1604 58
757 282 47
2417 3695 53
2848 1659 70
2805 1495 75
3304 3640 76
3239 2948 97
11 637 65
101 3738 82
2438 2002 87
967 478 48
804 855 36
1999 926 32
3505 2955 60
788 752 24
1094 332 95
965 492 84
3606 1602 18
74 2143 57
2119 2912 45
743 618 66
2240 506 15
1784 1643 97
2514 2179 86
1739 686 66
1645 606 15
635 3279 14
2607 2438 76
3040 2706 14
2077 87 64
2433 1763 17
1403 3259 65
1696 2554 69
2894 2282 13
213 3271 67
1821 1069 44
3392 1409 11
571 2340 74
3481 2693 12
403 3158 73
2402 3274 14
1056 2075 67
1824 591 46
3365 1944 60
4094 3108 47
2571 1538 52
1958 3708 80
525 3137 72
129 4087 48
2964 3786 46
3998 3391 82
3364 1502 52
2821 3826 59
3851 667 22
3792 188 53
2004 459 10
2276 3595 16
349 3727 53
3708 1364 84
957 1857 87
3691 1067 51
275 2317 19
2969 1248 62
1728 3651 62
760 718 27
3596 3405 20
2516 1062 100
1375 154 92
3235 1335 75
659 2328 39
527 2941 95
2033 1756 15
1353 627 41
2543 2784 16
2779 398 17
707 652 36
1344 3910 14
2005 779 11
3269 4128 46
4100 1863 40
3665 684 27
1759 2114 95
709 4123 55
3923 1736 100
4041 4061 30
2536 2722 81
3697 1471 10
3358 822 85
2158 2569 100
1536 3095 94
2057 3677 83
3782 3303 67
2550 1687 61
1263 3142 14
2624 1386 30
1714 1878 24
766 985 78
2305 965 62
2248 4003 14
2680 2469 78
1222 617 93
1818 1111 19
374 1194 17
3388 2487 15
802 124 49
3056 3863 39
3928 1012 95
208 3769 92
2115 815 64
3579 3288 40
2456 184 94
1954 1160 70
3940 1762 85
2534 3911 75
1125 3157 19
1912 593 15
1758 1182 100
1988 1609 53
3962 1160 58
3365 2300 54
927 4120 43
3354 1236 55
3931 1915 35
3106 1233 43
2458 3634 69
622 896 22
956 1071 95
1775 2277 65
3530 1654 95
3454 2283 52
275 2499 45
2340 563 88
3558 3671 13
1648 3759 69
696 1447 85
2788 1432 11
296 956 99
883 1634 59
1938 3319 98
929 2760 18
1974 3159 52
2036 1417 32
2029 1789 35
3009 910 47
3754 2809 53
1459 2752 92
3920 406 62
3819 619 18
2678 1953 10
2819 2264 52
161 402 27
1563 665 12
1941 2808 24
1989 3404 74
1020 3536 94
2963 228 30
298 2806 36
3444 1767 11
3859 1521 17
836 2721 82
967 522 12
1731 2177 95
1010 3369 16
544 775 82
1469 3521 39
3406 671 67
3158 2615 37
1573 3520 66
1580 2872 26
2657 344 90
2326 1168 35
970 469 48
196 4105 53
2140 2650 44
1860 1042 42
173 2188 45
1846 1853 90
682 1990 77
3785 129 59
3633 2506 34
2428 404 16
3354 1541 49
2544 3475 50
102 446 17
1618 1012 27
896 669 33
233 1894 88
2770 525 73
696 4025 79
2842 1247 93
1604 2205 91
827 3399 88
2420 488 27
298 137 76
172 467 70
2270 2878 32
1532 3191 58
2438 1162 48
1143 3445 92
2140 2898 74
186 189 58
254 3174 86
2453 2668 76
3859 3321 54
2705 1636 72
3910 2911 91
536 2374 88
463 4004 13
1366 224 35
3934 3467 46
1699 2817 95
1424 3135 32
1146 2497 83
1105 3511 30
3651 804 37
410 142 85
2961 2108 76
3062 2563 84
261 571 75
4126 978 44
1603 751 44
2013 3046 86
1053 2953 60
1218 798 97
2501 432 68
3535 2196 87
4120 331 83
671 4038 59
4083 22 13
3179 2155 27
937 2391 87
2688 2910 85
514 3204 92
1628 3763 16
4006 3588 24
2782 212 72
1627 1207 72
3762 3128 100
2581 888 23
1652 3088 77
427 541 57
2757 1510 62
2284 4093 49
3697 894 71
1848 528 24
2362 55 23
311 3029 69
2022 3841 53
807 2369 33
3688 3308 63
1335 2494 36
3610 2417 60
1912 3544 27
1136 858 89
2318 3823 21
659 482 96
2276 3551 44
3095 2195 80
2395 3097 75
3130 1015 90
481 3367 12
2859 1333 42
2129 517 44
257 1410 80
148 2776 22
3728 493 73
2755 2645 19
1742 3721 17
4012 2277 19
3460 969 87
4127 1464 92
2494 1358 48
122 1064 47
2832 2401 93
756 2532 28
1187 3359 86
706 3238 45
2509 1381 17
1996 3599 95
637 3968 39
2724 381 21
3099 3443 48
3882 1210 76
2126 2935 31
1254 3762 48
3346 2064 87
2369 2544 51
3839 249 62
2647 4048 76
528 1513 94
3540 2218 89
2634 3922 18
1840 1077 10
4047 161 48
432 2473 11
1503 2936 11
1475 3002 95
1435 1989 34
1238 952 90
2516 475 35
1659 957 24
509 3734 17
1665 2255 79
836 2293 38
128 705 29
3749 903 81
738 413 38
3552 1600 45
1107 1858 38
4084 2546 37
171 1703 38
1419 96 17
1666 2083 49
785 1910 52
3837 2410 39
596 2191 62
3580 2885 100
3464 2239 47
1652 2801 35
1679 22 62
795 3359 95
3579 1617 70
2771 2196 65
3874 3807 74
1844 3468 20
2857 385 88
2445 3279 63
3161 1730 69
1134 2203 60
2668 577 85
3542 612 26
3374 2433 12
1148 2743 51
1182 4053 35
2360 3775 93
3576 3613 16
2470 2124 44
4022 3278 13
4105 2691 95
3946 1620 54
2387 1511 15
1415 3008 28
3603 1275 61
857 1619 90
3894 4050 95
1405 1845 54
1335 2140 57
1152 2800 61
3279 1542 14
3392 2616 56
2538 3909 58
1543 2440 89
3605 3347 91
108 634 23
2242 1363 84
2934 2762 15
2049 3352 51
3244 3502 64
3235 2108 96
1972 932 49
1255 3074 92
4051 1402 32
1670 4017 98
458 776 95
138 2083 64
3609 2908 75
1605 3743 69
3848 586 76
124 2398 65
1949 464 17
974 2337 73
3239 386 68
645 963 53
1990 2485 59
2967 1099 42
2824 2415 42
3152 4081 30
2608 3711 47
1222 3183 83
3670 407 28
2979 1443 61
1975 67 82
74 4083 96
109 2967 91
