2643 5060
1096 375 92
170 1083 79
2033 2187 10
969 746 79
631 75 39
1059 252 92
2325 1780 74
2520 734 88
941 1435 50
971 2340 14
299 2429 65
1240 1246 81
129 1625 26
2451 1421 10
1473 2155 98
1080 2351 80
1495 718 54
680 2638 57
1950 962 69
1479 1030 76
1835 2330 48
570 134 27
1200 324 47
2145 2468 39
505 2133 24
1979 1548 34
1746 1413 46
1895 1851 89
551 874 30
1709 713 12
1564 886 65
1505 607 92
860 2448 10
2226 2410 61
1442 1506 79
1590 1557 16
866 2446 57
602 206 35
767 353 44
469 2218 19
1571 1698 89
784 2530 50
1676 825 20
1256 31 54
2589 1749 36
2031 2083 55
360 443 24
1172 382 25
1893 448 15
1539 269 74
1993 2075 34
1287 1688 37
533 926 21
752 1007 24
709 1944 69
1789 2377 94
1358 2033 56
1064 216 45
327 987 51
1731 795 23
2092 2211 54
2111 761 89
86 634 19
2118 1550 14
1163 670 25
964 1750 40
1049 35 91
298 400 53
2539 258 22
1182 2001 66
1446 2314 13
1716 931 29
1443 1903 41
2325 2196 17
838 1469 34
1919 1328 11
415 1529 67
1474 10 16
795 444 99
255 396 93
2200 1008 69
651 1178 30
1416 1442 54
956 824 50
960 1412 84
311 1078 33
1551 775 32
2581 2269 30
225 2607 76
943 2354 43
2223 563 77
564 1612 79
1288 2075 10
1661 1414 30
327 1929 72
760 38 66
1891 2312 69
500 284 64
157 1879 85
922 1094 94
2247 284 41
1904 1879 78
2443 2488 75
848 924 51
699 65 88
2592 1083 87
861 795 36
2623 1063 13
1647 2587 62
1063 1525 87
1039 800 66
372 2056 15
2421 1883 72
2420 61 45
295 2273 35
1815 1318 49
1740 2315 25
1780 778 14
1605 2269 45
2339 497 63
1900 374 62
842 2243 33
2119 1505 67
304 161 23
2200 1150 87
1371 314 99
1858 2602 10
1057 1333 90
1154 2415 17
606 1031 37
2006 1833 39
367 519 62
2550 1783 94
596 1470 75
171 1715 50
1505 1282 95
695 1495 63
267 299 65
74 1423 99
2303 383 71
361 2319 20
148 1357 12
709 869 89
1459 1702 33
2426 1192 66
2568 2287 21
1979 2204 16
1447 171 95
292 2412 97
818 187 96
2226 290 58
533 630 96
421 815 24
1945 1568 30
538 969 17
2077 660 28
714 962 41
2194 321 51
2277 1374 64
221 1161 29
1143 1759 32
592 747 39
1687 1547 55
1973 941 40
2025 2370 83
1111 2273 25
2263 2186 62
1984 1489 20
1072 2275 93
316 1229 79
1279 1015 12
901 955 17
1161 1179 10
279 787 84
328 1757 52
2573 1968 67
561 194 44
1548 2293 22
1123 274 75
1482 615 73
1841 2085 31
2090 2607 55
2062 452 57
1718 2561 44
640 112 77
2081 1350 55
1714 1974 68
2327 1979 50
1948 324 28
180 2613 78
2618 1143 15
1600 127 52
1181 875 11
1242 1601 44
1154 740 27
593 208 80
2506 1106 56
1342 691 21
926 173 68
1810 80 87
1895 1307 51
1747 887 69
788 89 32
1583 2601 12
1518 2635 97
1808 757 98
441 2040 81
1080 2185 83
2328 359 17
2640 1941 41
1762 1996 91
1009 1579 48
1965 541 51
515 80 29
997 1286 24
2240 233 86
1226 199 54
2273 1730 65
303 1951 65
865 315 59
1927 1786 60
926 1677 67
2388 1733 70
2441 1407 90
1257 2110 85
2039 1053 43
1712 3 50
99 593 26
334 931 41
2136 2056 17
393 1061 96
2189 1391 51
1121 2453 76
501 2471 26
1043 1556 71
169 278 54
2447 1030 27
372 1802 100
2546 662 84
1264 326 93
1320 2206 75
1138 1197 49
454 887 18
82 114 26
753 1402 77
483 1705 86
98 2402 86
2097 898 78
859 765 95
2069 561 17
239 1606 19
2078 1424 97
2256 360 36
1661 1979 51
1585 1890 73
521 2141 38
1525 2547 49
941 1499 60
202 589 56
1813 804 89
1269 462 82
405 2474 95
1566 263 16
408 3 12
381 1790 76
1941 1603 22
5 1145 30
1108 2029 53
400 579 83
1217 1296 78
42 603 90
1183 1926 70
2568 1992 57
2552 2373 65
1089 962 56
431 1051 77
444 1747 17
2280 976 47
1502 357 78
1921 959 95
230 1381 73
408 1900 100
2088 794 26
1084 648 30
2267 2389 64
2183 1947 38
1704 272 88
780 2244 50
74 474 38
1862 1565 99
1929 769 39
951 1522 87
2537 1164 98
1287 2082 94
321 1877 91
2076 883 62
1599 2125 67
1317 1232 56
1265 1886 12
2156 1390 16
2415 1299 51
1520 796 14
2118 5 87
1144 336 11
69 1584 23
1202 2141 59
1475 847 36
2044 1598 28
142 719 20
2523 1396 43
646 2590 65
2378 2296 23
588 306 33
955 1332 73
1431 2072 84
1423 1363 19
377 1475 85
107 1065 23
2134 2462 73
2372 2441 96
681 2267 63
280 1501 91
2302 765 98
1567 1236 13
1809 407 56
2296 933 59
732 2222 62
501 2198 18
378 1040 34
1435 969 61
1547 1579 36
123 249 11
339 2062 29
1291 927 55
1460 1566 78
2391 1136 80
2593 1917 52
2639 2178 72
19 2611 49
1226 1472 32
410 1734 81
788 212 99
427 603 45
2239 2632 89
2367 1973 77
1191 2552 99
434 84 42
35 1018 36
367 1616 44
551 1331 85
2 1957 89
414 2050 16
757 543 32
351 583 83
2278 547 28
1495 1161 39
1561 351 51
1437 2129 31
878 1762 50
929 2037 26
62 331 40
2617 1067 68
159 879 82
1720 565 48
14 657 23
1401 1284 46
1176 2257 59
10 1810 36
247 1320 17
615 1080 78
609 1104 96
783 1807 48
1080 1326 32
1576 1135 95
2014 1036 37
2181 751 83
1164 438 15
2429 402 70
1211 364 74
1130 355 73
1059 690 80
120 501 44
2103 713 37
1231 4 65
462 87 44
2003 863 47
1297 2603 55
1295 2041 26
330 2471 44
456 21 35
1121 401 29
1969 112 42
1040 129 22
968 2185 93
1062 1224 17
777 1436 45
1781 2047 54
1122 886 23
170 304 78
1586 767 44
1516 806 38
1703 2064 83
558 62 17
1356 905 74
2471 2516 85
2536 658 64
97 1974 49
337 1220 38
1702 377 87
388 1679 17
1161 2195 67
996 950 56
1283 167 82
1226 832 28
1417 1858 49
1704 2542 12
1126 1829 44
858 1956 92
1831 1450 48
1066 2116 17
1890 1463 27
2365 2455 94
2014 1039 39
328 3 86
149 2010 13
2059 469 63
2147 18 51
2639 595 20
621 1269 92
1879 2012 56
1908 1198 67
2485 1237 93
1279 1011 66
1409 2557 74
2407 1587 63
2037 957 14
2224 548 42
814 1524 89
1814 1545 67
669 1991 52
2097 404 67
2319 1616 56
393 2372 83
273 1948 31
25 1417 93
706 293 51
90 886 91
21 2004 71
893 246 44
822 2551 42
2620 266 40
2548 1020 39
575 779 93
1914 2550 14
917 1403 12
296 84 62
2122 2309 25
202 1813 68
86 1256 25
2136 1050 75
1635 119 68
193 1406 37
388 907 53
730 1035 64
1391 1815 69
252 163 80
35 1678 75
1862 1406 25
2466 1710 38
889 582 50
232 1521 61
502 645 69
379 1980 75
939 1196 76
385 1862 61
798 1382 41
676 2634 69
1851 465 26
1897 35 53
571 728 53
1011 2236 78
1856 2110 52
2091 1884 77
773 1364 57
2610 286 87
1798 1192 67
1403 2236 28
2032 637 11
264 2319 21
170 735 67
1300 852 85
594 1817 64
1257 2381 52
2234 1906 89
664 2479 31
2406 2177 45
1931 542 40
1788 871 44
2637 993 27
2639 2073 81
207 1724 43
468 2195 33
1634 2384 59
27 2430 92
2615 119 40
134 2286 26
1266 1824 62
2270 1972 59
1344 1432 72
106 2598 69
1919 1642 60
901 374 13
2592 691 44
661 1565 49
1044 2288 89
1475 815 56
1018 681 42
891 572 68
2466 1745 11
2115 245 25
1897 979 35
2320 2005 97
2362 2241 39
1836 1535 75
527 938 48
1762 1497 44
2134 1328 29
621 2118 72
1673 386 46
19 2143 58
2338 946 57
665 468 78
246 454 34
2110 2566 68
2487 2119 96
2546 1973 54
1271 721 97
1294 2538 100
1532 97 13
2362 1176 12
1228 2587 37
1160 1281 12
2467 1099 13
2447 1754 12
852 2225 75
85 980 77
2097 969 50
1039 560 96
968 2596 100
1107 690 55
129 1125 90
1960 1698 81
1518 1617 75
2473 186 56
1313 176 10
464 1001 92
2365 1778 15
654 1148 86
737 1436 95
708 983 40
146 2310 18
128 1231 91
1414 1611 76
126 2098 33
2364 1397 33
2458 1242 56
1678 2539 40
1941 179 78
897 2632 66
792 447 38
2298 1666 67
565 2405 84
195 915 23
2339 2425 46
2433 1079 68
295 1216 71
112 691 97
1934 1660 75
2095 1604 15
2396 2432 85
1750 102 38
2537 1484 40
2582 2637 78
2283 39 95
100 538 96
1136 2545 90
969 913 71
2181 503 65
44 1659 30
1719 2290 54
2296 1074 98
863 955 51
1990 97 30
2425 2379 58
2058 600 63
1331 1971 93
74 1338 67
2542 2455 94
2327 631 20
920 670 25
209 215 39
755 567 60
1358 1536 59
346 301 46
980 589 100
1870 639 51
255 1153 86
1208 2007 65
421 1393 40
1417 2582 100
1006 76 11
712 2489 52
1140 1423 47
764 2388 29
800 2305 35
1785 232 40
1612 1897 17
465 2538 72
2298 1417 12
1246 1977 66
1289 1456 36
2225 1126 93
2524 1514 35
1950 966 93
1976 766 58
700 626 49
1059 2109 53
2106 1291 69
781 797 56
1385 1534 68
240 22 62
1632 940 16
1613 1687 16
442 638 60
2358 1469 87
26 1015 56
2170 701 28
1389 61 99
1021 748 55
2353 229 13
2524 1853 52
371 102 51
924 2289 58
1846 1947 55
1318 744 68
2113 1045 12
1305 1360 84
1975 1771 24
2640 784 37
1424 1370 42
1776 2141 23
1134 1657 16
2141 2036 49
195 1618 42
1336 1500 59
421 588 69
169 743 43
2304 1914 84
299 80 97
1673 1633 57
1024 761 85
1924 618 74
2006 2422 34
662 1719 92
1494 1906 31
2373 2240 49
761 2227 45
1694 2130 93
512 146 31
916 440 20
1830 279 55
1773 2249 48
2572 709 59
1760 1446 84
416 38 78
1195 311 77
2014 13 13
844 2250 91
2164 2603 67
1195 2512 34
851 918 21
1687 2062 76
1969 760 80
1471 2640 58
1905 1447 90
2010 2365 75
531 1732 74
1820 53 14
2414 408 62
1899 1133 56
1229 1232 75
2635 967 69
585 1679 11
2286 1302 17
252 1067 35
1920 654 38
1235 1380 71
282 724 59
1002 1408 52
275 236 63
1675 671 15
2518 1674 99
991 1608 56
1066 421 69
1261 2603 20
1445 1457 31
1165 1887 71
1226 2617 75
2096 2353 25
505 2052 64
1682 52 45
279 1752 62
673 2205 50
1247 1173 77
1726 1785 39
1359 1042 13
1405 62 30
2123 2352 44
576 1793 18
354 545 53
586 2067 28
2520 1711 38
1320 233 20
1214 96 52
952 995 35
592 2179 10
1517 2517 51
1571 1137 20
1063 2537 46
707 86 57
2501 1319 11
626 1270 59
519 809 52
2407 1678 70
2150 1351 69
1172 2637 67
1729 2237 66
231 349 39
2580 754 76
2615 1961 56
1005 383 79
1679 2218 10
1583 74 73
641 415 23
1605 731 30
1053 1434 97
1018 1882 68
1495 2431 89
262 115 61
460 1331 33
683 585 16
405 1592 81
326 1764 34
2096 1070 44
1137 649 70
1231 2201 86
1001 228 63
556 153 85
921 859 96
1046 2050 47
1573 2599 85
2236 2047 37
1180 741 54
1143 1379 23
1320 2369 20
2257 2117 24
593 409 73
1357 2302 20
1559 1974 37
2623 1212 32
16 150 75
499 2146 51
1131 798 11
1195 2294 37
1959 1864 42
1215 2297 66
2249 1492 46
1838 1279 77
207 1811 90
914 903 23
430 2411 63
1909 2197 49
1476 1620 57
2232 2029 11
2544 303 39
1693 1397 96
2007 2263 69
2287 1884 33
1201 827 14
1334 931 55
492 1832 95
19 766 66
2339 1514 99
248 2369 43
2586 2570 53
115 1841 91
1181 1968 70
855 2193 94
2269 871 52
660 299 31
1360 2141 46
2127 523 45
1032 536 18
534 804 38
2061 353 93
2218 1897 62
1144 1272 82
811 1418 15
1822 296 55
2274 838 22
1363 782 97
1491 2440 33
2062 1915 28
636 448 33
964 676 82
1405 2516 49
509 167 19
2377 1502 89
2113 220 32
2540 622 14
570 1476 79
1212 2369 85
119 151 18
1783 1282 84
1291 2247 15
1752 2453 59
672 904 70
1945 214 65
2228 1386 59
1497 1095 97
2257 412 72
485 1956 42
580 882 95
2213 1914 16
301 996 35
2609 11 32
1091 540 41
54 1145 13
735 534 67
2393 2576 35
2327 354 67
1592 1479 56
997 569 89
2585 2568 32
747 1450 69
1369 1317 28
1832 255 36
389 1857 24
2625 935 99
2228 572 39
2059 1357 76
307 344 46
1336 2629 91
2191 1425 76
1869 840 75
1277 1072 41
1114 2523 18
1077 1153 50
709 1119 39
2395 2536 83
1044 1945 100
2565 1922 51
2205 2133 27
2349 917 54
2543 2283 39
1514 1806 22
2081 82 98
320 2171 90
2276 1525 54
2199 541 10
693 670 69
2437 1996 60
1915 1062 38
1695 672 62
449 388 69
798 2221 36
863 488 61
2349 953 64
1299 113 88
1522 2214 24
2113 1526 49
1529 2349 32
2604 1348 84
1492 1484 70
1690 1546 50
2376 1446 62
1161 517 40
1152 1327 18
388 1531 22
641 23 59
168 2442 100
1141 2194 80
1360 1268 33
621 1538 51
1683 1351 26
281 662 33
1865 920 75
1837 1360 57
1928 1413 38
974 1092 15
2244 1846 91
1324 2450 53
1857 2256 90
903 755 51
904 742 50
786 1964 21
2615 1910 29
1229 2097 21
625 2045 61
1612 2409 95
213 2584 79
1181 1396 51
1865 1736 96
767 2508 53
255 368 10
2061 1100 31
1720 1067 63
2086 946 30
2085 1071 26
93 407 68
1278 473 40
2521 2589 84
63 1979 62
63 978 46
2385 872 15
1644 2574 47
860 1581 71
1160 600 36
1090 1450 42
2293 956 89
1529 835 23
609 949 34
735 1613 13
1654 314 37
648 996 76
250 525 12
688 210 52
2360 2245 96
170 1491 37
823 159 49
972 190 61
793 166 62
2338 1501 78
769 1264 20
1883 2629 32
2095 202 36
317 1435 84
538 519 48
1951 2233 12
2431 58 54
1580 336 69
2360 2248 20
1839 2129 12
452 2458 92
2102 161 10
1890 686 47
2545 1032 86
1850 1592 83
2525 873 10
415 480 10
1903 1959 33
100 2356 11
2473 876 49
134 1105 21
125 2613 17
693 2302 72
533 2468 32
2418 213 68
151 1025 59
2373 1951 68
891 58 38
2167 1883 73
118 155 39
1550 2269 12
654 1670 44
621 525 58
1949 1780 58
1731 58 20
1921 2532 18
2004 1639 93
1253 2343 97
1539 502 73
1299 1520 60
2123 2140 26
2532 2071 53
776 899 25
1234 1558 70
2477 2200 29
289 2070 94
553 773 72
499 2205 97
1989 1520 84
1411 194 38
1844 1483 85
715 2072 37
1041 1201 95
1556 1446 81
1254 1448 55
559 1504 56
1730 415 32
1176 1243 20
1990 829 18
90 212 47
1412 449 94
964 533 54
1027 1326 66
2330 739 75
1827 1092 76
1260 2406 17
100 2167 63
1505 2538 44
1648 444 13
1898 804 63
1476 1557 60
1007 505 66
1852 375 18
732 1784 82
345 1707 44
1259 2096 100
564 2423 66
483 1274 49
1333 1095 43
1817 784 40
1450 1147 16
744 2144 78
700 1336 11
1593 986 72
1741 2440 49
1717 1037 84
1459 1872 42
353 265 88
2491 2372 17
1150 2164 18
806 1815 12
2543 2040 12
2145 1890 38
2624 704 89
764 2036 91
2331 663 88
840 1217 82
900 2515 100
2489 889 25
1457 560 19
647 1265 42
2078 1068 73
1051 1614 47
174 1786 62
1120 2061 31
2147 2583 18
1623 990 41
336 713 40
1105 259 73
438 1244 66
1816 46 52
1638 984 90
1368 1287 92
1058 1780 18
224 2163 97
1592 7 95
1807 1176 73
593 1189 54
495 1809 54
356 586 48
2074 671 55
2085 1713 72
986 1160 84
2086 144 28
210 822 77
1333 2485 47
958 233 63
1212 2475 37
763 2180 43
2427 2089 77
2105 1568 74
855 2620 47
189 1574 13
1931 2505 34
1545 2213 29
2438 1896 17
504 904 58
1328 1582 87
1395 158 94
1503 399 100
1331 1381 69
839 1789 67
2463 2041 50
922 531 70
122 1707 95
1502 2386 14
1522 1332 46
2628 212 41
257 2482 90
1369 675 37
801 2441 74
2312 424 29
2102 675 73
310 319 84
1933 1758 51
2200 1233 39
2340 1934 46
732 505 27
2026 1935 57
1774 2076 25
1905 979 87
2393 645 76
2148 1351 31
993 580 60
2248 1395 77
19 504 45
1370 2620 51
1256 757 75
435 1927 80
1426 331 42
1911 2183 17
1650 2319 96
747 1297 76
366 2219 48
1877 2007 73
104 805 53
146 2338 26
783 126 32
1910 2165 15
1691 2370 46
262 1989 16
2548 252 49
344 126 85
944 600 93
1470 2097 58
2044 951 90
882 989 94
1526 2522 37
2617 933 96
2537 2321 42
1593 2329 84
1306 2459 18
1697 568 18
246 996 32
475 1150 76
2449 1127 61
1590 360 82
1399 722 54
1448 405 25
123 160 64
2228 1022 35
1293 1991 27
2531 1514 72
936 206 51
1647 261 40
2259 1534 20
1797 1764 13
2024 242 90
735 410 55
2175 525 25
779 1724 85
913 82 37
478 1315 50
159 2168 50
2143 1954 17
66 1947 52
774 301 71
668 1624 25
1657 737 64
499 2342 15
485 1649 83
2096 1187 76
2455 2636 35
2309 2349 35
1786 722 65
1826 1661 81
2432 2109 56
228 1206 91
1663 1984 21
832 432 62
191 985 61
1517 460 27
1741 1609 54
2315 1230 58
1666 725 15
1099 1738 52
746 1758 71
1219 2534 35
2179 2543 19
877 1222 46
1975 1394 87
188 617 55
513 775 93
2549 1998 33
1149 1714 38
894 599 89
1703 1766 68
1804 2007 94
1428 2576 51
2448 805 95
2497 95 27
183 1648 23
30 695 68
1718 2592 60
1703 591 60
1109 1658 21
2086 114 62
876 1343 51
1558 1539 41
1271 2346 27
569 1464 64
1805 477 65
2484 1675 12
1788 2112 68
2499 2178 93
2517 1494 93
1799 505 81
37 1233 71
769 2176 56
2593 2240 60
2317 1223 81
1735 1113 10
118 1596 42
2187 2201 16
2390 1642 59
2208 449 67
2111 18 58
2196 2552 10
1642 622 18
2546 1025 15
2592 293 12
2377 2599 98
2445 44 35
68 2153 97
1366 2616 23
472 562 34
608 1306 63
2040 2493 24
1000 623 94
2295 407 20
1885 2594 96
450 727 68
921 1888 82
1921 1184 77
1390 2192 57
731 2598 90
1506 798 32
621 1222 43
1215 1122 78
1294 2264 96
2229 51 100
1559 78 64
576 1137 15
454 818 11
1414 2055 81
127 918 18
2210 2222 61
1383 654 71
2153 381 74
998 657 51
586 2368 84
1855 770 78
39 1607 73
1548 2492 65
2636 2626 24
1460 1654 85
935 159 61
1517 1233 11
2165 693 40
412 330 85
2526 451 71
2471 802 50
1779 469 55
277 857 19
2197 1970 43
920 1065 99
2472 2042 97
1398 592 78
1253 2016 84
1233 2526 62
2026 1810 28
312 335 48
877 1571 79
1511 271 52
564 971 15
484 554 98
1181 1605 46
1898 941 17
233 2104 39
112 829 76
1055 2147 15
2541 1833 45
310 1415 95
832 906 38
382 106 13
1870 931 87
545 139 50
1936 253 18
2234 1902 29
1396 284 20
1329 2331 94
1579 828 52
1886 1887 77
575 1962 49
699 1435 82
2060 1563 28
81 1576 79
254 2016 54
2005 1418 26
1268 811 42
907 74 21
2108 433 17
636 2098 96
820 1490 70
1977 1312 62
160 1313 28
1502 1493 95
1858 536 61
1631 88 56
1968 414 89
481 947 44
1014 2344 99
1767 2042 40
1713 128 35
749 293 98
640 2167 39
818 1148 61
73 1153 53
1704 1904 68
260 1080 76
1101 1808 35
758 2328 53
1552 2188 53
1699 582 76
1622 164 60
876 855 21
1866 304 81
584 86 98
1052 180 49
697 218 80
43 347 51
261 2554 75
2112 892 19
845 2312 23
1412 2289 35
887 109 92
1616 1353 53
825 2022 44
1327 534 54
1239 1271 51
1052 876 37
2072 1283 12
1162 439 81
999 92 35
1422 356 28
684 1165 60
2088 1747 65
1645 194 36
2519 1448 75
1511 1682 43
183 1483 65
1096 982 86
2335 26 47
1458 661 93
2444 2328 13
530 865 89
2345 1358 29
1713 1411 35
2228 91 13
1636 1637 20
846 2111 24
2294 658 63
1104 2561 88
110 2105 42
2498 260 74
953 2022 32
1811 2392 90
1781 1626 98
682 2145 91
1181 2180 96
250 1937 89
1780 1261 40
2209 2399 77
728 1869 50
2095 1789 68
824 1271 61
406 1559 31
886 2532 82
221 904 75
906 1830 100
1171 2130 92
1534 1121 75
108 546 13
2535 1168 68
1962 575 31
531 1649 26
149 593 47
708 1539 92
1808 1314 67
910 1278 85
942 1477 80
2184 2336 98
1358 2106 66
1305 2460 75
960 374 95
2490 1403 100
2204 393 78
1335 2370 56
117 841 64
1138 1177 92
2559 451 29
2529 249 15
1004 2401 92
2112 2221 64
1279 1566 20
623 1216 49
2463 1481 31
929 563 55
43 1576 91
768 997 61
1673 1195 36
1443 361 43
328 1496 85
922 2531 13
1499 246 79
1117 1875 82
208 911 63
2060 2520 82
288 945 73
1056 2533 30
521 1506 41
19 2385 15
2254 940 98
2383 762 31
1780 2282 45
1926 2379 34
2497 1843 67
2365 695 29
2342 1562 11
421 2434 12
447 2444 76
608 1657 55
1804 1551 12
1814 896 68
976 1425 16
431 1153 43
873 243 60
312 441 57
1344 677 16
1695 447 77
2280 1644 89
861 806 33
2215 2288 80
1572 58 41
530 1314 37
853 1621 16
2516 48 50
2237 2558 17
857 2296 60
872 189 62
112 2432 49
2172 1394 62
1490 1959 100
415 1485 11
1311 2379 89
1341 1824 30
918 2488 15
2209 1410 45
1400 744 77
1032 2533 48
1248 419 68
2015 1281 32
713 1695 39
1654 1758 56
1905 671 17
2111 1343 21
2211 741 76
79 1306 53
327 1857 53
930 1590 71
736 1089 79
939 675 99
1842 299 37
2198 387 38
177 396 89
1917 2484 61
1891 2368 79
2476 1745 64
1021 1049 88
2075 1192 32
1281 433 51
818 476 32
1732 2273 100
804 203 40
831 466 37
1080 2238 74
365 2057 86
331 438 47
1628 937 68
239 2545 60
2167 1843 63
1581 2197 44
1602 989 91
1595 105 31
2058 757 44
587 2463 95
1623 443 62
1827 1721 74
1483 626 78
1355 447 40
1133 904 25
2081 1699 16
621 453 96
737 571 38
941 747 82
264 1709 50
733 2471 93
600 859 26
1314 735 38
22 550 34
123 2120 76
954 2298 57
2374 1431 64
435 564 51
1680 1600 74
1540 1852 48
1362 760 62
2457 2025 82
2423 15 100
544 18 66
183 138 59
2200 645 95
2485 979 89
1069 234 61
435 1054 65
2225 1841 88
840 568 88
1663 1831 53
2091 1886 65
1326 2374 25
73 1756 18
1955 1060 75
848 2009 42
1582 214 68
555 108 93
1112 1205 34
2409 2454 17
361 1730 79
167 1338 29
1867 2469 11
375 1189 65
900 783 38
1250 2183 53
16 2555 46
439 298 91
743 1991 94
139 2541 78
1046 2271 54
1453 2144 68
618 1315 65
2138 1508 68
154 385 43
1750 120 39
1660 1479 82
1255 1105 17
890 206 51
1032 1149 57
1773 58 32
59 1792 89
525 1317 94
808 1282 40
268 1626 31
1961 93 13
1682 2134 93
1511 2623 67
37 1998 36
840 797 26
797 849 83
581 1446 83
1024 1768 27
1551 500 26
466 960 53
494 192 24
1724 1650 27
832 787 97
2473 2421 65
2207 232 21
1810 2555 15
564 406 64
1418 2125 76
2344 375 78
2319 132 43
1511 1389 90
2372 809 22
490 1030 93
2025 1999 83
786 1261 37
263 289 72
2240 1370 81
140 2320 53
1085 2298 78
1545 574 71
885 46 29
1209 2417 94
1616 904 52
1813 64 96
2469 2024 18
2342 1391 92
72 1604 35
1138 694 10
2458 413 71
1536 1850 38
2316 2108 84
620 282 28
837 2298 20
2284 774 44
268 2567 60
1028 1421 98
1710 2378 35
2529 632 23
1906 2215 27
2153 619 96
898 853 29
2137 637 94
310 2411 54
2500 1911 75
586 2201 38
686 2583 25
1721 1369 50
2179 2623 47
271 868 60
2627 547 37
595 415 58
1289 366 19
1896 2598 35
227 2527 60
672 638 69
384 1830 61
414 1992 18
14 1919 92
2388 2171 10
1628 1806 35
1071 2319 42
868 2411 56
605 1724 75
373 516 75
1635 1275 81
70 1886 20
241 705 55
1800 358 35
2443 388 68
1755 11 93
2371 2300 21
721 226 82
2253 1822 99
1838 874 25
264 868 75
2250 341 41
459 2215 18
1860 1923 63
511 2112 27
2503 34 42
2302 1003 90
853 49 42
368 800 88
763 638 100
113 1997 100
713 414 30
778 1741 56
2028 968 69
839 1696 38
1523 158 27
396 1548 22
388 553 98
2100 2445 18
2380 1720 100
2588 2551 80
2200 1382 54
837 1938 56
2395 2397 55
1196 2109 98
2494 996 88
325 1155 88
2278 1088 19
696 2133 82
838 53 61
217 2492 86
1568 2142 51
1885 2463 21
1813 1875 44
878 1135 88
703 1055 78
1328 1335 98
2103 10 81
1145 1635 100
372 1219 66
1944 70 41
1894 1638 78
1226 1992 84
1766 261 57
339 1618 95
395 1972 66
131 894 82
727 578 11
115 1520 60
903 20 86
930 2548 14
1691 640 67
2098 478 86
2398 931 20
1414 2464 92
2399 980 85
1048 1617 91
2089 1276 65
2567 2270 85
1514 1449 62
65 1489 89
99 2462 56
235 1112 67
615 1978 79
219 738 20
2615 657 84
2134 1710 95
1647 1372 90
2396 249 89
2100 1423 74
261 822 27
677 1866 30
51 2315 49
1609 712 41
1004 1583 67
2550 1448 100
1155 535 78
995 2057 86
211 2131 58
1263 2214 26
2410 932 37
774 306 84
1135 716 31
1292 1712 85
1159 2127 82
1839 2597 56
2185 1486 30
1434 1013 87
227 692 85
1861 470 34
709 1952 20
2121 2502 62
1463 2211 15
895 190 43
2590 349 58
1761 1279 43
1554 2499 41
1266 1734 38
1246 2594 97
13 467 65
2174 2093 55
2367 386 42
157 866 85
1625 2295 58
791 1540 45
579 2024 99
722 1600 47
1399 61 30
980 2560 28
966 1678 95
379 2042 22
629 1126 84
1476 516 15
754 479 49
1470 1972 37
1991 1968 28
2311 2536 50
34 876 47
631 605 26
871 2225 97
1490 589 18
1067 926 48
615 1150 80
1157 560 63
2024 1503 56
2214 1981 49
468 2568 18
2325 838 90
1323 1236 35
255 2567 76
92 864 41
1815 1483 35
549 1511 60
1899 2327 50
603 2169 12
2541 2207 23
1264 2389 13
2566 1237 22
1853 1516 42
1321 1837 66
2633 364 22
1889 471 30
976 1827 36
1477 638 36
1111 1151 83
1096 1662 20
1917 1100 100
2421 2184 39
1857 2049 10
872 1615 38
1638 679 14
940 1169 58
1002 1041 49
308 728 88
365 27 31
731 1928 98
1682 1506 83
1864 134 23
66 1908 64
773 381 22
1581 2412 20
1092 74 33
2065 206 23
1566 474 89
1792 848 61
895 995 79
1217 1331 88
1582 1104 65
178 2410 93
67 358 26
907 818 18
1769 268 43
2399 1074 53
377 1042 88
1610 1601 98
1443 1425 39
124 297 94
980 1969 24
2386 564 32
2249 1869 66
2164 2306 45
2207 2005 72
1794 1601 92
1348 2133 11
1062 2367 55
1016 523 75
2534 1047 42
2138 163 78
1814 1730 61
2474 481 76
754 2614 66
2395 1706 49
1709 1380 42
395 1312 73
573 1787 20
2162 2077 84
593 68 40
2498 1180 61
974 2148 47
2150 390 67
2221 1218 69
1116 623 43
2578 2259 86
2501 277 38
988 1875 17
1338 256 95
140 4 93
129 1955 69
275 704 98
868 2159 26
935 1539 93
1966 2314 75
203 190 42
910 1521 82
702 479 19
1221 1228 12
995 889 31
1246 805 41
188 2007 22
1829 788 79
343 551 24
2515 2457 19
1785 1034 33
180 371 86
1932 2455 95
2105 2260 83
2597 2487 52
441 2323 48
2277 745 67
1418 996 80
1171 2549 18
1406 165 29
1246 883 76
1602 1543 78
2280 1965 71
1930 2043 15
806 2283 13
1299 2422 34
1884 961 94
2391 305 53
2618 847 31
1839 3 71
672 1046 96
1514 1216 96
139 676 93
466 215 86
2021 735 81
816 77 86
575 449 29
1687 417 81
1822 124 36
460 2397 44
2033 973 58
808 1185 16
91 1323 36
1789 2251 39
575 1254 95
2503 2165 52
1012 1749 19
1141 1327 35
2082 962 38
2187 1822 54
11 665 96
37 2503 32
815 1954 52
1362 622 52
2366 1201 39
2495 2039 76
1204 1211 63
1797 2293 59
870 2178 57
1060 1579 22
332 289 93
2142 289 17
481 1009 76
1935 1199 78
2083 922 87
76 723 42
926 499 47
2141 2250 40
20 245 93
766 672 62
1980 1956 22
1387 259 53
1885 2522 49
917 1148 98
1874 1534 93
2209 2407 33
433 299 100
1200 1208 33
2313 2111 35
2417 2062 25
5 2576 70
2096 272 18
1515 554 94
2357 1755 52
1913 2261 99
734 581 32
2154 869 24
2476 2213 45
1403 2409 76
461 641 87
2363 597 41
801 2510 35
776 983 98
873 334 63
2569 2309 28
1825 1813 79
907 1828 65
2358 2107 14
146 1691 70
1159 1253 16
1559 1409 41
395 1546 48
1594 1049 56
1519 2633 42
1427 94 77
1586 860 93
284 2228 75
1088 781 90
2371 712 23
1577 205 44
1306 2489 58
378 2005 84
2176 2274 22
717 692 64
4 1890 100
2252 1273 10
379 498 52
2457 2195 70
1909 1771 64
367 7 57
2456 2059 64
1821 1477 50
1364 132 10
1678 1994 63
1957 1741 81
101 2514 22
362 787 95
1252 108 16
2483 777 44
1936 1857 22
424 2263 75
2334 2284 26
2472 2520 21
178 257 57
1861 2113 55
262 2123 49
2555 1408 97
1079 495 42
207 2568 69
1746 966 88
327 1343 58
196 2124 88
2057 1590 13
1795 149 11
2316 690 48
532 1339 42
22 267 80
911 883 64
707 1999 21
2546 2197 90
187 1055 31
1509 1754 63
401 1981 53
1539 2160 28
2385 198 17
1246 1025 33
489 2270 84
2324 1902 43
2136 2593 25
1909 2361 45
1179 1899 74
1183 722 84
1045 1998 51
105 2224 55
673 1834 96
1054 2433 86
859 285 27
1458 160 56
1753 2241 36
2414 442 26
1239 2044 19
149 2092 95
2177 1214 53
447 1178 44
25 2260 53
1748 333 13
1523 386 79
2427 2514 15
1888 2587 26
1506 2041 38
932 384 84
361 2017 39
2245 106 31
906 428 35
2224 2607 26
108 2149 53
2121 1724 31
109 288 85
1911 2429 10
1084 1315 74
428 1845 35
517 1681 38
1633 1191 11
1567 1692 87
1643 1034 18
413 548 20
331 479 22
870 90 46
1331 1854 70
2492 561 71
1509 200 55
1997 2302 33
513 1670 53
2353 1435 47
945 2513 78
1524 2453 82
680 702 56
1550 656 74
47 549 99
645 2005 40
531 422 68
1670 1454 11
388 672 93
1720 21 37
284 483 46
17 1010 23
94 380 14
986 1833 51
1401 1117 45
578 776 91
1921 2079 50
59 673 17
1815 199 55
1401 80 81
1156 976 34
1802 601 38
1032 773 18
1042 2407 83
1142 1378 24
2205 837 20
54 490 46
187 931 37
758 2641 43
1135 1396 89
2502 1076 55
2201 1922 68
1376 2262 42
57 602 62
1571 840 76
2595 1603 36
1761 2323 81
2053 2130 21
563 2128 45
2579 2129 43
531 975 19
511 2128 47
334 1965 15
948 2032 100
537 1333 82
338 2307 72
961 874 14
2464 1661 51
1684 222 51
305 1765 13
1205 1948 25
1209 1151 29
2399 1244 40
1092 2184 58
2217 135 80
1195 1196 64
1463 372 82
763 2115 32
2405 812 30
1768 1514 56
2516 975 52
1710 1024 26
1724 1965 79
2545 1504 56
1122 1197 69
15 60 67
308 1168 33
1674 427 77
2410 1875 30
778 1614 21
938 818 57
1186 2138 72
2167 182 25
2598 1677 45
631 1839 14
1483 156 87
1895 2514 14
2102 2101 94
1507 1233 99
1786 798 44
977 651 92
1928 1755 67
2492 2246 73
1127 609 13
872 191 81
1260 943 86
1841 1740 41
1232 1498 76
2391 545 40
852 1650 84
832 1733 14
2579 1729 28
968 2339 37
1401 2123 65
1579 91 67
1856 833 62
1103 2268 53
2281 308 42
6 2557 63
2023 2005 53
432 2433 67
2332 1092 10
1477 47 51
1039 2137 53
1268 1885 82
1867 778 60
2001 803 80
1352 752 49
1333 338 43
392 1021 61
1579 1433 64
167 955 47
603 1130 36
1300 2121 54
855 1232 12
1520 640 67
1549 163 52
2108 1417 67
216 2592 89
1759 2347 84
44 2203 89
890 793 16
2562 631 49
2157 22 26
1224 1458 26
1366 212 92
47 2128 51
2383 139 81
1706 2152 42
2553 1631 83
707 1886 31
2420 1809 24
1638 191 95
300 1566 82
2009 2583 89
1659 2209 46
1737 2283 94
1163 2393 45
206 1300 32
1629 1654 20
867 250 83
401 2059 83
345 1973 49
1992 1177 29
1790 116 99
159 386 95
2315 1216 50
1418 2159 65
2636 1404 52
658 1623 93
2174 1025 67
1515 2629 70
30 1018 46
348 1331 91
1189 2176 63
720 479 70
1761 1837 40
2001 535 10
588 1226 89
375 1839 10
447 2091 79
1603 1610 45
2338 2218 87
2612 139 76
455 749 64
1481 1536 96
1335 346 22
2101 721 98
1225 1068 18
1934 2232 45
1774 499 47
409 2237 62
2392 725 36
563 410 91
2243 2527 22
1864 1202 56
574 2213 33
2574 2512 89
2618 1001 54
2016 1387 24
2611 154 16
683 2145 30
66 1434 57
2076 399 68
2200 223 55
1357 192 55
591 138 29
2450 1579 23
300 1682 26
1920 370 71
2253 1989 79
431 900 34
1549 214 31
1610 1979 56
2492 2036 54
288 1698 46
1291 1484 10
1072 454 23
2071 2200 18
2036 362 75
1763 1069 57
376 1562 62
558 1487 73
2545 1139 98
376 1967 56
2367 2350 77
2455 2287 60
2000 210 91
1723 135 16
546 459 28
2123 74 74
1414 2504 66
605 2120 57
108 2410 56
1298 223 37
2290 777 68
1437 617 84
1752 1729 84
1132 1047 18
453 1528 20
1957 774 45
2356 2028 81
1789 671 34
751 559 89
2168 991 22
694 2096 42
2253 1491 74
493 1061 22
1205 341 66
1063 545 42
1624 1940 68
2447 134 97
374 2502 56
275 1500 79
1531 609 51
336 2595 24
1743 2156 52
1064 2601 26
275 1167 83
2619 154 87
2393 310 42
2077 2304 56
2573 1591 63
1984 800 53
456 1686 61
908 728 76
18 822 78
370 1423 76
2376 1510 90
598 120 89
2401 2343 65
1389 426 78
524 2153 34
1099 1802 44
2265 1716 28
514 2048 55
2468 473 21
714 1428 91
1155 2178 92
2385 2621 29
740 1394 45
1644 480 39
652 1938 92
363 1967 55
2386 1273 79
2342 458 58
1872 1426 67
2327 1594 21
777 234 100
2229 1822 12
1950 1741 21
2046 647 14
271 232 47
1940 358 36
30 1423 81
2560 1974 16
797 2334 96
1380 1176 33
2352 2538 72
2596 857 27
827 2360 59
329 110 78
2628 243 68
2428 21 91
890 1389 42
686 2285 52
121 143 48
163 45 72
1518 2077 13
1962 1180 28
1167 223 69
855 393 79
779 2512 43
1779 1677 33
2572 698 52
1035 858 76
2288 585 36
1349 2598 26
1046 1344 11
2466 1288 97
490 405 18
423 1750 77
497 20 47
1196 2271 94
1848 2325 36
648 476 19
1348 675 46
2473 2327 33
341 2572 32
58 1232 12
618 132 25
455 1379 59
266 2166 61
21 181 78
1139 2278 83
511 1817 100
928 1391 10
1796 350 52
2167 1186 24
2258 1168 92
2086 966 81
348 2177 87
1513 1079 58
609 134 29
580 186 23
2520 1685 44
2371 518 85
1910 1416 57
124 495 82
1525 349 47
2125 1911 51
1327 1793 59
838 2226 48
793 2522 36
18 349 73
2521 71 21
1589 1511 91
1737 2518 28
13 1909 100
853 1379 38
1696 1307 83
1000 480 42
561 2362 44
209 385 15
2152 1623 62
1516 2103 68
823 1300 52
1669 1615 89
2310 2503 34
1951 112 39
2086 665 13
2171 406 46
419 2198 82
2227 668 30
1891 149 93
2243 304 98
939 2088 40
2418 368 24
38 1635 92
754 1650 74
2529 1192 88
1937 663 10
1855 1785 51
832 1305 31
1217 1814 96
2177 2437 27
948 2240 18
127 1486 42
1073 933 99
2158 1183 92
1501 1397 84
1064 1016 53
1727 200 82
1872 1041 24
1045 1647 75
1188 1667 65
409 1611 85
214 235 12
627 2369 21
1273 2340 76
1714 2099 92
1161 747 86
1328 597 93
1919 1366 46
992 2230 20
1230 1109 19
1218 2235 95
2211 2300 37
1648 446 82
750 682 91
1442 228 96
411 1741 50
739 669 96
1145 2169 52
813 736 59
617 2377 99
343 118 98
573 489 100
1912 1590 22
970 2174 86
1260 7 92
637 1003 35
1499 649 18
661 636 37
2209 2301 48
2087 1642 60
2361 1338 45
665 1305 78
2162 1767 77
1894 857 44
489 2168 58
2347 336 59
1182 1557 36
1712 147 17
1497 2018 43
38 1750 79
2010 502 32
1616 2496 70
1723 2117 29
515 721 54
1632 117 94
1362 1359 59
1539 733 88
2303 1415 90
130 867 31
915 1211 62
86 1750 25
2465 193 36
2287 202 22
855 1173 86
2001 2467 43
2236 1912 34
1805 1442 44
946 866 12
1893 556 22
2518 1608 46
287 2380 86
39 2512 93
125 819 59
948 251 61
1037 704 74
1043 1711 56
1121 740 78
121 2126 35
2566 1226 34
1056 1293 58
1902 1719 21
1707 1504 57
1820 3 20
585 2048 80
419 1106 99
2627 1852 15
671 1827 77
2594 1630 33
2440 1335 99
217 515 39
2136 1468 89
754 644 48
1184 227 50
1529 2042 88
757 1820 61
2119 1498 37
1942 2182 33
2029 1555 34
746 2573 19
32 1046 53
1933 790 38
530 441 98
899 181 83
855 37 98
1289 404 64
552 822 17
266 1614 34
863 1809 96
28 2378 52
1237 1848 96
1788 2544 94
825 685 36
916 1974 17
2507 1419 54
1874 1714 76
428 933 10
774 622 47
2066 445 44
2006 1022 64
1245 89 68
2567 2505 49
2519 10 59
690 145 16
2053 1747 45
979 929 99
2107 2574 76
657 850 29
419 1009 93
606 1603 19
1438 462 14
208 222 46
521 1533 29
2384 2541 41
690 1997 38
1240 1303 71
1045 2029 65
1964 458 86
2235 649 21
1380 1801 90
2507 1122 51
850 222 52
2028 2566 35
1329 1179 50
1185 263 28
1481 2229 11
2593 608 78
140 1461 78
785 909 89
1402 1800 46
1929 168 78
269 1676 65
913 138 58
2202 1725 63
744 879 90
2205 1804 64
1853 2364 43
674 675 26
2300 785 49
1207 2102 26
1498 1977 61
576 1333 40
54 153 96
691 1392 60
559 268 74
1543 1880 46
1909 893 77
1477 729 89
317 1037 67
1987 2388 60
2257 1024 57
1441 614 39
1456 1045 88
221 2066 67
1454 1923 25
9 2593 74
1796 753 59
918 1957 48
1384 502 70
2594 191 16
1227 1164 52
256 1077 63
430 62 79
550 1601 72
601 2434 25
1690 87 74
1395 1626 71
709 1954 72
2522 742 90
1858 2474 100
2006 1105 33
1527 349 96
538 2271 35
117 1795 66
531 2353 39
1993 2132 26
2543 2638 33
1349 82 69
36 244 74
924 2595 98
867 1577 13
1823 2094 51
577 1718 37
375 873 74
1476 439 96
2212 641 53
205 2150 81
954 1604 32
2330 1638 78
317 1950 20
1764 2236 39
945 1349 84
1435 1934 61
1473 744 34
314 1506 26
1876 235 43
1549 1075 66
2365 2387 75
2269 168 72
313 2465 66
1881 896 98
148 440 79
551 457 60
80 410 33
2567 1391 75
1318 1588 35
1352 260 20
1449 1354 42
193 2597 13
533 1727 41
1375 2241 52
542 1863 26
734 2599 77
1674 1909 67
1833 1641 57
382 245 69
158 801 99
104 2359 23
860 2500 18
2559 1623 12
2252 851 49
1094 2508 40
1685 772 70
622 2415 86
1934 1218 44
1336 2 10
0 1925 32
2282 1510 96
449 933 28
163 1445 29
2126 1869 94
753 828 16
2112 1310 91
657 260 94
1770 2334 60
516 931 54
730 2025 60
1175 749 24
1664 2002 69
1875 67 10
399 649 28
670 693 36
294 908 86
2479 199 41
596 1734 94
1606 1784 80
842 1864 26
407 72 22
985 1102 60
1012 993 10
1343 398 10
336 735 87
1417 2300 52
2409 1338 29
780 1104 74
901 1574 34
1003 1717 21
234 2446 22
38 60 36
2016 1977 97
427 1344 25
1090 2487 38
438 858 67
2413 818 92
1350 438 56
1763 1674 28
1422 998 97
431 766 88
2366 2588 31
1280 2514 55
1230 1369 38
539 192 91
2038 1841 89
1715 1277 49
63 1156 66
494 2053 49
2030 1136 84
432 63 61
1817 1654 14
2395 1129 56
1645 531 96
1354 417 88
1438 219 54
203 1221 13
524 1391 22
810 1931 22
82 2136 87
328 182 67
478 897 28
692 157 14
2277 1786 84
2529 1500 24
311 318 51
863 831 64
749 1221 22
2287 342 87
2008 2189 32
746 1064 48
1179 2043 22
319 1190 41
2363 1384 68
1686 1260 19
252 466 87
2269 1419 10
614 1154 90
2540 2642 72
1426 1625 90
359 16 26
294 536 80
1317 480 90
2367 2156 86
20 1567 33
761 471 68
89 2423 50
961 498 96
1592 1740 23
747 911 63
1700 720 93
264 1378 15
2065 1056 59
2032 655 73
1904 2282 25
987 327 52
2181 2222 64
453 473 20
2282 62 70
1714 2545 41
263 2503 83
2613 2431 94
2048 1998 35
2269 1291 35
2151 1016 34
2475 1696 51
1785 459 40
1440 2415 87
2439 2099 80
1136 385 56
64 2101 10
1686 1766 53
1853 2385 19
873 1245 27
671 1151 88
2454 2499 72
2567 2122 75
970 1756 69
2450 510 87
43 1559 14
1134 997 41
1621 2303 57
715 1409 62
1332 1508 21
1788 1106 89
2611 281 65
649 1004 75
2439 2112 45
1955 813 61
2064 539 32
2497 1208 64
1725 1757 66
206 1405 72
2102 1918 81
449 2173 93
1738 442 31
1730 969 14
1718 2031 32
197 2590 40
2384 1479 38
2602 2248 58
270 424 37
2367 2595 79
1383 1788 54
590 1210 76
1526 17 31
31 1349 55
331 1277 59
1434 1520 19
133 1197 54
1284 338 48
1809 941 68
1994 1732 91
924 1466 79
2556 2342 81
1053 2170 64
972 172 15
1872 1525 27
739 1714 46
896 2447 12
158 1561 12
2164 2605 35
1103 229 15
1942 1186 99
23 955 25
633 641 84
12 2151 39
2517 2020 89
2589 2381 44
403 1386 64
456 1828 79
953 968 88
275 1431 22
516 191 42
2341 1207 59
1539 629 35
1024 1259 16
1102 1571 68
1858 19 17
2015 241 53
2291 1581 19
2082 1858 75
703 215 92
1728 1723 74
2048 183 25
1584 381 60
140 718 62
1924 532 66
75 93 96
848 1020 40
967 2143 54
1526 743 52
2426 365 56
759 2492 85
2316 477 84
986 1403 57
514 2498 30
1908 1318 39
2240 2070 27
1266 2227 35
1091 1728 31
2277 2038 39
2084 1947 60
946 1750 70
2234 820 31
790 1295 83
1946 2590 89
2393 2637 40
915 841 98
296 2100 65
857 1341 71
885 1781 31
1907 81 96
1661 1662 21
263 683 75
716 1516 33
1962 2095 49
437 1956 51
588 339 24
1441 2112 84
215 2107 70
1871 1100 95
551 2572 58
984 1513 37
2628 321 18
2421 2590 33
2425 1534 47
1466 1724 98
767 1434 60
2192 1623 81
2350 1233 49
1065 1530 25
2436 1049 28
1655 898 51
717 2622 70
1108 2487 57
1175 1520 97
1741 1859 15
1081 22 90
873 2352 57
1618 1027 79
737 549 51
2118 1234 94
97 2493 12
2152 1033 94
1516 2073 59
346 568 96
2476 1493 55
674 1627 64
672 1982 58
542 188 80
1095 2317 92
813 1200 22
694 1897 72
2175 188 66
866 54 41
1817 1484 87
1603 691 55
1809 2195 27
1219 1135 18
2574 1097 29
1441 241 79
1544 318 69
1830 1148 53
1952 361 89
1366 1827 27
2080 1427 61
247 2564 10
2106 1988 24
1920 1948 76
221 2118 45
85 581 42
985 675 90
657 203 63
1847 1226 82
37 2312 83
1176 1359 62
318 2000 25
557 2615 22
400 736 14
2607 652 19
877 57 37
1407 2416 42
2282 830 38
1479 724 79
1256 425 67
215 40 38
1184 1472 19
1349 275 81
1417 1904 42
178 1805 52
2111 2598 87
2227 2260 89
81 2021 51
331 790 77
146 203 92
1989 1088 29
2485 1838 88
2126 1624 59
2173 1721 31
739 1112 47
527 415 100
1647 926 56
892 995 96
2364 1765 66
2326 262 72
594 1253 81
713 1586 44
2096 649 23
1751 2631 52
851 2535 65
1396 258 16
1536 1903 44
2449 1363 48
2187 1587 84
2481 1164 43
464 600 49
675 635 45
1724 2059 28
1546 391 27
1957 661 34
288 2507 31
1575 2098 70
1299 1754 91
1862 1338 66
194 2396 78
2352 608 90
1393 2552 50
2240 636 80
1931 109 22
323 1271 68
1997 162 68
2248 940 49
374 1515 21
664 2160 32
1853 214 95
1719 1755 24
422 1466 46
1878 1523 31
2558 511 20
1457 136 11
41 1758 74
1760 2273 81
55 1116 24
2616 1275 66
1952 586 55
112 1018 67
1083 545 20
1591 499 54
530 1806 60
683 1602 48
193 721 24
106 824 53
872 1744 59
749 696 51
1061 317 54
295 638 23
1956 1395 15
305 557 83
1007 297 86
823 835 14
1456 1180 70
1063 1973 85
1493 2242 85
765 675 90
2204 2365 48
1206 2308 82
1565 2313 27
1419 910 44
247 1321 44
566 180 45
1037 2565 56
102 1988 79
1281 1685 54
647 1816 21
2080 1581 71
719 288 78
1249 1020 92
2010 637 98
2469 1154 61
334 604 41
1201 731 100
1894 2441 61
2618 179 75
2139 1172 63
693 1836 16
1441 160 25
911 224 98
1781 2303 27
2386 1409 41
818 1798 46
1454 527 13
135 2231 73
1330 146 53
1875 1390 96
362 1122 11
2507 1890 19
806 145 20
1121 620 23
42 1635 58
137 341 97
211 955 52
1417 1249 44
568 2601 20
1336 40 12
148 1336 35
1691 2601 52
1785 2241 54
2218 464 92
2545 764 10
2599 2405 38
2095 1758 43
1499 1877 96
940 500 44
769 1024 62
1784 1441 27
123 1848 10
970 1578 47
819 136 30
734 315 60
1984 243 93
1600 367 31
506 1037 93
1562 1681 71
1691 1859 53
985 1846 94
868 891 36
1922 571 59
286 1754 87
1987 1053 85
2442 2516 83
2041 2609 67
643 2382 88
2336 725 17
1949 1306 13
704 928 80
2212 1756 61
2184 311 97
1178 666 29
885 16 80
2495 2592 36
896 2106 57
2597 2245 55
1504 1726 85
1829 1891 91
2590 1989 57
367 428 23
1070 2483 33
2070 1869 41
614 2526 33
1330 413 24
2278 2006 81
1067 109 15
1807 200 31
1802 2506 52
1640 146 77
2293 1308 71
2601 2331 78
1341 2470 85
1584 1451 24
383 2368 95
2326 1668 39
892 1740 42
2606 2176 19
429 1691 47
1869 1165 71
2410 62 14
45 997 96
385 1986 72
433 1788 50
537 1551 98
484 41 24
2195 2339 66
685 1029 45
264 2220 10
2360 697 15
1401 1571 15
655 2340 56
1612 2506 74
1933 2187 70
76 1601 74
899 1891 57
908 2293 32
2152 2098 76
2511 1474 24
1986 2169 40
2346 752 81
297 753 51
2558 2367 94
1543 86 46
28 1916 32
2166 1353 100
1213 574 79
2155 723 89
1806 713 85
766 2330 100
1059 451 92
2263 34 100
1053 1842 91
824 2195 71
2612 1971 69
318 2568 45
1181 352 20
2224 818 97
348 1154 66
31 2111 80
182 690 11
875 1498 45
2052 1968 87
1012 134 68
2495 1484 89
2326 772 69
2180 742 16
2429 656 59
1462 1573 76
1269 1626 14
1244 908 70
1404 401 33
2169 1173 23
1339 997 75
109 1193 75
1911 797 81
390 1712 17
1040 623 39
2212 1421 78
37 951 31
228 2298 63
501 1516 15
941 239 61
939 1361 16
610 2587 82
1965 1257 73
1064 1915 96
677 268 68
1504 1403 88
925 1300 79
434 2277 99
1436 1785 27
2394 633 11
2130 2577 56
1711 2211 94
647 1884 98
2158 446 78
328 226 47
1143 63 60
2592 806 88
2005 533 20
1672 2501 42
404 2094 99
717 2386 45
2598 2467 89
1107 49 45
1168 32 94
465 2322 90
1692 2001 100
976 33 68
901 285 41
306 562 17
528 721 39
694 90 60
1775 1950 80
1722 1746 16
1483 2117 12
357 794 78
1375 2335 95
2084 1310 57
682 1601 39
757 2325 53
1357 1787 81
1439 1191 36
1685 166 28
2466 969 23
1120 119 96
1842 1735 15
437 1113 13
830 1731 31
1294 267 44
2379 1457 39
421 1395 78
2430 2002 72
484 2175 68
671 1295 43
362 2561 14
837 1557 100
663 960 66
1301 1987 61
1735 2337 75
1145 1706 62
1697 2357 22
1499 683 81
1315 948 25
1266 979 25
2637 2601 70
94 1374 89
547 2442 14
2255 866 46
2514 1584 33
1912 752 17
1751 2016 83
1488 2089 54
2405 1657 53
84 519 98
362 2438 24
1260 1234 15
2399 2438 62
1586 2428 85
1251 828 90
694 2637 96
410 715 82
1196 2090 33
2124 168 95
1187 2413 68
1096 939 59
1374 2145 50
2032 2562 72
1799 775 36
1771 788 11
683 1187 37
1485 209 54
2030 660 91
848 2397 13
327 2098 87
632 710 80
13 2442 54
2266 1216 79
2211 2104 84
2619 241 60
1806 1111 55
1026 1551 51
110 666 55
2526 44 52
613 628 30
1926 1930 69
1797 1107 27
640 1191 46
1119 739 13
1788 1270 75
2294 1971 58
1652 2070 55
736 2177 45
582 1938 45
2461 2207 91
2026 422 100
1731 960 74
2246 2212 64
1683 2288 78
2244 1787 85
2611 1636 18
640 1082 23
464 2275 20
945 1869 53
2332 680 99
1281 2330 79
1092 1831 85
396 108 92
643 330 68
1513 574 88
1950 1856 73
1381 137 40
1063 2036 95
1905 2617 54
763 2501 67
2611 2032 43
2632 656 12
1242 957 13
1312 693 15
583 2449 39
949 1820 49
1754 1912 21
1018 1872 12
1167 2559 18
1733 1404 52
1078 794 27
1716 1739 13
953 2173 85
1085 1647 45
417 1063 37
1809 1049 45
2284 114 10
2012 1274 28
1804 2390 91
1986 1007 97
1786 1060 78
2304 1632 78
746 2424 56
199 559 64
534 2166 37
31 406 68
65 2316 83
714 1852 82
485 954 36
643 1389 63
493 2402 24
2385 1175 46
2360 2196 32
1136 1190 19
1008 1314 74
62 1017 94
1954 1952 11
2080 1688 74
806 1309 40
1124 1334 18
472 1027 41
1278 2572 78
1964 2035 53
1589 1808 89
675 1758 77
911 2054 22
1608 1625 22
1079 2313 69
1618 1767 77
705 2449 36
1535 2440 56
82 172 90
723 2613 63
796 1760 20
140 1366 28
741 2404 43
513 13 28
211 411 85
453 1152 69
17 420 42
1311 158 56
2489 2615 72
1201 2269 87
2526 101 18
979 546 25
795 1227 13
755 304 81
133 1092 38
1959 1212 84
423 1685 77
1450 195 65
2119 2454 14
2510 80 96
2560 1143 47
2007 359 56
1990 2557 95
1202 680 98
1526 370 99
2494 2340 15
254 483 79
611 855 40
1403 896 16
1891 2351 50
1208 2300 71
1145 1552 69
427 212 70
223 558 59
136 2515 82
2230 750 57
1948 903 38
2400 491 81
708 1516 66
948 1055 86
2101 1259 35
89 814 58
484 717 88
992 973 39
2617 583 61
553 310 47
9 841 82
1263 347 27
2415 2580 25
2286 1230 37
1832 2033 48
454 1467 47
1283 2546 100
1421 2006 79
2104 362 23
170 794 63
633 2578 35
1844 2602 86
2023 911 39
1825 1192 49
2517 566 45
1515 2635 61
299 2462 42
2375 1623 12
2219 2315 42
1234 1411 22
185 1309 86
418 682 35
1116 2008 85
1094 430 75
842 2336 14
665 1045 67
1518 2315 56
413 2540 81
2342 1334 91
2573 1827 46
2013 1218 53
367 2473 35
1199 1271 61
1264 1653 31
1218 223 33
2251 788 19
1351 1788 89
2573 1778 36
2110 290 42
2087 1338 25
1664 2580 95
373 905 64
1539 1297 91
1803 1675 65
660 758 74
2584 2436 65
619 1176 82
1271 714 22
2100 1599 69
430 1746 22
392 1460 20
1299 987 23
801 1425 67
851 1894 89
2428 2086 11
2069 905 44
2211 397 74
1844 88 26
788 82 62
1431 2527 90
2540 744 28
1041 2238 88
977 1236 34
311 758 46
1982 617 14
1163 925 97
1924 568 21
1210 292 14
1593 683 55
220 1058 66
2043 1785 12
1227 1622 81
601 827 98
2352 2495 86
1679 921 10
1617 285 22
523 466 50
1766 1826 94
779 1031 34
850 202 20
205 1266 84
2034 125 81
2624 2578 33
976 565 57
2484 44 86
1265 1968 96
1408 1024 61
119 1165 13
1309 1214 61
1232 4 58
2078 1591 87
8 2557 41
119 2246 92
1409 1717 72
135 988 22
2079 2214 34
1225 2421 87
981 311 69
296 1512 63
1490 1636 48
149 1003 66
2428 1491 47
2325 1336 32
26 2177 56
208 809 73
1224 2639 72
1580 772 82
151 1994 78
728 2048 81
1341 1647 35
1935 2445 13
1694 150 89
2591 785 38
1330 2265 26
2471 496 26
2106 349 63
2068 292 65
664 1665 34
1602 1171 11
2082 2619 25
309 102 51
1084 225 67
1177 1931 64
1873 805 69
1873 658 18
1151 1495 30
2062 2231 10
1496 2064 48
2335 1713 30
2106 949 30
1170 1623 59
95 2027 35
953 2427 61
1002 927 41
702 1217 41
427 2104 47
1660 2369 66
289 701 37
2302 1826 18
2602 1820 32
987 2242 94
2172 2416 51
505 2557 68
686 2132 62
646 1031 25
526 1516 42
2293 1487 69
1839 2603 45
452 1148 67
2263 1788 16
1272 721 91
860 699 38
263 1412 92
1151 593 99
2039 1125 60
2608 359 51
164 1248 58
599 1786 78
2188 90 50
120 303 12
1267 610 36
2211 1719 50
2591 2332 76
959 1388 78
1442 109 100
1838 38 34
2429 231 40
1443 639 54
553 1310 28
2065 780 67
1344 2533 52
1673 1868 43
4 1978 40
303 1206 21
121 1187 49
98 1781 84
1545 2521 60
1792 1744 100
519 1117 37
1909 1987 39
1749 1144 100
1524 1766 77
2073 2408 42
2631 617 77
90 476 28
258 2068 15
1431 1397 39
1438 871 93
501 1743 43
1481 565 93
2166 210 94
2301 2325 14
1097 2031 43
1549 2389 18
691 1211 71
2022 1252 93
850 1038 29
2559 1479 96
478 723 34
1711 1496 34
583 1600 19
2468 1092 79
396 1717 12
2602 1607 34
2248 2534 57
2268 1081 90
583 2601 52
590 1445 94
469 1757 95
1002 2570 56
1762 841 28
2308 972 48
470 1923 83
2566 216 60
269 1015 58
1057 2420 32
520 757 23
496 1267 86
1912 2442 17
617 1731 88
794 2587 44
1578 78 79
2068 2036 38
1001 97 66
2095 483 19
131 1025 35
1590 2303 97
533 749 24
1893 2304 92
2056 107 72
84 1334 10
2163 622 13
38 182 15
12 241 67
807 774 58
239 521 32
622 1553 50
1070 655 69
1078 788 40
2152 325 75
954 2630 48
111 915 89
837 2629 23
2052 1462 57
356 1179 72
358 1091 62
935 2471 19
1823 2423 63
1666 2449 36
1457 1800 56
1801 1706 12
2035 2182 32
1057 2053 100
1485 634 50
1029 1230 35
465 213 89
1914 367 51
1417 125 23
960 1302 43
786 559 28
2243 677 36
2077 391 30
1117 1078 90
2179 517 92
69 239 17
2487 1207 41
294 2378 11
25 1432 81
1832 581 82
46 2320 88
1501 2370 44
1693 1707 92
1049 1492 98
1226 1878 95
2435 1479 18
2068 2618 98
1110 305 91
1077 1070 88
1651 1873 40
1901 325 13
2277 2491 80
1152 1971 71
1928 2618 66
1413 751 85
1185 2083 40
612 1916 56
2345 476 33
455 2159 55
738 1083 26
1400 1104 19
2543 2177 85
1696 104 33
1973 81 47
444 1275 87
2232 606 53
2313 2248 18
1260 2365 15
1083 1933 68
1191 1133 63
2180 166 46
1676 17 27
1847 2609 44
2006 462 52
1011 523 92
199 1897 60
18 1993 71
2311 2109 73
1530 2112 96
537 2255 44
692 2471 34
1276 1573 64
2069 542 62
1176 204 91
2240 2519 55
1966 1026 37
1091 2016 38
506 640 61
1838 2572 38
1570 817 25
1668 1515 80
2141 2311 20
255 359 60
1893 1543 24
1450 1693 96
2630 1781 94
1368 1134 44
47 1118 19
2359 878 46
2216 2405 27
728 1712 15
807 1867 23
925 1913 92
567 127 39
419 2027 22
36 1025 50
1883 389 66
2027 1412 76
1480 1755 55
237 1016 99
803 1749 74
2181 1298 62
696 2287 26
747 2250 99
581 2566 11
760 1526 21
108 701 48
1720 2527 64
1048 923 17
1057 465 93
2521 2420 57
1874 1757 57
554 2531 75
376 2341 44
618 1179 67
311 2478 20
1879 153 28
509 375 29
275 474 16
1752 1897 34
1912 249 68
1515 181 36
1006 1308 75
1639 1607 78
2625 560 55
1900 242 87
272 501 80
2449 2009 61
2559 405 64
2432 1172 16
1675 2309 26
721 1660 42
870 480 73
1776 2464 95
1211 70 57
1897 728 75
165 154 23
96 382 25
1095 1944 62
2012 1939 100
1427 445 11
1069 1703 98
1708 908 47
194 1826 31
2091 2598 27
795 902 42
1986 966 23
285 2335 90
1468 181 91
1255 761 77
2629 1319 69
2256 391 58
333 891 60
1079 627 80
1991 2178 88
1506 1820 36
1414 1788 59
2493 1976 96
146 291 81
1387 2409 53
498 1682 12
1270 93 78
2021 2544 44
2587 1095 51
2254 1519 84
1356 362 73
899 444 44
2199 2608 33
1462 1078 48
2291 1177 21
1000 806 58
2562 415 71
1802 1724 79
1098 181 69
1630 1468 85
2456 1240 35
1999 284 11
2313 2169 14
1883 424 30
229 1091 94
711 1885 55
1608 1231 23
2002 936 74
805 649 81
654 1195 69
1296 2431 70
1315 1899 85
263 835 18
0 1014 16
1039 55 54
490 2035 50
1829 1512 61
178 298 50
155 2516 76
937 1499 57
1728 1620 86
2077 148 64
1965 246 71
2145 1695 46
1966 1415 80
2492 2636 51
1675 737 12
2262 2029 15
890 102 41
528 944 83
585 2042 85
1610 1720 80
2293 1917 64
372 1523 89
769 1539 76
1471 57 86
2625 158 19
759 417 72
828 805 55
74 298 79
1020 731 70
243 1588 66
4 1879 39
2305 2292 94
2470 459 23
1329 220 41
462 568 51
1981 1552 48
513 2245 54
1117 1197 73
255 313 99
325 2172 66
2244 2191 17
935 1093 92
1493 1755 36
857 1988 75
2559 1464 35
2216 112 37
707 1167 30
811 757 19
1049 276 46
1034 729 31
1347 144 73
1905 352 12
2244 66 51
1403 156 90
1138 2248 47
452 1732 94
1954 1162 61
780 2009 52
2622 762 59
137 1798 52
407 474 23
1101 1037 49
743 1861 41
394 954 88
1102 1080 22
930 1362 40
814 1997 20
833 738 37
425 255 97
2344 1443 87
1448 1153 26
1823 1350 26
889 1433 73
219 2334 58
2169 278 25
1460 212 78
816 1497 12
784 1033 35
1028 1713 45
2404 2251 80
1979 304 52
2132 2060 53
707 2006 26
970 2475 56
1901 1135 22
1606 2569 89
805 1329 88
75 1035 53
672 931 63
824 601 40
1239 1505 55
1620 2238 83
280 436 98
2436 411 66
836 922 94
278 569 77
1722 230 86
2380 2503 17
1766 22 97
312 1899 26
1702 2076 74
1731 706 76
2310 972 25
1043 2367 28
874 1799 56
914 1179 55
2481 2431 30
1076 611 14
1313 1303 16
846 387 10
1862 1823 28
916 1740 19
2246 1230 35
1135 172 100
1919 772 79
844 164 41
2106 693 19
1779 1089 11
2207 1761 75
729 964 96
1319 637 79
162 568 63
2371 162 10
1278 2053 87
1505 423 13
448 2037 49
1757 904 77
974 2041 66
439 1568 22
1692 1829 26
504 664 37
1603 959 39
468 2202 50
390 862 28
822 1349 97
1642 1914 75
592 874 39
354 2143 83
1787 214 38
1536 1053 33
2300 671 42
2484 75 68
1201 2084 99
1807 1795 31
46 2190 37
133 1592 52
1003 787 73
1689 479 26
1937 2312 75
942 2216 85
2277 871 69
284 1941 55
1256 189 85
90 433 57
1783 606 55
1515 60 86
2374 2046 73
96 883 59
2417 922 45
1906 551 96
132 2532 69
2599 1732 54
19 646 88
1101 90 23
2462 833 20
896 863 73
1632 2597 18
1756 1589 50
894 942 50
1023 2374 70
129 1737 74
1736 561 53
2489 1562 21
1027 2321 13
124 2359 48
2003 1790 15
1243 319 56
1699 1056 61
1675 1668 65
2602 1814 11
540 1383 51
179 2020 70
234 1248 12
2505 999 36
1121 1085 80
1194 1149 44
394 373 93
1158 1019 34
755 1497 11
2355 1593 75
264 790 31
2477 602 91
2574 1353 20
534 859 64
1849 1941 31
187 294 85
2344 1252 45
40 1271 14
1456 935 52
1112 1641 22
140 1425 43
1073 15 17
376 2574 66
373 2067 46
1457 1597 33
1090 1586 54
1930 2481 99
1952 2117 92
525 1173 87
624 1139 52
1980 153 51
1140 2296 30
1908 2072 23
1298 2526 62
1293 1388 91
1631 1020 36
520 2439 32
1847 576 88
869 2044 96
2315 153 72
1052 1159 99
1819 514 81
2330 930 99
2143 2309 94
821 1015 99
1538 1077 60
2084 2474 22
303 409 35
2183 547 27
993 1215 26
1547 2196 29
1211 948 30
880 221 73
2351 2060 79
1082 453 57
2189 858 87
1387 347 65
930 39 79
1997 1127 58
2195 1664 64
2095 1309 10
245 1073 91
502 2506 14
2392 847 16
756 1009 98
2338 696 22
2565 918 29
146 1911 90
1896 2021 77
280 496 79
2235 2533 37
311 1410 53
237 1337 57
875 115 36
1036 569 52
1085 2353 93
1188 500 66
2617 978 56
2118 1498 73
135 1870 70
2539 1171 82
2307 1570 85
2418 598 13
2621 1341 67
1022 1915 73
556 2127 81
1451 2198 72
1240 388 99
2002 993 81
1772 2431 41
557 1151 89
2375 1283 71
902 1302 50
420 250 71
2133 836 100
1936 2409 27
1800 884 39
1955 688 97
1056 782 11
105 1417 97
1842 1638 99
774 278 48
594 2551 22
648 1327 61
1634 2425 22
1694 1989 100
775 1361 53
2204 1004 92
940 211 20
2103 23 31
84 1641 99
456 205 65
2015 2073 23
2503 1562 15
1803 1912 54
1639 1923 32
1135 1537 50
1466 172 86
2293 1853 77
221 1194 16
321 1388 36
1916 2189 65
2291 1499 44
29 103 20
927 494 24
2381 2221 75
504 208 27
1536 383 38
1642 1349 81
2081 974 75
2185 1353 11
1853 451 74
1001 875 37
2450 814 25
1910 1711 100
2603 1545 99
682 237 84
334 1549 84
1941 2371 28
1722 2413 83
1701 1017 70
1341 1632 19
525 246 42
2535 1762 50
1124 2126 12
1382 554 67
2525 1915 49
920 1975 74
1942 615 16
752 45 78
177 1069 20
1116 2492 81
2066 1043 69
537 2202 34
1848 637 80
2599 2528 46
131 2243 46
1886 641 35
43 1730 88
2371 2499 56
1438 1702 35
2550 48 87
1406 1003 79
1062 1182 46
1154 41 69
1744 610 86
36 1205 10
2557 527 30
2110 2151 56
1993 1779 93
2604 1116 85
2630 457 35
303 991 37
2448 79 32
47 1342 13
591 370 40
606 1780 96
1483 843 96
51 2152 32
8 2000 96
2458 2426 92
1897 1463 68
145 882 18
1410 1714 97
2153 779 30
2139 1655 73
729 26 56
2224 2227 21
887 699 49
1474 2518 41
1267 484 36
2144 1357 74
651 14 44
1763 1987 48
1497 1108 67
2126 1293 16
2019 1453 49
682 713 24
2553 2501 30
1916 550 92
943 194 59
563 614 56
922 985 73
2347 2193 32
1130 1831 98
1871 896 43
1571 33 18
755 1573 83
1 402 23
2617 119 95
1071 1286 69
386 2187 66
2170 524 42
1947 1499 99
1098 556 84
1053 1860 47
1620 2214 39
397 1665 74
913 2402 51
335 1594 76
452 2080 33
1915 46 30
2118 1021 60
2243 1392 62
1859 591 10
690 373 70
1955 2589 90
1015 728 74
2517 174 64
1360 159 36
1760 173 51
1255 1773 57
1847 2584 54
1045 2461 32
2611 339 31
965 839 98
416 1409 31
962 2300 22
2347 1787 90
108 2534 26
1407 1372 53
1207 2266 78
1623 1605 74
619 2246 60
1 2142 61
1145 48 88
2562 1789 65
178 2114 86
732 2577 22
2099 2582 71
1611 2602 73
526 1288 84
1256 1036 83
1940 1309 86
1977 288 25
2325 701 48
1553 1181 43
110 2297 11
1692 354 98
725 2375 11
2135 2413 82
2578 1306 63
392 1260 96
2319 1058 97
1881 855 42
416 2332 19
883 1000 48
774 2458 36
585 433 89
943 392 19
403 890 96
2609 420 25
1951 858 70
402 1331 88
557 2112 33
2365 1515 59
550 1398 12
2159 1807 89
1248 76 13
1030 957 32
2139 737 59
604 1810 34
2252 1635 17
1429 866 56
1031 2090 95
1794 1640 83
787 1594 75
1097 1832 88
1526 518 69
1360 653 68
267 965 54
2309 648 68
289 1617 20
1384 991 64
1162 330 53
2119 1027 60
2071 512 64
1585 1629 63
1286 1272 96
376 1552 17
995 157 85
2087 491 38
1995 1934 85
2411 1760 67
1190 1850 29
1001 910 30
1378 1862 30
1992 229 63
664 771 41
1448 879 97
208 507 85
2284 2313 37
2580 584 18
2396 1166 92
1853 716 75
1752 994 33
104 32 28
423 2348 88
2502 307 10
2049 308 14
2101 327 52
1146 1042 95
2248 1808 31
1778 2217 24
1358 594 34
1727 682 29
191 1669 97
1288 310 46
2128 288 31
1037 420 58
2225 495 59
790 1504 99
1783 1212 74
1423 214 53
1306 515 97
2357 446 81
2508 2291 93
836 2353 89
1295 1305 65
1275 1849 16
1086 342 40
942 420 42
1427 1052 21
176 461 47
849 2352 36
1373 1873 42
1680 118 96
1702 863 79
2529 1919 90
843 250 83
1720 470 34
2573 2432 87
463 1754 33
24 2092 67
2418 2421 37
737 958 22
1406 2540 51
1412 233 51
1499 2475 73
2559 723 58
826 1832 68
2281 688 53
564 2313 39
1626 1599 25
767 709 63
1808 2229 64
516 1290 27
1728 669 57
2263 1947 74
1149 451 53
2022 165 54
1734 2328 52
1964 1892 49
1943 50 60
1741 1198 18
663 917 100
1549 1046 12
972 1577 81
528 2353 14
405 1059 50
1957 46 46
202 1847 26
110 1115 88
1794 603 10
2525 1339 92
2101 2178 14
1437 2526 74
1660 909 69
2323 81 65
658 2306 26
1456 2247 54
2514 2631 18
2274 374 37
1423 385 88
261 657 60
2435 1398 44
737 1067 88
1246 1549 98
1678 905 76
97 871 22
2545 908 72
649 141 28
918 179 24
1143 1943 92
866 467 35
1459 1443 56
1661 1663 83
2616 336 73
1989 747 63
2299 270 37
614 182 16
1999 2528 98
192 2493 14
149 2009 33
1340 2428 94
2591 53 67
1155 1377 26
1493 1802 22
1601 811 59
363 1029 100
2525 155 77
1424 1874 42
2440 1598 76
1885 1425 40
558 649 78
2231 2565 90
2420 1546 19
2515 951 73
2556 2492 21
1966 1165 57
1512 2164 43
2440 1913 95
460 567 87
2530 825 89
798 670 88
2404 475 34
2188 1215 32
588 925 96
469 1061 71
2632 1593 18
947 2162 50
1573 1099 72
1053 1144 90
2539 22 34
743 485 99
1000 1487 11
157 2175 90
2152 1315 50
663 2441 67
1010 1036 54
1578 1086 65
1830 1342 65
650 388 53
486 746 25
448 1526 29
442 1631 13
2236 43 27
107 1063 15
277 1248 14
1619 788 28
2243 1264 65
279 1023 96
2239 1941 26
638 784 46
1931 511 44
1209 178 86
1962 625 78
2184 2323 81
1995 772 10
687 2474 44
1982 1256 13
1520 1368 77
1813 2418 76
2493 1231 38
1319 1677 62
2238 2571 64
1784 857 16
509 1748 52
596 1011 35
2446 2426 54
1024 915 49
773 275 28
1872 1738 58
14 896 99
167 983 43
1063 330 51
578 330 38
2639 1161 46
91 1902 56
347 2587 37
2055 542 69
1070 489 25
1059 2149 31
251 1500 25
1284 1825 38
2108 1484 55
2328 2289 92
419 2379 11
978 1127 34
1600 516 11
2102 547 16
1444 232 84
1965 1530 34
1027 1049 90
2445 711 85
1154 2436 39
164 2340 73
1199 2100 90
237 111 26
720 718 18
2510 376 28
353 930 54
2307 1846 25
1310 595 48
1909 160 46
327 1936 45
753 1316 25
189 398 59
2138 1320 64
309 1315 48
372 1761 85
1474 1332 90
2443 753 15
2042 742 45
618 1083 33
1736 910 100
928 2077 32
2193 1137 85
1621 2588 96
1102 939 91
624 579 55
492 2208 13
597 1880 12
327 2543 11
121 705 69
1620 2508 97
1773 110 58
347 712 53
781 991 41
2134 1566 100
1041 1973 21
384 1161 44
1548 1704 31
2287 797 88
593 2010 92
1680 1942 49
1232 1996 52
158 1339 78
2521 1848 34
1711 787 61
1852 1039 38
1850 701 31
1749 875 40
1904 1821 60
189 1635 41
1563 1304 26
2471 865 13
1667 231 75
2059 391 21
2017 395 10
1283 698 38
1875 103 98
837 310 67
605 1002 80
2607 504 22
89 1119 65
2375 1413 82
649 2334 73
1488 2138 62
293 1773 16
928 1661 100
866 966 51
2481 354 12
2518 1898 31
1162 491 24
2215 849 75
1224 1517 76
1894 2315 62
1056 554 65
1722 465 49
871 2533 14
1215 959 58
634 58 57
1840 2072 12
146 385 72
2602 2161 82
1565 1553 100
1338 1055 58
36 1014 88
2259 1287 49
1173 2026 18
2405 888 44
1733 1725 77
593 2335 95
2471 1754 83
1506 1288 98
2592 1554 28
984 2499 58
2591 998 99
369 415 72
474 156 57
631 2317 100
2517 1013 20
89 1200 23
1967 1528 15
1685 426 32
489 2356 95
2079 1954 86
362 2486 79
810 104 95
2002 2358 68
1860 1021 30
1085 880 12
438 59 26
18 2472 86
198 2481 49
2598 2060 83
2163 1525 54
806 1139 64
2077 2112 47
1207 2320 89
1959 1523 10
584 983 94
1612 1349 54
2264 570 84
371 1398 77
148 2237 39
1550 1617 86
1909 60 36
1838 2169 54
2157 1233 91
1038 66 24
398 82 22
1424 2289 56
241 255 76
966 791 12
1037 1941 18
1860 1546 74
709 647 54
1899 1171 44
2008 1111 78
1349 232 68
1388 1927 31
1749 1880 75
380 1732 97
1704 2556 80
1942 1306 76
425 227 18
1919 251 42
2515 1655 37
1506 101 65
2134 1130 17
1236 395 81
1831 1163 26
2343 818 69
614 2123 81
916 1636 71
1236 922 87
2606 15 15
517 1020 49
1001 126 48
2116 664 100
70 2226 25
2275 562 58
1603 1285 37
1609 617 38
1088 2545 25
1923 2498 28
942 583 35
2614 1025 67
954 1471 55
2589 1649 13
242 733 64
2638 2317 74
922 1449 80
1283 1422 97
2326 2295 63
1597 1227 52
418 1864 97
625 2185 62
457 1346 80
2597 2640 44
561 2383 83
1954 354 71
2360 844 84
1242 1094 27
511 2013 35
220 223 43
2533 257 64
306 1945 20
23 1971 68
1 567 45
807 418 95
628 540 51
962 1926 69
2124 2529 56
2030 1581 71
2337 126 83
1954 2317 61
447 826 70
1901 2348 97
639 2478 75
2087 69 73
2273 712 61
802 2446 90
1346 808 85
323 1444 61
2411 2260 79
1123 496 90
1033 37 62
965 703 46
2276 348 67
155 297 91
197 1267 93
267 2471 96
661 1417 26
358 876 23
1207 2334 69
1315 1763 58
2090 698 28
1943 440 24
2604 1719 28
1749 1963 40
764 1604 18
2376 391 61
726 416 95
715 1561 51
2278 73 90
870 197 73
1259 259 95
1952 1379 40
1119 2580 44
900 1681 34
1680 775 81
1667 2390 39
1627 1236 31
973 2485 36
218 623 39
755 1373 54
1596 136 54
2354 1961 95
513 1607 43
2437 2089 42
382 1632 57
628 83 91
674 2189 44
45 2239 14
57 927 98
1406 1035 81
1532 1694 20
1134 1383 31
1366 2096 87
734 624 40
369 335 46
2513 2465 73
1711 75 80
1683 2353 94
2585 2386 52
417 1854 27
2327 412 41
2597 636 28
2059 1396 66
940 1464 12
1433 678 87
1266 713 35
442 479 15
50 1289 15
1085 2235 37
1098 1303 29
844 2514 77
1900 1916 68
382 1622 19
1172 314 69
1459 1607 75
115 2541 38
1106 1870 29
2565 870 17
912 716 13
1466 2619 51
2596 563 92
2587 497 24
1964 2071 49
1347 2516 44
74 636 31
798 1738 56
1392 1710 61
2557 1597 97
944 509 51
1958 2343 33
1376 59 100
554 1102 29
1175 547 35
2580 1784 97
130 213 52
2622 1391 42
1896 2151 98
2289 591 43
187 1218 98
700 730 96
610 2533 98
407 2136 60
555 2303 86
297 2337 57
2263 792 98
1418 399 20
24 1814 94
1620 432 99
1730 2503 26
51 1195 14
1511 609 32
623 2015 77
921 668 54
1282 715 22
1375 1851 58
1143 644 24
982 1658 85
968 1149 69
1272 2294 45
796 2289 42
1662 2055 21
486 1019 77
1977 694 82
1146 72 91
1063 990 99
1100 479 65
1153 1349 84
208 1810 18
78 43 46
438 1664 31
2108 2444 35
116 735 45
2273 1185 32
677 1548 94
2215 1122 55
656 2616 70
1188 167 63
1773 2240 68
581 1059 82
27 698 92
1506 328 13
375 1771 28
1717 1852 91
139 876 91
807 1003 97
554 2357 48
2217 964 53
1144 1123 81
657 2000 80
912 395 31
1454 1159 50
197 1267 82
2442 2584 36
1054 122 97
149 1533 21
1656 859 35
2332 1759 87
995 1845 33
760 2392 77
2447 2141 63
2393 1342 88
883 2254 49
456 928 95
2635 1065 94
2567 375 92
127 172 68
315 1031 80
578 1648 68
1725 2587 86
1451 58 31
1806 1950 18
281 518 55
1672 1645 54
1456 1811 65
1241 1293 84
760 188 47
300 1074 21
1121 485 86
1803 271 58
1694 1395 12
788 2594 85
1009 1232 46
2245 2087 42
2266 1609 50
1939 1482 39
246 659 51
2221 1864 83
1775 1362 78
2417 2064 59
1794 644 30
2014 886 54
2559 397 70
1130 2048 85
1801 225 30
2566 1766 69
2114 2431 19
200 1402 88
816 1145 17
2088 288 46
2055 618 55
2624 1436 38
192 2615 53
999 180 98
2609 1809 36
1629 2551 63
1195 416 77
503 2481 80
1 1038 35
423 2542 95
488 2058 41
1448 1782 47
957 429 81
1253 560 98
530 626 10
2035 1250 91
1741 1248 100
2423 1592 57
2032 1678 45
2475 1797 58
2151 1015 56
390 1189 92
45 250 23
1893 887 61
1773 892 56
963 1197 22
1195 1456 92
99 1776 73
1071 1433 19
75 133 17
600 1895 28
749 621 96
1286 1853 49
1630 1766 57
721 1532 60
259 2027 20
2614 2430 93
99 952 40
666 1668 52
1220 2578 16
2088 954 58
760 1847 29
25 1233 65
42 1161 52
2326 1386 89
1665 2358 59
1371 1492 33
923 1257 57
1529 991 83
2067 274 88
325 1403 37
475 396 59
532 2127 33
75 4 28
345 1867 63
1958 451 22
1186 2263 44
102 1282 13
1882 2630 83
598 2473 85
565 531 15
30 1718 29
822 689 23
2257 2541 49
1789 824 24
1125 1137 47
1020 1161 99
633 1624 99
36 2040 33
201 1761 21
2640 2389 42
346 103 96
2609 882 71
1785 354 28
1327 1576 46
165 571 87
2141 411 35
1756 172 16
1952 1271 53
2020 843 92
373 1272 71
1562 1603 60
2416 1804 23
83 2252 98
859 2132 14
2 1229 12
67 427 59
831 1460 75
1861 1473 92
202 1445 79
2619 2303 77
2316 1938 75
519 2379 99
1625 2467 61
785 2009 36
560 904 100
1175 501 91
2082 1583 67
1064 1549 28
140 1721 56
2224 1088 77
1811 949 24
251 1738 69
1050 844 93
157 1381 57
1419 1699 58
946 766 95
464 1636 36
90 2621 59
875 1486 34
1745 1508 23
2344 312 97
759 2390 79
2326 781 100
2298 46 15
2062 685 39
874 1212 48
1224 1196 47
