316 5583
130 27 17
277 158 26
218 252 78
103 294 56
108 254 80
220 227 81
230 77 83
186 304 66
147 242 91
92 308 90
176 56 56
131 109 32
162 293 76
165 298 54
166 30 38
191 159 79
148 297 59
139 240 21
312 118 67
48 270 60
140 146 55
39 234 70
128 146 65
267 176 23
153 168 70
124 280 49
164 258 35
175 138 41
294 44 30
293 282 85
193 305 91
172 194 72
122 203 25
148 135 92
154 229 49
191 109 67
272 305 12
107 148 59
230 192 78
189 45 11
218 4 11
68 76 79
315 309 58
307 37 44
204 201 16
103 142 12
92 202 40
266 282 39
152 248 55
275 155 97
134 143 68
199 119 93
224 12 72
134 113 16
223 180 83
225 200 30
32 201 40
274 54 36
112 232 37
239 71 78
19 257 31
150 7 29
250 158 55
280 171 25
149 255 19
230 292 80
132 281 96
28 47 74
216 212 13
309 53 65
280 296 25
305 231 30
28 301 14
229 202 41
27 277 16
227 142 55
284 289 91
181 12 64
83 222 84
225 169 36
282 236 41
209 196 78
24 214 47
260 276 30
239 228 99
107 294 48
271 77 63
143 171 71
113 216 82
5 211 95
240 199 11
153 27 11
245 252 14
255 268 95
7 88 18
231 295 25
106 147 71
218 232 18
122 73 62
153 26 71
268 280 92
32 236 68
77 296 33
107 295 83
238 260 66
160 125 53
274 202 93
138 156 70
131 250 79
90 7 96
164 226 100
14 36 40
132 189 19
103 154 92
41 222 60
12 237 79
191 103 20
187 131 91
124 231 72
258 306 76
155 23 34
96 59 74
75 79 45
46 90 71
109 254 45
132 249 17
28 88 40
37 117 65
269 48 10
27 25 70
49 298 70
151 36 43
42 9 27
18 27 15
286 50 66
136 280 57
70 301 35
52 291 85
78 209 78
243 245 78
251 155 99
108 41 100
221 129 71
24 217 23
81 310 82
169 166 17
255 48 14
13 34 61
242 60 82
16 202 91
183 309 77
84 15 94
290 60 99
174 189 28
302 253 47
84 239 66
124 100 29
100 184 59
182 199 78
157 201 53
288 285 17
73 160 94
175 305 10
178 309 74
8 164 14
174 154 73
280 68 12
295 52 28
94 81 73
100 18 37
264 255 62
39 154 16
163 18 99
6 258 82
228 268 24
20 60 46
121 301 37
197 152 42
314 66 49
93 101 77
183 76 84
287 244 91
80 47 68
238 180 16
50 143 46
8 72 13
166 78 84
261 264 50
305 92 53
196 210 12
118 213 86
96 200 78
114 7 97
190 107 90
265 58 85
251 129 35
68 195 68
93 310 19
195 92 98
66 137 42
192 218 69
78 80 19
73 130 64
28 46 89
32 93 84
106 276 71
59 283 66
97 148 10
175 28 69
242 16 80
18 241 14
222 2 94
256 169 63
117 126 53
172 276 43
279 56 72
103 72 76
66 104 15
266 82 33
108 26 20
88 36 77
300 154 54
171 213 49
302 136 69
131 249 11
30 179 60
110 193 48
2 122 43
106 123 37
212 26 15
205 269 81
79 283 77
310 145 21
33 227 85
29 74 46
221 289 68
291 75 47
310 160 10
30 28 11
93 124 72
310 292 27
157 163 43
47 201 61
73 271 12
246 176 84
211 133 36
267 52 39
151 53 26
171 114 96
297 141 62
196 50 66
37 195 95
239 308 47
125 93 96
107 250 17
247 302 40
113 181 24
14 243 36
305 275 44
218 23 92
10 236 51
147 194 54
187 194 94
202 71 90
22 197 45
306 194 10
113 139 76
283 136 97
216 312 85
153 63 23
186 221 68
121 222 51
202 34 87
185 222 82
44 34 62
125 83 17
268 255 66
28 179 17
246 254 53
205 28 25
23 195 23
228 200 46
165 193 52
9 4 34
298 309 67
167 89 27
163 259 29
172 99 33
253 314 18
161 69 80
243 144 11
57 164 63
295 100 26
196 212 98
186 36 87
266 71 88
98 175 79
189 184 12
74 160 33
256 158 62
169 241 68
28 119 28
166 88 48
286 204 67
250 9 78
279 135 48
281 137 41
59 284 31
233 149 65
200 237 84
236 4 31
275 172 30
218 224 27
291 171 82
88 150 20
297 303 10
31 56 19
263 293 30
37 207 25
152 312 97
211 162 91
13 111 53
299 224 60
181 217 12
32 237 70
287 94 11
82 233 20
188 39 96
202 57 79
48 57 56
12 236 28
108 91 69
5 183 59
142 17 45
68 143 37
56 172 54
248 211 72
109 142 35
283 246 65
184 64 31
112 92 86
85 219 15
95 181 88
166 210 33
201 103 30
286 257 19
144 215 36
173 38 21
234 29 15
106 306 96
3 49 31
77 297 59
119 232 55
94 128 65
296 152 24
77 297 62
64 11 42
18 127 99
11 136 15
68 42 52
306 93 13
249 61 48
109 181 47
309 248 38
148 58 76
142 105 24
76 114 53
57 301 24
253 168 80
63 246 80
210 240 79
238 50 49
253 209 44
205 204 98
90 153 72
278 74 78
291 234 69
199 267 33
199 67 88
113 68 40
49 253 92
88 132 27
248 84 26
190 99 14
17 156 69
148 164 87
59 183 54
216 264 32
149 285 91
136 175 28
1 178 68
226 110 30
51 95 41
42 0 47
1 100 90
230 214 66
172 113 30
247 241 18
211 297 57
206 278 24
77 308 16
178 258 57
218 159 63
270 281 88
2 133 72
167 305 58
63 209 22
246 69 84
203 200 32
109 216 80
89 14 90
276 221 67
129 249 92
213 128 10
263 155 55
114 167 29
113 89 48
246 215 92
37 277 73
290 121 92
119 230 62
179 145 13
192 298 81
227 11 75
182 15 67
301 303 87
24 89 54
140 97 82
169 134 93
310 213 49
207 30 20
208 184 67
55 148 11
35 2 52
116 16 61
201 212 59
152 156 83
253 38 36
306 209 29
262 260 23
128 250 84
104 140 37
172 7 22
48 238 23
128 139 31
269 94 42
15 69 15
13 269 82
232 300 32
17 243 84
199 97 80
44 66 95
156 235 82
311 64 47
34 93 66
221 79 38
312 258 97
155 83 55
14 198 78
77 23 81
283 252 57
247 60 19
10 52 52
127 298 19
247 6 49
27 269 26
9 177 62
26 44 90
83 163 70
115 190 59
107 278 86
22 23 54
61 188 21
156 55 86
296 75 84
81 243 22
192 183 83
300 123 96
127 179 13
55 23 83
239 96 24
161 301 20
309 314 32
143 89 95
224 249 96
150 153 16
76 3 96
221 41 21
132 163 81
104 254 15
243 93 12
278 263 34
29 255 12
85 45 44
248 260 40
154 49 72
46 85 37
137 222 71
233 266 26
129 283 37
3 244 28
262 154 42
315 130 42
107 176 48
115 269 95
141 173 10
148 51 24
27 128 70
236 288 78
98 112 74
240 182 56
136 26 11
86 167 94
125 18 60
60 113 71
246 46 87
180 227 25
218 183 41
223 72 51
253 305 17
238 177 50
85 254 76
44 250 55
63 294 25
202 244 33
289 79 96
10 196 24
139 153 20
187 76 13
200 261 98
8 0 69
275 308 27
315 244 26
141 159 51
133 205 15
310 119 33
130 195 39
233 227 68
132 54 63
271 22 11
299 34 30
243 180 33
117 34 51
80 265 26
312 102 24
95 144 97
91 140 88
247 115 21
43 64 83
226 101 40
54 124 37
291 176 97
208 75 85
128 169 39
121 270 51
9 81 45
206 9 10
46 119 42
77 90 15
257 268 62
240 211 93
8 217 16
118 68 77
57 17 66
166 255 34
216 55 67
287 163 12
66 58 58
285 300 21
253 278 43
245 242 77
267 110 30
256 205 58
123 177 38
97 99 17
275 29 16
41 102 52
87 282 44
78 16 26
301 146 29
124 205 88
307 130 14
291 255 49
79 83 44
75 61 35
256 110 28
262 90 13
153 194 48
258 53 39
134 299 100
268 190 99
40 155 70
249 272 46
243 0 31
7 27 90
57 212 64
130 57 44
314 110 96
215 103 88
19 72 89
124 144 41
277 197 70
107 94 65
237 63 16
159 177 100
223 133 52
178 97 28
112 22 96
113 68 61
310 63 71
103 11 75
229 153 65
281 25 88
260 86 25
136 113 16
236 221 17
78 248 69
124 7 73
140 247 81
150 263 100
239 274 42
294 276 52
261 125 90
110 184 65
116 258 59
211 194 22
16 227 78
120 215 44
203 131 48
275 121 97
126 30 25
150 160 59
84 121 15
115 102 29
54 45 97
36 288 37
45 34 68
55 280 19
225 90 41
116 293 76
27 264 24
269 29 51
119 199 76
260 87 99
6 136 62
60 112 20
134 210 46
228 194 100
285 210 79
117 272 59
240 130 74
224 279 43
313 232 15
5 76 78
92 262 15
238 234 74
179 277 29
140 9 77
50 271 69
144 142 99
313 28 92
173 9 38
249 102 80
274 80 65
222 114 91
58 34 48
95 172 26
3 34 51
275 77 81
223 263 90
216 203 33
7 32 41
118 125 46
180 280 36
199 42 28
253 209 24
157 33 55
72 297 27
253 201 67
211 116 34
24 160 32
62 149 27
68 275 36
51 271 50
248 299 86
22 305 82
161 225 21
239 177 30
281 72 70
175 147 62
183 292 75
242 187 40
288 88 83
217 194 63
7 122 32
90 272 97
5 253 36
119 135 47
41 34 27
10 178 68
79 230 51
56 138 36
45 227 35
198 26 66
81 237 46
143 44 59
119 100 13
245 309 55
86 308 46
72 304 78
5 310 42
207 257 77
66 167 26
57 314 33
120 61 69
129 270 88
28 266 73
130 147 74
138 104 37
54 181 67
29 15 56
113 300 15
254 65 34
308 160 23
122 172 27
63 219 74
89 203 69
170 189 26
30 131 98
48 231 79
241 52 42
249 188 58
254 194 13
66 184 20
17 174 60
264 112 44
213 282 71
2 237 28
56 8 43
133 285 71
181 155 19
27 246 68
28 5 14
191 172 90
244 228 92
36 143 22
114 194 88
148 89 78
126 237 58
208 80 64
91 265 35
190 23 90
303 294 87
125 144 83
187 108 20
155 291 54
189 311 32
43 272 70
39 199 41
223 114 100
268 264 89
167 205 40
234 310 51
280 160 54
109 164 87
232 213 79
199 96 25
221 189 13
97 169 77
125 251 10
65 167 78
35 258 82
242 9 50
22 250 14
236 210 28
156 102 38
86 265 21
145 73 62
184 152 75
13 117 34
256 229 63
133 182 99
162 240 79
152 78 93
136 264 71
311 24 71
295 54 10
75 289 99
75 233 75
12 306 65
201 200 77
129 219 85
115 120 54
263 77 24
96 23 22
251 5 28
294 173 25
51 314 94
81 65 50
138 105 93
294 262 21
261 66 53
206 5 87
24 100 60
1 171 33
260 277 87
250 305 46
220 62 74
127 199 77
286 74 84
25 7 85
228 235 25
140 106 31
85 129 47
169 107 27
211 282 43
28 103 84
239 238 62
240 182 23
272 57 39
26 175 28
103 89 83
158 269 50
195 156 18
189 27 33
292 122 54
119 36 80
253 289 11
95 308 89
179 71 79
173 21 75
270 264 77
164 137 66
100 59 89
115 229 40
208 150 63
74 251 98
258 27 54
134 291 100
103 224 88
151 246 20
86 15 92
206 137 69
29 106 22
232 214 15
268 2 53
6 195 63
219 28 97
238 161 25
129 175 47
232 86 44
26 253 95
88 212 90
263 312 37
159 190 25
165 106 48
219 185 52
294 262 26
120 201 74
184 310 48
78 1 31
135 267 40
124 81 64
162 271 93
186 238 60
132 32 82
77 276 86
170 102 85
14 181 91
224 278 13
248 46 10
12 164 51
187 213 100
38 40 40
298 267 82
36 193 77
38 55 43
101 24 15
63 121 96
81 38 47
27 296 83
13 259 41
143 290 83
49 199 49
91 245 13
125 308 52
300 255 19
7 160 38
79 70 91
221 128 97
29 81 70
258 268 53
253 189 38
140 211 40
134 95 75
53 185 44
284 269 52
304 50 17
163 281 55
128 114 25
43 135 84
158 309 59
47 168 30
259 235 56
238 202 53
32 178 20
297 200 64
13 43 55
284 169 68
77 272 45
232 36 45
105 234 53
202 74 20
132 262 61
212 176 84
52 164 67
254 289 17
293 200 48
57 173 26
274 86 10
61 210 11
38 292 71
121 137 13
136 37 72
210 99 63
182 102 16
55 301 72
8 238 97
31 270 31
136 81 25
38 45 100
305 203 97
106 160 74
83 314 89
96 16 79
201 12 34
29 200 11
190 95 67
39 274 60
0 69 55
52 159 59
251 65 21
3 159 38
277 204 75
80 4 51
37 120 88
111 194 31
233 244 72
4 168 80
158 293 34
10 262 49
34 85 63
57 152 57
143 282 87
197 228 44
286 7 47
159 312 21
32 45 23
202 158 44
69 110 29
223 121 67
225 269 11
84 304 93
4 181 72
83 141 63
308 141 45
83 74 90
309 139 32
116 114 69
266 77 81
12 162 21
24 247 20
288 257 14
32 156 35
282 209 94
271 298 39
284 262 16
188 166 91
8 100 90
290 43 19
183 27 17
106 46 25
2 256 27
278 227 48
233 50 92
78 177 18
95 67 45
157 244 97
138 211 25
199 315 41
68 286 68
243 242 40
223 141 69
137 235 97
259 34 38
67 179 83
46 140 74
196 59 71
52 155 21
311 184 12
174 306 47
298 246 87
53 236 85
235 220 79
178 68 91
176 85 58
94 271 69
151 70 98
55 141 33
169 74 80
311 204 73
257 124 79
50 245 73
118 188 41
246 282 98
50 142 36
64 30 25
74 255 42
214 54 88
283 18 96
25 36 44
242 181 91
9 174 39
143 73 88
267 236 59
18 61 49
54 78 53
84 38 30
208 125 77
16 160 77
55 13 25
256 112 58
8 110 23
125 179 25
177 107 29
139 13 14
309 23 17
86 11 50
183 306 38
240 175 91
97 142 17
4 177 28
245 108 36
124 28 86
25 183 22
45 306 77
118 292 91
55 250 76
8 229 29
151 219 86
90 41 97
152 181 99
47 68 76
123 82 71
197 24 18
256 227 99
264 124 62
58 196 83
74 181 60
240 242 69
175 39 95
144 119 97
71 230 20
272 178 90
177 35 72
275 229 93
237 52 21
266 127 85
72 7 29
271 235 71
213 147 53
98 250 39
25 172 52
221 224 37
169 260 86
228 283 63
64 112 80
57 109 83
210 302 73
140 277 35
197 83 93
53 153 49
43 191 66
202 123 99
167 286 57
299 247 29
236 170 11
123 233 27
294 6 38
307 309 87
1 218 88
251 119 64
220 246 21
179 209 89
141 41 21
197 242 59
274 161 39
249 294 40
251 250 46
202 52 10
61 63 76
199 260 24
135 24 85
150 154 66
191 158 47
161 185 40
308 42 21
9 41 14
178 180 67
243 264 12
194 132 30
273 61 51
276 188 63
5 229 51
42 169 42
0 98 85
3 239 63
209 39 90
37 106 56
258 202 90
236 231 89
36 106 96
261 214 31
69 233 64
60 86 79
54 49 17
33 257 77
14 29 98
90 200 92
157 304 79
81 270 45
88 168 58
183 167 63
265 266 27
3 111 88
311 227 63
32 157 55
313 137 66
140 74 33
61 236 52
256 76 28
168 134 48
279 158 81
274 207 82
136 5 41
243 280 26
102 215 13
135 46 66
6 158 29
171 166 43
238 77 68
46 132 70
221 313 64
61 50 77
137 18 87
247 205 64
176 111 23
291 314 84
313 183 85
262 196 19
296 252 53
38 23 70
152 61 66
253 93 92
188 34 33
243 54 100
291 6 70
81 308 73
149 284 38
77 239 20
310 229 100
273 231 73
279 90 20
248 280 48
170 21 38
262 303 100
91 26 62
208 67 52
11 84 88
2 274 95
212 247 16
166 164 31
201 73 16
17 228 53
193 267 91
308 181 40
270 298 80
34 213 54
88 104 89
37 12 84
170 39 29
241 159 92
113 234 33
239 27 34
176 39 79
21 297 31
73 303 41
48 275 82
292 169 30
296 144 25
3 60 96
131 80 47
257 172 13
163 46 35
226 172 39
33 300 16
192 182 23
243 172 11
29 297 53
258 83 42
28 231 80
179 161 57
188 182 63
269 123 91
104 241 35
48 102 30
35 68 92
293 194 88
91 299 77
46 189 16
185 101 76
244 9 36
157 34 49
182 207 89
243 235 68
121 3 46
313 293 47
277 270 19
315 272 10
87 187 40
167 54 47
129 255 97
228 89 91
133 107 37
221 251 43
263 115 62
264 57 50
235 298 65
159 303 82
92 69 55
70 268 33
34 65 24
49 180 91
189 206 34
238 180 69
80 74 19
25 125 32
94 182 25
26 37 33
54 218 93
145 274 21
187 23 21
7 16 74
239 202 56
191 177 20
202 39 81
114 275 70
266 286 69
64 269 71
185 82 25
133 173 41
64 309 97
294 185 81
11 262 48
157 53 69
94 116 17
150 209 74
47 120 43
201 273 73
165 50 43
67 245 10
145 84 20
174 12 12
224 32 27
285 224 31
57 201 91
167 20 65
262 163 79
233 170 49
235 275 52
308 314 86
65 291 59
239 163 21
273 274 91
179 237 19
215 131 39
70 234 81
180 36 58
213 106 32
236 184 39
72 100 13
224 158 19
251 150 79
247 203 34
139 74 86
71 200 90
147 143 48
13 307 91
275 175 50
178 264 66
86 5 96
15 83 56
134 96 72
311 282 51
184 4 13
200 185 44
277 111 32
67 122 34
102 126 19
244 169 28
73 234 18
200 62 29
64 263 44
272 44 73
75 264 31
143 254 58
116 266 11
95 37 19
24 134 85
156 30 41
186 4 21
214 294 39
126 289 73
208 195 13
6 84 27
190 275 42
116 93 38
176 22 100
80 174 93
4 38 64
165 36 74
235 167 60
95 55 16
162 203 34
293 61 65
17 19 90
290 250 95
138 75 28
0 92 37
271 141 20
15 2 55
45 151 91
304 43 11
108 266 13
205 216 19
17 198 47
217 132 66
214 67 28
218 61 81
176 214 77
204 33 15
135 40 90
83 280 14
292 7 50
210 81 54
19 160 100
221 294 87
160 15 35
15 234 81
102 140 61
117 35 72
41 70 44
120 21 51
255 169 42
186 205 16
166 100 22
229 34 43
151 314 71
254 264 69
83 254 79
247 179 99
105 307 21
175 201 49
201 150 18
14 127 65
119 148 51
97 144 75
315 128 35
243 49 53
194 230 33
170 9 38
137 279 27
230 220 74
311 79 55
225 215 58
105 268 28
247 87 74
274 41 68
309 201 46
139 241 60
191 145 96
181 98 94
42 9 17
122 105 94
103 297 61
278 131 62
225 187 65
266 252 90
125 208 100
65 163 39
9 271 15
217 255 35
50 181 100
264 66 51
273 282 83
129 287 46
147 56 37
49 112 14
278 40 68
265 91 25
259 96 69
243 209 52
144 131 37
248 3 24
207 249 37
190 139 82
13 241 72
31 148 61
158 224 83
225 214 66
181 71 18
47 94 84
65 258 13
165 279 27
18 126 58
142 238 84
275 89 100
239 136 60
184 15 73
163 265 90
172 304 91
132 312 66
183 123 39
301 197 48
244 154 67
173 8 28
30 81 50
57 20 56
108 220 46
179 106 70
93 276 37
261 42 12
150 212 29
204 230 37
18 226 52
201 168 66
313 41 56
16 187 38
177 158 74
77 143 32
199 215 48
215 36 60
293 202 86
81 170 36
135 81 94
267 272 11
43 20 21
292 314 46
123 33 10
175 155 10
270 139 17
76 148 18
261 40 89
219 11 54
296 156 44
92 309 35
158 157 74
24 168 92
57 251 94
44 218 39
267 273 44
164 281 35
263 312 15
158 61 62
75 173 45
2 92 98
230 98 84
49 121 12
82 97 71
139 132 33
98 94 61
227 30 79
129 146 10
9 301 71
70 229 93
156 61 87
123 226 26
94 164 70
68 120 52
226 164 91
132 244 21
46 134 42
307 314 38
38 85 54
113 25 62
234 1 80
264 193 90
100 190 59
232 15 97
193 18 29
179 199 88
127 181 56
66 177 16
172 302 43
30 3 26
36 109 40
63 249 54
9 315 21
208 303 85
128 9 85
41 79 95
289 233 36
36 224 65
77 176 20
133 213 74
203 259 22
39 101 87
94 147 41
219 9 73
283 293 44
304 98 26
215 268 47
162 158 70
76 108 13
88 89 97
96 276 54
129 304 58
66 245 14
311 279 22
67 284 68
197 51 86
287 98 42
227 41 51
301 117 41
7 126 27
24 280 19
11 315 48
18 121 74
130 77 19
269 87 97
143 121 85
133 138 62
82 229 86
250 300 49
102 81 38
235 254 80
59 121 40
237 281 40
37 117 48
292 12 43
253 66 76
248 220 36
185 122 68
27 243 56
49 204 29
293 309 84
140 226 69
15 145 67
50 59 21
130 100 74
293 186 55
79 60 65
126 258 88
307 261 80
101 277 100
47 29 32
212 206 31
250 36 43
126 110 90
282 74 38
119 235 94
102 168 45
15 281 49
240 246 47
109 173 75
112 91 34
46 93 36
53 147 50
295 62 23
239 19 15
71 305 91
192 260 85
276 313 42
203 84 80
41 199 83
2 181 72
276 169 61
272 34 22
96 47 17
94 232 28
210 248 67
134 198 74
262 234 19
154 186 57
87 231 81
177 293 31
282 100 67
8 63 28
112 223 76
189 98 50
186 132 92
3 275 88
59 127 59
151 278 18
169 154 17
14 30 58
34 53 97
273 78 96
315 187 83
83 47 20
112 3 51
100 133 36
310 149 27
62 222 20
12 86 37
28 99 23
281 114 88
168 16 38
248 42 35
283 201 53
99 244 22
118 193 65
91 6 24
250 119 22
137 247 74
250 132 36
51 163 48
5 216 49
41 61 28
269 6 50
84 100 41
14 286 68
101 119 61
173 264 49
253 145 92
285 182 97
200 25 41
95 315 84
257 307 86
152 30 63
16 209 60
229 223 70
194 128 41
50 127 22
24 166 38
49 236 35
266 165 50
101 22 71
221 107 43
181 278 17
312 195 84
116 32 66
249 131 68
63 7 54
108 92 47
91 2 94
100 40 51
117 12 81
191 293 72
207 109 14
207 8 30
254 233 66
106 8 81
7 31 84
298 153 71
104 42 17
203 39 79
44 207 13
225 45 84
294 107 85
135 81 20
121 187 66
175 233 48
199 283 29
198 314 91
271 273 14
108 42 48
142 308 46
12 215 12
244 148 88
217 230 10
261 27 41
117 219 44
164 46 68
235 58 53
71 148 85
145 16 29
76 35 14
65 250 94
193 142 39
155 42 36
142 144 100
251 218 22
278 33 56
160 45 77
82 85 75
200 204 79
12 112 54
199 96 100
308 193 75
259 42 85
64 191 45
87 98 37
169 37 24
90 180 18
81 9 47
284 145 58
215 92 65
3 104 87
132 16 93
92 22 17
196 138 88
77 239 72
204 274 63
95 79 66
274 135 50
156 160 42
1 198 66
83 80 57
85 312 94
217 169 95
36 201 22
222 241 28
183 37 62
161 110 28
197 215 38
64 138 26
26 58 16
181 117 40
121 279 45
281 98 51
252 184 45
86 240 59
212 287 25
13 245 16
83 103 38
138 54 88
267 127 48
112 264 13
12 51 16
311 69 56
51 38 85
177 47 14
1 244 30
37 169 57
134 75 96
113 118 13
127 155 48
284 258 44
115 35 44
224 270 43
195 151 41
201 240 14
13 137 82
273 91 87
102 292 28
302 272 29
240 141 33
312 255 37
292 68 61
191 7 55
263 314 71
299 249 44
153 92 48
67 287 41
143 130 80
281 264 89
59 278 91
120 214 45
241 89 42
117 164 62
216 250 88
136 311 86
101 183 68
215 79 16
244 245 88
229 185 73
287 87 82
100 113 27
228 30 76
108 94 60
297 181 69
22 265 96
157 88 25
95 289 82
303 23 31
4 63 14
39 114 97
273 164 81
187 100 45
151 96 86
166 40 17
87 37 47
234 217 11
254 310 87
111 42 52
237 48 28
244 306 88
95 198 26
290 21 94
30 286 54
76 14 31
256 52 72
268 13 46
309 177 30
312 15 23
98 40 49
76 158 26
289 51 65
299 289 57
160 247 91
99 261 37
112 2 100
217 305 46
300 205 60
127 289 67
64 102 25
12 82 50
10 162 23
309 74 81
75 299 97
117 8 76
10 37 37
55 261 63
9 290 89
98 133 62
201 160 32
306 204 72
133 294 30
216 178 13
215 271 42
146 150 17
69 304 80
62 74 62
181 105 39
252 260 45
202 79 89
112 162 76
142 75 98
269 27 43
196 199 58
78 106 25
8 65 74
48 147 12
95 314 33
300 267 79
73 141 51
41 48 67
200 280 19
123 190 63
116 124 40
118 179 20
171 300 81
118 65 70
27 302 64
291 100 91
13 243 93
299 286 73
306 161 61
22 280 33
266 186 70
238 201 55
314 98 27
137 278 42
17 281 22
212 30 100
47 310 45
308 247 33
92 138 80
166 236 84
84 33 92
259 115 68
312 308 77
68 273 86
242 94 75
25 219 41
229 40 53
0 31 49
32 43 86
116 233 58
195 259 30
23 72 87
254 36 34
64 267 67
277 75 71
212 171 50
183 2 95
187 313 32
83 116 16
49 254 86
38 98 36
302 249 90
132 142 46
71 165 48
70 61 30
75 168 73
173 24 82
198 101 70
15 28 31
287 31 87
182 253 41
313 69 44
54 24 71
7 279 27
211 115 23
137 270 51
63 179 59
156 171 40
246 310 79
121 253 21
302 166 54
115 302 14
272 90 59
94 252 32
283 51 52
164 21 74
194 32 77
284 246 77
11 207 36
10 31 41
147 145 27
153 159 86
281 133 99
103 31 75
68 244 74
159 36 85
41 19 59
130 106 65
283 203 37
13 200 66
169 138 56
18 275 100
1 104 24
110 293 54
190 278 58
60 171 83
302 169 65
185 18 25
118 271 71
158 146 30
79 219 24
118 129 11
244 82 57
54 33 85
49 27 48
79 304 20
244 196 10
105 254 20
221 188 26
120 249 94
222 244 52
60 187 41
29 137 71
97 33 93
118 130 61
201 98 35
273 115 61
33 103 38
178 76 27
204 125 38
134 304 31
119 190 67
296 265 76
125 274 70
48 71 17
205 123 72
87 273 21
219 98 14
146 151 57
13 84 93
201 251 14
7 177 67
12 187 45
100 47 98
215 183 75
94 270 31
13 172 35
242 91 23
284 235 32
281 228 86
35 6 66
204 270 28
228 138 86
138 249 95
256 233 55
222 255 75
46 144 46
168 158 69
204 136 75
289 238 46
113 160 84
192 156 10
257 48 12
213 191 49
73 72 67
188 290 10
23 271 14
89 85 27
69 231 96
98 289 74
173 232 39
155 160 89
280 206 89
22 10 35
188 243 71
10 18 93
190 53 17
285 167 83
207 154 11
7 290 69
197 45 42
90 265 11
87 291 47
175 99 26
105 171 29
110 224 27
178 149 26
48 77 83
52 236 59
252 268 65
92 134 99
300 145 34
247 291 41
131 180 17
70 11 60
8 216 16
63 160 32
203 311 69
43 207 20
182 133 77
204 182 15
179 280 59
220 82 73
304 55 91
97 53 44
309 255 88
135 138 31
137 272 38
264 44 91
242 165 13
52 225 99
222 223 100
296 38 71
193 55 40
209 225 45
274 134 35
33 64 76
138 309 89
86 257 66
204 44 91
129 73 40
120 6 70
93 245 77
230 108 91
86 293 93
87 45 28
135 224 88
202 280 43
187 181 20
221 267 23
123 11 93
281 192 17
260 156 55
229 194 44
195 274 29
72 205 86
254 244 98
226 134 75
186 76 38
176 271 39
231 256 39
46 19 25
113 284 26
155 145 47
224 209 37
246 44 39
214 54 71
24 93 28
181 5 13
102 108 40
231 312 64
100 295 75
285 288 14
305 190 69
184 209 61
258 287 11
224 294 47
34 131 39
73 93 96
5 59 61
25 150 35
27 163 33
7 84 46
222 215 10
70 240 52
105 144 33
90 204 21
272 289 29
239 250 57
186 9 93
184 106 60
48 312 42
271 301 17
119 227 42
160 116 33
138 289 40
263 75 97
152 15 74
226 161 69
218 205 88
55 142 79
160 236 74
54 116 92
37 238 61
244 36 59
295 127 63
216 191 10
208 102 56
96 146 33
0 89 47
160 192 98
207 62 17
101 127 10
149 84 80
120 16 98
88 0 66
193 77 11
253 34 41
124 288 65
230 203 80
229 123 93
5 111 98
65 126 78
204 64 19
106 35 70
219 94 30
118 285 59
87 174 41
154 71 96
68 201 11
267 111 99
28 6 58
201 39 51
202 130 46
307 35 52
12 106 57
233 210 99
57 241 86
210 38 44
289 165 35
209 61 83
303 131 55
60 2 99
66 153 46
246 33 83
71 309 59
230 14 96
99 20 45
32 49 53
267 243 34
235 254 35
48 87 37
244 36 29
194 240 57
170 150 14
113 229 21
17 38 69
261 144 47
167 251 40
290 37 25
200 266 29
34 124 83
3 303 38
57 252 89
310 268 79
211 133 91
235 306 81
7 202 87
84 13 88
221 141 73
261 290 45
133 83 44
274 267 13
57 271 81
297 259 86
72 203 72
89 272 38
300 58 12
68 11 96
245 119 61
57 71 48
195 276 51
6 133 54
152 83 76
156 181 61
243 97 41
254 118 56
35 188 92
89 214 45
146 8 25
23 186 72
311 101 45
303 120 85
242 285 13
266 213 57
97 307 84
202 186 62
152 211 30
68 84 41
140 15 69
275 230 29
313 269 11
157 239 12
195 190 14
216 296 64
89 123 47
119 202 93
303 4 64
237 51 26
270 239 38
298 149 86
131 249 75
300 299 18
3 193 37
268 94 82
96 284 31
84 105 75
154 172 62
134 272 75
9 25 92
57 139 90
44 31 85
230 125 98
138 74 52
240 176 22
96 5 81
203 205 34
193 143 31
281 39 96
147 306 52
258 231 60
293 196 16
108 80 18
182 43 16
207 270 79
212 288 64
244 36 95
224 24 41
102 64 55
234 148 24
79 315 29
203 284 28
184 99 33
56 45 15
127 204 46
17 109 56
190 109 44
250 120 56
277 309 35
127 191 55
293 58 63
43 28 57
245 261 85
218 244 72
107 289 53
83 177 28
82 70 27
11 311 41
114 227 37
304 31 95
112 124 21
178 166 21
135 153 42
28 86 42
160 244 26
220 101 61
291 314 35
107 23 63
131 204 68
40 77 92
202 25 12
152 160 10
187 47 13
176 161 59
119 149 99
289 21 70
83 268 36
40 165 82
149 65 63
312 150 22
27 16 98
124 141 33
227 91 17
34 28 35
37 121 64
248 117 51
116 110 43
306 281 95
151 163 14
13 143 74
112 204 70
219 81 72
49 254 89
273 84 22
142 71 57
183 208 94
78 86 95
126 109 36
119 48 80
277 257 47
59 162 70
195 203 79
230 213 52
127 32 44
185 132 66
96 263 78
23 215 80
97 3 57
153 262 61
269 240 42
79 124 18
72 211 51
161 151 64
216 102 28
225 20 89
254 3 55
177 257 38
219 295 27
152 216 46
132 267 27
188 210 38
216 33 39
156 143 86
190 128 14
166 171 37
114 256 58
227 289 95
236 94 31
215 225 69
166 126 96
253 262 88
225 75 95
166 303 33
173 218 78
96 220 12
46 155 64
152 285 94
140 41 14
179 182 18
253 37 98
308 54 11
182 144 93
29 40 97
60 310 63
140 173 74
182 34 39
147 96 95
210 212 25
186 298 11
242 81 20
46 66 84
39 82 85
168 196 53
220 249 54
26 257 67
216 191 54
2 292 51
211 210 31
33 302 95
90 245 32
311 141 13
230 56 53
117 74 57
244 169 77
171 219 94
292 185 93
42 77 19
165 237 45
36 51 72
209 95 35
247 61 19
236 125 11
4 260 97
161 78 29
311 218 73
222 79 66
23 119 67
203 53 22
275 311 17
266 274 82
18 313 69
173 45 40
311 26 43
196 159 50
108 97 60
287 208 54
131 61 60
166 235 25
249 218 17
43 129 97
86 88 73
32 264 24
213 279 71
226 160 31
130 59 73
206 255 37
126 155 33
22 53 35
125 229 73
307 311 66
275 245 76
157 185 67
199 221 24
60 101 52
173 40 35
18 205 19
261 242 29
284 131 15
68 292 93
178 28 89
111 105 84
80 207 45
119 244 30
72 276 75
248 238 62
295 68 42
252 220 29
155 248 33
255 119 28
239 289 20
215 207 92
91 234 60
32 41 49
80 276 53
274 143 94
72 148 92
8 270 82
222 45 31
208 257 27
34 97 24
14 8 91
302 188 28
211 156 89
208 151 21
268 172 94
69 135 90
163 222 21
59 167 59
291 99 68
241 185 85
37 57 96
241 297 73
187 251 59
201 77 19
124 72 43
120 81 35
187 255 30
21 172 61
255 170 61
281 247 13
308 247 68
248 283 57
152 225 28
105 164 82
304 286 20
225 0 44
114 44 29
167 298 27
12 169 43
212 38 46
27 59 92
40 119 45
227 170 85
241 56 31
41 19 40
32 237 30
294 156 71
96 8 23
14 214 100
118 141 87
124 34 79
113 46 16
54 169 69
210 238 62
30 259 77
179 253 53
61 170 88
228 273 96
265 112 50
208 224 88
130 174 91
181 72 14
173 33 31
96 46 49
121 146 33
107 5 47
310 194 89
166 48 44
100 106 15
98 305 98
265 102 54
289 284 92
161 275 14
45 81 85
125 35 88
64 280 22
248 311 23
215 8 49
184 128 57
265 272 64
211 224 99
42 158 46
6 248 60
255 193 19
4 105 19
138 274 75
212 84 62
258 67 26
6 72 58
269 172 27
66 139 10
310 262 44
165 80 12
151 255 21
67 242 96
236 166 19
124 64 23
148 258 89
154 219 85
273 257 59
145 71 42
150 153 92
175 133 26
148 10 93
41 314 53
228 231 42
172 154 94
35 103 64
233 103 28
78 242 42
306 297 13
11 295 78
33 116 82
68 216 36
315 278 96
185 271 38
47 96 80
217 245 59
218 171 37
97 219 14
228 276 43
97 134 12
46 10 55
237 14 93
187 202 76
94 168 41
12 121 99
255 283 27
47 286 17
277 82 71
144 167 67
241 238 79
177 160 45
203 2 21
27 8 92
239 287 70
55 205 52
245 151 27
116 228 24
114 102 53
128 244 27
209 173 10
45 302 43
98 77 89
115 110 92
118 240 61
33 135 87
290 38 32
99 151 87
95 183 48
299 22 38
245 233 52
301 36 85
298 58 23
157 22 26
298 267 68
142 141 25
244 112 38
139 119 77
90 132 33
25 163 81
209 275 47
36 299 52
226 112 12
15 216 77
160 68 23
61 73 49
235 300 47
11 130 77
101 119 92
280 9 68
217 280 62
124 6 59
288 0 60
72 275 35
27 117 19
148 214 93
34 313 58
150 269 49
46 117 33
239 314 15
183 173 47
92 164 75
106 73 76
99 294 31
203 168 79
250 214 30
250 33 97
299 96 24
43 185 41
89 279 19
200 239 83
194 201 10
264 106 67
290 235 61
8 6 55
196 92 78
306 168 64
19 143 90
38 2 20
129 175 76
23 35 11
242 304 79
16 309 46
134 152 51
146 227 20
55 224 69
10 101 13
237 129 96
211 221 54
35 14 74
69 237 32
275 8 37
59 201 79
180 97 60
30 79 27
61 80 74
205 190 27
303 56 44
240 313 30
153 240 45
199 197 94
197 269 54
266 303 55
138 35 41
218 250 60
314 271 31
95 244 95
96 127 86
242 96 76
296 283 56
292 179 32
189 91 60
115 248 65
212 19 48
31 290 14
234 94 39
20 286 60
75 130 23
14 55 64
151 209 83
2 9 54
105 148 87
255 137 89
125 214 33
217 257 25
303 70 33
220 110 52
283 256 94
298 154 79
222 178 16
3 154 78
234 184 72
38 171 19
0 249 79
227 79 23
126 224 98
36 208 92
79 190 52
127 203 95
266 22 38
262 190 100
289 275 49
256 168 61
252 121 43
169 246 93
108 32 44
174 51 50
67 210 87
42 182 83
215 72 44
240 225 49
247 267 50
114 272 95
86 239 20
276 166 69
211 291 19
305 304 95
86 101 63
66 168 79
41 208 65
68 253 52
313 137 19
185 172 59
158 182 33
142 95 72
193 199 57
140 164 57
168 26 19
13 256 36
123 57 69
160 74 37
59 116 11
282 209 99
252 157 18
51 233 86
65 275 15
110 309 33
272 168 45
205 130 33
306 41 82
284 161 43
180 206 60
215 45 69
247 51 13
135 299 92
115 1 44
56 14 70
250 163 74
169 190 73
12 305 81
300 115 61
43 194 14
174 306 42
50 29 21
108 60 87
34 306 51
293 49 88
120 100 74
73 7 75
10 132 94
265 77 44
156 84 14
90 234 33
219 11 84
148 69 34
28 181 19
256 130 15
256 112 44
260 80 93
110 259 16
64 265 46
107 277 79
42 41 53
141 140 86
288 49 59
141 210 13
157 62 75
60 164 26
303 312 22
45 7 90
3 175 48
53 131 67
215 153 54
50 213 60
9 178 30
266 18 13
98 261 87
102 21 74
160 9 30
102 151 22
189 142 31
107 114 69
253 41 97
272 63 83
185 46 96
9 11 97
314 174 42
18 257 73
80 219 48
101 255 100
258 196 86
40 204 57
15 164 39
217 98 47
207 137 87
235 183 58
266 127 35
200 190 14
169 252 100
288 105 16
269 21 73
157 23 35
77 223 73
134 85 88
119 272 49
168 121 43
232 125 10
265 39 29
38 84 83
146 122 29
154 20 89
10 145 93
128 290 13
267 20 53
83 313 87
149 85 37
265 62 28
154 249 52
245 117 97
201 315 61
158 243 23
244 106 86
213 212 39
111 9 29
126 222 89
285 91 47
240 165 49
137 66 24
126 208 62
52 96 72
166 78 92
273 148 32
302 192 42
154 26 53
272 31 92
47 254 84
11 49 68
63 161 51
107 82 49
255 146 65
59 80 77
301 146 35
274 153 90
61 56 92
255 299 47
230 126 56
53 96 53
96 184 50
202 79 70
113 285 32
241 136 11
114 126 32
31 28 84
193 4 11
87 117 43
139 300 51
2 107 54
231 221 70
13 61 64
231 297 48
87 224 89
37 117 59
36 48 32
198 301 53
270 22 25
203 181 74
55 237 26
135 138 48
135 268 78
234 307 50
130 158 89
272 293 100
207 218 41
160 241 16
175 95 87
66 302 41
114 113 81
229 211 53
75 276 13
101 114 86
240 276 31
212 194 38
13 213 24
256 154 35
238 153 14
249 125 14
47 15 30
196 186 32
257 228 46
146 187 61
170 246 59
226 245 14
230 295 100
148 107 42
67 294 53
298 83 73
245 130 63
261 291 42
265 51 42
66 261 37
165 225 66
65 142 89
310 169 21
116 36 47
17 225 43
119 294 85
290 212 10
53 266 77
312 68 24
10 265 71
75 81 90
196 264 17
199 210 39
4 20 16
79 15 99
35 304 91
44 229 20
202 148 52
5 162 20
301 10 54
244 116 46
51 26 100
174 126 49
109 213 38
110 308 28
299 32 57
260 211 46
270 176 57
211 132 89
280 229 66
157 272 51
272 228 21
258 264 20
260 270 65
258 162 89
103 197 44
25 45 30
273 57 54
55 131 71
91 289 86
146 192 88
51 179 95
287 21 22
85 177 38
187 44 30
16 84 72
105 78 63
288 303 57
308 209 71
58 279 16
18 309 14
248 306 40
276 228 45
57 33 44
46 43 46
8 161 63
224 17 44
84 222 93
174 59 64
75 298 86
244 61 42
107 183 37
180 204 44
210 34 98
36 293 43
260 283 46
94 306 52
281 214 51
31 143 33
303 103 71
249 57 39
207 30 71
35 272 11
175 241 79
198 166 96
196 211 46
104 162 42
146 90 75
172 242 29
242 207 52
99 34 40
248 309 30
173 145 62
232 252 60
75 31 82
185 293 31
218 180 87
292 289 17
220 129 97
166 287 47
209 288 26
199 74 70
149 196 95
315 255 21
102 71 55
132 248 10
35 259 22
31 248 15
7 289 50
265 104 95
238 234 78
280 304 36
126 148 82
154 293 69
196 86 82
166 87 57
221 208 19
312 56 68
103 289 98
179 13 42
256 59 69
114 237 84
121 106 49
296 142 24
210 309 98
224 145 27
54 137 98
179 62 53
310 201 41
165 70 94
113 219 85
217 65 23
50 196 82
251 235 22
188 210 19
84 208 22
238 50 78
101 76 71
38 100 29
223 67 45
190 75 48
119 77 11
87 12 68
83 51 48
94 191 89
274 228 72
64 250 14
45 219 54
233 301 76
193 30 16
37 221 20
14 276 40
162 67 44
184 128 20
94 190 57
34 66 21
174 117 20
97 206 39
299 4 92
231 126 42
46 267 96
87 202 74
273 201 72
54 304 45
15 123 50
66 123 63
298 99 67
4 227 80
291 184 34
204 132 12
59 162 81
143 157 70
134 32 15
147 106 57
209 53 19
309 147 75
105 127 100
62 222 10
240 181 34
292 173 32
191 4 21
110 13 52
8 134 86
24 291 27
202 154 73
264 170 83
38 139 84
305 221 20
224 257 19
215 255 74
288 34 84
68 41 29
195 68 10
116 311 96
201 292 83
308 51 61
98 218 79
152 308 28
56 54 12
99 228 60
296 233 91
135 180 63
159 220 71
36 52 91
132 2 49
199 142 81
296 148 40
217 215 71
27 312 84
308 67 30
235 185 89
287 132 58
171 182 59
223 68 77
148 281 35
297 31 81
164 237 42
260 140 40
161 38 80
158 279 27
32 139 63
299 17 67
31 207 19
297 188 94
178 176 58
66 221 27
260 209 51
163 256 79
152 263 20
275 112 65
248 106 14
226 105 28
257 84 20
134 95 32
249 131 55
143 280 23
5 100 83
34 38 27
279 91 28
199 1 81
210 21 86
135 78 36
276 17 14
81 276 43
267 306 76
162 126 20
314 29 91
223 50 96
275 279 88
153 132 24
18 127 93
2 117 10
203 199 90
98 164 53
32 131 48
87 299 28
120 114 86
76 84 26
300 161 99
49 309 54
89 143 44
265 207 73
181 101 85
145 237 41
170 138 78
166 65 94
123 135 93
226 154 53
226 64 34
67 88 80
304 151 52
27 151 64
103 235 66
191 212 82
171 128 16
86 118 33
87 312 70
153 141 100
20 167 40
155 158 88
188 125 93
290 82 45
199 253 19
288 82 24
37 188 56
121 168 37
20 186 36
52 58 28
280 84 58
188 175 57
234 28 15
128 290 46
166 30 83
286 114 53
197 35 23
315 37 53
4 213 18
290 12 88
308 150 85
164 240 56
302 94 68
112 78 61
299 313 77
274 98 49
25 243 97
110 38 39
234 16 79
201 139 39
84 122 28
174 315 97
236 112 77
170 148 68
13 137 69
67 61 14
203 271 100
57 286 76
250 94 36
107 151 36
311 126 72
202 37 87
280 107 40
151 259 79
59 100 78
36 245 88
114 234 50
102 124 70
52 302 69
195 224 86
237 282 81
164 97 12
107 166 38
13 37 54
297 69 79
291 193 62
207 214 92
312 268 18
278 68 45
98 166 22
195 262 64
301 285 78
214 272 82
21 0 61
290 59 24
121 273 81
79 124 89
220 209 39
189 263 20
131 0 98
150 155 39
213 202 68
95 26 88
0 35 91
275 197 46
314 286 93
260 78 22
38 217 71
284 138 89
284 92 96
122 48 58
43 29 94
29 75 76
66 242 85
277 171 50
273 222 45
170 6 64
6 86 10
284 233 96
237 63 50
195 273 80
55 258 79
113 161 83
297 279 99
38 168 47
15 111 28
241 64 54
76 213 67
39 8 74
236 280 17
7 277 75
16 93 35
309 115 40
66 232 97
96 104 31
62 190 12
2 237 95
36 90 13
311 278 50
107 236 49
220 112 81
157 141 81
254 147 81
191 106 69
68 25 100
57 195 26
148 80 39
48 29 82
295 12 34
166 140 48
280 288 13
60 277 88
275 147 87
77 236 18
223 44 78
99 201 72
217 123 55
142 38 38
210 56 12
43 10 38
248 299 76
103 93 41
31 89 45
291 169 93
87 266 29
199 165 12
193 87 55
261 25 60
193 160 78
4 46 46
268 306 90
112 141 89
134 220 72
16 253 34
302 231 10
294 111 100
182 193 90
215 87 43
136 162 26
233 294 54
117 164 42
311 119 36
190 112 91
193 2 68
229 22 15
111 253 93
178 61 29
214 40 69
12 259 58
276 258 100
41 51 66
260 18 83
266 7 93
202 172 71
102 239 17
54 197 94
216 288 62
156 249 23
11 313 16
111 130 63
184 313 16
188 55 54
103 157 82
261 256 13
281 135 30
314 287 78
78 115 72
4 80 68
23 119 71
255 7 67
18 308 29
121 20 11
7 196 39
38 200 53
298 143 55
248 109 53
37 25 47
235 281 66
168 15 60
255 283 33
55 95 16
308 286 54
233 196 37
170 83 94
238 290 60
13 16 95
72 11 56
105 240 35
252 34 68
156 137 31
261 313 92
194 52 94
144 234 38
138 201 97
67 68 83
269 243 61
262 199 77
158 147 38
81 281 29
41 33 42
308 150 100
28 247 86
148 190 16
63 28 96
163 41 96
30 250 75
309 154 48
281 304 11
52 302 46
303 260 81
186 204 95
297 127 35
177 111 78
20 66 79
82 208 30
14 155 60
199 228 20
76 27 40
58 162 59
190 143 66
174 194 34
43 312 91
248 94 21
65 143 19
160 101 44
36 132 12
174 77 81
85 203 27
69 126 67
80 134 80
144 291 34
93 158 62
52 75 27
8 119 88
287 157 55
240 197 31
23 0 69
315 105 64
47 249 52
133 50 69
196 22 57
176 230 23
313 12 26
134 184 97
59 220 43
8 214 96
181 284 15
214 85 22
241 31 29
287 207 64
310 116 64
247 74 85
23 314 62
229 234 32
143 54 53
308 163 48
253 178 94
76 11 65
87 51 94
116 102 35
78 315 69
53 91 10
278 302 36
244 211 19
255 306 77
149 3 33
168 8 68
200 236 88
84 196 59
114 73 20
207 12 28
86 171 15
211 224 13
299 298 19
283 143 12
171 141 43
102 56 65
296 134 12
190 46 68
312 280 80
308 292 35
174 145 35
129 212 80
260 116 60
267 109 45
32 111 70
275 307 22
231 156 46
293 94 15
63 300 68
130 151 12
67 276 39
40 78 80
84 26 42
288 202 70
47 213 52
202 258 96
217 154 46
181 195 91
191 140 95
150 297 49
54 131 54
141 147 63
258 15 60
173 278 12
310 65 28
94 162 63
223 94 20
188 297 70
289 143 98
252 3 16
2 94 34
21 266 61
249 100 30
184 102 81
27 189 11
310 139 81
313 108 65
19 234 38
23 178 44
118 105 96
205 269 12
71 196 33
118 152 14
301 271 44
178 244 57
98 139 60
285 70 24
116 120 95
182 33 74
235 167 35
112 90 40
69 95 77
84 70 76
230 153 22
40 135 19
144 177 87
242 99 100
308 225 28
44 192 83
45 205 19
7 108 22
91 315 40
42 210 39
119 71 78
179 306 59
181 302 66
142 290 61
160 96 44
46 244 79
228 295 30
122 306 55
71 99 92
202 174 18
286 91 24
305 283 19
107 87 18
226 7 23
215 169 88
178 59 74
5 32 77
81 168 19
103 87 89
28 233 11
276 150 14
179 246 18
238 280 48
284 1 85
214 44 32
155 132 15
239 207 55
187 55 20
107 106 57
136 306 11
73 178 81
95 235 19
35 136 69
150 105 11
158 205 78
273 7 49
20 237 79
148 125 76
150 85 70
234 117 22
155 148 96
181 306 14
99 172 61
37 191 72
52 311 22
145 32 10
236 210 88
124 28 78
21 267 63
7 2 99
4 272 91
114 88 44
227 115 36
111 114 55
50 198 18
286 189 59
192 252 78
243 119 67
196 230 20
198 266 100
83 88 47
43 164 72
196 248 80
95 240 13
257 136 63
50 308 31
99 125 31
235 81 89
196 297 81
130 132 19
103 157 75
99 264 53
2 240 37
192 142 89
72 240 34
305 185 48
244 9 24
74 176 75
208 293 75
154 314 51
296 200 17
221 285 28
93 290 87
212 68 20
16 58 86
294 173 62
217 88 44
190 78 29
93 268 90
154 294 77
56 243 77
70 143 52
21 65 54
101 216 72
221 67 75
201 54 67
205 166 25
265 121 35
71 245 12
79 118 90
67 141 22
16 2 48
238 204 41
261 296 62
36 214 48
229 91 18
219 269 24
83 32 18
174 86 16
232 150 72
157 210 64
227 228 47
84 281 53
31 259 73
19 160 40
280 167 96
179 34 62
50 283 95
235 20 16
57 136 49
94 148 14
219 100 98
240 151 25
302 238 32
102 68 80
180 126 41
268 122 57
49 242 76
273 286 27
66 268 46
265 196 26
162 141 65
52 289 58
17 229 89
15 232 53
200 153 99
80 6 32
29 17 60
295 3 22
250 301 80
314 203 43
111 190 93
227 213 28
184 134 77
263 96 98
66 215 67
143 281 99
188 41 65
313 297 39
46 78 82
150 74 56
14 168 83
210 184 63
17 286 68
139 3 99
171 254 78
276 256 99
86 49 82
182 23 93
19 93 50
185 131 14
225 54 91
309 2 21
65 181 90
29 225 87
133 77 50
287 70 96
114 302 92
27 263 90
28 300 20
79 64 47
120 188 50
29 311 97
134 136 29
90 98 22
121 36 99
249 177 27
113 159 46
53 250 100
61 165 49
141 279 16
192 198 97
105 49 96
81 281 99
269 285 42
290 140 41
237 126 23
177 255 83
269 143 33
173 177 84
163 261 39
314 298 44
38 297 17
129 65 90
289 305 93
153 247 93
149 251 84
244 137 98
258 178 50
119 189 99
254 201 14
73 215 28
24 0 61
90 1 35
291 105 55
313 86 80
83 173 13
265 89 33
232 32 47
128 105 64
80 278 39
240 17 19
88 303 69
257 189 95
123 186 20
183 257 48
3 116 62
121 191 67
139 115 91
298 67 92
307 180 18
127 296 15
85 257 14
58 41 71
201 251 62
7 176 61
58 229 55
298 116 88
229 303 42
8 97 82
113 295 64
165 176 37
50 219 82
22 53 35
158 252 24
180 159 98
252 90 97
125 232 15
280 144 98
136 133 26
128 304 77
68 92 49
44 76 28
211 94 80
241 96 79
23 91 19
146 197 45
211 279 17
212 55 72
28 38 82
256 101 29
300 291 35
214 284 46
176 136 41
155 10 10
31 305 64
172 181 92
59 82 52
22 269 82
273 204 21
221 103 55
137 47 19
231 220 94
127 251 49
280 251 100
293 160 71
169 152 77
282 4 97
292 182 76
209 149 29
143 147 16
178 60 36
139 234 41
207 183 21
307 213 18
176 87 38
183 2 96
40 39 13
183 62 52
258 123 44
37 3 80
218 65 46
177 121 90
80 307 64
206 181 42
119 93 41
82 1 42
174 71 94
216 211 44
53 178 26
280 290 55
256 66 58
157 71 27
273 112 73
66 69 87
257 303 15
31 46 67
113 9 30
38 92 16
248 138 84
307 311 16
22 30 82
246 296 86
148 255 91
44 311 81
155 28 94
291 193 68
16 58 87
180 278 66
236 305 45
193 246 12
184 301 69
230 136 62
119 284 81
57 15 67
271 150 19
275 267 95
185 32 87
82 240 11
234 30 34
160 273 11
285 206 64
85 207 63
4 216 29
149 274 75
230 194 21
268 158 39
260 207 48
164 76 41
114 133 93
259 111 74
305 306 82
133 203 56
232 154 76
218 224 53
126 313 81
61 209 32
207 22 62
123 307 54
59 21 18
59 43 43
240 158 29
298 8 83
131 214 58
66 110 95
151 282 99
152 162 83
279 241 30
253 21 86
150 129 37
163 89 48
195 290 75
106 102 88
175 249 17
155 181 34
197 200 18
98 224 66
252 245 55
206 79 41
196 99 15
310 193 42
137 174 33
115 177 72
83 207 47
66 126 26
38 34 97
66 232 51
183 238 44
23 25 59
246 97 56
191 164 56
161 149 21
131 229 10
100 250 67
196 191 87
133 89 29
105 117 10
122 281 66
230 179 30
209 208 36
117 27 90
13 267 39
173 230 44
50 159 18
314 168 53
228 31 82
293 236 52
115 135 52
110 266 56
8 300 91
87 52 100
287 148 66
170 261 95
12 150 100
179 252 42
304 71 56
266 291 85
293 213 23
61 203 23
143 31 45
237 163 11
39 21 47
260 268 44
310 34 36
14 281 86
96 156 75
68 221 93
246 114 35
69 269 47
73 140 11
64 42 80
221 203 94
233 62 34
215 214 35
219 29 93
303 42 92
65 197 31
254 256 24
148 12 16
110 76 48
314 11 83
270 12 56
65 206 34
123 181 59
51 200 61
73 19 97
37 58 94
126 52 53
245 166 16
269 160 17
290 53 52
118 155 25
315 207 22
239 53 31
277 262 62
258 223 47
131 123 32
91 164 25
46 193 27
92 214 84
227 262 13
267 191 23
25 310 28
91 46 89
166 253 89
239 19 18
66 5 64
217 14 17
106 103 99
119 43 27
261 264 37
105 117 60
14 176 30
286 133 65
50 32 25
144 82 13
122 126 46
214 263 46
224 95 52
95 227 54
88 140 78
137 290 19
266 34 36
173 202 99
31 17 33
259 59 24
114 123 26
252 98 44
62 77 25
94 227 49
126 136 64
306 75 91
253 3 11
279 42 75
121 156 40
298 124 92
52 212 39
226 162 64
162 2 41
80 111 32
78 304 29
118 182 70
29 69 10
50 204 90
135 175 49
159 141 32
83 189 52
93 155 20
75 106 65
277 240 71
20 273 82
20 168 48
69 20 23
30 80 54
301 42 19
28 120 43
22 24 43
112 246 20
272 127 40
70 25 62
203 173 87
49 97 93
223 260 92
109 19 11
91 198 45
59 37 47
76 284 15
76 231 52
115 296 67
44 214 13
175 161 63
48 246 43
261 125 38
83 272 76
263 202 99
279 62 21
163 303 99
174 247 24
56 163 50
74 137 21
121 118 91
125 84 56
194 78 37
33 246 81
217 119 68
192 105 45
302 158 80
222 262 13
115 282 58
273 30 91
126 181 35
198 157 49
266 27 56
75 217 75
34 151 41
279 14 95
188 209 92
294 168 72
291 173 35
228 149 57
16 192 85
193 4 47
0 104 83
263 141 17
202 126 76
127 13 58
252 220 23
50 203 42
68 78 13
71 45 65
292 174 41
256 291 79
92 148 21
210 269 12
25 62 50
46 111 44
64 0 60
226 270 19
235 184 69
39 203 46
7 177 27
261 19 56
100 246 57
266 37 40
259 210 100
169 108 86
315 23 77
136 174 66
61 210 55
137 59 93
149 220 90
73 78 85
21 173 95
68 139 14
63 305 47
286 159 39
181 291 17
224 261 51
263 35 21
309 190 100
292 112 96
25 195 80
13 192 85
226 101 89
181 73 23
41 185 57
25 239 23
71 265 60
231 127 92
77 175 18
206 6 25
55 295 52
1 279 48
182 9 70
226 126 38
252 227 30
302 206 17
242 129 90
162 174 46
119 141 92
117 171 24
222 87 62
150 209 76
121 68 38
123 98 47
170 72 65
98 295 45
139 45 19
303 144 41
260 232 68
124 238 48
197 213 98
305 169 74
189 114 66
237 270 69
65 96 41
220 6 82
188 182 27
70 303 29
4 73 76
200 141 89
313 199 73
124 299 35
191 286 11
198 314 95
244 200 66
101 136 28
105 89 92
179 160 60
151 25 72
142 63 69
96 42 40
29 93 25
203 94 45
31 27 37
6 233 62
227 224 81
186 266 88
274 206 85
13 145 16
308 1 70
78 70 78
295 186 94
2 218 88
173 98 42
42 66 10
153 297 56
104 211 63
56 89 91
201 94 66
201 254 11
49 234 99
41 9 85
137 194 37
29 71 37
155 261 71
169 15 59
93 108 71
60 85 76
33 36 70
54 271 61
56 187 46
53 143 10
76 122 16
37 28 86
207 209 42
71 203 94
65 94 81
295 309 93
289 114 99
158 114 77
105 9 79
183 241 93
221 67 52
288 99 36
277 154 83
158 115 24
5 94 20
20 204 18
195 246 96
161 31 14
55 64 69
305 101 99
182 122 59
308 32 51
294 61 83
88 242 41
154 127 76
132 2 75
10 289 66
187 84 95
44 136 52
179 192 58
141 132 55
109 36 65
142 72 44
176 284 35
189 180 19
70 169 51
274 55 32
93 208 71
103 283 74
32 175 33
86 104 90
121 142 33
20 207 60
196 173 26
235 84 44
294 66 72
218 314 43
180 151 34
103 5 32
185 304 86
138 68 82
130 72 54
166 95 81
314 253 81
4 236 38
14 148 94
196 144 77
287 251 36
132 67 20
10 303 74
58 121 21
290 174 56
249 131 93
243 307 25
154 72 41
14 57 11
48 191 95
160 312 21
89 24 78
143 107 43
28 270 37
266 261 18
60 271 95
105 314 87
272 43 50
114 39 28
219 34 79
87 154 94
209 52 25
279 302 65
227 169 52
249 16 54
150 273 44
5 7 40
283 158 37
168 180 17
170 174 86
156 94 71
74 225 81
99 198 42
170 271 98
22 124 98
315 190 78
211 1 67
33 241 60
178 61 57
249 270 56
104 135 30
141 99 64
110 209 95
178 252 18
287 174 35
135 178 62
73 61 24
204 148 52
232 59 22
126 157 76
27 173 78
180 138 46
195 212 50
157 205 77
174 157 91
296 113 31
312 142 60
207 189 36
281 209 17
75 239 87
12 246 52
185 228 48
199 86 94
159 277 59
132 315 99
212 103 91
2 151 60
43 48 48
250 214 86
76 289 16
164 121 61
166 187 99
49 246 89
69 134 76
147 107 18
213 176 66
195 257 23
276 28 53
133 158 55
5 226 52
125 227 74
123 70 17
10 69 88
218 209 77
236 22 51
314 175 77
229 236 37
193 133 25
151 160 88
34 19 36
18 227 22
31 50 31
304 306 83
185 133 99
190 202 76
31 248 13
61 58 11
226 60 55
6 241 44
105 107 79
275 264 74
43 212 22
271 59 89
102 125 18
71 153 53
165 37 16
295 164 66
18 216 33
313 249 69
269 16 80
281 104 91
76 21 63
237 59 62
173 250 76
63 57 46
200 231 41
253 188 12
222 110 97
208 24 76
6 110 29
65 153 97
141 83 100
84 121 88
27 58 31
123 189 57
41 58 87
215 81 10
135 179 27
174 231 35
216 138 32
155 70 94
15 191 91
162 120 26
238 286 53
16 151 79
80 7 33
31 254 76
175 181 60
159 90 60
260 84 80
247 105 26
144 205 66
202 99 33
192 50 95
43 44 21
26 153 72
242 85 79
72 268 63
310 45 22
83 121 35
218 284 64
104 246 21
179 0 70
138 109 95
228 102 17
52 48 84
116 34 13
18 262 78
88 51 34
310 56 10
4 253 78
155 206 84
36 150 14
295 191 90
188 181 73
76 242 74
139 137 19
113 182 11
179 115 20
157 280 67
274 37 88
297 180 51
315 186 95
266 219 40
161 87 33
234 172 14
12 124 83
129 256 56
227 55 77
284 51 39
66 129 49
42 213 17
140 56 62
122 251 34
48 138 20
104 289 20
137 235 87
20 140 92
201 34 15
63 262 30
7 221 75
213 197 28
235 58 30
133 174 81
273 4 97
255 221 100
155 311 100
286 60 73
291 74 62
132 100 98
75 309 53
126 200 53
232 94 95
171 3 85
112 7 71
242 159 68
303 28 63
77 171 30
51 247 42
42 225 95
243 269 79
194 81 35
159 104 11
258 113 28
250 16 89
81 281 10
42 156 22
15 95 56
267 175 20
195 42 96
208 183 59
241 81 24
276 257 40
275 182 90
270 144 42
280 31 13
235 177 25
65 199 55
160 251 60
232 282 17
238 192 70
93 224 70
290 305 75
22 139 93
49 281 16
92 294 15
137 45 73
245 145 49
315 243 100
293 63 94
253 47 17
90 33 12
237 55 33
40 286 31
196 299 75
136 238 19
240 104 54
312 222 80
157 208 68
251 231 94
143 163 58
263 130 32
255 284 23
8 168 11
101 89 15
33 189 88
18 168 27
75 306 97
236 16 39
250 89 76
188 85 38
118 1 24
126 117 90
165 110 46
201 165 72
18 279 68
206 114 44
178 293 95
128 51 24
267 144 14
75 62 22
315 1 32
2 27 51
231 261 75
14 207 58
167 110 29
241 170 16
36 140 94
57 28 59
31 308 95
106 167 66
149 237 20
88 23 74
171 23 95
41 142 52
300 234 71
72 11 34
58 276 77
286 99 84
262 65 63
178 246 61
314 97 85
193 187 86
15 59 12
172 136 46
15 271 78
215 102 78
184 122 94
82 232 66
306 308 75
132 113 78
315 208 92
125 251 64
42 248 35
33 191 90
91 71 40
32 114 90
31 260 41
74 68 36
257 94 21
299 61 88
3 187 45
89 225 61
259 65 90
226 163 49
55 246 36
190 47 86
172 128 76
162 49 67
194 50 96
31 231 60
157 201 85
169 47 20
53 254 78
68 87 20
175 16 92
247 157 84
111 286 89
1 256 98
194 34 50
17 136 54
120 138 50
280 12 98
26 259 69
207 157 67
190 92 30
102 178 38
81 281 82
9 79 59
20 298 44
147 41 25
68 160 31
0 265 24
255 157 75
309 286 47
147 275 40
85 170 80
26 19 68
313 59 39
129 62 42
23 186 25
234 64 55
0 297 71
189 31 43
311 298 29
107 279 64
190 57 49
168 231 45
157 184 42
310 191 100
310 15 64
63 169 75
192 297 18
300 65 69
158 271 29
264 186 79
125 304 85
64 314 31
26 214 74
213 305 77
288 220 55
238 310 57
104 238 90
229 283 61
192 130 36
92 124 30
238 174 30
192 179 38
86 237 16
310 245 57
268 209 98
6 231 28
275 67 53
281 32 74
278 269 86
40 21 48
50 164 46
240 301 83
73 244 36
48 33 25
116 266 71
240 110 51
159 190 80
191 1 11
277 272 94
102 239 60
233 27 94
24 8 29
273 261 61
292 281 90
29 81 48
119 309 92
62 246 40
300 5 46
165 146 40
83 82 90
129 115 10
21 307 43
305 208 14
86 297 18
156 187 14
89 94 40
146 49 64
180 103 87
105 90 31
79 152 62
28 50 29
248 61 85
277 161 37
247 275 98
27 136 44
31 41 96
145 181 48
260 216 85
251 103 14
226 305 17
131 29 19
50 189 13
33 175 78
287 246 51
153 250 75
140 61 40
126 292 28
11 279 83
270 25 93
192 2 38
266 177 55
31 190 29
314 112 98
175 286 26
266 290 89
89 33 31
143 65 67
168 256 49
287 260 92
171 163 57
67 189 64
13 172 77
283 122 29
124 253 29
33 257 65
158 163 88
170 66 85
91 172 57
184 175 50
198 192 64
59 161 10
80 156 35
199 23 88
163 10 92
82 283 99
113 255 40
139 249 52
2 118 14
97 12 75
21 205 86
172 288 61
253 11 91
79 288 64
161 35 44
306 49 90
116 238 93
20 291 69
18 188 42
288 127 71
243 220 34
35 25 85
151 47 20
119 310 53
143 94 92
198 136 71
292 215 79
180 23 88
315 171 83
248 113 88
58 313 89
176 163 16
142 290 62
314 279 99
181 288 15
19 56 13
287 203 28
48 148 64
109 244 64
200 305 49
250 25 16
284 11 25
150 18 83
84 128 30
222 142 52
156 310 38
260 220 40
82 139 10
203 174 40
44 114 87
151 144 36
125 168 28
98 6 63
306 160 62
263 90 85
253 59 53
164 16 20
150 135 98
88 162 99
0 31 39
44 60 65
63 209 91
288 153 45
35 197 44
57 214 61
309 231 85
198 196 80
225 249 60
49 13 19
19 61 81
136 200 40
163 26 50
215 13 92
216 178 35
285 109 94
211 4 19
152 288 71
45 276 16
189 286 60
157 200 34
5 122 78
57 116 91
94 126 45
88 50 39
133 125 40
148 218 72
115 116 41
255 259 46
36 205 83
279 53 95
196 277 58
229 43 71
75 110 81
297 259 68
79 107 88
195 253 54
95 113 37
300 255 66
154 112 43
16 85 98
196 226 72
207 151 56
181 177 27
303 28 46
169 286 86
87 57 36
206 248 28
56 174 24
56 97 21
70 245 72
268 132 17
113 22 78
301 310 14
268 146 91
165 230 80
53 302 13
248 19 19
85 175 64
81 142 40
35 190 88
71 118 24
8 248 94
41 98 100
265 233 70
69 89 82
149 214 27
245 244 69
281 211 53
254 142 59
82 220 37
225 224 28
13 166 33
89 146 62
296 213 42
106 23 86
15 27 55
253 21 95
57 35 37
277 222 69
139 92 53
164 272 10
283 106 98
140 295 29
296 256 91
216 67 22
196 198 56
30 201 26
174 31 52
67 166 60
273 109 100
251 236 15
170 17 86
310 293 69
41 105 89
209 164 27
154 141 17
242 192 83
206 151 69
174 296 34
241 120 63
313 126 13
135 210 34
91 231 22
178 56 20
241 191 60
174 307 31
17 163 32
176 143 62
114 313 74
286 106 82
242 50 32
296 302 42
25 271 64
40 266 28
54 190 30
147 142 32
256 4 69
310 113 12
269 305 41
137 259 84
130 271 49
184 251 62
138 293 48
264 154 32
93 228 72
283 109 24
158 111 21
7 53 74
287 105 60
34 105 84
308 306 57
122 219 93
261 15 76
116 89 84
124 239 99
58 109 29
182 27 16
205 258 53
158 17 26
102 125 72
113 206 22
60 1 82
277 234 73
180 141 30
211 156 17
214 105 84
110 277 63
122 192 73
288 169 81
277 163 16
20 216 94
270 162 63
120 273 53
166 274 88
25 2 32
145 139 68
306 71 77
150 178 20
315 90 76
281 79 60
173 230 34
44 1 80
260 266 15
1 299 21
68 19 23
13 269 16
20 3 83
81 203 32
113 11 95
137 34 28
274 212 91
0 204 61
77 28 54
90 159 88
255 193 21
26 29 90
238 16 76
23 44 43
235 286 38
13 7 10
133 227 64
246 144 92
112 40 83
135 106 64
171 278 36
191 228 73
137 218 56
161 123 92
120 104 40
253 5 78
200 199 97
242 307 63
51 207 29
184 82 79
141 57 31
242 6 28
162 150 15
221 306 64
224 135 30
44 59 88
90 79 25
90 181 81
157 16 57
12 283 48
58 116 90
190 294 10
110 123 95
142 102 48
34 266 51
204 118 55
118 99 94
147 17 71
274 21 39
220 91 32
38 202 45
22 93 62
37 148 18
188 304 83
74 206 99
199 290 21
192 249 15
177 82 73
209 293 26
144 143 23
36 122 88
73 68 40
169 79 92
113 227 20
174 194 19
297 168 18
162 191 73
206 244 31
144 23 90
281 297 33
311 254 22
8 32 99
93 125 79
32 152 14
208 308 17
145 275 26
50 260 41
257 67 41
95 288 54
238 244 25
20 63 55
132 250 32
313 3 24
250 187 30
195 16 27
183 115 100
171 178 23
216 60 92
172 81 60
149 296 30
51 24 33
102 161 69
24 261 66
273 176 63
105 171 59
102 79 26
104 41 19
0 70 63
212 87 30
111 31 95
53 282 15
76 202 85
11 62 54
197 247 26
189 31 43
245 182 92
284 259 16
282 124 46
68 308 75
135 24 63
89 246 68
168 239 71
98 297 41
234 132 92
168 69 38
307 230 27
282 50 83
21 188 86
289 232 15
36 53 24
228 256 90
274 73 42
92 96 97
257 229 18
34 93 30
255 37 39
241 282 89
72 244 89
156 14 13
43 150 90
69 287 73
236 140 63
48 237 23
124 67 36
110 179 29
158 78 68
159 38 76
40 192 19
170 270 87
293 303 30
238 211 50
128 309 60
245 176 21
5 266 65
68 272 42
81 88 78
86 30 12
14 164 41
84 170 86
62 28 27
204 283 59
118 49 30
35 23 23
299 288 61
122 277 21
276 241 28
56 6 25
47 199 15
312 171 70
260 112 84
48 297 73
313 50 74
313 175 62
191 238 65
204 48 65
13 4 60
283 198 68
165 254 59
194 287 84
146 30 95
263 256 75
42 78 54
286 161 89
134 129 21
30 51 97
159 293 16
271 103 80
249 300 63
80 169 13
206 181 10
306 195 14
195 282 50
279 161 97
16 33 100
117 241 52
89 88 64
268 103 22
39 55 86
208 268 14
249 63 90
187 110 50
18 105 99
149 259 76
3 56 80
61 23 18
182 278 32
167 219 77
52 194 73
87 22 16
96 280 99
134 305 91
43 124 26
89 285 70
102 6 13
206 141 16
59 232 19
93 19 27
36 216 80
78 106 56
223 58 20
219 201 47
183 219 25
192 146 97
130 314 36
151 286 54
132 276 85
6 170 45
231 135 25
166 18 78
290 55 82
303 210 32
45 297 58
157 209 56
34 29 80
209 131 100
264 234 85
239 204 55
281 159 14
271 182 82
163 136 33
138 24 63
104 151 75
16 49 92
94 70 50
78 185 57
232 78 36
183 125 40
144 258 64
62 79 29
197 8 75
41 290 66
75 151 30
136 148 46
149 216 78
78 131 88
124 209 60
232 215 57
303 193 47
227 203 36
66 315 63
96 158 67
50 182 63
26 18 59
227 204 27
155 201 57
280 87 97
111 65 31
141 169 53
101 112 22
218 75 17
270 180 73
275 30 29
140 255 49
141 263 15
239 165 63
200 16 22
288 304 66
312 59 78
106 35 60
2 32 92
137 155 43
286 43 36
17 82 60
312 175 53
245 101 11
97 148 18
71 286 34
46 174 53
53 56 55
21 35 44
268 246 80
281 197 42
142 307 93
210 212 33
219 98 27
195 0 91
269 285 28
83 108 14
224 282 38
77 297 88
101 108 54
47 128 68
98 70 91
141 21 69
108 240 61
179 44 38
188 263 94
272 298 85
121 98 24
239 153 57
201 80 62
92 310 91
13 188 98
31 87 84
158 126 50
254 2 83
76 207 76
2 185 42
297 294 17
214 54 34
283 184 50
305 175 88
256 49 16
197 61 90
173 121 49
90 293 90
243 10 58
301 249 80
75 215 39
36 294 62
299 60 56
177 246 32
225 124 47
163 110 80
12 56 37
211 308 76
119 150 97
141 250 62
158 86 81
82 307 98
252 172 43
280 47 97
97 7 65
17 178 63
111 290 34
132 139 53
75 214 46
263 280 81
88 272 60
48 312 14
98 132 91
294 256 53
2 43 81
60 298 41
3 136 53
21 43 86
248 224 63
190 204 74
242 236 26
273 204 28
104 175 54
227 194 46
180 249 26
41 252 43
148 32 19
91 27 61
44 122 11
175 264 30
196 246 11
104 206 14
242 67 56
104 129 26
78 260 57
55 98 78
73 210 67
119 39 36
34 88 50
212 259 82
132 31 48
68 237 70
81 111 78
156 188 11
180 273 73
260 148 37
273 79 66
198 97 56
282 149 21
230 63 61
282 296 67
3 150 21
7 134 83
23 53 10
29 126 87
92 125 68
120 305 83
92 107 35
111 29 36
313 248 77
202 35 66
19 12 71
200 215 67
200 162 28
19 45 78
123 146 74
117 39 42
100 38 77
203 167 80
288 70 58
71 238 94
232 255 37
177 224 91
24 9 56
28 264 59
273 139 28
29 62 56
50 283 38
253 133 14
227 38 28
188 10 11
232 177 55
149 241 98
224 46 33
212 18 77
235 271 26
37 183 29
82 186 28
151 218 13
162 127 14
260 273 63
27 92 81
78 268 97
9 177 64
175 154 56
281 204 55
137 212 90
230 147 35
139 289 85
164 34 62
102 111 15
82 177 22
138 178 37
248 236 41
307 301 58
228 260 12
31 178 60
83 286 36
159 206 60
242 213 84
1 235 64
207 91 13
125 282 87
258 37 28
264 156 97
250 242 80
48 238 14
278 150 71
181 111 22
214 265 76
131 114 80
92 291 18
288 113 26
41 149 12
263 209 48
35 274 48
56 187 86
215 259 78
284 0 56
310 213 21
242 250 53
174 231 16
153 134 84
68 156 70
182 245 18
31 84 44
106 19 93
55 113 17
296 243 34
106 289 99
60 35 69
54 120 60
263 161 88
309 103 55
134 306 84
12 143 83
12 87 84
167 7 41
62 78 93
206 58 39
285 62 71
200 254 55
110 128 76
14 241 99
52 246 41
125 292 21
223 142 18
307 247 41
56 137 14
269 227 40
310 262 58
130 126 41
88 291 77
262 205 85
182 196 73
149 173 49
29 162 59
315 13 37
237 0 30
82 278 41
97 134 62
115 167 18
237 267 36
252 254 61
309 134 62
283 218 34
38 41 11
236 198 59
223 299 98
33 72 23
36 200 25
312 248 42
45 311 13
272 1 42
312 49 78
123 71 14
291 258 93
41 173 32
81 203 57
255 17 89
203 264 63
20 80 95
260 229 82
228 267 72
128 22 62
209 279 44
235 112 62
171 119 26
56 302 24
94 130 64
212 171 49
100 269 98
144 155 76
85 261 91
270 7 19
118 291 11
119 291 16
99 128 54
114 119 74
283 308 14
7 268 57
171 99 94
64 246 52
228 132 37
100 34 36
222 311 24
56 183 11
127 311 72
109 55 60
276 127 34
236 155 73
245 147 19
120 61 48
80 267 49
312 73 91
148 188 91
46 260 43
34 226 39
74 223 45
137 203 19
54 152 92
93 151 99
67 157 31
271 95 69
48 54 65
264 66 94
7 314 54
287 278 46
218 27 95
285 38 10
97 136 21
311 23 51
183 175 46
130 313 86
247 101 91
107 1 75
142 140 54
61 206 61
6 208 25
195 59 33
134 131 72
35 263 12
41 143 77
240 22 20
288 312 57
249 202 17
137 54 34
111 241 47
39 110 59
217 142 68
33 45 20
183 315 73
65 202 70
183 228 68
15 244 82
35 240 24
22 215 70
309 196 66
156 207 65
262 151 70
150 3 91
83 250 42
176 293 52
104 124 50
2 306 78
24 165 19
9 117 97
307 263 100
105 293 77
282 296 50
79 288 73
307 96 78
134 156 69
104 168 17
109 151 76
20 293 85
179 160 84
66 123 26
64 197 94
120 157 33
33 2 32
238 190 50
173 22 14
165 119 68
38 280 43
214 22 40
116 78 16
189 5 93
4 210 100
155 176 19
112 65 89
225 191 78
183 23 33
23 266 27
14 124 82
293 243 59
43 91 56
15 209 75
139 30 47
89 179 77
279 100 71
161 188 84
46 177 80
58 54 22
194 88 38
229 163 50
198 135 89
132 200 54
180 189 90
312 65 41
84 141 19
204 150 92
182 73 50
310 191 84
174 1 40
159 114 29
212 283 52
176 263 57
233 154 17
269 56 60
272 239 69
66 213 64
25 237 17
