2167 3710
1945 1620 42
1104 1116 62
1759 706 85
916 142 83
1777 154 65
1465 1244 62
834 1777 48
1601 1731 69
98 1466 15
1142 1601 32
902 661 57
727 1376 20
717 81 88
1428 768 65
2010 108 18
325 520 14
1758 1506 61
229 723 36
1071 1139 47
219 1328 45
1518 1665 88
1404 1572 40
1884 375 97
372 511 77
1558 1741 91
1044 1308 91
962 768 30
1136 7 69
894 690 66
2039 1346 69
203 2032 31
1764 1442 18
1136 184 13
280 1341 68
1676 728 20
1811 2092 100
761 117 20
1085 1974 78
241 1997 38
1159 1992 75
883 1736 34
463 1961 90
1757 1868 56
1166 929 78
1282 695 37
960 9 70
185 991 58
1266 1960 98
1268 310 91
45 2032 57
392 38 41
101 2025 98
980 2034 41
573 1679 59
424 756 81
850 993 41
1208 346 100
576 2005 25
1978 1837 77
1614 922 32
1297 184 12
1371 1214 63
1014 485 60
473 1309 84
1061 178 89
172 1908 57
394 119 69
414 1623 41
978 752 99
115 492 74
1076 682 53
2101 1242 23
983 1451 62
1311 634 83
1039 1234 28
1553 675 18
1795 70 94
1776 507 80
1059 1556 60
256 687 47
1158 794 51
575 1452 48
1551 575 37
516 364 81
254 952 16
977 813 29
426 1320 65
1630 550 74
1802 272 87
475 309 27
587 986 45
197 525 64
571 1975 89
299 1416 77
800 248 77
617 708 67
1913 113 45
1793 1290 11
1847 148 72
102 241 18
1119 783 56
575 1302 66
1145 534 68
1235 1568 52
1294 909 99
1313 1876 76
1446 808 71
1246 2021 77
1323 1707 48
1583 1532 15
1808 1009 44
938 668 89
1125 1109 14
699 915 34
514 1363 99
557 1814 55
1314 365 86
284 1620 53
1893 1299 49
56 729 13
1954 1574 26
1465 1298 72
21 2099 16
1130 478 68
516 1171 51
1135 730 28
1509 1138 14
1242 1891 88
1048 748 31
353 1928 79
1094 1764 49
1463 1190 87
135 794 96
762 683 49
1246 1189 55
1345 1276 39
944 641 36
1413 747 37
29 716 77
793 492 74
306 998 77
122 1443 64
1054 504 38
339 1155 83
176 1459 98
2151 246 69
190 1845 60
1817 957 71
1292 581 41
1666 559 34
1352 1429 75
796 163 58
174 802 85
733 322 25
1039 64 76
396 1488 39
2124 860 11
1157 626 12
770 221 48
1344 458 36
1182 1786 41
1667 1966 45
628 353 40
1224 1716 85
257 1708 78
1386 1483 49
612 1119 26
521 571 22
1570 325 35
1036 531 31
1482 1252 71
2137 941 37
1936 1385 27
1823 129 33
972 693 84
416 1771 31
2148 1698 77
1716 2042 30
1496 806 34
1581 1047 30
1243 1178 61
1495 1340 66
2061 869 78
806 1318 51
2080 1165 94
1242 1662 75
622 840 85
1716 1175 62
2002 291 85
433 268 62
1871 2115 68
490 1121 82
1159 1300 76
642 1303 79
791 1153 53
1334 483 56
254 1640 50
1695 1635 26
2029 924 83
1093 838 54
42 1558 53
591 470 82
1617 2163 14
809 1854 68
609 1567 90
1832 404 90
954 684 68
645 15 87
1584 430 16
1618 1484 23
1782 625 56
1180 52 55
670 463 89
1615 1510 50
1171 1499 29
473 1898 75
308 738 30
950 22 58
2014 1885 89
1392 374 43
1787 1764 65
1033 520 45
2084 617 77
682 1563 26
324 556 32
1227 672 42
537 15 19
1998 685 26
1683 1973 37
861 269 80
1299 1395 66
286 47 71
924 1382 75
1347 1424 43
814 578 94
138 1192 46
1181 152 81
602 1546 35
1613 819 57
173 246 57
1483 701 100
1444 1664 74
1625 974 43
1419 1244 16
2076 1214 43
498 1656 90
350 1535 92
353 932 39
1339 357 48
505 610 48
1030 1390 36
1146 1940 73
827 1948 79
1027 1268 39
1287 498 68
636 1790 11
1692 874 86
613 912 54
534 1736 69
97 1395 31
419 627 14
191 275 13
2030 733 64
1946 1684 57
1867 518 24
697 1765 63
1287 1309 90
246 602 28
1000 2122 49
1160 1082 25
67 1912 41
881 689 94
278 1963 14
18 1539 70
952 1843 100
520 896 12
1473 992 20
587 1591 77
482 1192 18
1086 1682 30
414 1797 29
564 2114 19
2162 719 91
358 1417 54
42 1151 56
423 1791 54
2012 976 41
1434 1148 97
1313 1978 30
64 1064 33
262 871 23
857 1457 31
119 1682 61
522 1048 65
1357 313 89
1319 1209 52
555 182 60
1072 7 95
1465 61 11
891 846 57
2027 443 96
684 1719 92
1502 2003 89
488 1144 88
492 82 90
1450 1720 59
1288 1094 47
2142 1150 12
1032 1258 59
1724 705 94
1245 2008 29
939 1829 75
1142 2137 100
1023 577 30
1872 930 31
1351 1192 73
1131 359 97
1901 1937 36
1197 1666 32
1303 1479 87
2092 133 60
1672 1766 24
1501 1588 54
1353 1611 28
481 1766 59
800 275 76
913 1631 52
1320 236 32
1638 536 28
1250 1733 22
207 411 16
550 1740 71
620 2071 77
52 2060 47
1821 1596 98
2095 746 42
385 1876 50
1224 708 52
1327 1696 80
41 1051 19
134 1751 12
1118 1797 45
139 463 66
1972 55 64
307 1142 66
7 1962 10
1390 878 69
773 2159 96
1316 1001 44
1103 1941 79
135 1117 40
1071 1844 61
1503 2034 19
1063 548 31
363 1752 33
888 1408 48
1779 1901 33
1560 1834 73
410 966 59
166 1869 54
1868 867 60
1664 388 18
2107 761 51
676 1557 42
1132 295 80
926 708 92
1660 1321 89
422 1321 56
1555 292 97
1414 292 44
1490 1196 22
570 1702 44
1707 525 14
1702 1936 76
1839 970 49
1875 245 74
665 2032 50
495 452 63
2160 162 10
739 363 46
1109 447 67
250 1725 78
1799 1103 74
221 1356 31
1936 112 56
274 54 70
188 1647 93
615 2116 73
335 299 85
568 1707 60
879 1641 28
1362 839 73
1306 557 80
69 1323 35
891 2054 100
342 604 54
440 67 100
187 1074 39
1981 98 25
1044 659 84
854 602 51
834 914 36
1940 292 70
1611 2022 13
2069 1771 30
1367 1080 27
1775 389 37
1294 1118 29
1185 1767 53
783 1455 49
870 1573 98
1390 921 99
1532 1757 65
1180 1348 10
2095 1832 13
2152 427 27
1443 428 89
74 1587 89
1722 758 70
1512 2033 94
1323 971 84
1682 832 32
655 378 91
1950 720 36
217 1435 79
441 1093 100
618 1050 82
858 1449 21
2037 1989 13
1122 1128 46
343 1389 23
1645 823 76
143 468 53
197 529 49
1837 1903 39
1657 460 31
1091 835 11
446 2115 67
159 566 66
376 56 30
580 603 75
1375 684 26
1443 964 41
982 84 11
1717 1846 70
33 521 75
315 469 57
1010 536 37
1383 1206 60
1923 1930 95
1233 1174 70
1667 1928 97
618 1468 57
1827 787 86
609 825 49
604 580 17
765 1623 82
354 437 43
700 1785 13
650 1308 38
978 2089 62
359 131 75
209 592 45
326 1748 100
1483 1019 47
1782 763 45
8 1937 99
1608 304 89
1596 1631 52
425 903 59
513 1423 12
1229 452 89
1650 1292 70
2074 2141 46
1951 114 23
870 1917 36
702 1920 10
795 398 51
708 483 60
1164 818 28
1662 768 57
1242 736 37
1281 1832 22
1707 1061 18
1189 1819 94
841 1468 98
15 1110 70
1260 1567 56
215 1456 61
258 1109 44
1957 289 34
2005 1012 69
623 786 24
1276 1011 41
595 2049 59
2142 1084 77
1994 400 98
274 223 40
635 1234 20
1974 1021 75
2029 759 67
764 1588 52
1614 819 17
1570 1801 12
800 850 62
418 786 79
86 1350 79
2091 243 12
91 1934 67
69 788 16
257 1464 57
974 792 24
1980 973 72
1990 2100 75
130 505 18
1905 1031 49
1462 570 17
394 1025 27
2024 878 68
233 626 53
1170 1385 36
2060 1009 44
44 1664 53
1976 1714 75
943 2009 58
1691 925 27
342 838 21
1807 1478 55
1339 1409 100
541 2081 82
299 1603 88
1739 1174 100
383 1443 34
2114 2120 40
1526 1245 92
152 874 12
112 7 59
1268 534 96
192 425 28
1740 882 92
1767 535 62
1617 1466 69
860 948 53
177 1085 27
166 1676 13
766 1530 25
386 120 18
2061 54 39
1308 1529 31
71 1499 39
2150 1292 40
536 1912 70
1412 1407 96
1800 642 99
1385 1628 21
1880 222 34
2044 587 63
821 1360 82
1063 1730 47
274 547 21
1248 1885 25
656 1192 15
1779 1422 25
1094 1125 51
826 2137 57
313 14 30
797 1620 27
2110 1697 31
407 1020 73
903 988 100
548 1341 35
1699 1031 91
2126 213 83
594 1133 61
502 1872 81
1505 736 54
437 1262 87
1351 1297 84
904 249 22
612 318 26
1547 1543 67
1955 1893 38
66 2018 11
672 932 12
1429 437 53
1953 1653 68
2148 552 42
2144 1637 55
862 972 84
442 835 76
1925 484 39
72 592 53
1394 2127 82
1088 180 30
2078 1264 98
1703 1317 45
833 194 61
1732 2150 66
339 1443 37
1634 1237 12
1538 1023 31
172 572 67
2131 901 36
40 1193 43
1001 2068 61
1600 1818 38
1218 1080 14
534 1643 60
301 421 38
1230 474 15
1118 961 24
1603 395 62
643 13 55
969 99 34
1746 254 25
2032 1624 14
1465 846 70
1967 481 79
422 278 90
916 979 10
559 329 48
652 17 73
1555 1540 93
2012 2119 51
29 1143 65
104 916 82
560 1554 88
841 836 91
522 833 64
452 15 80
415 465 47
422 1453 15
603 574 92
1301 1730 70
1619 609 58
1977 1776 82
1948 1168 87
623 1552 86
1158 786 42
809 1340 97
794 1513 80
312 2035 39
1939 1632 10
281 778 87
664 1537 28
233 1546 71
1865 517 19
1875 1687 37
235 989 56
41 851 20
1922 225 72
49 926 41
151 1903 30
1432 680 35
1010 1330 41
1620 403 25
955 1325 78
1288 1344 90
1238 1565 14
1106 901 94
1575 409 82
1275 1751 29
2086 155 29
934 1522 46
1991 461 31
691 1837 11
763 232 87
983 1140 45
1908 260 68
1154 870 85
840 1016 85
2098 683 73
1512 70 81
1052 103 92
1807 102 16
1849 924 12
777 521 91
2108 1193 40
1625 1381 36
2119 440 95
450 1562 47
1090 765 28
96 2001 54
1847 1815 22
342 1503 85
1399 1847 29
594 1069 54
2042 1355 26
453 141 21
1408 274 56
1210 936 45
1269 1663 16
902 2031 16
1407 573 23
1226 1884 10
692 203 97
1243 1771 62
402 1220 84
1759 896 40
354 2160 26
825 1136 28
1045 1506 75
1837 274 22
147 5 53
466 1373 74
443 601 34
831 2021 46
1086 748 97
349 1770 34
1104 1185 12
831 1075 77
1829 298 71
1738 375 65
794 1557 71
23 1635 70
532 295 65
909 193 26
1585 1310 38
1373 1804 32
734 668 29
400 676 92
1997 260 71
421 1416 90
1735 848 70
518 108 69
984 2020 75
867 393 27
1503 2016 18
1639 1477 63
1078 299 32
32 1650 17
183 1555 91
1751 167 55
1995 112 46
915 589 48
2152 385 71
877 1421 39
1714 954 24
41 1676 30
2054 191 96
1132 457 67
517 104 72
1840 240 80
1182 305 16
228 1932 59
1142 873 58
1481 91 35
1312 2042 33
102 1994 49
607 1597 74
1162 1190 76
1651 1702 47
1258 580 59
304 1862 91
1423 290 68
1195 1153 26
762 1156 32
810 434 28
526 611 26
925 915 21
1799 647 37
2100 775 17
8 612 93
248 1234 38
162 776 79
690 592 94
433 2117 17
1422 2064 63
357 1719 20
1124 39 35
1286 406 28
1950 1360 78
1296 176 89
2121 1458 51
748 1804 36
381 1742 41
844 1437 94
1011 1564 49
914 11 72
2082 1043 71
1185 1447 79
1719 1469 51
733 2086 14
1499 2157 79
1839 1270 43
1586 1736 13
1603 322 27
2094 688 56
586 1638 36
2148 1276 99
294 622 46
540 895 99
1072 1756 40
98 2016 73
966 549 71
886 455 86
941 1068 100
2019 1180 73
1835 2008 76
1323 1469 77
2141 1658 45
1380 1795 21
1358 1182 54
505 831 23
562 796 41
1343 827 62
1371 537 27
261 466 92
1656 1652 11
1944 1646 86
1993 1936 52
1192 969 48
22 492 55
199 115 69
447 1150 29
1615 1042 12
530 639 87
1536 566 75
4 2006 79
856 1259 57
1097 2151 86
1697 2166 86
1415 1181 32
1437 2155 95
936 1835 16
138 100 12
1951 1347 85
207 2024 11
385 360 18
1839 1963 25
647 2029 97
1706 1253 25
161 1721 41
155 429 39
531 23 88
1003 403 83
116 1737 71
1566 839 90
101 2090 81
1478 2029 82
243 126 78
1347 97 33
753 454 23
420 1727 10
769 466 61
458 641 61
1024 572 20
2104 1481 13
495 1968 80
124 758 43
1644 1020 60
204 2148 99
1350 167 76
1345 133 27
997 115 32
1684 1191 49
369 167 48
1431 917 26
413 1551 40
475 219 28
639 367 59
67 1618 74
773 954 66
1609 562 50
1562 503 73
897 1841 81
1462 1885 79
430 1508 43
12 2039 49
978 1102 89
120 742 14
1690 1167 65
279 2138 40
1019 1474 80
1626 1846 83
40 342 15
319 984 99
610 1724 84
107 1202 39
1808 261 50
761 1028 63
1443 855 63
1065 1739 81
1218 252 76
2087 1858 67
384 637 33
276 1406 77
992 692 91
577 1752 81
1455 1055 67
1785 1662 13
765 650 75
2080 1589 22
661 457 85
1223 2152 54
726 825 40
751 386 30
1313 1984 18
1422 1355 92
455 809 46
2100 817 44
2059 1990 39
831 1877 19
885 1176 77
1614 737 73
1562 1354 37
1560 1257 24
1330 224 89
77 284 53
1035 28 85
1646 1763 78
395 1738 61
634 153 26
2041 458 15
497 801 88
549 269 97
668 1706 49
1739 1843 22
1839 1589 76
1859 305 21
2155 297 56
1021 991 77
1817 1973 43
609 1568 61
1074 443 82
2155 322 86
112 1734 54
518 1149 52
1033 1990 82
1152 1226 29
1299 767 27
2094 1466 61
1708 1576 40
598 1829 58
1828 787 83
1642 2141 66
2040 1639 22
1155 506 12
48 1285 43
960 583 77
1441 1126 70
1935 1 51
172 1617 34
58 98 63
916 504 61
563 1034 66
1585 1547 16
591 1193 83
32 216 19
1488 1296 24
1664 905 87
1965 765 50
559 316 80
272 109 83
690 838 76
327 898 69
1414 256 18
1150 1002 62
1769 1127 61
314 631 35
1756 1765 25
1431 1302 50
1081 2065 26
1775 1124 78
1293 1460 33
1678 1302 86
461 2082 31
965 1728 37
881 406 48
1451 1777 85
1377 725 96
932 1415 34
1018 689 44
413 1934 82
2008 182 87
790 2133 67
1038 745 45
2102 670 32
1681 1865 69
1950 1640 82
1308 1016 61
297 209 74
1646 446 83
513 13 56
1059 297 53
319 1519 91
78 751 47
1167 1967 75
84 422 45
1178 755 91
937 643 68
1928 1394 17
2072 1285 82
1703 523 42
2043 1545 67
2043 612 30
802 2114 23
305 2097 95
727 743 85
1017 1726 39
758 503 66
2117 898 60
1614 2145 87
1108 123 63
1753 1949 34
1092 1318 90
1929 526 73
255 810 73
268 629 74
865 573 78
1995 1243 67
683 1217 19
1429 270 11
1717 514 93
1977 971 26
442 1695 94
74 2053 63
1960 663 53
962 1516 95
729 926 67
1940 1519 58
1538 496 86
900 1305 73
113 1553 84
1605 1504 79
1003 1418 35
1081 2053 29
327 2003 41
156 1012 73
2079 813 54
1714 1955 91
1095 243 26
1609 258 88
537 1732 39
1770 107 45
1201 615 37
1021 809 86
239 1897 23
2151 737 98
1622 833 63
980 1959 92
1243 138 80
817 23 17
699 580 21
1517 501 31
658 1769 31
670 1009 46
1103 1535 56
649 221 44
314 1682 30
889 1227 50
83 2083 98
624 1875 85
302 1738 70
1433 886 80
2151 579 70
734 1101 66
1174 1680 56
840 1556 25
531 264 82
741 548 50
1236 179 84
1969 1965 54
1092 1396 59
1278 1217 71
490 9 14
1803 1500 39
1152 485 81
1540 33 35
769 667 56
538 1704 100
1948 377 93
1472 1816 86
138 472 16
1115 1650 92
865 469 61
993 1625 21
1711 470 12
1586 333 24
573 1948 64
1798 525 62
1008 1351 48
1135 615 10
787 111 95
1521 1210 89
368 1282 29
414 107 62
1892 1717 97
732 123 75
1920 58 73
167 703 30
923 69 93
13 44 50
204 1555 46
836 1070 60
1716 1853 46
1702 1606 75
989 1625 75
1502 1219 88
556 1990 72
1696 1919 80
63 1673 83
442 19 78
2158 1045 70
2155 507 33
277 830 84
1796 616 11
979 1470 69
1883 177 24
1293 538 82
1373 1950 36
657 1320 36
2078 1838 54
2012 784 16
1716 750 12
1580 1774 31
820 1394 28
40 1959 29
1805 95 97
548 458 10
925 99 15
1164 1628 32
852 546 38
1995 889 64
620 1249 10
294 201 15
1598 1611 52
883 1078 36
697 1126 81
2111 1248 78
376 1620 51
746 1109 29
103 252 29
266 1814 52
1090 358 62
1491 773 76
1924 362 97
1289 631 100
763 459 57
421 294 21
599 2098 87
1327 1199 45
1051 1359 89
1344 2088 14
923 2045 54
662 2034 69
425 117 58
979 1099 65
745 1696 31
774 51 19
749 1404 46
1156 748 96
396 1767 42
561 1252 58
704 362 80
2150 1857 99
1386 1031 48
1266 1601 81
1445 1540 93
1839 740 46
1303 1340 60
1412 751 82
865 956 32
1650 1042 80
1571 831 26
917 1822 50
514 268 49
1375 345 58
1825 1091 62
1150 187 61
1148 1583 68
560 912 74
1110 1984 21
1699 13 10
281 1517 49
103 755 53
513 1673 92
577 241 61
131 911 84
1713 1344 39
1998 1217 100
506 1708 65
1452 1856 54
1705 682 80
1877 1923 21
662 1707 20
264 459 33
1059 856 16
304 1889 90
1806 1491 83
659 110 90
105 2032 23
1968 334 90
836 308 12
287 1757 16
1311 272 42
1472 582 89
275 1192 91
632 517 92
202 1668 13
995 1997 28
403 1154 98
868 685 29
2011 815 41
1876 1061 72
404 490 52
3 538 44
1259 694 33
297 496 15
1900 1291 29
112 1440 60
733 542 12
88 1266 85
924 1915 30
1697 548 20
1355 1256 22
2011 1586 75
529 490 69
878 1525 69
214 1908 96
1 353 16
843 768 98
1137 1588 12
1876 1374 11
441 2138 98
636 792 68
634 905 96
2064 1731 78
586 1204 15
1640 116 89
1519 215 82
817 499 48
2132 740 51
1518 1414 22
1173 189 68
202 1565 42
894 2103 77
1215 743 62
2080 824 53
503 1009 10
1073 1063 35
450 625 42
1035 1995 24
2158 988 49
1149 863 81
1727 1478 13
7 123 29
569 1796 58
449 561 64
487 755 21
1032 279 13
1912 856 20
1381 1809 14
1241 678 92
1628 541 39
1873 528 78
1449 682 90
866 1218 26
2147 2108 42
223 224 61
1126 333 25
750 680 77
1045 512 16
933 436 24
229 295 48
1314 1295 20
334 626 19
1087 2094 79
1972 1624 47
1770 224 86
1159 1356 49
1219 11 44
2144 1922 55
1999 1544 82
955 468 60
1890 1872 52
1659 1845 40
2039 1863 54
200 253 84
1335 1670 57
753 1994 32
529 1957 65
1594 761 47
1259 940 80
18 1264 16
1323 1357 16
1944 451 22
550 2094 53
1368 1113 65
350 2037 50
1182 696 56
878 1725 30
2095 1655 60
1866 937 88
1327 623 26
2076 947 46
1665 1759 27
872 1216 96
2042 873 10
1896 281 65
469 474 32
646 1890 69
672 2048 36
211 1383 13
2149 1675 62
303 258 13
909 1791 28
1454 1102 96
179 1077 69
628 2127 14
910 1051 45
319 1540 52
1211 1436 72
1159 1771 99
2118 670 43
922 1776 86
1554 1785 78
1024 1415 74
2073 1874 21
1725 687 89
1221 123 77
724 596 69
160 534 55
333 1083 34
2012 298 88
128 761 20
1452 1658 38
1720 1835 75
1390 184 38
212 2060 10
231 256 33
780 1258 52
659 865 42
20 297 42
358 1042 52
1479 2106 18
2132 702 16
250 2036 14
1184 1599 99
363 764 47
451 446 55
1534 1945 51
680 145 78
5 479 75
1352 1764 89
1762 644 41
1438 1588 85
88 1804 26
1474 685 11
325 30 97
404 724 85
769 2058 41
231 1601 88
749 1188 28
843 1578 49
1488 1725 69
1604 1085 20
1041 437 66
657 1801 17
1929 554 61
194 998 27
32 1320 40
1038 1882 12
1462 2117 46
892 903 44
967 923 55
370 365 20
647 826 77
616 1897 36
1829 1521 96
1019 1822 67
1696 1559 54
1422 1864 80
883 645 10
1368 385 81
607 2001 40
473 447 86
1710 1963 95
1908 120 79
1855 627 15
517 333 74
236 852 71
1750 2092 66
558 1834 79
792 2007 29
306 229 90
600 1728 23
630 1747 27
1508 1376 31
2048 1104 79
782 2156 92
1125 222 11
1030 1563 35
1502 986 69
1968 1908 56
1851 332 69
1020 1903 22
147 450 91
816 681 91
1351 922 70
701 2088 28
1452 81 18
1292 12 21
1723 1303 88
1010 972 15
925 450 21
704 1629 66
1996 1127 29
1040 89 27
447 464 52
184 1390 87
972 1406 97
1804 1932 63
114 2141 59
2108 1277 26
2095 865 95
420 992 76
1239 1525 28
1008 358 49
1301 260 67
475 394 56
1304 868 91
2119 1008 61
825 2100 31
2020 1505 19
181 1834 50
362 1129 25
1009 674 81
1582 1258 29
1490 807 53
1876 1055 25
1877 450 14
211 156 33
668 1239 85
1973 597 63
2116 1141 44
493 388 37
1825 698 14
501 1135 99
441 1411 68
174 1314 21
1020 2104 88
579 1919 64
70 479 70
1729 1140 76
1164 235 26
1186 271 59
817 326 42
2040 197 10
893 592 96
1983 1108 47
620 879 84
1050 980 11
970 1512 58
73 1973 62
1085 1639 65
314 2085 64
3 720 44
1643 2029 95
1463 257 24
516 1375 30
1458 1214 64
893 105 59
1155 285 30
2054 1417 27
1183 2038 96
36 1280 59
41 991 88
966 1160 39
129 253 52
790 1595 83
484 211 45
1886 322 15
1470 168 62
17 2118 66
1994 609 60
451 980 77
1587 370 41
57 1170 14
988 2110 67
77 882 90
182 465 16
1443 1821 21
241 383 92
709 77 60
1574 2065 47
460 2024 72
1415 1838 88
1027 855 88
1485 1406 75
1161 397 54
2131 1725 95
1209 1298 78
1606 438 15
1566 75 45
1717 184 46
1891 2028 30
1116 1558 86
1933 1768 36
506 2021 66
775 1480 69
1622 1725 59
1368 1904 28
1000 771 42
755 529 12
1133 385 95
1355 757 56
1606 476 33
1125 589 100
1761 918 93
566 1767 86
1787 1618 75
1793 904 19
1135 1306 51
1485 1429 45
528 929 56
890 1555 57
2139 935 65
940 2012 91
2008 1175 59
464 803 53
1034 695 87
2085 2102 78
1757 1698 93
796 697 42
1217 887 66
201 626 67
977 45 55
1479 1159 29
1767 1945 81
867 1641 16
1541 513 20
1722 642 15
930 1099 93
1433 400 33
1833 1915 95
67 578 63
252 1503 50
194 1012 18
1920 2132 31
554 140 12
1208 487 70
1342 2114 93
1842 1652 43
2058 1863 60
1574 1242 92
1223 893 53
1043 596 16
373 577 60
1729 1829 65
1989 1258 62
996 1495 58
427 107 29
1604 1599 76
1371 125 20
1557 1559 19
1615 1780 77
1717 1309 37
1126 2112 87
435 344 27
14 1583 60
784 1910 35
1833 348 14
806 707 98
1706 199 93
760 909 31
1949 59 57
88 505 44
55 2010 26
1151 552 32
1799 301 82
985 851 14
318 1167 11
905 674 60
726 548 92
0 1014 42
227 1752 43
235 1675 25
182 1531 54
1107 910 18
877 724 13
1934 1456 100
91 1906 99
1810 2007 51
1920 357 88
1667 492 95
1300 995 48
132 700 44
470 151 11
819 285 12
483 1508 97
2029 490 83
1430 1418 55
593 575 76
1256 1636 75
819 526 34
829 1695 52
750 1554 46
430 1413 64
617 1005 22
963 445 23
554 1450 89
1377 366 23
1000 775 40
382 1341 100
1169 853 25
2038 2144 11
132 1408 28
497 2034 24
1260 1117 53
665 1800 75
595 667 73
1561 412 46
82 2060 84
2001 367 52
347 169 71
2039 1049 28
918 653 96
761 575 63
33 996 72
2023 1979 69
1515 1395 24
1984 1677 29
98 1752 22
1040 690 69
1078 3 82
1178 1184 38
1984 318 95
1197 479 65
716 1680 82
277 1134 45
164 1113 88
824 1523 23
1142 1530 57
2091 381 41
1597 381 41
1570 566 25
1515 1547 27
1511 1539 89
1344 1638 97
1178 87 25
189 1387 13
1034 480 28
1212 1008 13
75 1732 38
798 1330 53
1669 1243 47
210 1535 94
1082 1850 24
159 1832 24
709 1370 27
1631 512 35
1466 604 40
1991 941 46
774 1472 61
1671 1315 53
1609 1992 57
170 527 56
1050 1791 97
1388 770 99
1800 981 21
913 1672 42
1339 150 31
1222 1769 65
569 85 29
1968 1680 40
1869 2056 77
1165 225 10
2053 1885 90
1338 1024 88
1409 768 40
823 1781 26
1425 976 68
294 655 86
1101 1462 93
255 2166 62
197 817 34
1716 2110 90
102 1836 31
2088 289 10
834 90 10
231 687 84
64 769 51
2137 1315 16
617 16 68
740 1237 72
1766 217 18
82 626 40
107 1364 67
78 2051 78
993 1367 93
1115 1345 37
382 33 47
1178 688 67
1819 1903 58
1150 418 74
782 401 89
544 1398 35
552 624 93
171 524 97
962 228 29
122 2161 84
618 1203 58
1517 279 39
111 143 20
814 1731 95
189 990 46
1340 758 90
1950 710 10
1658 825 85
1103 841 89
1653 1057 62
355 1905 91
162 746 34
1096 1967 61
1964 578 100
1400 58 16
319 1094 56
24 882 27
123 1532 11
1431 828 90
572 1641 55
1962 1812 18
2058 2006 24
2004 2159 87
1833 1307 47
219 6 66
67 1225 63
332 1278 74
963 527 62
140 1852 93
240 1362 97
974 1697 62
1703 893 38
1139 2035 51
1228 562 76
543 457 26
779 1628 69
506 1110 31
1039 353 83
2164 11 54
1808 107 91
1704 1034 25
1222 1715 42
1617 1097 36
1220 1698 18
183 952 34
337 251 15
1811 1919 98
232 744 11
1154 690 19
761 1967 68
298 1825 76
1446 1125 23
1676 2137 59
688 564 67
508 1589 27
395 544 20
31 792 82
820 1847 49
1385 1690 31
1730 1705 35
1585 968 94
1871 1418 78
428 161 94
2049 368 33
1398 1776 100
1305 390 55
2138 1119 19
1185 1834 99
84 1046 98
168 2083 69
345 12 29
1491 1910 97
1125 1880 88
439 555 77
1920 114 63
1283 1556 42
1297 1585 66
711 926 26
1493 1726 67
2069 1209 43
958 111 85
1993 1915 71
1369 851 63
1050 1018 94
1106 952 63
1997 210 45
1504 1822 53
485 751 79
459 455 36
702 2142 75
86 933 17
1167 1702 89
526 2131 31
1396 1336 15
1783 1428 58
442 146 90
1607 499 46
1511 682 52
1533 2022 27
1446 1553 97
601 400 24
617 395 79
40 1032 99
1557 1605 47
422 1980 93
308 40 25
111 106 54
1443 1852 83
27 1046 14
1181 1290 12
1313 157 55
305 1566 87
1864 836 83
2156 1159 22
1656 478 39
1178 803 58
1399 538 48
1818 1682 78
1578 1971 76
980 1544 42
1155 1067 65
290 547 89
87 469 83
139 1626 40
234 535 92
620 1877 90
673 1418 49
2076 141 23
1484 1647 51
143 2034 40
891 1268 12
374 1506 71
2001 1745 62
1214 1920 70
1607 183 43
2092 474 48
165 283 70
1552 1572 98
1632 1375 71
1931 694 98
521 2005 41
1628 626 44
445 1689 86
299 1215 31
1203 1155 48
116 1677 80
729 995 87
1197 1239 18
1970 710 69
1138 663 85
1529 1612 35
1193 1016 51
2043 1113 100
1808 1948 81
983 1927 59
1305 777 99
1082 675 67
699 1286 40
765 103 43
1977 1196 37
296 604 20
1228 206 45
1712 1502 45
981 463 86
133 802 78
1504 1677 26
1485 1834 73
429 1987 95
1834 1651 39
407 1340 59
1293 1146 70
556 35 82
1898 1757 24
272 1447 92
876 942 77
1680 976 43
149 1687 83
1774 1481 70
525 159 89
2047 1285 32
301 457 60
2025 1907 30
1562 1661 23
100 393 28
191 515 90
150 1944 82
927 1133 78
1645 615 39
2103 1283 85
1423 112 12
1458 1212 35
1262 1360 66
58 1349 37
759 427 62
1355 698 66
1922 1799 61
690 378 82
1569 1477 71
1780 575 66
1861 524 16
1095 425 39
647 426 81
1494 112 28
85 2106 80
2135 559 55
1756 666 89
848 492 52
74 240 30
1770 432 79
8 1116 39
293 1988 54
1914 1453 80
491 408 20
623 1668 66
1735 2126 47
67 1745 91
1527 64 73
1913 155 10
1336 588 25
1548 1008 83
1350 1270 38
488 1887 26
452 1463 27
1804 153 14
1311 244 67
602 177 23
980 1193 63
1084 1579 77
1779 2109 50
706 561 91
1322 389 56
1127 966 60
163 1176 67
625 1282 57
1204 1359 84
1894 391 60
1269 1116 90
535 159 95
692 1917 36
639 195 58
440 385 38
1844 767 34
285 1989 73
1777 1469 37
405 479 95
244 791 94
707 1727 49
1608 755 65
1521 1252 91
223 181 58
1495 1326 93
1327 1079 44
1076 1271 46
1734 1864 25
1979 317 95
883 426 98
253 829 22
1798 22 43
2072 244 61
1279 1770 25
490 1060 32
234 1610 25
1296 163 68
83 52 52
514 1934 46
44 564 35
968 2046 19
1714 1639 82
1181 152 15
2007 1881 76
1118 284 12
42 2042 34
2158 460 59
2139 312 10
233 1405 10
1449 2071 81
1904 1620 39
261 1755 44
377 2014 80
893 444 28
425 441 61
1834 295 13
627 1690 98
1078 167 67
939 335 18
306 134 90
2149 1014 41
248 801 63
607 374 29
223 1854 90
688 990 14
1364 1343 73
107 1471 64
777 1991 73
384 1230 57
1118 1885 40
350 204 77
1103 1763 41
2072 190 11
156 1111 93
778 1884 53
701 1880 46
881 937 80
922 384 10
1988 659 81
374 819 92
2037 640 35
1152 2025 42
930 873 12
1119 172 21
1977 207 95
1366 950 18
1665 73 84
1688 8 27
1118 1199 67
1246 951 32
1076 26 23
210 1398 100
1360 33 29
1795 1571 68
623 1415 16
1003 804 26
2090 262 84
382 1393 49
563 261 82
1432 1199 34
846 120 72
332 1211 53
508 1737 11
8 1118 11
209 1263 73
2050 1650 67
2082 512 64
766 2011 74
322 1359 72
879 557 86
292 964 69
664 1012 27
590 795 53
864 243 18
2000 727 81
326 298 38
213 447 54
982 1433 45
472 1282 58
1086 2123 19
121 1908 40
455 1066 73
1088 808 15
528 879 22
1225 2099 100
1455 618 44
762 1491 48
1324 1749 87
245 1833 60
1172 1780 83
1561 1194 34
461 2084 26
1178 1584 73
567 649 91
595 1735 89
905 1366 78
582 2149 26
521 1856 82
1730 2154 72
421 2161 81
948 1961 86
539 1760 20
1398 2027 85
688 1408 52
762 735 25
23 1797 69
1370 111 87
559 1647 50
120 278 17
128 762 18
1321 1590 64
2122 1791 39
1684 1785 72
896 1366 13
20 1918 32
1376 1567 54
809 1939 31
1436 1195 30
2027 588 53
369 678 38
370 1118 75
229 1777 36
968 1765 64
542 855 19
126 61 100
2103 369 47
1116 1953 74
1638 1152 34
153 145 33
407 540 51
1622 1125 79
2143 385 32
1984 2152 65
1439 1053 96
870 1966 84
134 71 28
1910 671 41
2055 518 86
131 873 52
1213 1578 57
294 1341 67
1026 1185 27
435 646 95
716 1250 26
688 818 81
1123 1274 56
369 317 83
904 1030 43
1719 1437 60
1988 699 67
310 1670 29
370 317 26
1013 717 38
1229 91 64
1814 2076 45
1559 934 41
1329 1414 76
569 608 65
225 531 53
1795 1225 73
357 225 70
2007 703 23
1697 1046 86
867 324 59
1574 1025 76
1184 2035 94
10 1105 62
1055 434 34
991 1747 32
2148 920 20
938 1275 86
180 373 83
1355 1105 49
1476 1461 30
1498 1115 40
1398 947 91
1495 1372 69
1997 923 32
1259 1088 34
1895 1662 69
404 2077 74
1971 815 49
392 688 19
1878 39 37
1857 1032 13
1926 1049 72
656 1323 76
1294 1050 85
447 1494 38
1170 1391 98
1436 858 27
1670 983 56
2067 1146 22
1196 2021 92
744 1047 26
29 2001 77
2097 1825 42
170 1449 18
2058 1847 88
1885 953 16
36 900 20
1510 1483 40
205 1000 57
449 1106 43
2040 132 36
558 1725 82
988 69 55
233 258 27
1421 177 73
2137 1646 18
1459 1675 95
1151 910 74
138 1037 50
1866 683 30
646 1888 40
691 175 59
1331 53 98
2068 1896 94
1600 614 12
97 261 79
322 1339 34
1886 889 79
1142 1763 56
1267 1387 52
49 777 75
257 1049 90
2056 248 74
2116 883 40
1445 1261 30
185 2147 59
1992 1179 99
1469 1517 49
493 1573 72
962 682 34
700 1484 44
1292 2152 20
735 457 86
1742 893 32
1747 1321 80
116 322 95
318 977 14
1352 1011 66
1627 513 96
789 1021 16
1070 954 75
1390 668 23
269 1983 21
599 415 59
427 732 24
904 1945 79
1208 393 73
1233 554 91
1840 601 73
543 1540 72
1980 1017 31
1981 449 22
1887 1250 14
337 205 77
353 1872 12
638 16 27
1078 1901 62
1513 1751 51
451 747 64
1705 1892 15
1802 616 30
1157 102 98
36 424 83
1817 764 67
98 411 61
1479 1946 97
160 1975 64
977 604 32
1268 151 82
1672 1667 98
873 1577 27
17 522 25
2119 1881 41
1381 1872 63
1404 602 30
1508 840 92
806 749 94
321 1976 88
808 1252 87
503 1572 28
1789 1178 17
421 270 38
832 643 45
1249 1815 14
1245 2157 69
640 344 16
1782 1296 51
15 1503 12
677 168 40
579 603 71
2044 1388 84
372 564 43
1433 1457 22
1224 1783 79
1800 1473 83
360 134 56
2014 1880 62
1889 1863 57
1149 614 14
711 12 28
1731 824 18
88 673 58
1235 332 64
1409 1936 37
1829 1249 55
3 1229 89
1277 12 15
1147 833 64
652 424 46
27 256 49
2130 2149 37
360 605 83
1858 955 35
105 946 55
989 1480 43
2046 469 82
141 1255 95
214 582 37
1343 240 89
530 972 61
969 996 12
1687 25 37
2122 203 11
2048 1485 60
494 599 57
1176 192 76
61 766 42
1425 1100 32
892 1638 53
411 57 12
2092 1378 59
1048 1609 95
343 650 40
839 1661 21
2121 216 21
1850 1011 88
1719 840 51
1056 1697 16
269 1412 62
2134 1808 47
2152 1262 36
814 2093 57
1200 407 21
579 1752 23
507 1043 51
600 1979 78
356 192 38
187 1448 15
435 1669 93
1370 867 59
545 76 66
2056 1803 72
1397 1581 93
1416 1553 60
581 742 55
1960 1154 71
33 727 68
562 34 46
914 935 65
566 1451 90
211 1683 39
821 1034 14
294 1024 48
2009 132 86
597 956 63
2135 286 37
853 164 30
574 19 39
966 234 63
1850 624 21
1691 213 10
1592 267 37
223 984 59
346 1675 34
88 1211 37
1245 234 12
470 672 24
1723 286 24
1931 1818 20
1767 1142 52
860 1170 54
248 256 65
989 1471 72
1068 539 98
1699 2143 16
2048 1587 88
5 1969 88
159 1848 32
2143 85 44
2010 2120 65
1534 497 75
578 1414 94
2113 784 77
368 882 56
355 459 94
669 1628 13
2079 316 75
615 819 94
1983 996 68
252 1456 40
425 407 93
1501 1410 79
1188 2081 19
947 1874 19
829 923 41
665 1913 68
274 1482 49
1458 898 43
443 1114 29
949 49 40
464 709 14
1230 142 83
1006 727 78
618 811 69
580 1554 26
292 854 34
504 2001 34
1447 641 21
353 1946 79
1898 926 70
1828 1890 14
878 1367 11
886 1004 78
2000 1925 75
1371 2093 75
944 3 29
341 315 42
1629 1364 85
817 1595 65
923 1981 88
556 958 83
435 637 13
1702 664 31
752 1358 43
303 560 55
21 1098 23
2 754 29
1520 701 20
315 1078 85
1266 266 70
94 1316 73
1512 989 56
1036 1280 14
257 127 39
2045 1994 41
421 1122 43
347 633 43
387 321 75
978 778 57
501 1863 52
227 701 23
1514 2011 41
524 783 53
283 2154 82
2134 684 89
1449 893 30
619 1196 57
1886 98 36
231 1485 35
1342 1123 50
1785 834 63
806 2101 62
1613 49 64
1523 1970 94
313 751 93
752 946 96
1414 2029 84
122 1961 88
2161 1744 24
1977 846 70
295 114 47
1066 958 88
1578 1086 27
1856 518 93
466 1899 50
851 1473 95
358 868 50
1132 1174 60
1993 406 23
400 1891 57
207 2044 13
1202 1151 66
830 1821 12
1994 294 98
730 507 66
1600 82 59
2091 2003 97
1858 1689 87
203 1562 57
248 1861 36
68 819 79
140 984 22
51 1974 11
1107 1269 13
2033 641 72
1424 1965 68
1306 1269 53
0 1465 72
1586 283 68
581 136 98
1723 1593 97
1625 1928 41
10 889 12
1849 2033 15
1995 1800 53
1268 1697 40
1060 1600 19
307 70 78
2084 1773 77
1115 414 92
827 1463 25
1109 1807 98
1215 2030 65
1113 1144 72
1475 985 99
1688 1740 90
1041 294 14
350 1355 29
414 1591 51
630 1870 63
2084 637 22
1858 441 15
1862 1009 15
1886 792 74
89 1057 90
1482 1843 34
666 660 53
524 1373 85
864 1721 61
382 1824 29
527 1171 43
1567 2105 85
383 1439 41
1549 1026 69
239 759 98
1034 667 41
1847 188 49
1738 404 45
535 1958 77
492 802 66
1365 347 68
960 722 83
181 1016 15
1260 269 20
1734 1261 58
1815 1573 25
445 1810 64
1545 892 28
611 954 13
496 1240 48
1290 1424 21
2146 1396 67
722 2081 53
907 1250 26
914 1372 61
364 1550 50
1909 1357 92
51 984 33
908 1173 84
170 1050 46
156 1602 33
50 650 52
386 1058 55
77 2036 42
256 115 18
1802 242 25
1110 1776 34
1721 1134 48
1523 544 40
2030 1508 63
1571 1651 49
1200 1709 55
114 763 22
1773 1541 79
229 1173 30
2139 1329 42
225 1677 35
1305 969 31
2074 1526 30
2067 1183 12
2052 2038 55
2083 488 48
608 562 30
1893 1638 47
899 1444 92
651 1087 42
2149 2122 28
349 1605 64
1869 1215 18
717 2032 83
616 726 34
1013 1581 94
271 465 83
150 776 67
23 870 88
570 1588 50
2086 504 61
1521 2131 90
253 788 34
1741 930 18
66 1768 91
1475 1530 49
1934 1564 85
45 551 87
22 466 89
1804 889 85
405 1499 87
712 864 58
1506 1791 73
87 2136 100
878 805 66
2123 1108 50
627 1018 87
1854 481 98
1627 1565 78
2081 325 24
1322 1063 38
1542 606 22
984 101 67
1569 1372 83
1194 214 10
716 1686 75
1172 1154 65
1849 1223 37
812 1442 65
975 2096 74
2153 1856 90
1737 16 35
1678 1113 51
158 1582 59
16 1765 37
454 1138 88
494 1504 64
1982 1714 42
2059 73 63
833 1337 79
92 884 85
847 827 71
328 242 15
1168 1180 67
486 328 89
237 1438 95
1895 1522 10
977 539 29
961 526 48
2165 830 83
2149 1872 96
2083 2098 97
70 1333 93
1946 1098 69
447 857 87
7 1571 69
939 1128 31
1229 785 15
454 1968 50
420 1817 25
328 806 44
1066 1080 21
1609 21 44
1482 1550 46
1457 27 50
373 550 32
2084 675 90
96 351 25
215 558 94
1458 1143 77
1532 2146 24
1767 1316 24
1416 240 30
686 500 12
983 527 57
969 1593 69
254 145 44
1875 97 31
452 1841 30
771 583 62
754 279 57
836 576 88
54 136 66
592 667 26
76 1695 60
258 679 29
262 1844 49
828 442 87
258 1345 67
1984 2006 52
1535 1238 90
1986 16 79
1384 1829 11
1247 392 69
1941 2126 70
528 2097 63
127 306 10
436 1496 45
820 1959 28
275 2074 43
1549 2037 13
609 1602 92
1766 1288 96
938 24 72
153 996 70
1903 1458 48
914 688 89
2164 409 72
1768 1191 10
1691 216 60
1641 1660 35
904 997 84
1235 1670 91
793 594 46
1369 312 63
1821 1750 34
1492 1840 34
524 1981 96
290 80 80
1316 414 16
1521 257 58
2150 121 70
1716 1205 93
914 2131 55
425 269 91
854 1681 67
885 1560 82
705 547 82
257 348 36
525 1365 22
1831 571 21
559 1771 78
427 1200 28
1793 943 62
1570 2084 48
1358 1795 12
689 1368 95
1700 560 11
1889 677 29
839 2036 38
1540 465 98
1817 856 91
61 352 17
1251 1574 40
7 1523 89
1331 1072 84
1901 584 94
495 1957 11
1305 1435 49
1135 1841 60
885 1889 95
1795 1565 82
1267 818 77
1583 765 83
240 545 49
27 322 14
1210 314 79
1410 1907 28
544 33 70
1138 808 19
1922 873 15
776 349 15
1707 498 70
356 603 57
1625 218 96
409 713 11
446 618 82
434 1602 57
1537 1200 76
1855 321 12
1407 1629 96
14 315 89
570 239 64
967 1629 90
2064 181 50
144 2055 31
1403 1309 78
635 318 29
2158 1351 53
2053 1461 68
369 424 50
1373 1171 47
1555 59 10
886 788 76
657 1894 20
1503 2062 77
1423 438 59
864 299 40
1434 333 52
1306 28 89
974 1519 33
1434 618 55
1344 508 81
217 1475 41
1734 1300 31
864 773 27
372 1982 42
709 1867 38
786 1305 92
1833 912 89
306 1675 21
2111 1670 96
1465 260 47
1315 1462 51
1547 1316 42
185 1881 24
371 1593 59
148 699 73
2023 842 12
1118 2013 65
514 1063 31
263 1063 39
784 18 97
105 1984 12
287 1884 38
716 592 93
364 1217 87
11 842 93
1866 1906 48
542 583 94
2090 1183 27
1284 1004 27
1008 568 67
885 1774 33
417 1761 100
394 1832 10
1439 93 41
263 354 76
1242 1339 35
103 1043 59
2010 956 48
469 739 83
1403 529 81
468 1503 10
1987 1365 70
76 1631 53
1657 1145 64
1706 320 67
555 203 43
1671 1523 24
854 2057 52
1465 573 38
859 563 63
882 755 47
901 2018 87
94 217 38
1251 1342 44
523 473 30
1539 1150 50
1218 1062 80
1964 113 97
1460 203 42
643 480 67
220 1291 50
588 1167 38
456 1274 71
310 1348 26
930 1682 90
940 337 29
1461 1898 21
912 959 51
672 2038 74
373 1643 31
1555 148 83
671 143 100
257 859 23
134 858 35
1902 16 40
1287 1780 36
648 138 85
1795 1292 71
965 99 62
1175 811 53
1451 1601 16
664 721 67
218 1182 83
15 242 30
1288 1779 13
2075 153 79
1841 870 86
518 716 46
2030 2092 99
829 1981 27
1926 1449 30
815 193 69
591 1354 29
1659 388 10
93 1165 23
1384 1433 25
242 164 96
982 1195 94
737 43 81
1144 2129 94
34 125 48
932 286 63
2075 1790 100
595 33 36
367 893 26
666 2041 54
1464 1987 52
1985 1989 43
2056 327 70
573 1500 14
1685 1216 50
395 785 80
1377 1331 32
2143 2054 33
401 1416 91
1164 1221 18
263 1175 16
532 1260 21
680 785 14
90 2141 59
1187 1850 49
368 454 72
304 887 25
727 196 55
404 1408 38
2037 511 96
1685 723 62
871 41 14
2016 479 37
1020 898 69
342 850 46
835 2027 30
806 91 55
1127 1765 32
2037 859 100
2125 1711 98
347 559 25
1439 2015 28
608 604 13
1823 304 51
129 1568 82
33 124 72
396 718 39
767 1908 13
1088 919 13
791 426 64
1863 2016 30
958 1814 47
1412 1193 47
1168 644 97
1247 572 97
1601 1725 96
751 1469 73
351 1391 63
2094 159 30
599 847 28
1508 1260 10
2107 790 52
432 1433 20
230 1261 32
142 969 76
744 232 48
1649 529 38
818 2160 16
1624 470 53
988 1895 10
567 2130 49
297 1173 50
1907 1140 15
2159 1305 37
785 1740 71
632 964 91
1826 1267 12
787 1265 58
1995 1303 11
56 1398 76
1484 1658 58
1449 955 55
2163 1554 78
1645 110 44
616 419 98
2014 572 93
1645 2163 91
998 53 93
114 1130 96
2086 203 44
1431 832 77
1931 68 57
1171 657 30
1190 181 15
297 39 55
1501 332 72
569 164 19
315 28 93
222 1050 36
1132 573 64
1211 580 16
309 1284 99
1828 1748 97
360 1688 57
1308 2082 32
1047 19 23
1899 811 22
1055 1858 93
334 1028 47
882 1213 78
321 2143 10
30 1693 73
1796 54 12
391 475 66
1903 1693 100
1547 255 38
587 33 58
2095 1650 98
138 1647 44
1297 1710 89
69 747 84
1235 493 74
869 1610 80
1131 1210 45
1239 1863 67
1221 616 46
148 813 66
56 1890 16
524 1424 46
1887 1621 66
1553 1733 89
955 1245 71
46 288 68
317 72 69
1079 981 69
694 1295 59
1088 850 52
440 1048 19
145 984 87
1483 209 49
835 1078 92
1099 2113 86
2055 1378 68
343 528 81
1249 702 34
756 748 23
29 885 81
685 1564 14
554 740 39
1316 202 48
1387 563 77
1136 1739 66
1041 1259 75
1396 1327 48
459 51 83
1359 1230 13
724 1858 45
1304 1305 81
824 1462 32
861 1840 39
1653 1715 53
1134 449 13
792 844 43
35 562 90
781 1596 80
2116 348 56
743 432 16
1385 1784 25
2109 418 17
1080 314 53
504 1041 73
505 263 15
1396 26 45
377 76 45
1728 597 67
2135 485 51
67 1409 44
1830 1349 98
1774 1334 85
1848 1324 17
1009 2003 76
1567 1505 98
1272 161 34
777 186 76
1613 1533 25
1541 694 55
119 1893 98
143 420 18
806 2092 40
1897 1725 69
1520 99 17
861 645 51
1999 1678 53
658 543 64
1589 519 32
1832 1861 99
1880 766 95
1719 1216 25
1496 1821 71
1360 613 34
1373 1713 60
795 1574 33
1540 1199 82
831 1804 14
303 1302 41
762 1817 51
292 162 64
739 390 77
349 955 25
1055 1820 42
335 1186 71
1543 1885 21
659 278 55
1696 48 49
496 137 31
1977 763 10
1892 679 32
2159 361 80
513 2159 35
1075 1703 53
1182 1616 28
2125 1519 87
511 1573 73
2146 1090 78
2158 1686 77
1748 1578 54
1111 536 51
1911 554 28
1847 1804 84
739 496 76
584 1776 15
3 734 31
2025 1535 84
547 246 12
1481 889 36
1888 1865 17
1786 1735 99
1569 1682 95
1848 1154 44
124 2061 80
1741 2099 40
916 1116 38
1180 343 93
1755 548 22
1595 1019 64
2162 55 94
6 2145 43
1688 2 12
663 84 80
1751 1546 67
1708 1774 98
1691 1978 16
1140 2043 50
1411 2011 14
152 885 20
2074 2092 58
2033 60 51
2012 1368 97
1658 789 15
1187 1177 59
315 912 49
1861 1644 30
595 868 34
1445 1534 41
619 1080 90
1161 1432 16
314 420 34
965 689 86
1290 2034 48
1535 1177 95
1168 1930 35
1981 1971 41
1869 1635 71
235 303 41
941 95 21
2161 2131 56
808 1438 16
546 1071 18
1066 380 83
299 2097 99
2082 249 82
505 236 56
134 1684 39
47 1410 91
786 854 58
2069 2037 46
1681 572 37
1514 1877 28
1411 816 18
308 551 79
1317 2111 77
514 1870 52
1405 1025 27
388 1740 46
860 259 73
64 1830 99
1371 369 74
287 533 18
94 1544 72
1413 1445 72
870 41 29
1015 223 39
744 1217 22
1582 1766 68
1013 868 93
1269 1364 35
2014 1697 21
1902 1394 30
105 1998 17
1009 532 11
16 1820 92
437 1119 47
619 1741 50
882 1911 68
864 687 73
204 928 77
1483 2038 82
826 378 44
311 143 52
1174 832 26
846 18 67
2088 352 29
797 1211 81
1237 638 58
944 1310 57
289 2017 14
772 1292 64
186 1445 49
767 1602 64
2005 650 20
2025 289 38
464 1897 64
1610 233 57
1761 499 59
1650 802 62
1833 1949 29
414 263 48
289 1006 59
2087 159 44
1437 511 81
920 1941 76
2166 127 95
124 755 49
1856 1916 49
1204 599 92
779 757 63
1071 404 89
610 1381 56
1817 2027 81
330 529 54
174 742 71
1426 377 82
1349 115 10
2120 1424 69
908 2039 45
1921 507 76
490 392 24
24 158 77
1664 308 49
1817 1405 46
1678 858 54
1350 1096 14
929 297 100
1575 1075 40
588 886 53
167 1055 39
1772 1890 66
1106 641 91
1126 755 92
1937 1895 88
1617 55 78
129 1587 57
884 1813 98
581 1317 41
1766 944 45
17 1877 90
290 1557 31
1499 1839 73
1323 1723 73
621 1666 41
1731 1623 76
986 1873 97
218 1310 91
1551 1790 69
741 367 33
487 1903 34
635 1915 86
409 1021 75
182 614 80
2103 1164 10
637 1579 72
1433 1268 21
1177 615 10
0 1460 18
463 121 43
865 138 13
1983 984 96
1584 365 70
840 978 37
1083 1520 21
1957 196 25
638 723 85
986 263 44
409 797 19
240 643 95
1549 604 43
1036 440 79
409 1672 67
2048 1183 89
953 2030 41
1612 1820 90
1799 48 21
1136 833 81
1521 1441 48
1821 1641 25
98 836 25
689 91 82
922 895 99
2071 1503 11
999 865 31
1478 1904 36
1105 1302 87
1448 931 48
2136 1220 19
1991 960 76
393 2144 73
1451 312 38
1648 198 62
2036 585 61
706 987 71
948 727 10
397 2022 63
813 1013 24
1520 1800 37
514 2044 63
888 1049 10
1292 52 56
68 157 24
1769 1261 15
200 1675 79
643 1075 41
2025 1809 28
483 1105 87
1629 540 78
2067 1674 96
918 1930 93
716 1420 87
1163 1723 96
1823 1062 75
1731 1862 33
1960 1832 37
956 665 85
119 1575 46
91 1958 26
1834 1180 31
912 594 23
1993 2117 75
1427 107 67
1548 915 100
686 1126 80
882 812 33
3 1227 84
1435 846 35
888 636 61
937 73 58
345 219 34
272 1009 80
1786 557 20
1537 1131 51
1593 579 33
199 1232 81
1996 1839 92
796 398 91
1897 2030 80
1747 611 46
1299 1223 77
1563 1356 37
1044 1436 100
919 910 13
2150 1620 60
1137 1059 61
1499 2010 26
522 1133 77
1291 282 90
1767 1907 31
112 1748 27
1822 12 36
1196 1521 26
900 1673 79
1177 2065 22
1636 909 39
985 949 18
1161 988 53
592 2076 30
578 341 95
1598 895 71
1814 2052 96
1481 1592 78
178 487 66
1816 1391 50
1439 70 78
1734 1273 68
1852 1650 46
1571 1656 23
1632 1851 61
459 28 97
1157 280 94
36 1669 15
92 8 66
1974 697 13
450 621 62
1345 1775 56
1792 760 95
1709 1361 28
450 177 93
510 484 64
398 1215 57
1825 1745 71
763 375 17
1830 1021 58
1571 878 59
1837 393 56
824 579 27
242 980 65
583 1633 81
1727 14 22
2126 1859 12
1401 76 16
988 1946 12
1462 371 93
2060 584 33
1594 1215 27
84 316 96
697 1048 15
1203 1041 85
2034 640 77
1752 959 76
931 1321 34
1643 1475 50
911 1614 76
1476 1026 31
2138 1003 97
104 826 12
1667 1008 58
896 1365 44
1074 761 55
191 1413 52
2144 3 75
973 1026 84
806 1208 40
1593 861 48
1830 188 31
1045 202 74
766 1559 52
1406 1848 48
1985 2108 57
1393 1244 93
55 836 42
2158 975 52
1899 587 30
533 530 46
28 61 56
107 254 45
383 250 71
159 421 89
927 318 98
625 1240 14
1626 1824 64
101 321 48
1327 1216 48
887 182 20
1594 1948 17
65 157 76
1016 1924 94
1561 2135 97
2139 1469 19
151 1374 56
1543 70 34
1447 1098 40
1270 1951 93
242 727 21
723 1671 35
668 992 39
1192 2165 12
432 461 87
751 632 74
256 1119 83
815 947 50
1071 1866 24
1475 321 98
773 20 28
687 1733 48
527 1948 96
1357 2091 88
1823 1077 99
414 89 99
1034 169 13
776 1934 79
995 1658 81
1098 1316 11
507 1109 18
1622 1788 53
544 1488 64
705 1151 59
2100 558 49
21 205 59
245 2086 31
288 1042 63
1477 1917 23
977 34 72
1376 1849 94
2139 793 99
583 1740 28
1819 1247 59
268 1373 13
90 1549 38
1610 2084 32
1618 1346 69
1357 985 37
568 1955 37
2032 142 95
684 320 28
1655 624 10
341 825 60
823 911 85
213 755 47
280 229 72
51 37 48
70 626 36
1303 1456 34
1831 992 72
434 525 82
298 1998 50
1918 1944 59
1611 16 78
897 354 36
1355 926 74
762 1470 88
1672 215 40
1998 1585 38
413 1988 18
1554 1874 81
233 634 93
761 906 40
788 2039 99
1563 1252 47
1696 1549 43
1606 1169 63
1420 1336 63
1923 1242 79
47 2006 66
618 1308 31
842 186 73
2053 404 59
1436 2034 50
1080 1929 19
413 785 85
822 35 56
1249 1177 98
977 1336 63
124 1073 89
1067 2071 78
249 607 95
899 744 67
237 1006 27
1523 57 29
1983 541 53
1441 1810 40
1745 1400 49
1034 1499 35
1864 331 97
1606 1347 81
1369 1748 10
650 1438 55
853 292 62
1775 1943 29
795 1485 58
1348 832 57
1238 2138 29
1236 1720 32
1045 1292 32
2147 18 46
478 954 38
430 1485 51
1124 1952 75
2085 608 93
1546 2146 92
910 667 28
1010 1051 10
2030 1646 92
784 946 59
698 1504 27
831 1979 89
336 1133 75
1750 404 41
308 201 22
814 1095 39
1206 536 30
1494 815 25
1707 2081 56
637 1672 67
791 1349 42
1340 967 97
1510 170 90
1806 533 42
1318 760 91
1138 2130 40
218 1823 41
871 856 13
826 1928 23
1535 1811 58
1498 2154 51
1116 551 23
373 603 18
1667 224 46
583 1697 27
851 1221 22
2010 1991 10
695 2159 72
1326 1535 82
343 574 40
2161 1293 12
1962 1537 55
220 779 94
1022 1088 35
1198 483 61
933 1889 93
236 420 15
1794 296 33
1284 424 18
1157 1017 37
818 1827 55
574 1577 80
813 81 89
1890 76 98
1236 384 94
2156 725 51
732 1016 31
1238 743 97
558 1491 12
2128 2033 88
2135 578 46
2116 203 45
1676 1429 96
103 6 12
1446 895 74
357 1431 18
1105 415 70
2074 1429 83
1881 2021 70
1826 1175 31
177 441 60
1906 736 42
2022 581 39
1758 976 16
190 2122 36
103 596 35
274 2158 61
1315 1452 60
1612 1377 18
1525 505 60
919 1655 80
703 690 83
1758 997 87
1105 1576 84
317 1791 59
2102 1575 99
742 1044 15
862 1055 74
1703 1533 91
132 1093 22
1019 2165 63
1935 1579 87
347 1338 36
368 1511 62
81 959 71
1940 1501 77
1348 469 65
412 667 31
1625 601 15
1663 1141 35
272 2119 21
1554 1544 34
1092 1239 86
1064 6 68
2057 2117 28
947 1478 44
393 1012 97
2086 1631 60
133 992 19
655 1414 88
1956 1667 78
2106 1575 36
1311 1333 94
1092 1771 70
1642 770 24
1486 669 22
945 1838 41
1931 2165 84
1855 2123 35
1309 820 37
1396 682 45
1610 1804 34
915 540 23
442 1354 60
502 1548 80
1595 1037 35
753 417 42
964 1533 32
1332 2063 90
1268 447 93
1160 573 27
2041 1087 92
461 1107 26
1425 970 65
1413 1862 26
1286 1090 95
2095 733 59
984 2018 64
145 531 57
1452 2150 10
2118 43 76
563 826 27
1431 846 24
1632 1921 35
394 2032 86
76 806 52
764 1484 69
1902 1813 14
137 1191 67
1639 641 57
1760 1642 82
717 491 35
457 550 41
1501 381 37
424 602 29
870 988 77
2106 986 56
1187 267 62
1335 882 57
466 528 41
970 547 93
615 1435 31
1750 888 39
1355 232 12
1440 385 40
247 1300 55
1408 1056 85
849 704 93
160 850 67
1980 279 88
1583 328 11
995 600 49
