4252 6881
1776 878 68
2728 845 55
2229 1319 71
1834 3536 18
4235 3631 22
3178 980 37
3110 3258 97
3994 1504 75
556 4167 22
1964 1270 72
3605 2730 63
1680 909 21
3914 3604 86
2809 3735 18
2636 857 15
896 25 75
2171 1936 62
2124 3469 39
3091 2159 87
2864 1248 43
3942 668 71
312 520 96
44 3341 70
1402 2372 83
2593 245 54
2196 1015 54
1515 2772 97
3399 1580 69
3394 1244 69
1109 3653 55
635 591 24
2122 1042 66
1040 99 65
229 3554 12
290 123 82
348 4058 78
2354 2937 97
4090 1001 52
1189 3517 18
1612 3775 57
1475 2599 28
816 2084 61
3056 994 32
1872 1729 35
4001 563 98
762 2098 46
1293 4079 33
4054 1473 57
3932 526 61
1180 2592 35
3016 1621 77
1672 3918 44
658 4072 38
4166 75 78
2132 324 15
3542 1805 56
2417 4224 59
3900 2487 63
3317 4207 75
647 1420 37
2001 4067 19
742 3946 81
278 2083 50
2240 2026 60
3393 3369 65
59 4095 44
1022 4013 81
1345 2519 36
3753 658 39
1597 1277 81
2995 1615 32
3918 1072 52
1542 1896 73
309 556 83
3538 2080 82
3277 4203 50
443 2733 11
2597 1563 43
2670 2228 46
1767 549 19
1231 3924 14
2559 1105 25
3807 1394 98
1017 2513 30
2192 2186 10
3697 839 40
3667 3600 71
3037 3293 39
2391 62 84
571 1150 87
469 1929 53
2778 2375 81
2313 1015 18
4030 1011 75
930 248 100
503 3122 16
2603 106 60
1050 4095 17
1250 1621 86
2134 3622 64
3333 3707 84
1703 3604 97
3248 564 36
2069 2891 38
2002 1109 26
2153 2030 68
2062 3314 62
3353 3518 57
2904 1578 34
2009 2143 21
2444 2987 38
1448 3491 16
4082 2394 14
2641 1836 66
3291 1907 24
3396 2216 16
2737 2085 84
741 2712 39
3146 2273 23
2727 2165 94
3299 95 18
312 3991 94
469 3474 87
2061 497 35
2291 3180 17
3361 2920 38
2807 556 48
3664 3260 56
3782 1968 49
374 2903 79
4138 223 24
1953 696 54
1934 4060 63
448 878 89
4129 2357 34
2176 1347 53
3818 716 93
3818 3852 70
3946 3645 56
3003 2763 82
1189 1557 59
2291 3960 45
53 3413 19
2928 1161 49
204 2368 34
3899 2396 51
986 3180 37
2871 243 77
1324 3674 98
497 4155 22
755 2236 31
1319 1057 36
2565 1287 17
3968 2304 85
459 426 46
1441 1703 74
2263 1344 15
2365 681 22
1548 3205 61
3855 414 55
2234 1969 82
3424 3143 67
3294 782 39
371 3868 86
4163 8 61
327 872 28
1129 3837 64
1872 2718 90
1950 2036 77
3831 2316 56
1872 4164 18
735 3741 84
2746 2715 96
3739 1560 29
1941 3328 83
1052 409 72
2850 2335 26
2312 3674 43
3135 1781 93
2363 1458 38
3522 2816 52
3931 3402 94
314 276 92
3989 1525 88
954 4134 75
3929 4150 73
41 3477 19
4048 3440 56
28 390 87
2896 818 21
3313 503 10
2035 4242 80
3359 2563 70
312 982 22
2958 311 92
4165 2338 85
257 3731 34
397 4189 53
1169 2384 39
4080 1282 23
1198 1165 33
516 1298 49
3897 3305 93
1797 2632 18
4151 3195 92
1005 3034 60
2735 1742 79
1515 1133 10
3674 3093 19
224 4074 48
3705 1706 67
2189 631 15
3219 1375 85
3709 799 43
3718 577 75
2466 3613 78
2980 1856 39
1253 648 10
268 3418 34
4232 1061 93
967 4192 26
2207 3891 96
3610 3448 69
517 2429 65
610 904 29
2060 545 74
682 3374 90
3177 771 61
1420 3318 36
2946 2109 38
2000 2398 26
2181 3008 87
3862 3655 53
4222 2751 34
1878 2478 94
1917 2853 47
2507 1950 19
969 1978 57
95 2230 65
1694 2178 95
3970 3391 23
1792 2691 66
3705 3094 75
299 3247 83
3515 4213 81
1308 1665 31
2591 1512 30
1462 2729 59
2133 3149 39
780 2727 59
2921 4086 68
195 473 28
195 806 88
3130 1533 37
3412 1018 25
4140 3579 34
426 3135 97
26 2680 67
62 3851 60
3980 30 35
1339 3849 52
1482 2496 63
3002 2596 31
4055 45 42
1090 1506 25
3948 511 76
3337 2172 100
3831 276 20
2659 2642 89
652 168 48
649 2468 74
3924 2348 87
2745 1554 97
1102 833 53
3198 364 39
2832 2350 30
2808 1676 71
1564 2543 37
1856 170 89
3088 4107 99
3929 1002 20
1611 1421 73
1733 1005 40
984 2844 20
2741 483 27
1919 1521 86
3916 1058 97
2292 3567 24
3407 1516 23
2714 2973 57
3865 831 29
1740 2042 80
2467 3055 50
2546 2778 69
1185 2603 83
1883 376 68
3071 3488 74
2710 1772 55
859 3850 32
987 2230 82
727 2589 41
3777 3941 12
422 2048 51
2271 863 67
2395 2594 26
3003 2222 98
662 2923 24
2745 2360 22
1044 2743 98
1072 1339 84
2881 2611 21
3792 2787 82
3684 1355 58
1323 3811 23
2263 2747 84
671 932 26
4181 2917 78
3181 3930 21
3151 4089 61
2048 265 25
3098 3837 86
764 4075 26
2281 2389 89
3196 407 54
868 472 52
2355 2215 74
534 726 39
2867 149 83
700 3337 97
623 1076 58
2167 3562 63
840 1594 16
1397 2561 57
2331 2873 40
817 1197 27
4035 2739 10
654 1758 29
1377 367 85
1806 323 11
2951 3991 82
402 317 82
2910 1128 40
1708 1943 45
3103 884 80
2326 290 59
516 2200 71
1067 4132 18
2537 2134 93
2637 1357 92
2015 2088 89
2901 2854 16
2027 3460 67
703 2102 57
1406 3747 28
2376 101 38
3382 2670 38
221 2313 74
1852 2664 75
789 1067 13
377 3402 29
4098 509 34
3483 1794 69
3639 175 43
3858 723 61
2158 1300 71
276 564 73
3494 2135 74
2228 3323 54
888 1949 57
1857 3145 35
3945 1250 62
3249 2242 71
997 2969 94
304 536 80
1827 1587 77
1783 3063 93
2476 1231 60
2122 1133 87
727 3528 90
1479 428 33
1370 2951 23
2197 227 86
2192 347 87
2597 3887 14
1402 3634 52
1403 382 90
2667 651 31
2611 904 58
1230 2416 69
3695 2177 62
1532 921 86
2961 850 76
3641 450 42
3553 557 93
1428 1609 86
4178 1988 87
3722 3148 62
2347 4102 94
1309 537 93
842 238 70
3650 3236 36
2866 2175 42
2776 894 88
2076 3405 48
3642 3753 80
3868 1493 79
2205 3599 57
4198 964 44
4200 2511 78
3728 1881 45
3265 2899 53
1004 349 86
2207 3623 12
368 798 82
1539 3205 62
3594 456 93
2499 2015 42
2380 3919 51
1949 1667 33
1454 3739 89
3638 1092 62
1250 4158 55
2554 3125 85
3302 451 10
3761 3852 58
375 3434 99
306 3432 57
455 2756 41
592 1111 72
1452 3586 84
799 1124 14
3732 723 26
2137 1758 85
2762 2294 98
4015 814 39
3263 3408 15
2276 1816 29
2721 561 75
2603 562 36
3189 2487 75
1771 1257 66
515 3549 47
1058 2445 76
3088 354 36
2101 2056 16
1522 947 25
123 1035 20
1753 333 62
273 3021 72
3916 2230 54
2664 1721 50
132 3765 21
2302 2520 59
3996 2967 97
1624 3579 16
3974 3403 62
3271 54 30
3786 736 15
3993 1317 18
1386 1604 52
1116 1474 71
3571 2222 20
1336 4195 69
312 3163 24
3439 147 55
1079 2793 44
2990 4046 79
3902 912 15
1224 2889 73
651 786 29
3662 3837 35
1816 8 78
897 1190 61
351 636 13
1897 338 79
568 2889 81
543 1884 35
4177 645 15
1691 199 32
3940 1895 52
658 2552 89
3780 2852 97
466 2770 20
500 3642 38
1525 2990 70
369 404 100
716 1806 82
2972 1639 41
649 2092 48
1669 3248 23
1392 250 66
4234 30 25
2379 1121 98
504 1361 14
3710 1783 20
1252 3250 49
2069 2568 93
393 605 94
3305 2046 16
382 3000 36
726 1378 52
3602 1078 82
1143 8 82
979 398 21
2319 1757 58
1295 3955 44
3392 3043 75
3067 4008 15
1270 3385 11
2376 868 33
847 274 72
313 2581 66
373 1461 31
644 737 48
1921 1217 62
3443 1940 86
344 1964 33
2270 885 16
2472 1915 26
1435 63 22
3292 2815 18
42 4173 64
2013 1461 20
1935 3509 47
573 1344 86
3019 1263 11
1811 3336 11
3766 3995 70
2280 2480 44
653 3146 12
983 1446 97
202 1844 83
2133 845 27
3083 191 89
2937 3286 83
1898 2410 87
4171 3098 89
2524 2002 88
1449 3335 60
774 1294 99
3673 2073 82
1671 3224 36
3583 2776 43
1809 553 80
1650 2948 30
3136 928 31
1941 310 49
3775 3689 32
362 511 25
1521 3482 87
1492 2649 57
2589 4090 32
1324 666 18
2370 1595 84
170 3068 99
3186 1065 15
1345 3259 32
2261 164 42
2818 1313 32
2644 264 90
2030 996 62
1755 2703 43
3397 931 68
1774 149 86
1878 839 92
156 3743 14
2853 2828 65
3285 1884 62
2114 818 43
4010 884 20
2573 3794 42
1800 1720 55
2857 4006 12
922 3037 31
104 48 21
1909 2573 51
2469 915 68
3035 2182 43
1356 2657 69
3487 816 30
2452 3008 83
2840 3219 90
4086 1610 45
556 3849 96
3226 1049 90
1660 2044 73
2803 3961 26
354 243 96
4247 1402 95
2713 2228 92
1599 2948 34
4067 3747 26
2713 2623 49
2843 388 27
1719 327 75
1227 4114 35
4196 1584 63
4131 3353 89
98 3570 49
2328 2104 98
2341 2544 69
3060 3833 54
1375 1964 31
3101 973 33
733 385 30
4169 855 46
2493 2387 77
1735 2798 60
1738 2829 30
2486 4002 48
2880 270 77
2936 1174 89
2966 3765 14
1933 3769 97
1224 2992 79
373 3705 12
228 2249 44
2805 2834 14
3050 1920 64
2272 3222 81
3440 1524 87
3739 2620 87
4051 1842 66
2639 2413 55
2691 2497 39
3020 1046 85
2033 4048 98
1281 3071 28
1327 1536 13
2127 1261 43
3628 3551 88
2359 1861 20
3418 2025 83
39 442 19
133 1541 68
2638 217 93
2794 3902 29
3485 1454 80
4110 1825 45
364 28 86
2917 3479 81
1972 133 80
462 1677 63
1052 1006 92
2651 595 88
2750 1062 36
601 1263 24
656 3231 10
1140 1994 36
1569 4033 28
3033 2559 24
2023 942 91
3308 1683 89
3363 1810 76
2056 438 24
3712 3825 77
1298 2899 82
1367 2449 82
4046 2269 87
319 3460 80
2381 4195 57
1900 278 19
3115 3596 38
2965 2225 32
2899 3032 66
3455 911 15
389 2165 95
406 2792 49
2884 213 27
1200 2447 46
1251 3221 97
3364 1234 19
1114 2703 12
1390 3971 72
2302 3903 94
1543 2652 47
4031 1002 27
2718 1307 97
3330 3249 83
1505 3274 81
1824 1402 89
2320 3458 68
1930 2899 33
3687 1008 63
1778 2541 12
1721 2095 80
808 3822 36
2142 3597 35
2780 796 87
1783 512 55
923 3478 12
3921 2670 18
3979 2481 87
2262 3598 94
2116 1089 15
1984 2934 69
854 801 45
2615 3483 33
8 741 34
1606 703 40
562 238 98
3188 876 78
2861 2992 28
1630 1410 96
3478 3701 51
1096 902 59
3852 1442 38
12 3788 53
231 1813 70
3614 3124 46
4030 599 30
2320 4157 37
2978 3159 46
3493 4244 86
71 1161 98
3705 2186 88
547 1500 87
1169 1111 60
1999 2262 46
3789 207 20
2615 1293 38
93 1556 81
3360 1371 78
1327 1008 47
2887 3874 30
997 1924 16
3465 4149 72
1958 2236 36
3501 525 88
1688 99 40
2250 395 36
977 1481 10
2908 4201 55
3836 538 14
495 3673 52
3344 750 68
4203 3443 59
1586 2345 66
1323 3088 93
2639 1231 31
4122 3854 77
4012 1294 36
1097 1064 57
1813 2591 73
2608 2817 83
469 2108 56
2408 1608 27
453 1018 32
2522 4118 71
2684 3210 29
268 4240 30
904 552 82
1898 433 67
2361 1232 76
577 2493 73
886 2962 12
2277 2446 14
114 3676 26
1565 2793 57
3876 4125 14
4198 1919 59
942 274 66
3983 1969 77
4160 1410 100
2915 174 96
1568 2437 10
1966 4213 96
1333 739 28
2978 3664 14
2243 1994 35
1112 2380 98
1961 292 57
49 964 58
1998 1395 79
1375 3418 19
760 437 31
2724 4123 75
3023 2989 55
1387 2119 83
1937 2804 63
1284 1376 56
2333 3996 96
103 2886 88
3821 3756 92
1520 1540 91
4206 297 55
1630 942 60
706 2953 44
1245 3648 66
983 658 90
9 1196 41
286 2735 27
1899 2964 10
1956 3033 53
2606 2306 94
493 834 54
3483 1885 72
2789 145 77
1468 3132 52
3804 3481 54
1883 373 34
464 3137 37
4207 134 58
2893 2175 80
492 3186 90
4202 3365 79
3604 3902 11
988 1839 19
100 225 61
2160 2576 74
3402 1597 46
399 82 15
1228 2642 59
176 1334 41
1004 592 37
214 2059 51
3967 2587 56
3006 1514 12
918 236 65
1246 2855 36
1845 2682 80
2706 3145 63
423 3635 11
3225 1296 84
2202 3699 19
2535 1531 74
3516 2258 48
2535 750 66
159 3717 47
2657 927 35
635 2922 25
1251 2759 67
3242 652 32
3440 151 45
976 2731 50
1603 2012 99
1538 290 16
838 2774 21
1749 4176 52
1075 2660 17
4050 196 51
4180 1229 84
4070 267 89
3723 2302 30
1527 2133 75
4149 4082 59
3899 2716 41
1305 3396 78
1798 125 55
2598 848 44
1918 2694 67
1666 498 74
1052 426 57
682 1063 95
1338 2802 43
2727 2350 50
1313 2880 10
2870 2965 37
273 1178 92
1395 2305 24
3559 2160 97
1134 4049 12
3466 3474 99
2752 2950 72
1160 197 77
2924 1184 24
2211 993 100
3580 628 97
1540 1174 21
629 895 31
2789 4043 100
2847 2349 46
4181 1843 86
2278 1279 69
2831 3618 48
644 4015 91
669 2714 14
3856 145 25
2797 1452 80
1096 444 36
29 4223 30
4109 2342 17
798 4224 19
3119 2262 47
2736 2645 90
3635 575 78
2254 41 55
2672 2693 15
1119 1488 37
1371 2854 41
2045 1048 80
2284 2883 67
72 2476 38
106 1480 67
114 3617 78
820 3350 87
3807 1763 99
920 7 19
3979 3146 63
3088 630 88
1145 1619 41
3679 1961 11
1557 1548 22
934 3015 72
80 3083 90
3463 2335 72
2085 591 19
506 2554 26
3081 2168 56
3961 1364 98
3721 2800 30
2200 459 41
2268 3604 45
2829 2577 86
3582 62 28
156 3161 56
181 4023 98
4073 2065 28
4155 775 99
734 435 54
1247 2474 45
3411 3575 95
4100 2158 57
2323 3637 42
4138 26 66
1735 2133 86
1953 2654 11
3827 1815 64
116 1930 53
2535 2613 43
2325 3189 63
1745 858 67
3570 2445 28
3641 3034 61
1435 3494 75
90 256 52
3961 375 36
4051 912 94
2271 632 44
126 3622 12
2035 1938 68
305 3453 96
3336 1110 51
4017 1617 89
1018 484 68
1851 2264 55
4106 3540 22
2013 3029 79
2464 2316 29
2925 729 84
4194 973 54
664 1714 83
3459 2063 21
1109 2567 70
2085 2594 19
3474 10 33
1204 3723 91
672 246 38
2529 1582 58
461 2921 22
3960 118 90
1178 1269 34
469 3421 49
3870 4125 96
462 1984 11
3517 808 44
2281 3254 27
1180 3764 32
563 1879 25
2597 1006 51
1907 2495 10
527 1503 57
2140 3816 89
1118 3273 54
3356 3612 100
515 3729 38
3953 4116 11
2034 176 35
2281 147 82
3707 2934 10
3996 3188 83
2945 111 87
2894 4150 93
158 2043 92
4170 1094 56
31 2659 62
3833 2802 86
876 646 34
2683 153 35
1266 465 17
3450 21 93
1142 1279 77
177 3144 82
617 2555 98
1275 481 47
1584 342 32
2270 3204 43
1169 2966 11
263 3052 70
3016 365 17
1690 3980 64
1458 867 58
2067 1507 68
865 1553 48
1067 189 17
2050 849 31
3331 758 66
730 2965 71
4024 3863 65
2763 3964 15
1868 490 99
669 1062 29
2370 1703 95
1863 3116 59
2216 3027 88
2483 3938 72
2656 2868 86
686 1478 17
1584 2877 37
2114 1305 37
14 3233 41
655 2352 34
3550 1290 76
2890 810 32
3852 968 13
455 173 15
2358 738 100
3017 3753 46
1433 197 48
2988 3703 52
783 1828 79
2578 1225 18
2693 3681 80
1486 1680 97
3907 4248 68
1521 1244 56
2329 775 25
3780 895 25
3768 1049 24
1918 447 21
7 1398 97
226 2089 50
75 1296 77
2476 3771 15
2614 329 54
2738 626 29
1638 1900 62
1176 3175 30
3312 2032 40
3217 2873 32
2098 1580 97
499 2428 95
1038 3643 86
1869 2533 26
3659 1391 14
2261 594 10
1050 925 98
3137 2672 14
267 1865 96
116 66 14
3084 2359 54
2985 2085 22
7 3809 78
3462 909 63
2154 2463 82
652 1111 70
3001 79 28
479 1501 64
2662 2652 68
2016 1645 24
2860 3121 72
4143 3399 91
1662 224 21
1642 2791 63
2601 2907 32
4239 1208 82
915 218 44
3670 618 39
2114 2829 42
3002 325 72
3068 2562 69
57 732 100
1922 5 69
1552 386 97
2871 2990 51
2186 462 59
3592 3061 91
4055 4031 68
1889 2551 27
3991 875 86
754 2927 22
1646 3802 57
2162 2210 46
2811 2470 98
4070 260 75
1484 3593 43
3424 945 100
345 140 89
3891 3850 50
3125 3879 52
1953 237 44
4090 2766 88
3590 1762 18
412 1939 53
2865 1661 76
3908 1897 40
1620 2727 54
3862 1493 58
694 978 57
3051 1204 78
2080 2813 90
3483 433 56
2543 2111 44
2762 2618 47
2669 1813 75
884 2939 84
3695 3908 81
1364 1365 43
250 3535 32
4099 1341 29
2339 1091 47
1092 3727 74
687 2658 21
4094 1808 14
4200 3837 30
591 760 14
1628 2572 43
1407 1060 85
1087 347 10
221 4127 44
1774 159 99
1538 2279 21
427 1467 32
4235 3085 21
3426 3435 71
3199 2954 86
2300 2386 28
4216 1431 21
386 974 11
4182 2219 87
2110 868 43
2845 3404 87
3914 1485 71
736 1447 73
1525 1994 54
3272 3676 33
1211 3689 24
3287 3772 47
3829 2308 97
318 4192 84
2619 1479 53
43 2555 27
491 3080 15
3397 2875 28
694 4216 48
3121 924 38
3605 906 54
1118 2826 62
1314 2634 26
2361 1764 55
2995 2354 53
4143 654 58
3842 3916 14
2071 2984 52
3215 1420 52
1593 2148 94
1956 3449 68
2315 2307 23
2299 939 83
1545 3938 34
3404 2893 52
3114 2661 90
3640 3854 67
1865 958 32
3958 2016 50
2757 3063 99
350 4043 98
3406 3801 77
332 2744 29
3582 2600 80
3979 2801 69
224 1141 22
3689 2237 42
1841 530 87
1504 838 15
3526 544 56
1366 3024 21
2446 1863 17
526 59 63
3401 1684 13
2067 642 69
1621 2251 26
1352 1345 61
1088 1304 59
2523 2003 38
3686 1910 85
2738 2169 65
3370 2585 81
521 2396 91
1655 3011 38
1638 1534 64
2040 3094 17
3906 4189 48
3611 3535 67
4163 4074 32
3282 2235 99
3115 1211 85
3998 945 39
898 4099 48
2517 1393 93
1932 1022 82
1764 1331 11
3025 2301 59
1383 3839 43
1540 3995 65
3895 3966 20
2208 2430 22
602 961 24
2140 1478 10
2877 3243 19
691 4029 80
179 3753 87
2899 3651 66
1098 2026 66
4086 1417 16
3035 1475 92
2848 3607 46
2483 3701 39
4195 206 36
901 1058 51
2816 407 68
3400 1522 49
2314 3077 40
793 1094 37
2299 245 52
504 2329 31
1055 3521 90
251 1121 72
2793 2578 62
2279 3064 42
3317 1329 60
4132 649 40
1134 3907 100
2882 4113 48
628 962 46
4133 373 11
2854 2695 32
1035 3027 93
2633 1816 58
538 2240 81
708 1627 13
4079 1514 93
3675 1909 11
743 1103 57
3355 466 45
2433 1625 39
41 2765 79
1714 2539 98
3355 537 63
608 3193 61
1683 3158 39
2310 398 64
3133 3499 82
3994 2959 73
2497 776 30
4107 1943 91
1581 704 72
4202 2564 53
3222 2083 20
1214 3817 40
3553 3392 11
1960 4197 98
2291 3354 74
1980 1357 91
2087 1204 53
2802 1139 46
192 3441 65
3720 1865 20
4237 1654 46
2794 680 75
2297 218 96
922 3633 66
3682 101 89
1815 3292 65
3038 3293 72
1907 521 35
3461 2627 24
2210 2403 20
485 1845 43
2755 453 85
582 531 77
3840 187 89
3345 2967 92
3237 944 72
1192 1663 20
525 1943 56
928 106 32
1787 1680 25
3914 3913 26
1296 3327 38
990 1240 76
1034 2068 84
3518 2018 30
465 1256 59
3748 1225 62
3685 596 79
2359 3391 76
1995 3872 10
3100 3303 68
2434 2906 18
2648 4203 50
524 1386 76
1283 4246 10
3465 2137 84
3701 966 95
3058 295 95
2145 3054 91
2735 3587 40
3684 1261 35
490 2333 42
3462 3346 17
1598 972 52
601 2019 67
2380 2934 54
390 3896 25
559 3782 27
2030 3420 22
1945 1694 63
1223 967 35
292 2226 55
383 697 94
1338 1902 27
1171 2152 71
3736 3092 48
2076 3132 67
3585 1593 99
2880 611 58
4114 639 42
4078 1790 77
1855 2904 18
2400 3638 15
2045 1744 84
2396 1723 46
3373 4161 23
3151 2980 97
2588 1176 23
975 2689 15
2483 969 90
3548 1068 39
565 253 69
3529 2829 77
51 3687 37
1280 1851 25
2900 3910 93
1450 1823 23
1498 2935 21
2949 208 97
2834 2471 77
1558 2070 97
2354 3800 43
3670 876 55
4248 3376 51
1815 1685 60
3557 442 97
198 1299 10
382 107 33
764 3261 20
2878 1635 32
376 3283 38
2360 1641 92
499 2687 69
3534 3512 27
1813 1287 35
3436 1530 97
1931 782 28
2437 3213 20
1316 3399 98
2399 73 26
674 4010 28
2378 94 15
3006 1850 15
167 971 86
3574 3735 87
3726 2301 21
3551 2357 93
297 400 53
467 1409 84
3109 2156 30
3667 977 13
380 3723 99
752 913 53
2444 3177 31
1194 4144 46
161 4023 73
1580 2966 46
352 1090 72
1270 1809 30
2006 1143 39
132 3886 47
590 2687 98
2130 3161 19
679 3915 69
1240 3184 40
3708 3462 76
2715 3854 77
888 1610 17
2643 599 85
3768 2366 77
1308 3131 78
469 1524 53
1087 4249 50
2480 4136 36
428 318 36
3343 2413 80
2761 2075 20
1498 4027 41
3828 1247 51
1417 1248 19
2306 3484 88
3146 2187 17
3879 1209 50
3552 3394 99
1917 3420 57
3183 396 55
2889 3324 17
1555 1878 43
748 2606 39
271 934 80
944 2714 43
3002 3618 28
2270 4127 16
862 441 89
187 4038 38
3670 1752 100
2299 1932 61
4002 3425 93
1109 110 26
575 2143 56
103 1151 87
2349 2931 54
3526 317 62
3387 4182 11
3633 2958 76
1713 3137 52
3561 115 68
2367 279 89
3301 184 88
829 3212 45
929 1870 44
3907 38 83
4165 344 79
1109 1692 43
1538 945 19
3258 2468 41
2212 3684 73
122 3071 71
3836 583 21
1935 4130 73
3428 1275 42
183 2558 34
1088 3093 11
1248 1686 66
2474 495 49
2559 2277 69
1775 3413 80
3670 3909 22
2417 0 64
272 2110 18
1964 4081 53
639 1349 85
3236 665 79
1090 353 89
2326 1920 83
636 2991 83
882 1717 63
2999 2620 88
1870 3672 65
2238 3693 62
2403 3510 53
4226 218 30
1335 1512 76
504 573 64
2156 1058 58
2504 3333 23
80 3817 90
3826 2197 97
1565 2144 68
1699 1248 36
1964 3997 74
2753 951 30
2252 2840 96
3276 2363 44
3832 3628 58
579 3929 25
3650 251 10
3507 503 59
466 1463 32
2143 470 81
3325 2650 25
9 3703 87
943 546 15
450 2672 76
2689 1699 63
3089 164 99
12 397 99
818 2690 64
1656 951 93
288 1165 26
1958 1623 22
3484 3107 99
3505 3454 57
2748 3999 16
498 368 49
2383 3654 67
409 3616 24
2729 112 96
3640 3213 22
2012 57 77
2689 3749 48
2328 2404 67
2143 1595 16
2849 2595 27
1991 3249 36
1552 1244 22
1331 1885 19
3704 3941 73
1960 1083 16
339 3074 42
3937 1523 99
1948 1542 49
2765 1072 77
2633 574 32
2255 856 73
1286 3516 83
1250 2315 79
1316 3644 72
1428 2343 95
718 1676 27
3580 667 18
2628 1589 36
906 2882 63
2705 1937 78
2410 4140 50
237 1407 19
3075 2211 62
3861 3776 84
3030 4 67
504 2640 50
1814 3181 76
1768 656 79
2618 2327 64
755 1378 87
943 516 82
3258 3633 27
1095 1487 33
2450 2453 54
2911 3661 98
997 360 73
3727 2162 14
3991 4119 71
3814 1797 54
3266 201 76
2031 884 42
1909 4046 75
1351 1009 93
474 2405 51
1099 1805 76
1085 3416 43
1434 750 95
591 2620 77
1041 397 13
2986 2743 80
765 3650 85
394 3379 67
1418 2592 28
1467 2560 25
2560 3091 45
2846 479 49
1980 153 55
2959 2473 34
1967 3969 58
1499 1874 62
926 3465 41
1178 531 95
3638 604 99
1657 3167 13
230 3132 89
1267 3727 32
1725 837 12
4207 1229 22
796 277 94
4102 1730 33
490 1478 51
1069 400 51
3672 4248 100
600 3660 100
2836 1547 18
3294 2143 26
337 19 13
845 2281 60
482 3639 88
1523 1987 42
2629 2261 89
2910 3627 23
1780 2172 87
2765 1429 39
922 3465 23
3884 2732 68
3226 1496 64
3486 33 61
3951 431 97
3229 1860 77
2567 1081 30
2648 1079 84
1201 3840 37
1050 2276 18
2438 3208 64
2137 3177 26
221 862 83
2809 3741 23
2708 207 76
379 3843 21
3541 3748 50
3446 4039 82
586 2341 32
2348 3175 77
4235 519 68
2150 2562 56
754 2843 51
1171 1706 88
787 3594 58
604 2115 55
3772 2809 63
2315 312 58
4070 3855 17
1485 2514 63
2714 2706 30
3576 1948 62
341 2448 75
3446 1608 84
3970 4161 32
3920 292 42
2131 4162 38
2451 4220 14
1421 757 73
2623 451 36
3649 2292 11
2391 1603 48
2993 3000 42
2663 4165 63
1551 2828 31
2468 2107 33
2644 1716 83
3344 4004 10
21 1582 92
1254 937 89
508 2695 39
2444 69 97
3514 4050 77
212 939 74
1679 2717 100
3267 1906 90
2981 261 82
1042 3978 80
1808 2349 55
1382 1556 67
373 1059 19
78 3402 36
2872 3881 77
3378 1082 61
1967 1745 69
3982 2036 12
1526 1498 98
281 1656 54
567 2814 47
1775 3045 33
2654 2304 80
4036 3346 56
420 2164 27
2177 2920 87
2857 1411 40
3055 3584 39
3366 617 33
3686 869 52
3595 3132 27
4246 1167 43
3373 1512 65
673 3126 24
1358 359 16
4025 414 47
1935 1795 26
2945 1163 34
3398 2577 68
2976 4111 75
1407 2146 69
1339 2202 80
4130 90 36
746 2726 75
1150 2802 99
3765 2081 97
3629 2677 10
1055 2312 80
344 987 42
4168 3156 93
1572 2444 62
1344 294 89
2168 788 77
2145 1199 42
833 1908 67
2247 3916 70
205 1202 35
3704 1161 42
2052 2981 11
1629 1836 34
2364 360 17
2610 2084 35
2230 3403 29
3425 1495 92
3266 2882 67
1685 3484 76
514 3333 42
254 2956 85
3547 907 74
2470 3519 28
3661 1435 94
3769 569 99
846 1874 86
1279 3242 36
114 728 28
2252 2195 78
901 3846 94
315 815 56
538 4121 27
3283 3574 95
2649 3187 14
3276 3671 68
3182 3238 13
1502 4081 44
4166 4178 11
3008 4035 33
2071 647 33
2852 2585 98
3700 2471 54
3536 752 86
2116 1086 78
3896 2469 28
1478 1038 36
3113 975 39
544 40 82
3405 4094 19
2181 3419 56
300 3192 68
1922 2690 88
3264 3072 28
2826 563 16
1222 1458 48
2764 1023 84
258 2053 19
2441 1021 10
1198 1951 86
168 1444 32
3307 1775 32
3541 1881 53
1227 3506 61
3035 3119 75
2855 1781 29
3969 1277 53
1558 1166 83
3970 1961 77
2763 1918 26
1481 3862 47
3724 2060 90
3559 86 99
540 2897 62
790 1762 94
2916 1478 86
2436 1855 47
3785 3798 50
492 2844 33
729 2358 65
2746 629 95
819 3019 25
797 2240 10
3788 149 10
3820 3377 82
2691 2968 99
3388 1630 21
1305 3240 60
484 2129 12
3427 3501 90
1485 4194 14
1155 493 35
1380 2353 100
1949 3681 60
1020 650 55
2586 316 44
491 2698 17
437 2235 72
416 112 20
4133 765 59
2454 1440 93
2666 3369 53
2636 4251 93
2186 1379 32
1610 1166 54
2210 1913 93
2682 3709 99
2398 1779 22
1195 2576 86
1523 952 100
3238 975 65
2042 2078 31
2907 3685 17
2306 2998 40
3607 3484 10
355 1297 40
50 3619 92
1894 1312 20
2752 1880 21
560 2042 16
3037 1928 60
612 1450 17
3380 2870 92
1332 4196 25
3835 1416 95
3039 2021 76
216 3853 24
299 856 54
99 2681 68
1123 2089 26
1331 1985 29
2435 2828 29
3124 131 16
2300 3621 62
881 1161 30
3805 2106 57
1451 3417 94
1358 1915 19
2224 4148 50
2216 3754 10
451 1496 54
875 518 52
883 3502 88
254 3557 33
3840 1163 45
1917 1723 12
13 1721 75
3550 3266 71
2266 4135 94
3758 2919 93
471 949 78
107 502 50
3938 2818 99
430 1392 46
2912 588 15
3319 1428 85
2439 2256 20
4064 4132 41
3129 3559 32
3323 2363 45
1722 906 81
2588 2536 29
2781 2959 38
3419 1591 33
3503 263 35
4109 18 59
2014 2080 76
1329 1519 82
323 3232 34
2684 368 26
3261 2909 83
3728 3337 26
3819 3763 53
3101 3133 43
3160 3252 98
2368 1946 47
1264 3196 76
2994 1914 38
3017 2940 25
2569 3657 69
1702 2553 95
3634 3638 54
365 1017 45
3340 750 24
400 1090 70
3183 240 32
2044 721 91
790 1960 70
421 477 81
769 3046 98
393 3646 81
2749 2195 20
388 1491 79
1396 126 78
966 2103 11
1480 381 43
3494 499 82
3380 1145 99
3240 4016 33
2459 417 64
3729 959 76
2144 2056 40
1064 3250 80
3872 2590 11
3103 2682 58
1492 380 34
4073 2659 17
1441 2538 51
4217 237 55
1436 1039 48
3931 3376 62
108 3614 84
1117 4050 76
735 3672 58
1270 1137 88
3365 1258 17
3250 4079 74
873 548 16
2073 2349 73
787 3353 60
953 2444 36
3842 1030 46
4054 2004 22
1713 626 20
3994 2477 64
1927 869 13
3550 1921 79
1519 1183 76
79 3395 30
162 2442 28
3178 2626 18
1907 3729 84
3070 1962 56
1962 968 31
3749 2639 38
3417 1182 25
2527 1264 96
3233 1704 62
1470 283 40
3083 1635 31
431 88 36
2472 3210 50
1613 2307 56
1187 1120 53
2502 174 72
3005 466 54
3990 2543 30
182 1728 44
2364 4154 63
3931 4025 89
2910 1336 19
3759 2963 78
56 2168 16
630 3812 19
977 3504 96
3712 1148 56
1204 1564 62
3545 4075 97
2582 2965 61
1717 3909 48
33 3088 91
2279 2816 70
2842 2385 71
419 453 21
1838 1868 97
4055 2170 57
3132 741 76
1435 2389 17
470 1501 73
12 1640 35
2118 2210 56
1206 39 38
2163 746 51
492 959 46
509 4126 69
189 2708 26
2035 2927 32
3776 1524 59
2508 1657 17
422 1954 82
3068 4215 25
1433 1040 39
1323 3693 56
4038 3493 32
2620 2546 35
3582 3877 32
1554 305 37
2281 1939 30
1581 768 15
3947 3098 36
617 4146 74
2780 3023 34
191 1366 58
366 2251 75
2990 1856 48
4009 3263 24
2248 3979 50
145 3292 28
1762 1320 38
1886 3286 29
3722 2462 99
2481 3409 53
2439 293 76
1281 253 68
2045 4039 97
18 3974 89
2414 2532 98
2244 3898 98
343 2083 57
311 545 49
4197 3478 69
1633 1143 95
2707 1671 83
735 1591 14
1396 1624 66
120 393 30
4062 3205 43
322 733 23
3181 678 85
1332 2701 95
1278 1125 94
2043 3352 67
2791 4025 58
3289 740 100
3547 1428 43
2840 3853 57
11 2137 95
333 3771 37
460 3890 34
2330 2364 13
3090 3300 38
1310 3799 35
1706 50 45
3951 4123 21
1475 701 82
424 3054 95
1840 4251 10
636 1083 97
2733 1559 55
1970 3242 49
362 686 72
3651 4169 88
2777 3882 17
2612 1392 96
1640 992 80
3237 2684 93
3629 163 73
4061 1061 22
983 1265 96
2369 1675 18
565 3992 83
1094 3517 64
1366 563 47
2527 3735 38
3260 93 87
2832 3010 61
1180 2846 89
365 3715 37
1185 3988 32
1186 1879 22
163 1224 22
3209 3504 76
836 1912 22
511 1642 94
1426 786 65
234 4009 68
2314 2333 95
4003 644 58
2208 2174 46
2612 670 69
88 3460 90
21 3016 25
1064 95 23
323 813 46
2368 889 100
3334 2287 47
2904 918 13
2480 3993 32
1063 3068 43
1181 2098 35
3285 3739 92
656 104 23
1692 396 75
2859 332 31
1006 2246 91
2162 2958 62
641 1027 38
3921 4047 44
1178 3940 95
3008 1865 10
3499 3000 45
921 737 73
1478 2685 34
3926 2008 85
1061 1309 99
963 3883 75
2361 2146 68
2799 2784 24
949 1837 13
3990 2644 34
139 3569 91
3503 2893 79
1130 874 23
1867 3327 67
2022 2423 87
1300 3863 27
2852 492 43
3910 2562 24
4247 101 90
712 2370 20
1676 3672 57
872 4025 69
1019 18 54
4039 1691 39
2503 2712 14
1420 2113 23
2246 1053 65
2384 2180 64
1139 683 16
1332 3193 98
267 3413 35
1153 4117 68
3635 2692 40
3792 293 73
4161 401 81
1768 2890 72
1795 3912 22
956 3341 10
935 99 50
1382 2632 56
3381 685 46
2080 1993 51
3764 3454 81
2098 1101 20
1991 627 38
389 759 76
84 1390 61
3953 673 13
3722 2005 53
836 260 59
4131 542 39
1452 80 14
3370 1149 45
2865 2668 100
2056 2217 27
837 3333 31
1050 4119 81
1971 700 84
1945 3666 79
744 3785 32
3600 884 87
3875 949 42
1759 1475 76
1283 3775 90
2530 3293 90
596 3916 56
684 699 85
43 2796 98
2431 3319 57
1046 3854 57
756 1151 65
2119 4181 59
3757 3981 87
1163 3779 28
3924 1051 47
243 75 87
2954 2268 13
2945 1663 11
2279 3345 30
2920 1692 97
2795 1081 12
3992 2446 100
2357 2853 39
1398 3343 11
1845 3737 88
3238 1089 43
150 1639 15
3675 657 17
1819 2266 13
3374 3287 44
1544 3994 57
307 2767 12
3221 855 13
917 3354 21
2778 3390 39
1885 2560 92
798 1436 59
3660 1821 93
4024 1870 54
2682 508 62
3825 3308 35
1518 1218 24
2024 3938 10
1836 912 31
3734 1502 28
3945 1898 46
3014 3975 46
1138 996 96
2772 2438 37
3913 3717 34
2829 1280 97
1635 1310 69
2208 1857 28
2190 1273 78
526 476 41
3629 350 73
3929 2185 15
220 2208 58
3222 877 67
2557 3114 37
1799 268 65
3369 1185 73
685 2146 52
2421 357 71
2287 2107 65
611 2892 74
3669 1620 38
1325 3441 33
2496 3192 48
1090 2880 38
2826 2820 55
3027 4153 92
3263 1085 73
1285 226 94
823 738 61
2026 3226 33
1857 3156 54
2593 1390 45
1650 2861 78
3959 210 65
2225 3984 84
1292 494 95
4021 1627 13
1543 2127 90
3702 1168 32
1249 1420 47
1676 1967 41
1468 1465 18
1843 3503 53
648 120 71
975 4170 48
1287 761 31
3711 545 90
2589 382 47
1281 3436 63
4199 2875 87
985 3790 80
3513 1795 59
1277 1365 57
1157 360 54
184 2253 14
4069 1351 24
654 2820 92
1471 3953 93
3068 3471 17
1156 2678 95
4069 4207 31
283 429 100
3024 674 80
1864 3564 46
2034 3244 48
724 1189 66
2416 2317 74
3352 1094 23
2055 2060 70
3481 2878 75
2247 2090 99
3630 1664 38
3897 3246 85
2200 1140 70
3243 112 76
1780 3179 71
1562 3535 78
2725 4158 34
1249 1427 75
2921 811 19
1744 2878 60
2992 2179 31
1396 486 66
407 3151 75
2372 2460 77
1147 3555 39
1750 588 76
2651 51 96
939 734 99
2509 803 61
1853 110 69
617 2271 74
1719 254 16
1357 195 23
3988 260 100
1473 2567 99
3187 3980 35
3352 3818 31
1622 2063 80
3747 1005 83
4095 2489 91
759 1380 93
997 1752 10
4052 1121 63
1854 1478 56
1228 1580 38
3268 3161 29
666 371 71
2685 1384 90
3438 3837 100
4007 3173 67
2043 3144 30
2618 2419 45
3608 2707 42
4187 2372 96
849 3832 94
1132 654 98
1112 647 42
2510 1232 31
2821 3839 28
582 3478 58
3934 1384 93
1949 2422 61
3658 2443 40
3663 3051 62
2785 1249 41
334 1379 93
3637 1120 13
1908 3501 10
1208 3576 24
1146 1301 18
3632 3763 97
2357 1043 76
58 13 58
2378 2870 31
1757 178 67
2658 1590 18
4208 3596 32
1402 568 83
1677 610 64
338 3720 14
2744 2658 57
771 472 88
3017 1580 43
2467 2171 47
2044 1770 66
1307 728 52
3800 2974 63
632 443 57
2808 336 55
2560 1274 58
574 3057 45
2292 3517 92
1781 3519 86
2217 2499 58
2534 2707 38
3800 2722 67
259 2531 27
140 1311 90
1972 2046 31
2007 2499 46
86 1063 65
3228 2990 85
4027 3997 21
2774 893 47
3546 697 45
272 1035 40
3634 3420 53
431 2242 79
3065 3217 47
4055 1006 98
2921 615 47
2353 1428 90
3602 3996 84
3630 2606 13
2147 1151 42
1462 3531 52
1551 1692 53
4175 4078 53
4250 4241 77
1537 1562 19
291 306 89
3312 1601 83
2208 2429 83
3722 2329 20
495 2932 88
1520 221 25
141 3099 52
3659 682 98
3663 813 55
2104 2178 95
2270 98 32
826 822 51
3510 275 68
3806 2008 68
1300 977 75
1389 1188 87
4235 3171 35
1066 887 19
4062 1138 89
943 1690 56
4230 3929 68
1336 3438 81
2850 2702 12
504 3688 60
1479 3152 95
3165 155 10
3747 1467 28
2824 4237 63
3514 1486 16
4200 2606 83
1433 3041 43
790 2092 88
101 2932 72
2510 4085 28
2132 2428 24
2051 2152 26
2286 1267 78
2951 1232 12
959 2660 42
1518 2200 61
573 3510 64
4036 2827 13
866 1439 31
2754 2683 74
3139 1049 80
289 1033 35
1440 3356 76
2503 3088 93
2128 3817 60
1635 1134 68
3175 1244 39
4075 3486 77
2192 4114 87
976 738 67
1116 3723 14
3581 827 23
1596 1714 65
3606 125 47
1199 717 23
1573 1875 43
896 3391 65
3610 3308 16
540 1542 10
4235 3344 21
185 1931 49
2482 3327 15
865 2385 28
1657 3677 49
4221 1525 70
3102 2456 92
3205 628 69
220 4008 62
2741 180 73
3114 3451 98
2516 30 22
2434 2413 28
1673 1516 90
3576 2087 70
781 1466 75
1663 1648 10
499 393 44
2893 897 61
1882 4048 30
3211 3807 22
3630 3456 61
2412 3241 93
1744 3273 42
875 4014 88
406 3881 100
3975 883 83
2091 979 48
2604 1232 41
101 3279 85
3284 144 67
1559 137 69
832 691 14
3701 1511 52
3209 3302 62
1837 2781 37
3190 2624 93
877 509 95
2616 1132 100
2073 3660 26
1773 1169 64
2575 3685 53
992 2712 97
2626 1295 64
1720 4152 63
4005 1561 35
420 3948 67
1769 1379 11
1793 441 89
3295 3243 25
3299 1212 89
2138 2023 86
2011 747 57
2784 749 69
2587 290 36
2044 1770 14
2047 3264 85
503 3511 72
491 3218 83
2492 4085 23
1403 2044 59
2778 3446 26
1374 3878 27
302 1368 100
954 3397 66
91 3084 37
2701 2295 27
4189 2892 25
1736 2557 45
737 999 79
4226 734 66
3569 37 17
2782 2628 30
1590 2369 34
2308 3313 16
3966 873 13
2250 3296 26
930 1822 85
832 2409 72
3639 184 44
1001 67 65
2087 3905 92
4136 4054 68
2676 1424 36
2114 1384 46
1451 3895 63
1366 2087 58
2566 2493 88
1415 3199 80
824 618 87
3829 2764 56
1114 2718 18
36 1611 96
1715 2545 13
3330 1865 60
1226 1428 47
3896 1286 31
2305 1477 54
915 45 73
1532 1101 13
1263 2660 60
1298 2219 41
2375 2204 39
36 1925 54
2997 3904 37
684 4034 26
2780 2467 85
1093 588 56
1209 3585 74
1896 1121 92
3522 3242 76
2623 1759 88
1675 133 65
3292 2109 89
2350 1435 94
3376 848 36
589 4029 38
2378 3993 63
1236 1678 49
205 918 90
1545 3389 66
1629 1043 25
2863 2485 61
2597 1259 91
1124 1673 64
3802 1143 79
1929 2135 85
3373 3421 27
2358 389 19
265 2311 81
2471 3852 39
571 3256 56
4081 957 35
2598 2362 50
2847 3928 41
3118 1942 91
2825 815 86
1211 290 60
3882 2673 29
1798 2361 78
977 1111 42
712 3057 94
3054 2275 86
1093 117 19
1400 2276 36
2375 2949 81
268 3668 41
3417 1138 41
940 1218 87
1282 3379 65
1607 3664 37
4093 149 73
3885 1286 16
1706 2182 43
3572 3128 56
1080 2159 60
3003 2939 49
3277 452 19
997 2362 20
585 3732 75
1980 1179 37
3589 1303 64
774 4201 91
1394 510 79
2172 3129 59
1628 2447 51
1603 2320 39
955 2854 50
3731 278 48
161 1426 80
101 1496 92
1830 3648 19
2370 1315 63
2317 1479 92
821 1988 97
3257 1535 21
907 2008 31
866 915 83
3794 4168 72
2117 1811 66
2243 2995 21
4194 934 63
3455 2774 43
1470 82 61
805 71 48
187 2654 45
847 929 83
2320 4079 85
3532 1219 34
2488 621 27
4038 547 73
4181 195 51
439 1515 32
627 1594 21
2622 2871 86
272 2083 69
3081 799 35
2149 870 23
3067 2057 21
899 3303 25
3573 1612 42
384 190 40
365 4127 21
3445 2332 30
1563 3007 12
3704 4017 20
1674 2049 66
1116 691 87
717 3736 36
3550 2275 45
1692 2071 19
1173 1754 86
1913 1776 51
3454 1565 72
2693 1966 56
3281 641 55
223 2448 81
3339 4072 87
4246 4125 12
2216 3859 85
1721 3671 10
2490 4113 33
2355 2943 100
1701 560 53
350 906 10
832 2539 83
1916 2939 37
4250 3386 31
3160 2227 93
2824 408 85
2638 2215 65
3263 2151 66
4202 383 12
493 2630 84
3417 2262 17
4234 3073 48
406 1721 86
1012 513 42
2502 1657 42
1373 1490 60
2820 2445 70
2351 2747 70
534 3946 71
1136 873 65
2152 2610 75
1131 772 47
3205 797 54
2392 1822 27
558 3545 18
248 113 83
3392 603 69
3049 2690 27
252 3214 25
2903 1572 61
2889 2268 32
1029 3469 13
2121 556 48
100 3428 42
1485 1076 63
1044 568 47
3141 3545 64
1658 784 55
2769 550 49
1057 3992 21
286 2692 60
616 1518 66
2231 2114 35
1694 1673 30
1697 896 27
2706 1779 79
3821 1378 22
1795 1301 70
3670 3083 61
749 3501 46
2543 3400 12
3492 4224 16
2726 3555 21
3840 2836 51
2410 2923 68
1257 2437 46
818 2833 60
489 2750 65
957 475 67
3971 716 64
3358 3620 44
2996 2787 55
1967 1515 31
2906 923 54
3393 2180 55
1523 843 10
3591 2138 100
1966 888 81
3307 3893 18
1686 314 19
859 2654 49
1731 2432 20
73 3430 38
645 1493 60
1026 3362 42
2993 2397 93
812 3288 25
3401 3697 94
590 2314 16
1700 250 55
2422 3121 33
1932 1294 17
729 1822 55
3597 872 15
3428 613 14
2922 3835 40
816 659 79
2419 2498 78
200 688 31
1481 2306 46
592 898 65
314 3502 89
258 3725 89
252 4236 10
518 516 33
3546 1779 60
557 3412 26
4184 78 96
2632 3710 35
1927 2907 84
1888 239 65
3204 2666 77
3993 2407 20
3520 297 42
1856 2950 99
1516 2928 94
2670 2675 80
3670 500 49
2309 878 49
1205 441 47
3641 3939 86
1895 2071 95
2921 140 74
2624 3194 51
2859 1091 63
3697 2089 34
1373 3971 18
2588 2299 49
3652 779 37
1338 922 94
1267 416 60
2609 3684 83
2039 3643 18
1381 4207 17
2602 802 24
1944 1669 64
3393 1714 75
551 1932 16
2825 545 45
2993 1473 88
2622 427 84
2255 2268 31
1974 1388 94
669 3733 78
1795 3064 50
1428 1578 70
3142 504 33
3269 3567 46
2763 2536 77
430 275 34
2234 1108 18
2095 2938 99
1299 1771 82
3025 1694 79
1354 1687 77
800 165 76
477 1699 74
3986 4174 19
3935 3173 30
1882 268 97
2186 178 76
1446 1015 35
1011 835 15
1750 4123 45
3953 2599 95
909 3108 44
2892 625 62
1951 2277 13
3241 1635 39
3300 1817 67
697 4014 91
3509 22 24
3731 4122 67
4124 3020 36
2074 2155 61
2656 2406 11
1883 1175 57
1319 3810 63
2160 3924 68
1887 1297 35
4216 3829 95
3537 1765 11
1380 2312 93
3150 3537 50
892 2463 83
132 1829 16
3229 3108 18
2322 1846 46
707 27 52
2756 2947 94
3336 2228 20
3389 1312 21
3345 1035 40
1027 3798 64
1629 2002 42
1934 340 73
1154 3633 52
25 2861 59
1345 3420 96
2893 205 78
350 2390 38
3353 396 88
1454 1637 60
1799 579 54
1681 450 29
3588 1834 51
2059 1408 51
2126 1641 32
1392 4226 93
1710 2979 38
1468 1717 97
4180 2888 62
1959 351 27
4150 4207 99
2087 1177 90
1059 360 27
3623 1303 100
2046 115 49
3090 2640 74
3984 2970 84
1425 1311 42
61 1729 14
25 1126 74
2173 4133 22
1558 1396 37
1422 2167 70
3216 1456 87
458 3538 95
3150 1522 54
4138 2805 76
469 2422 53
3439 972 16
2751 2958 39
3742 1599 100
3747 958 57
3097 601 20
3846 2128 84
4011 2403 18
2014 627 62
2054 1919 61
1420 2691 54
2279 1388 45
1288 648 25
627 3218 37
2671 3813 16
1702 3688 90
2843 3874 45
4229 3621 91
3261 2635 65
1881 1007 11
2094 590 24
1872 3269 61
328 3601 55
3695 2124 82
3046 2241 22
2228 3250 87
600 2307 82
3226 358 34
3424 258 57
1754 1351 61
1181 2105 22
948 2193 67
1819 4183 90
2976 1634 91
1096 3749 15
1435 680 31
2620 647 91
2973 1096 64
3732 1183 39
3754 3570 70
2924 1300 11
2380 362 53
1015 1348 91
472 1749 35
2639 1092 40
2131 2748 80
3452 3652 46
2348 3282 60
239 2910 50
356 3756 97
2353 991 37
423 823 79
208 3384 37
3348 4155 38
62 35 100
3778 1883 68
2686 1327 61
2992 4024 58
668 485 67
2590 2820 56
2005 2932 57
750 697 27
803 1470 82
2406 2492 64
1881 3783 74
1152 3651 96
2038 3577 10
1509 4246 82
826 202 45
1320 1308 78
2869 1751 92
2917 1504 11
1131 683 35
1513 64 52
842 3190 85
2968 4165 48
1906 482 59
3377 2349 91
2250 4027 15
2598 1221 91
2317 910 40
4173 4047 65
2072 887 73
2755 3434 48
2468 727 86
3985 1872 59
2192 3117 24
4132 3667 22
3386 1806 17
641 2250 56
2205 1027 72
960 255 63
1268 2485 33
1949 4018 90
376 3534 69
2422 4079 62
3749 2062 21
3696 3624 65
1493 659 43
626 2940 88
380 1564 34
1818 2100 86
3732 261 46
4064 2165 29
2411 3405 14
3412 1301 12
909 2525 10
4019 3034 86
1972 2486 28
642 2287 70
2038 1622 72
1870 2682 81
819 2791 14
287 3156 96
1953 4163 38
1410 4035 80
2366 2919 44
1239 1647 95
4022 2234 38
1822 3663 42
1739 2493 58
1058 1016 33
1376 3723 30
479 1684 38
2880 1058 67
2169 3515 35
3656 2352 29
1089 369 20
3300 801 67
1080 2272 11
272 2160 27
592 3468 29
2122 4036 32
887 3213 96
2496 1132 86
3946 1875 45
998 1704 17
962 371 58
3695 3781 10
3189 2031 16
1189 815 51
3440 3272 59
774 1534 95
268 977 15
2410 2098 98
3562 3030 44
485 2770 43
2542 1824 94
1463 3623 38
318 2005 46
1296 2718 94
507 408 41
978 3593 40
1731 674 80
1456 3466 55
1824 660 36
657 2927 66
1325 611 59
1295 1085 91
638 3735 91
466 2522 97
199 623 85
3827 1154 97
2150 2069 19
852 2995 95
323 2423 22
3059 2868 23
3048 361 81
310 2046 69
1410 2640 93
1128 994 19
279 2740 73
2369 3550 68
2836 2329 87
739 1978 50
3953 2829 21
157 2873 77
199 3281 80
3847 378 56
1156 3784 66
1878 224 90
2394 3386 68
3935 2462 51
3485 1381 26
1970 2276 87
3125 524 34
2242 1651 72
3805 1197 25
2771 1380 11
2460 2521 37
2509 815 72
3427 4244 86
3746 59 92
4149 1726 10
2219 2198 66
2580 367 93
319 3173 76
114 2238 21
1844 878 82
3514 2201 62
1112 886 21
948 3260 98
2686 1748 58
3267 3701 24
373 3199 23
4126 910 65
1001 1787 13
425 1030 80
3942 3438 100
1230 1358 83
2392 1153 46
3645 3779 42
1791 2609 24
2815 3170 34
4041 1525 44
537 487 99
990 3036 11
1735 2543 19
1925 236 17
2020 4177 66
3243 1764 52
3996 760 55
1711 2221 75
1176 961 67
3681 3991 47
970 2112 62
1428 576 42
3306 3518 24
886 2545 26
1312 3998 51
1655 698 45
2799 2344 75
12 852 60
3105 3317 94
3110 751 76
615 282 36
840 3409 28
953 2659 33
784 600 58
172 2049 27
919 2904 13
2190 2220 49
2012 944 58
212 2001 68
2963 2583 94
4005 2180 75
375 2032 38
1635 3425 49
2197 2467 96
2518 2182 81
2606 832 64
3767 3270 30
2404 1883 50
3419 1569 76
1231 897 11
1067 2701 20
3375 1154 32
683 1469 23
1781 3463 17
5 1201 37
2729 3552 75
2676 970 63
2204 2878 67
456 1721 60
3794 3228 88
4012 3953 63
3214 2915 89
3674 1803 94
3890 4245 36
3519 1439 77
472 1350 48
513 2034 48
3837 3648 68
2547 2231 90
2822 2696 99
3329 3246 93
2581 538 65
3475 2753 93
1446 3697 53
690 2724 72
348 2311 88
3480 3310 32
3525 1755 62
224 3446 25
1250 4243 88
1702 3372 24
518 587 40
1454 101 25
64 268 61
576 3045 60
3815 3901 73
3983 1454 42
500 2625 35
1488 1443 34
967 825 49
533 1760 69
525 2691 81
1170 1739 74
826 2903 57
1488 1840 19
251 1523 64
1423 3167 67
3230 2896 52
2217 3268 31
2187 3304 41
138 3924 75
3006 2751 27
3768 197 55
3053 3073 71
815 441 34
824 2331 61
3187 3243 80
1235 2919 27
4008 634 20
1345 2656 55
3510 3935 97
1482 138 14
1209 3260 23
1376 3171 74
169 4100 20
1640 1110 82
2164 4097 41
3769 25 98
998 1444 36
2824 3562 18
3322 3169 21
3095 1280 93
4173 1819 33
974 1595 17
3938 2147 90
2545 2301 31
1913 3213 12
3840 2530 40
3640 2147 51
1572 1022 79
1079 212 89
3791 4053 74
2838 4070 33
165 522 51
3677 1028 23
3584 362 44
175 2060 34
1730 2716 26
4201 4063 32
2081 2883 38
3228 766 64
1162 1184 85
90 2907 35
2291 60 47
1892 1503 35
2682 310 66
1790 2171 29
2794 3086 23
4011 872 15
2160 322 56
3485 1783 92
704 4185 45
2124 2020 67
2446 4233 94
1285 3563 30
1877 1950 31
2872 2738 58
2304 1927 25
2097 2950 19
3952 4019 22
308 3203 47
3623 665 66
3348 2685 52
2111 3688 30
4231 705 97
3287 2085 13
2993 2902 36
2896 406 91
1100 850 71
1921 1324 35
650 3696 10
327 3732 71
3324 3938 63
3893 3188 69
3118 3997 54
401 2771 11
2827 1023 81
1002 3084 63
3047 1350 19
3679 3682 96
393 2462 14
1915 1866 15
2688 195 54
2557 4238 68
1440 3891 54
663 383 78
3360 2178 20
1670 1603 11
2897 2067 13
178 3718 58
1924 1335 80
3367 102 89
3309 2531 38
968 84 87
3320 544 37
2604 4040 81
1990 3297 64
1483 260 88
2530 3835 94
715 3980 69
1063 982 28
587 347 85
1459 1657 53
4054 1232 94
2056 2262 74
3586 2742 23
1572 2096 71
2920 1268 67
2002 2397 84
1809 2748 93
1848 968 88
2651 4105 98
4124 2935 29
3415 467 55
3227 4152 48
1873 198 15
31 1988 91
1594 3655 24
3987 3128 42
1852 3802 19
1656 3934 61
3376 1346 63
3839 2369 38
3250 3478 59
1113 4098 71
3441 1495 47
3531 2024 34
2854 1157 35
674 1431 37
2841 587 38
3734 435 10
3633 4038 44
2438 2561 11
2194 3514 54
523 3738 41
1052 2153 73
3053 2423 93
180 3051 48
3998 3238 23
1797 2406 77
2389 3196 38
2688 922 68
651 257 32
1838 1243 38
2241 4056 32
2759 2738 84
3499 2442 49
2206 513 13
833 3181 75
335 1804 67
3446 3680 52
1325 407 71
302 2980 36
354 1699 34
285 2622 16
732 3024 70
2586 761 79
111 3023 80
3880 1730 58
3613 3051 92
3640 3794 13
1150 2489 16
464 1867 10
840 4129 84
1498 1047 82
2276 4121 84
3792 2452 62
149 3897 76
775 3676 29
131 339 100
2162 1674 64
3679 1631 26
895 2990 62
4141 1494 60
1930 2850 87
384 3068 75
3826 1408 25
460 2879 61
3166 734 58
295 3851 46
2066 234 80
2154 4179 52
3517 3407 12
123 1583 70
2818 3159 91
295 3629 42
3710 399 22
3105 2708 97
1785 2884 31
899 2683 62
2788 2701 86
2628 2846 39
2159 30 78
3362 3332 42
2328 1673 54
290 8 25
3867 1648 40
887 711 100
2911 1951 92
3055 2870 15
2836 3698 13
2685 38 67
1947 1263 93
4227 336 46
3154 2549 90
1702 2253 50
585 3455 50
2952 4036 44
290 4064 74
714 1346 69
3330 1642 34
1005 2935 20
4138 809 70
3663 4123 100
2591 2413 60
2923 2652 99
3517 3069 98
3343 2400 66
3750 124 43
2001 2897 79
2902 1803 42
3547 4004 62
426 434 69
4004 1559 71
2127 3071 83
192 2834 84
3246 1478 53
1610 672 75
1641 2235 55
1346 792 91
1319 3654 54
880 1547 65
1495 515 86
391 328 82
3953 783 85
3507 2177 91
800 1010 100
2257 2675 37
717 319 66
3295 4216 41
2454 3226 90
3180 203 71
3150 2859 28
1451 4158 14
329 548 90
419 3680 93
1845 1281 25
3052 744 24
3118 522 14
3819 3336 29
1901 2982 34
4085 852 26
2709 1253 43
281 641 83
2899 628 54
209 4228 99
3721 706 62
3565 3925 74
3691 1958 33
1392 713 51
4191 3078 84
3456 3648 37
2230 2374 56
2397 13 22
2913 1937 91
1840 3649 56
2981 2389 51
4077 3445 86
1847 4249 65
1256 1155 15
1314 919 38
53 403 21
2021 2476 34
1478 1106 95
158 1929 58
141 1260 21
2823 229 51
1904 3167 12
1466 2343 57
2032 530 36
1009 3144 31
722 805 25
2263 451 69
472 4184 62
18 1523 12
2663 1663 71
1351 3032 17
143 3503 75
2504 418 62
3208 1231 86
1125 2297 64
4105 1394 91
2507 3011 60
783 1860 47
3101 3510 42
1862 3174 73
3012 2972 69
561 2360 62
841 2645 38
3300 1625 24
1341 682 29
2045 2545 42
1224 2410 83
1137 3992 45
2243 1205 13
3993 1375 69
690 3676 45
3363 3088 39
1568 1841 56
4075 2783 77
311 20 31
1045 2594 89
3371 2013 68
410 2926 74
2365 1740 74
3782 3175 21
3448 545 48
607 1813 99
2101 406 78
2705 1263 94
2177 3851 13
1214 1733 66
942 2639 42
3304 96 98
80 1966 47
3826 1060 98
1343 3971 15
1610 1468 29
1548 1378 10
3653 79 72
735 3291 55
3313 3053 84
67 2576 78
270 1470 77
1022 3609 81
929 2641 92
933 2294 73
993 3674 26
3370 2844 56
3854 163 54
95 1167 20
4104 1473 85
3496 2135 32
3264 2084 46
1555 2440 97
208 357 62
494 1134 58
880 1082 57
4105 3787 18
1655 147 85
1182 529 17
2833 4068 45
2839 2262 87
2382 4127 39
3229 561 47
4157 3839 40
3569 2642 18
2175 1617 35
1796 953 21
3729 1141 65
1565 3793 23
2908 1551 16
395 482 80
3660 2098 25
1292 2269 11
585 689 69
1911 689 77
2394 2605 66
997 4104 19
810 3246 14
2642 4039 21
2256 2870 57
3438 2181 79
1864 1704 64
3745 2186 41
1500 2395 34
1586 2617 77
384 1327 46
2275 2049 34
4188 2016 64
1769 464 35
1882 584 40
2893 1672 61
3114 3196 33
3642 1321 95
173 2035 45
713 3903 20
2598 3471 88
2826 281 18
1981 4175 76
978 3050 94
3651 651 24
540 2879 34
3757 1069 27
840 3322 39
2911 501 43
2498 3363 73
438 4026 23
3825 3182 43
805 549 38
2365 248 91
3145 1769 81
2428 1993 47
1184 202 15
1473 2702 25
500 2794 93
2226 600 84
3166 228 40
1057 389 76
3393 1736 65
140 3424 62
2667 2168 44
4094 3948 91
3125 2568 75
2799 899 77
2769 1553 43
1787 2431 51
171 3358 92
4096 1815 51
2498 2720 37
3691 1480 24
1206 3980 13
1664 1028 23
2621 1190 80
2183 3000 65
1236 2143 100
3572 4043 46
125 2708 63
1626 2603 75
1270 3370 59
2742 417 97
3031 3445 13
2819 929 14
1869 3271 34
1791 4175 46
435 2776 91
785 1973 10
398 1225 23
2233 26 15
503 2160 100
3875 1693 51
1246 359 98
2974 3810 30
2960 647 44
1023 1607 67
2213 2679 55
1923 3320 45
510 1971 35
4149 2116 37
541 531 40
3671 1402 87
879 545 49
2926 46 88
308 4185 71
3367 3364 45
1835 3734 66
1655 1687 12
634 1738 94
3158 3022 85
2735 2852 76
235 2053 72
1052 3308 15
779 3332 18
3909 3417 87
1980 761 96
1351 1826 32
1860 2757 54
2244 3367 36
2866 4125 52
1154 558 51
2359 696 13
6 4035 21
416 1330 62
2244 3566 50
2607 2372 71
1731 920 21
312 1627 24
1597 1575 98
2932 1904 54
1844 1400 88
1741 648 22
3623 3225 14
2916 2796 54
852 3586 95
1335 2151 18
1996 1533 35
2894 203 68
1550 1719 88
631 3877 27
847 3090 57
3102 3970 89
4209 3320 61
1687 3765 12
1253 853 42
2979 644 82
1878 673 29
2493 3610 21
3487 1804 67
869 3384 16
1981 4076 70
3099 686 66
2906 2387 12
1495 4221 45
1251 3533 61
2498 1428 25
2335 3770 64
4189 1242 27
1107 505 35
2677 1079 83
3121 2367 62
398 4179 40
3570 3367 51
330 3508 63
732 126 46
4245 3095 95
78 2750 56
52 1023 18
3912 1912 61
1070 4095 34
168 3549 55
1251 2802 11
995 3695 47
1325 1359 67
3635 1066 92
3564 3883 37
2044 127 42
1291 3981 74
1830 3026 76
3493 416 58
4134 2734 54
3104 1272 67
3827 1462 82
3006 2593 68
648 1043 54
3065 4195 55
1574 2330 34
167 26 76
2415 326 49
1859 3383 12
3745 1971 62
3137 2054 29
1518 2543 63
823 3529 100
3598 763 89
2156 3000 63
2422 320 14
3316 4237 57
3656 329 52
1143 3434 10
627 1490 35
1634 1501 74
3851 2953 64
260 3513 31
1358 1045 53
2433 2526 53
3476 882 54
1643 1248 42
3489 2517 48
1339 607 14
1393 178 81
801 1588 40
1074 1639 43
4247 3863 98
3729 66 55
585 960 67
1692 103 92
3971 844 14
531 2242 34
2302 1925 71
1684 817 57
168 2015 19
692 3349 38
798 2667 63
2835 4104 81
648 158 52
2028 1666 58
1368 3708 43
3940 1232 53
3358 3910 26
3644 69 32
985 521 82
3922 888 17
3595 1045 77
2850 2357 34
3468 1747 76
1064 2847 17
2091 3959 78
1417 2217 75
3439 3962 18
465 1564 11
3313 3730 73
3499 4218 32
3720 3614 62
3019 1165 60
1192 1155 14
2173 1691 70
1717 2421 30
2009 1865 67
3638 3766 27
2614 149 47
796 3133 97
1366 690 33
1002 922 70
3765 4135 76
3834 1475 78
1836 3973 41
1932 54 48
734 3447 24
3969 975 84
365 3494 70
576 516 69
3908 3139 22
674 1483 41
3416 1977 49
2769 127 68
849 2830 83
3925 1967 25
2925 2990 67
3375 3101 27
2825 1886 79
2242 3763 78
2276 33 59
2732 1821 69
2248 334 59
2414 2622 30
1667 1894 66
2025 3800 74
2952 2650 63
2902 958 33
2775 3472 86
2041 3471 35
1032 708 78
1515 85 76
2292 2934 42
1423 773 81
948 927 33
1233 3095 62
3122 2518 17
1336 3220 50
1853 2218 67
2759 682 91
4214 1710 59
573 1686 10
3140 1957 34
1606 531 60
4201 357 99
1235 610 52
2528 1032 54
795 126 45
3032 1166 50
2573 2644 49
1829 1050 16
4078 210 20
3408 3665 18
478 3850 81
945 1967 80
1243 3355 39
897 1435 84
3528 1621 73
77 787 67
3595 3849 66
3667 2444 63
4081 1516 13
3208 2365 18
1801 2194 70
2748 753 78
1181 2804 42
3076 2854 97
1265 1548 70
385 1796 32
3919 546 94
3058 3263 52
4006 3165 99
3803 3371 74
776 2597 76
205 3639 78
180 795 57
3994 3744 82
3921 2540 73
3107 2119 91
1456 1388 16
2839 1031 83
1957 948 28
2601 2425 35
3320 2855 22
2899 3147 37
2256 495 44
3428 1719 70
131 2850 71
1433 3140 79
3699 158 50
3405 1121 13
26 3441 58
564 2914 36
2045 1013 23
3186 3673 78
806 372 49
2861 2758 34
1623 2282 70
1662 99 90
2608 2217 31
184 4058 58
170 2458 21
2016 514 94
2387 267 18
1524 2442 50
1335 2635 16
2743 344 98
17 362 11
1314 1879 77
3445 1724 76
2475 3972 48
3990 1661 28
2616 1764 79
3848 3079 21
2384 4198 93
1812 4155 91
313 3288 61
2545 90 88
2799 2904 28
1011 127 79
890 2696 27
512 3936 17
520 1508 97
2645 530 14
890 3309 77
3447 2990 16
114 2456 36
1320 882 44
4130 1683 13
1513 2715 83
2666 3259 80
3288 3669 45
3023 3292 70
3468 482 52
115 371 80
753 2061 70
1349 3263 45
1564 3016 37
290 697 52
2037 393 44
3586 2249 27
2300 269 63
2542 3261 83
1984 3256 67
2065 547 19
1048 922 85
1175 1189 55
2145 968 18
1153 3007 95
1357 893 98
2021 3828 85
3182 3477 43
2090 2201 94
182 1330 12
753 1525 81
1117 3305 99
2514 3317 65
387 1367 17
2736 2591 58
1165 3285 60
276 906 56
2066 1123 42
2916 45 77
994 2790 65
891 66 78
3171 3172 98
2615 3518 100
300 3614 79
2218 722 98
193 3563 39
3561 2969 25
3512 1790 22
3357 2942 78
1288 3145 74
2002 63 63
2871 1226 98
2724 2898 93
1342 1983 63
2038 3939 84
2849 3812 80
3215 432 11
2989 2369 67
483 4061 26
2489 1841 74
995 393 87
2288 1481 73
929 852 28
549 3928 86
3911 2618 63
3930 1660 18
2520 2484 53
4084 2061 93
3999 2348 46
1328 1795 90
755 1570 69
1449 1420 74
1003 2573 62
331 2373 45
1964 1283 68
2457 907 92
3707 3150 13
2453 1756 48
609 3901 14
3946 103 46
3756 2387 60
433 2142 82
4074 3959 84
590 2846 47
526 506 29
3226 2653 32
677 2968 13
3374 2790 43
1712 2383 19
1601 3894 25
3095 1633 28
1470 4210 88
3306 2777 31
2120 3972 86
3516 2020 91
939 2977 42
3366 109 16
3703 3449 51
1735 3161 51
649 3773 44
1244 1989 10
2782 3579 35
1235 1653 72
3652 3197 70
2195 2496 25
2265 2805 100
826 1478 66
4103 3816 68
2172 2149 15
3748 268 40
3017 1909 18
374 2963 53
3526 587 88
1166 3721 76
3774 3751 88
1721 3457 35
1411 3726 60
3157 2417 18
3875 1987 25
2529 429 29
811 1140 21
724 3253 20
438 2082 39
3815 1509 84
2071 200 63
1265 1911 92
2473 3605 40
3665 1267 38
578 2737 15
303 1450 19
4199 2260 78
1889 3190 25
1809 2900 74
3964 322 75
1134 1144 33
2 4210 11
2644 23 30
1209 616 40
538 751 92
1058 2157 48
1716 2105 94
521 2270 63
3847 1984 69
469 4141 46
735 1594 57
2292 3410 19
1802 1621 57
3400 2175 76
2407 2468 51
1713 2582 36
1504 573 64
3329 2072 48
3173 664 34
3391 2151 58
2081 3126 27
1072 2498 15
4230 464 57
4027 3547 66
2721 2873 37
412 1302 31
864 86 71
278 2210 17
3130 3354 71
1167 3108 46
2166 1890 47
1926 3436 72
4198 2171 64
2628 1904 63
1009 2010 48
3674 4114 66
1947 1646 68
2818 173 98
2117 2603 64
4122 3418 32
2576 518 63
2167 2244 29
2800 2388 58
1322 3285 71
494 1555 80
64 308 98
3442 3842 16
432 4224 94
3962 1525 72
1848 3312 58
3321 3266 91
1301 2259 74
3475 1327 58
4023 1421 24
1243 3783 51
1629 4059 23
3088 4161 90
916 3334 39
3047 2033 98
3127 791 88
2271 3620 26
3287 2470 81
325 3836 100
2432 1838 69
3463 1099 30
1250 2950 27
87 3730 47
2132 847 17
2317 923 31
3664 777 96
3205 2258 14
1950 2973 12
599 3256 25
476 1489 55
4156 4182 27
1657 3990 65
1719 1815 48
1467 2319 45
792 3253 66
896 0 31
2535 868 39
3848 594 45
695 4123 39
3587 3028 98
2684 3343 99
2 2741 21
1406 3190 60
2645 2164 54
957 3548 15
3232 831 62
3607 2173 25
3614 215 15
1774 968 15
566 1773 49
1213 319 30
1814 1831 89
2343 2452 100
3400 2536 45
2105 2498 15
16 879 77
472 2162 66
775 3720 63
638 544 68
1481 3998 78
1566 237 61
1547 1057 40
919 4207 29
2968 1641 12
3880 2075 90
456 1096 69
3556 2597 37
2239 1837 51
2067 3373 21
706 1403 99
2948 2350 81
765 1158 69
4 3060 31
3344 3098 13
2835 1909 75
186 109 53
1245 3051 42
1126 286 56
2329 2722 47
1396 2827 66
2103 3412 82
4243 641 51
118 1438 81
2324 151 46
164 2593 33
981 1794 59
3947 882 70
2050 1773 100
368 3843 68
1791 2035 39
774 3995 56
1151 3806 22
3546 1055 32
1893 2213 87
2014 1459 74
4188 2626 48
4245 2685 97
2228 1529 19
3788 2637 75
2571 1152 77
288 3753 25
338 3089 39
1239 1131 25
2297 1224 36
2279 3217 78
3725 1462 59
1790 2136 85
620 3418 29
304 2897 50
2008 1361 21
3816 2512 68
1321 1971 58
2415 3483 66
3238 1565 78
1639 2147 40
2726 3811 47
2090 2910 47
1450 2568 69
302 3415 89
2513 1683 95
953 1534 69
2081 1746 32
3902 2352 56
4248 3172 49
3666 1623 35
3830 1407 71
1661 4151 14
1693 3276 88
346 755 100
1577 2872 90
175 810 91
3042 1540 72
3744 1007 67
403 3682 87
2173 1586 18
1718 4072 100
5 2106 24
2482 2187 30
3702 3962 96
971 3956 68
1301 243 67
3755 3090 19
2628 1432 70
620 1580 61
3332 3292 15
2087 4182 11
1506 68 63
1088 910 42
3671 2096 78
1435 3763 87
258 1284 34
3526 1375 61
3972 2116 62
2439 2452 59
614 3523 44
2948 4161 18
3143 183 84
1082 2945 43
227 94 91
2562 2809 93
1027 463 84
1270 2418 50
2632 3253 54
1394 202 58
3195 1372 28
1183 2589 74
261 47 25
58 3024 98
3463 2678 74
3866 2918 60
713 3724 19
2295 1950 35
349 1768 79
1626 64 64
1754 1977 27
3334 1304 20
3436 2105 87
723 587 47
2957 4015 82
870 1217 90
2309 3503 95
2844 541 21
4177 645 89
4116 1599 96
1187 1923 89
1587 2022 98
2086 2755 87
1943 3716 80
1793 2635 78
2321 3962 73
2540 240 38
1599 1487 84
3348 2304 32
3043 1310 57
2032 3915 82
1781 1829 91
1715 3471 82
4156 1810 35
159 335 47
1901 3762 51
648 1111 54
741 70 59
2061 894 24
3284 2761 63
692 3574 56
35 3983 86
3582 1699 95
366 2759 36
910 1440 57
4044 1129 78
2861 2916 54
2028 3075 12
3788 1522 72
3756 408 41
1729 3227 36
2992 2977 97
920 768 38
1113 2932 40
70 422 62
401 537 57
2232 602 45
298 674 41
4200 3505 20
685 3164 75
1269 669 32
1473 3641 70
4136 39 89
450 4193 81
570 1761 30
903 1298 40
2472 4001 100
2516 156 34
2360 396 51
984 2124 99
2932 3488 87
1682 4200 29
149 253 52
740 1523 99
1063 683 31
3157 795 19
1694 4127 34
3137 876 82
2150 3737 94
3918 317 93
2990 3538 78
1205 491 19
2478 1624 58
2005 3858 49
1586 3684 48
1239 3682 54
3382 2490 53
2362 305 49
1123 3449 59
3482 3502 25
3868 4042 67
1156 1370 89
1839 1156 62
3186 2323 72
3182 259 38
2112 27 87
420 2814 60
2112 4127 42
187 1910 83
2991 83 85
3023 3353 89
3402 900 67
1900 1133 27
3185 2751 98
1605 1254 80
1126 505 59
2649 716 99
3010 3611 92
1324 1921 17
4155 1272 41
1289 1728 23
1685 3922 27
3885 230 22
1009 2094 35
879 10 57
2860 622 47
3749 4065 61
1483 327 74
685 1576 66
2546 2679 53
218 3047 68
3073 2048 84
972 2398 12
3735 1186 39
41 2800 33
2184 3339 91
3479 1805 67
3721 826 45
238 401 66
1666 3171 23
4097 3312 19
1877 1307 15
2349 70 93
2403 2609 38
2734 3995 41
3337 555 31
59 697 12
3649 3875 17
400 3354 41
3554 3815 25
2205 2246 76
696 452 35
3124 1810 79
2987 798 35
3513 379 20
1269 45 92
1860 3669 55
1932 2149 27
3229 3964 45
1473 3651 37
3153 3627 38
561 1983 61
231 965 25
2631 2738 55
2346 1269 95
974 2636 94
1123 80 56
887 1086 26
275 2955 32
1292 338 97
2164 2486 31
2938 2149 91
4129 2517 50
3862 2840 37
4006 2795 49
767 3228 52
1890 732 89
3186 3307 30
392 1305 55
1420 2291 90
757 3933 18
188 2206 29
1151 37 50
3319 3061 15
699 3751 22
4197 466 56
775 3844 26
4172 9 12
2974 2399 86
502 4227 23
2227 3790 62
695 168 73
4081 265 83
4115 1102 79
3448 3366 14
819 971 99
3285 1652 76
1122 1072 95
749 2586 72
2626 560 15
3501 1525 92
4041 1696 64
3074 46 89
3092 2045 15
2947 2568 25
1536 426 70
1939 2100 21
2867 713 63
2880 1940 63
3096 2680 84
4132 254 58
3893 4192 33
2808 3190 96
1157 2886 59
2992 2336 49
596 2178 54
2216 3587 35
3071 73 87
1547 1578 78
3968 344 90
1408 1030 15
3685 2724 55
1537 1933 77
3499 1076 26
3080 1288 25
2880 1664 92
3434 851 33
3655 2167 72
3898 4117 42
2815 3526 87
1511 2125 46
3964 844 75
1179 1397 38
191 2112 80
3131 2225 65
3940 4095 34
1636 2902 57
3032 456 16
2382 2841 69
3089 1687 46
1872 121 65
1392 2389 59
1315 245 26
1174 2814 17
1752 3744 48
697 1525 60
3639 598 37
2792 228 64
174 3977 27
654 863 41
97 3976 62
2451 2804 15
3434 441 99
1670 787 31
3189 2183 100
2632 127 95
4175 2593 38
120 2348 71
1316 2791 99
3497 2806 10
2399 207 87
1996 3430 100
1766 889 68
2584 1643 84
2360 2593 39
636 296 97
1052 1434 50
2870 2707 82
703 1530 35
2248 168 59
2097 3486 92
4100 3739 32
2742 2262 90
2592 763 83
3668 1170 91
4240 1157 92
189 423 54
3219 1112 45
3468 1643 70
1766 327 26
2305 1627 72
552 3269 37
3632 1883 65
3162 3076 69
133 1021 14
817 1170 75
894 2026 77
2886 3315 64
1138 4044 56
3160 2374 94
3199 2203 76
229 3348 56
4108 3831 57
3338 1867 73
476 694 88
847 2585 71
3523 3551 56
2831 3238 67
357 3081 54
2657 3565 48
4157 1940 53
4240 733 36
2223 1671 95
1373 2025 84
1577 2826 100
789 4200 46
1264 3412 23
811 202 98
1391 3024 22
1207 1343 65
1983 2035 43
826 1795 66
2436 647 50
862 3303 91
3385 3578 84
3297 3332 36
757 2532 70
3953 319 27
3052 3240 93
314 4022 55
1310 1056 28
1038 2030 24
2551 2710 48
2013 737 20
1524 3927 59
1672 4203 91
4039 1340 18
2803 1729 56
3042 4016 54
3652 354 77
3241 544 94
586 1794 57
669 3960 19
2527 2766 90
3936 108 65
1822 3680 60
4123 1338 74
3143 1315 12
1306 2864 76
4094 51 36
2587 3629 55
2478 2658 48
1636 3362 80
2416 51 41
1260 2985 81
2145 4168 85
3256 3474 42
2631 2988 31
896 2612 92
2230 668 25
3631 2567 39
1583 1944 69
969 3971 12
2947 2493 77
2299 3301 38
155 3410 17
1491 3853 70
2919 1133 97
670 59 38
1707 476 13
2039 4003 57
2991 2483 55
973 2044 42
3141 3257 31
1343 1047 34
3990 3296 92
1497 1253 96
1898 1125 81
1590 2817 85
2207 3757 75
3980 2553 41
3602 2558 43
1737 172 62
1812 1841 12
563 604 58
1065 2595 16
1814 3611 13
379 1044 90
952 3063 63
2494 1220 14
4113 3633 83
2089 3463 27
864 3741 12
577 1491 29
1736 3987 51
1056 1815 70
716 76 23
2673 1210 43
1365 4212 35
3070 2628 72
625 919 11
155 3425 70
2296 2427 77
1108 3197 53
2860 163 71
2234 4174 54
3620 2348 99
3052 660 81
1144 690 30
3165 4236 65
2344 4121 75
1995 1793 82
67 3304 16
3747 2233 37
2684 2785 65
3656 3936 71
2073 389 33
3216 93 14
3980 83 65
1134 4131 32
3758 1876 28
3032 2333 50
425 1949 25
838 1117 79
3829 325 59
1932 381 13
1454 3413 66
3415 342 77
1710 2806 71
1085 2945 67
2099 3465 56
1510 1721 85
2264 1548 38
316 2542 49
1595 1211 21
3731 1573 19
4031 3501 26
3317 2789 49
3171 1627 41
1822 820 75
1007 3291 39
1016 736 19
4143 4052 80
2156 3528 87
2594 832 94
3613 4154 54
3964 2046 77
2722 2759 55
3745 3833 20
1117 1983 64
4199 86 26
1668 1650 25
1885 3157 81
2486 3189 23
3354 54 47
756 3630 38
2652 250 98
981 3626 46
665 2689 74
2233 1581 51
4132 419 96
3639 1559 66
3401 1510 48
2262 2301 28
943 1626 34
2093 1297 100
581 1484 80
1288 806 41
218 2466 21
2309 1734 86
73 2472 62
2416 2725 90
2744 588 12
2242 1806 25
2672 979 45
1107 812 78
3239 3450 55
2436 3769 29
454 1613 18
2171 2438 96
2447 1388 57
49 2522 38
195 1772 83
175 2785 81
3638 1539 35
3151 1270 18
2176 1075 31
707 4203 98
3084 2498 57
3835 3072 91
1368 2442 94
1327 1949 16
267 824 93
3409 1856 100
158 1570 13
3603 4002 40
1195 1525 45
3734 186 42
1098 6 38
1023 2841 66
1717 3176 58
3363 725 48
1037 2248 93
2753 3803 61
1141 2502 84
559 4062 47
119 3210 10
618 2652 32
1951 2745 57
2371 528 63
1017 2602 74
663 3188 65
1859 1178 70
479 2845 10
944 885 72
3625 1030 86
2685 2438 95
4157 163 97
2525 3213 90
4181 2653 17
933 168 97
3006 2700 32
2622 1353 21
959 4112 52
1778 105 78
57 3132 81
78 1337 87
205 17 34
1158 2329 72
960 2674 15
4154 4144 43
1772 2681 10
1715 1418 98
1507 3795 78
2292 1730 16
261 1502 38
2997 1279 100
503 3571 61
2504 1361 73
411 389 49
2981 486 33
1284 1480 23
337 2963 65
1697 207 39
2805 3019 39
2015 93 51
742 3005 10
2356 3824 71
1182 1321 25
3438 1664 71
3408 3742 50
1455 2955 62
3035 2820 49
4251 1037 27
3849 3998 80
143 1362 75
1683 3961 76
2488 24 25
874 1192 90
935 1774 39
1526 1854 40
3070 2061 73
3585 1148 29
1163 1574 79
709 3446 11
2017 682 24
65 4122 94
4141 2214 81
93 876 12
2623 198 80
3395 2799 16
192 2934 57
750 456 30
4044 1666 13
1531 3058 74
2106 2801 60
345 4220 52
625 3558 93
1177 3151 99
3623 1396 46
4108 4037 63
83 2873 64
1350 412 20
2144 2284 80
754 237 86
409 561 90
3219 4149 91
661 834 47
2120 2325 37
18 2114 74
3997 2502 83
533 832 69
2038 2369 79
764 3207 57
4018 368 59
3368 2145 90
2366 1344 76
308 160 70
2068 545 19
261 3238 45
3759 1553 42
590 1251 44
564 1734 65
207 2092 23
1910 2948 10
1794 2189 18
4062 4158 70
1817 351 18
1036 3723 91
1658 2591 11
472 3544 55
1293 968 33
588 253 50
24 3011 36
2449 4114 19
281 848 66
3691 4117 45
756 601 44
261 1750 12
2971 1644 34
1009 2144 95
339 1184 28
1511 71 100
852 2717 54
3846 2320 33
1058 575 23
1395 3433 54
2259 1065 62
3371 1125 77
2845 3572 31
1934 1122 59
1112 3464 82
1253 2195 80
736 1065 83
3391 292 10
1562 1078 84
2348 3254 59
1113 4148 97
1627 3735 41
3999 2950 81
2793 3289 60
2325 2457 81
2717 3048 15
3640 1876 85
3169 1726 37
4145 2364 89
3669 3849 44
3349 2434 96
2984 543 51
2228 1105 53
3076 508 97
3823 772 55
2895 3167 80
2062 3081 37
2897 3772 53
3052 2252 45
3611 1508 40
2972 2146 73
3922 598 40
841 1943 52
3960 2904 26
64 3014 43
2330 4061 36
898 2350 90
81 2144 43
814 2377 73
2487 133 96
3359 2956 79
3809 1389 31
3308 2854 56
3125 2398 87
2387 3320 23
848 2694 100
3614 788 67
1331 966 94
4099 2055 10
896 3079 53
2317 746 84
1580 4236 22
1473 3464 60
1515 2519 90
3402 2572 66
1386 3476 21
267 712 23
2302 3001 54
1676 1309 71
1046 2391 77
44 3576 36
3675 1313 83
2811 271 97
1125 1349 76
160 2818 99
660 3150 90
737 3935 52
1864 3502 72
1912 3826 48
2565 2050 60
1427 2510 29
3298 3371 13
3885 3583 31
3297 3861 76
3088 2192 60
1565 1686 43
2314 3242 49
3081 1307 84
3550 1347 50
3569 2252 87
3334 737 93
213 4033 62
949 2616 80
1033 4199 26
2308 4160 100
2735 2205 79
321 2511 20
1152 258 29
1258 1397 29
582 3795 45
533 1685 98
1959 3546 94
256 1219 26
1292 1360 94
3995 3807 78
3962 1848 64
3201 3874 22
3941 867 93
1307 1869 26
3413 810 70
590 4234 84
464 771 69
2127 201 90
1494 1064 59
1119 542 82
2508 947 61
1021 2791 14
3450 723 60
1808 1232 68
3412 3058 77
2036 1687 54
2956 2212 35
1452 994 32
811 3423 98
1913 2962 55
2777 3206 49
1836 4011 35
872 277 66
405 2445 75
2158 2394 10
2363 1645 90
398 3164 29
3001 3935 22
2063 437 69
1458 1667 13
648 3991 60
3822 910 83
734 2884 32
3557 1644 93
3936 3790 46
532 3878 89
3316 3680 28
3135 3039 96
3450 1544 97
490 3762 74
2761 3297 90
723 1537 68
1165 699 88
527 2780 79
976 2481 41
3776 2170 75
2001 3152 78
2348 2704 81
3000 1523 87
679 2571 18
3235 2010 35
593 236 96
2002 3050 38
1265 3178 74
2014 3895 93
2107 3779 94
1399 1468 26
1152 2679 99
3939 333 20
3456 389 31
3867 1038 45
2695 4218 78
3109 4099 19
54 3568 39
2702 1153 31
2742 11 26
1208 2796 14
1822 4224 35
2762 1436 51
3368 1870 10
972 3126 74
2169 2025 88
3961 3262 45
2944 3713 37
172 2664 66
13 2933 66
2204 185 39
3562 1811 36
2189 1938 83
2914 1461 91
650 2521 100
2926 3104 84
781 2517 27
4216 2802 36
2492 1458 36
1500 2651 18
1538 1383 82
2750 657 74
3157 103 70
384 3284 61
1556 3529 72
1069 3889 83
422 347 69
3765 262 19
742 429 72
4150 2444 60
472 2107 73
2045 2656 38
4219 724 58
1366 3013 97
2690 1263 69
3804 1641 10
516 3644 94
3323 441 51
2523 2511 20
389 2994 80
1355 2898 81
980 2256 28
621 3854 76
827 81 47
1546 3966 17
1987 2535 51
3260 1673 29
1613 3984 57
3080 4033 70
3784 2985 52
1678 1742 17
413 2695 65
1754 2513 33
1954 1619 81
1407 3916 33
1734 2207 66
4003 3277 26
893 93 27
3136 595 69
1076 3228 40
1592 3243 29
406 4187 67
1565 2869 46
887 2710 13
809 1746 65
1347 292 98
3769 3264 89
3976 741 59
3376 3857 13
3580 375 55
2059 1652 37
4036 735 72
3456 2435 32
148 3144 66
1811 1196 77
391 222 36
482 4206 22
1034 3250 77
2723 1672 56
4076 3459 19
661 2181 46
331 3248 19
3204 2250 24
803 2618 75
2912 3605 32
2643 644 15
3732 443 62
3424 2400 33
3965 1349 98
3600 2184 80
2854 2539 54
4219 108 60
2961 3107 73
1043 1288 61
1677 1660 22
1218 626 47
1056 4164 62
439 3458 68
174 1535 15
2291 3249 14
2586 3503 65
753 3610 84
3717 1188 24
1892 3872 67
1559 3648 23
205 3529 95
1435 1088 40
4221 244 63
4084 252 45
1471 1685 28
3458 954 13
4067 2846 58
2004 2298 79
2598 3978 27
3798 1091 35
1570 2203 15
2107 2931 59
1606 797 71
2902 3688 36
3749 308 21
3297 3976 89
1106 99 75
3939 1397 55
2203 2434 81
4146 2351 58
3760 2204 62
3139 1164 78
3136 2211 54
3934 1351 69
2632 641 40
2245 3144 27
3366 127 95
3264 3112 51
3324 27 94
565 1856 23
301 1921 94
1414 3360 73
1127 3660 40
4176 2061 47
1725 821 43
3284 2814 29
3566 709 73
3423 1203 38
3486 1612 95
2196 148 20
2532 3537 32
3442 2756 99
3027 1060 87
1271 463 75
2386 4229 77
155 3950 94
1613 31 84
105 874 77
2462 356 50
2675 4019 29
3888 998 12
3668 3405 62
1889 1695 78
1097 3589 14
3079 4173 85
2191 2310 56
4143 3619 95
2723 1784 59
628 2122 84
3046 3970 69
4235 846 74
3571 1440 25
1283 2091 28
1523 3488 19
741 803 63
4179 4239 60
2248 2043 38
1958 1546 69
1156 4145 51
1689 3259 23
413 3973 34
318 813 84
4064 3384 58
6 810 40
1372 2502 47
2862 3698 97
1289 4031 18
3698 2877 76
2359 1682 53
3016 2303 91
1212 2705 45
3925 241 50
1375 3453 78
3695 310 80
448 2847 75
1307 2739 18
2208 2864 89
798 4241 98
2226 1686 70
2402 4167 39
3125 3590 100
4132 3244 96
2378 85 80
3039 1008 75
3050 2371 87
4087 3689 69
1096 4055 41
4138 1693 53
1348 911 36
3154 1632 100
1335 1141 50
1493 3775 28
734 1010 59
448 3967 69
3168 2827 73
1951 3067 20
898 178 70
50 1510 65
745 1122 77
1276 2478 70
1574 2428 22
2434 2501 82
528 3190 66
1377 1436 43
1355 1170 96
3527 3747 12
1376 3381 35
1705 3143 96
2842 2306 58
3214 1586 21
1924 1863 55
2178 913 67
3718 3496 76
1193 385 58
1273 1034 49
3647 2921 83
2929 1064 78
1098 954 48
3141 990 75
607 1923 35
733 311 43
236 1522 17
1613 2786 89
1479 2638 68
2506 325 65
1184 2710 14
819 2943 50
733 3416 75
1228 4176 95
1400 4020 50
3909 1295 89
220 3877 45
3956 1181 44
911 2999 52
2771 2950 90
1761 3069 10
3377 1183 78
2687 2297 15
2535 3096 94
1720 3864 53
824 1353 87
3380 471 87
3504 1766 13
1365 3295 68
1791 3008 40
391 903 13
1464 2454 45
98 4166 72
2968 2039 82
3092 2745 77
500 763 77
601 3453 69
650 323 42
1282 2279 21
1107 1019 51
1163 3512 62
2382 3639 78
707 3844 14
563 3748 87
3183 3427 20
3804 1962 51
3636 3440 34
252 3206 98
2134 3207 26
3068 3947 91
4135 3243 16
2661 3843 53
2872 2575 64
1076 1207 100
3197 3755 11
4148 497 40
3412 111 56
3608 3049 30
708 976 49
2930 1944 100
962 3274 21
4186 3395 35
593 2587 36
1282 3200 44
2589 2123 49
2911 3657 39
859 2459 68
920 330 92
412 2782 36
4043 3142 13
2455 1566 48
1998 2287 66
2277 1974 62
997 1228 39
2283 1383 71
2091 107 38
1082 801 24
3327 3337 44
2139 3469 29
466 4040 29
3985 918 27
2162 3020 23
3079 1055 87
1894 3507 45
419 1043 37
3421 4171 58
824 2090 24
2844 2140 32
409 98 45
225 2222 41
1035 3585 80
3171 3586 11
529 694 40
3733 4193 78
3431 3155 77
1041 834 58
2623 3656 17
3927 3436 16
2723 540 18
1622 4183 96
1585 2756 70
284 4243 16
1882 1923 31
2290 1811 12
3863 1374 11
3532 2957 24
1220 3408 11
958 986 96
2076 3325 19
1201 3397 26
2799 1471 98
1833 2401 75
3566 496 17
2803 1288 56
1627 2832 61
1670 4056 47
1224 2312 33
1553 1551 56
1420 181 68
31 340 54
2922 1479 47
64 3933 12
2168 557 12
189 3410 25
3222 422 76
1117 3450 80
2033 731 36
1950 748 97
3766 1062 95
736 3238 68
1493 2161 88
4 2910 26
3991 396 49
1764 985 52
1641 1731 75
3303 2563 85
1383 46 34
3438 1716 33
1845 15 91
1767 3903 98
1811 865 69
2835 3550 52
849 3151 76
1935 3104 11
3377 8 100
3178 1393 81
4210 378 15
2826 1124 77
1037 2403 79
1198 2575 32
3928 4032 54
936 3325 47
3796 3993 68
824 2909 44
3724 406 75
2990 25 14
3158 4243 17
2354 945 73
635 4098 96
1664 15 26
2644 619 95
1613 2418 47
3705 1368 100
312 1295 78
2122 3613 17
1661 2909 74
3723 1165 96
360 3558 43
2846 4097 27
1919 104 95
3731 1897 20
1883 3924 80
3963 1094 61
1699 19 14
1818 388 22
3448 3594 28
3194 4190 37
1664 1721 87
377 2369 44
1285 2969 32
2313 2124 43
409 3286 56
3126 2268 75
1296 2593 58
171 268 78
858 250 25
3 3343 79
673 2808 39
2932 2189 90
2396 3152 52
2600 1224 25
4084 3394 47
378 1265 27
3694 2301 41
4102 473 70
3932 926 17
226 3141 94
2305 187 29
532 2249 14
2210 2960 66
3708 3983 93
3892 534 57
3465 2944 60
1387 455 53
998 3643 97
81 673 19
988 1962 50
1790 2646 41
2108 2150 29
8 3927 85
403 989 71
2198 1033 66
3473 595 39
3874 749 82
645 2104 77
1375 3825 13
2115 1244 21
1925 3217 86
2276 491 50
3518 3801 19
4092 2743 84
3047 1405 46
502 426 44
1198 3902 97
3400 3771 87
2044 1205 93
3692 3954 69
2414 4251 15
1732 3993 43
1218 167 19
2755 2532 72
568 1170 100
1785 3784 35
3760 48 79
1396 4212 79
1440 1982 35
1174 4070 60
3807 1672 23
1609 1998 48
395 1817 47
3644 3001 20
3190 2764 94
2277 862 51
2187 3706 93
3456 1703 91
3045 3188 15
949 2233 62
2544 944 34
748 3985 79
149 1885 63
4103 3115 65
2117 1530 99
3999 3794 83
2538 3677 33
1768 2655 25
1401 2295 77
2002 2353 97
758 757 48
332 54 13
3469 1235 28
3923 2804 74
3554 704 80
494 3389 71
3211 844 69
1548 3317 73
1311 3721 90
2627 1851 84
1684 3895 33
2662 1632 52
8 72 30
71 2059 17
356 1850 92
654 549 57
2695 1842 61
2931 3579 37
3859 251 100
4062 785 86
2182 1899 39
222 3358 45
3904 87 86
2449 3419 92
1443 1206 83
1610 2104 93
3114 3021 13
451 3402 62
2375 3907 51
2786 2199 74
3590 3068 40
2819 1663 81
1792 1909 90
3226 1069 13
3509 3808 20
883 1683 45
1590 2767 32
1776 33 21
3599 901 39
2283 1440 19
2270 2789 27
1763 3208 41
2977 2636 22
3667 3740 38
4223 300 69
1336 1638 10
3224 2986 40
4066 208 67
4174 2279 41
3023 86 51
2719 4171 91
2987 1936 12
4180 1242 92
2728 1615 28
215 357 85
2099 1815 52
526 3552 35
2686 860 82
2545 444 97
1070 2302 91
409 1485 93
1192 931 29
4065 21 19
1756 3489 75
879 2086 76
3817 3230 71
875 815 47
1940 1174 72
3519 2276 25
1749 3883 16
2963 3709 63
1136 1483 33
525 1253 62
3588 2651 21
4170 4083 72
2227 1971 84
318 2986 91
3906 3990 100
928 3572 18
2096 1309 88
3635 1215 37
4008 1153 92
3737 2876 47
1652 3701 75
777 992 89
2935 2673 11
3672 2391 88
2050 948 45
442 764 59
1865 1348 21
1771 4162 55
1268 1927 89
2747 1641 31
1607 886 52
3645 2083 87
3105 1831 24
2814 3243 82
434 1963 51
1529 2472 54
559 1629 51
459 27 20
2913 888 44
3817 2557 62
491 3081 47
3666 251 72
201 1739 59
767 3714 99
540 4189 49
1619 3828 75
3131 3992 78
115 69 76
4159 2460 83
3699 2316 29
1288 4230 58
3591 3781 65
1108 964 45
4051 1958 58
962 3343 95
4088 56 81
1566 3854 85
3448 4229 49
3683 1508 25
1855 1050 72
151 2772 44
4086 1380 65
2641 3525 33
2535 2034 64
3746 382 37
2222 4056 47
3056 1530 29
4141 1067 24
2051 703 58
3935 1864 79
1716 2499 34
1554 1925 65
3818 1186 29
268 1266 52
3750 194 91
2277 75 30
3218 3401 85
1532 2043 70
613 4098 100
3883 3200 95
2456 649 22
3126 3780 57
1167 2739 10
4231 378 73
1763 1952 93
3300 1316 66
1747 706 61
523 3342 100
2230 3561 44
1512 1171 72
3135 1100 96
1361 1650 23
1193 2499 19
539 2294 97
2831 2659 16
1323 3225 35
3191 2657 68
1534 477 60
3416 104 84
3250 2389 41
1737 968 18
1250 338 62
714 1088 61
905 1036 52
3951 1218 35
196 195 38
2404 2214 91
446 417 25
2183 1896 72
1071 98 36
514 2951 83
3218 186 38
2083 3176 37
27 3474 28
750 1385 97
1391 1490 66
2198 2754 35
602 198 10
1558 217 34
1920 2729 75
3375 2701 93
1965 1667 85
3650 1040 48
4105 513 45
3221 2845 41
2248 334 45
597 3613 29
12 2029 18
1675 4180 53
335 183 16
921 733 99
640 4100 47
2443 2602 77
3426 1966 98
3267 2828 99
1724 4215 42
1539 645 42
3948 264 45
3355 464 40
2932 1883 53
3153 3546 90
3281 3755 71
3385 1940 43
1528 355 16
360 118 36
2330 2002 46
61 788 70
2894 119 63
2631 822 90
2322 2708 65
745 2848 54
3944 3906 69
4173 3895 30
3523 2527 13
1455 987 52
3103 18 39
780 1889 100
2910 3346 87
2951 290 88
539 225 53
1091 3183 58
1604 3777 10
3252 237 43
819 1454 83
2807 3607 28
1586 2756 24
3963 662 48
1896 481 71
1422 1972 84
4172 3120 86
2514 3500 57
878 2239 76
3899 1026 46
3822 2240 12
2302 452 58
2987 414 86
3142 2386 21
2647 4125 10
1827 3532 14
3041 1220 79
760 1639 94
3536 1641 61
3049 1424 10
2050 493 85
2472 2085 74
3062 266 82
2375 4019 36
2531 2591 92
2069 1001 57
1741 76 90
141 4094 98
1395 230 52
763 1474 55
2009 615 60
1156 3204 31
1983 277 17
1908 1324 48
4129 2536 19
2462 3446 51
1888 623 10
976 2366 26
3826 2479 38
2137 3358 51
3635 2272 81
1306 3489 39
1134 2370 13
264 2412 85
2449 1739 60
2271 2051 91
336 326 86
3508 1285 29
462 1793 19
3185 598 55
3948 3242 32
3634 1888 28
2820 1861 73
332 2161 30
1351 2513 11
4185 4214 44
582 1767 21
1848 3982 75
3609 269 70
68 3430 44
3478 3223 69
1223 1725 60
843 3742 78
378 1922 35
4160 2058 16
3707 2272 45
3545 733 79
1985 3545 16
937 1788 98
3093 1902 42
1885 3681 22
133 2830 95
530 1254 53
1268 459 81
229 2829 60
165 2070 74
1334 783 62
1957 2483 25
2422 1105 39
1630 1319 36
1850 142 18
2928 1503 86
1470 3047 71
2016 1909 67
2656 4046 32
416 3566 15
2942 102 100
3694 2662 82
118 2898 47
3321 295 64
1110 3304 70
614 637 38
3646 1021 51
1922 1689 89
3217 2557 99
3181 3615 94
3607 594 29
1219 3516 36
1036 3736 11
618 3103 40
4227 1849 79
2444 1278 18
754 2399 68
3530 3216 55
3424 177 48
3747 2775 54
2879 1096 24
1560 2341 49
1207 2642 56
276 2253 59
315 2139 66
3690 2594 23
182 1707 56
1443 3342 73
3734 1491 29
2851 374 52
3050 2129 40
2145 2564 22
554 3124 54
926 1181 56
2325 3568 61
2689 842 25
2731 487 45
420 2439 53
3867 647 84
1893 205 71
1855 2096 32
1870 4027 81
895 847 53
2976 1152 59
2512 949 14
2158 3482 14
3017 2665 44
4050 1093 91
2539 2012 47
1779 4228 81
198 589 31
3526 1010 15
1643 2681 69
3153 534 24
2092 2655 15
3502 378 32
170 3834 64
3902 3573 81
1829 2172 84
3465 4206 44
188 1280 19
2475 783 39
2483 182 14
1567 671 73
3807 1855 94
736 733 89
134 1137 34
3962 2556 17
514 3712 47
3755 3625 81
2114 2746 58
1940 1772 77
1734 539 11
2693 1441 33
340 895 97
1830 807 27
67 872 72
1817 617 55
1384 3449 86
1503 2452 77
4056 2857 95
4089 930 34
4221 1029 73
3450 2676 35
3687 2526 68
3652 1484 27
1457 470 96
1497 356 18
1020 1697 48
1358 1326 55
2619 2833 99
2023 699 24
2348 2868 46
773 469 56
3735 2248 37
3746 1775 78
513 3615 12
1392 3892 33
545 737 47
1539 1296 38
805 3120 67
3425 2519 13
2151 4117 11
3019 2316 94
2822 3979 65
3157 2259 56
262 1240 97
3086 2642 36
3038 1933 98
947 469 78
1588 944 67
3666 3317 30
1071 2992 89
3483 389 77
3823 115 28
10 496 86
3993 2848 55
1432 1520 12
405 893 53
3975 3273 15
1884 2265 83
737 3567 15
3444 4114 47
2548 1079 67
1241 2060 30
2975 896 32
306 3472 61
2201 1797 76
1529 453 50
3519 4095 51
4171 2895 34
2373 3252 99
1238 1351 66
2019 307 16
1802 901 82
2770 805 18
2733 1511 32
2166 3919 81
825 2728 33
898 3625 41
3597 2011 90
2485 1376 24
1964 3511 11
3989 2002 100
1515 3951 61
3182 3167 45
1742 1474 48
2742 755 17
1091 1366 60
3695 637 24
3049 2965 86
2962 567 49
2542 2960 14
3588 1426 56
1164 3323 32
1416 1535 74
2349 1928 58
1798 3822 29
1215 561 62
3318 251 30
1087 1680 61
1717 2826 58
1822 3389 98
1522 2229 88
1143 3132 30
2682 692 87
1710 550 92
2592 2129 14
10 4007 81
1037 1799 98
3653 1118 60
341 655 74
2092 1407 15
3973 1554 89
1889 2710 49
70 2405 24
297 821 71
3725 226 29
3841 2362 42
354 1425 28
2223 666 16
2956 1675 57
4192 2188 99
2090 1696 77
3563 1824 54
827 1957 11
1180 248 55
1955 54 65
3282 459 52
1335 2165 19
3511 4000 72
2395 3483 65
1134 2357 15
1705 1653 39
1408 15 34
4009 3058 20
3217 1557 49
748 3563 49
1992 467 52
226 13 86
1170 3164 92
1646 4089 64
935 965 52
3140 1661 29
3455 2053 19
2852 665 74
623 1308 44
834 2656 79
3919 279 33
1393 3516 60
77 2847 76
3255 3113 10
3762 2486 94
427 2019 55
1776 3938 99
1861 2043 24
2498 1740 13
1744 3429 68
1118 3614 60
146 3174 100
2153 3579 67
2564 1821 68
1377 1672 100
2125 484 37
3958 2998 42
1427 75 70
3911 3083 35
1802 1428 39
109 3820 58
2883 1658 13
1499 76 30
2216 1370 43
3679 1933 30
1344 3346 77
3038 2327 29
2489 1782 84
270 1733 75
2563 1956 56
1517 2169 51
2333 4074 37
1389 4204 89
2609 171 36
1916 3761 70
3884 3916 72
1952 903 40
1856 2896 88
2718 1539 90
2445 3529 78
1292 2885 55
3038 3210 49
1208 347 96
3535 2296 70
3995 2010 90
894 3261 11
1642 734 63
2371 958 47
644 3501 33
225 1402 68
2777 3450 63
534 3163 33
3313 3534 17
1829 1733 45
1112 3362 63
3926 4227 92
3984 2662 27
2923 358 65
1245 1679 64
147 1544 28
2572 826 23
3836 772 58
2364 1742 38
1378 2771 84
1022 56 12
2106 3332 17
3023 2289 48
2397 4013 40
3533 1361 46
2435 2663 32
4137 2969 36
4007 3488 91
3024 3301 78
1103 3736 96
3681 3880 31
333 2420 100
1718 2405 91
3978 537 44
3674 2981 88
2467 873 94
1911 3261 63
3364 2341 40
2189 3868 43
2963 750 87
918 3550 43
32 2010 56
3755 433 90
1467 3584 54
1890 1931 83
53 817 69
3822 1348 64
3758 3741 13
779 4026 22
185 4219 10
3136 467 82
4118 3320 56
910 95 72
4184 2743 45
4103 125 28
1143 2745 99
1173 1160 92
245 3507 80
3791 131 95
3447 4049 17
1151 2091 36
463 4167 82
2301 681 33
3289 3381 83
2735 1927 15
2898 3002 32
904 2426 49
2103 990 23
2715 987 91
2890 4175 48
64 201 84
2320 298 34
1775 4002 81
755 2660 97
1360 4172 14
3417 3537 53
1876 3497 52
2435 3039 82
1273 4236 13
1363 3001 50
1621 3067 57
1896 1549 10
1500 3427 80
2701 2991 98
2230 4066 43
1842 3496 77
147 4114 57
3288 1980 12
748 4227 68
3924 2064 96
3641 3679 73
509 721 47
1471 3163 18
923 3895 51
1664 459 61
3893 2960 82
1226 3474 74
2704 2079 77
309 3080 90
2856 1247 13
2717 3250 26
2203 1769 39
1784 1253 40
2850 4103 93
926 2692 98
3841 2268 49
2818 3844 82
486 2054 43
1483 571 26
2428 171 54
2384 2654 57
361 3341 64
2372 2986 23
483 532 17
3985 2127 57
1359 4170 94
445 548 79
3260 211 14
1207 2132 74
666 1998 78
602 2579 47
1685 1123 53
1058 2645 45
276 3431 36
2543 282 28
2039 1880 78
3763 4148 21
3860 965 82
2026 2404 88
422 801 11
681 220 23
3146 1394 86
1464 422 76
4234 80 55
3011 1076 62
1007 1124 14
1722 3989 55
2156 2708 94
3782 1004 47
3014 1571 41
1246 1649 32
1801 4123 41
2012 1734 49
1916 1245 48
3222 2934 19
4156 3491 23
2094 3530 12
1204 716 28
1507 545 77
779 256 54
3651 279 19
1457 2830 94
3102 424 85
2760 2767 52
295 2350 41
2137 2763 73
1220 923 34
742 3513 43
3860 3325 10
2834 3855 78
3757 2062 81
2798 207 43
4048 1482 52
2368 1350 98
3473 4083 21
872 4242 78
2287 67 96
638 1494 18
4194 1001 65
3051 0 99
903 1433 27
2367 4161 47
4241 2708 27
3733 2246 88
2606 2104 41
1616 49 50
2144 3585 64
1001 4235 41
2197 249 73
3771 2605 66
653 3513 75
927 1226 55
1739 1268 74
2023 2297 66
3690 810 27
1957 3785 54
1432 2397 63
2944 1825 44
1677 42 97
432 3868 27
1241 2795 65
516 4031 62
2098 3280 45
87 173 88
421 2933 30
1843 3451 48
531 4206 84
3280 3116 72
1438 3180 40
3239 2397 93
4224 1904 41
1197 1442 62
3998 1862 43
2799 1883 12
657 1347 62
321 2135 75
4065 1796 80
2110 1004 68
4102 3109 91
1640 2950 94
3391 4131 92
4022 1485 36
3202 2385 50
2835 315 88
1652 1705 20
2842 2986 75
2916 3408 10
3860 4024 76
2821 1103 81
305 3489 81
2775 207 45
2102 1403 96
589 3188 64
4240 1380 42
4200 1481 16
1632 1188 68
3536 653 24
2215 37 87
3911 3945 100
3835 3850 22
3527 2356 11
1614 1396 31
670 3277 54
3632 1457 42
3323 3264 82
56 1897 89
1502 3094 39
1108 2392 64
2313 4194 35
1737 2643 42
4204 1831 72
1171 1976 69
2875 4025 59
235 1620 14
1123 148 15
2851 457 79
1700 1043 65
925 2267 77
3574 532 77
810 3456 64
2161 2916 93
3168 3700 75
2548 431 43
1804 1580 69
3564 1726 15
3452 2763 51
1141 219 10
3663 3619 45
3775 755 84
3556 2025 91
2815 3975 53
109 3788 67
1914 643 70
2164 2372 28
1350 1597 82
3727 4222 49
405 3598 77
743 859 16
282 3405 34
2536 399 59
362 222 80
2913 589 20
1450 2286 25
1801 1648 35
3615 498 58
266 1999 52
3519 770 84
273 906 100
3157 530 98
2461 617 66
214 2236 50
3657 2778 15
3512 2951 37
3540 660 68
583 4145 86
4201 849 17
2930 1287 91
1452 2628 28
1731 3452 85
1966 2842 73
128 3603 33
1994 2669 32
3266 4021 77
4145 2242 93
928 1014 11
2136 837 75
2122 2724 87
1270 3211 61
641 185 26
395 2545 61
1775 93 14
229 3545 99
32 1564 34
4071 2576 63
3356 1856 21
725 918 27
208 3075 44
2181 1344 68
2495 3176 94
3758 3116 77
894 1179 99
2645 3207 65
529 20 82
1662 1221 16
808 69 54
494 3151 90
2177 57 88
4234 1399 29
895 2065 69
2951 1963 82
1331 2165 71
459 470 38
407 2680 14
3472 3539 67
85 793 12
3195 3284 60
3863 1119 31
2267 1834 16
3963 4130 52
2145 2468 76
2287 2100 83
2199 1767 12
1697 2673 43
1744 1690 50
239 2188 64
2045 1277 82
4190 1119 34
3861 3119 66
1969 4015 38
1770 2701 24
3990 2781 97
3145 1132 75
1987 3512 13
1065 647 56
2563 3046 36
714 482 11
2987 4037 97
2314 2900 25
45 492 71
3510 174 98
1040 3234 48
2865 3147 68
1882 853 70
3433 535 76
2706 2722 93
3400 2026 18
1235 2202 77
92 1381 49
1057 2964 89
2475 2828 82
533 2306 65
3827 2484 27
3435 3716 23
2118 3050 61
2826 729 57
2981 3510 43
580 3730 64
117 3239 17
2635 1404 55
3868 3466 22
120 3067 54
2614 3525 62
1624 3641 69
4011 914 100
400 1243 94
2049 3358 11
2948 1024 48
3371 1608 94
3362 3203 36
3592 2231 65
1120 1585 38
4150 2830 19
4139 1528 38
1418 4145 26
2658 2734 86
1188 2947 54
3715 3147 43
2144 326 82
3961 3956 86
900 3119 77
1857 3803 39
2314 1435 22
3800 134 64
1986 3039 10
3568 3152 80
3673 3016 18
4169 2317 59
3375 945 93
470 3162 44
2659 3696 76
4045 3703 23
2018 3075 83
3746 1131 50
3641 3192 39
2758 4216 37
2171 1994 58
1730 638 92
1285 3323 50
912 500 55
1855 3716 24
2452 2793 72
795 2352 27
305 2600 92
1741 47 34
2146 2513 40
2674 3448 92
3072 3350 27
1380 1505 26
2834 3320 91
2624 3979 28
365 332 92
2250 1196 41
1215 2834 67
2388 3902 72
1020 3668 72
49 3054 91
1078 1461 38
744 1579 73
3559 4202 71
1758 1667 92
3508 928 71
1042 481 25
1754 2560 55
1079 431 84
238 666 44
2891 2046 44
975 3087 64
3866 480 19
1447 3947 28
4214 3811 20
3547 2232 61
2040 2496 92
2342 2448 10
700 2692 97
188 4157 11
4120 177 50
1612 683 27
2786 873 42
3452 4066 66
3600 3842 76
761 352 23
2034 3537 17
1906 2340 94
750 2286 96
2063 3571 16
239 3158 73
3340 3661 17
700 1232 53
1499 3295 68
1955 2386 76
3182 4039 44
399 808 23
2972 292 90
3065 597 99
2551 3566 83
358 2497 100
4046 3068 52
4219 4164 17
2527 381 27
3739 3668 71
1357 704 49
2599 2870 40
2208 108 38
1780 767 90
1704 2791 99
3408 3357 40
1482 1765 65
818 479 53
2821 2813 64
773 712 51
2529 4230 14
922 660 34
1530 1016 96
3884 2885 56
1525 1731 100
1241 443 89
3745 2256 57
4221 1799 98
214 1704 26
2851 1349 82
2905 849 57
1857 2057 53
334 1376 47
722 283 97
4038 3386 76
3495 3805 74
3117 3523 37
3485 3178 89
227 1706 80
267 1444 90
1639 474 83
2612 2258 26
3283 2179 57
2389 2339 53
2037 2786 55
3645 926 47
645 3843 57
3004 1745 28
350 1583 56
56 231 59
3969 3158 42
3344 2161 74
613 502 50
2117 3671 32
3153 4143 70
487 3429 38
1441 2674 45
2131 1796 37
333 3419 25
2833 3844 81
417 1591 20
1074 3834 45
1520 212 83
2999 1896 71
1590 1498 37
3862 2194 45
2420 1814 89
3237 2645 38
2110 2600 93
2835 65 63
1788 2632 94
2629 1504 25
1375 155 78
3397 3457 38
3609 3746 69
1287 3711 97
3929 1192 90
4057 955 88
302 203 54
2755 4047 17
1493 3543 20
1029 2607 37
265 1924 59
277 3187 43
1103 3921 35
889 3850 39
2652 3095 34
1167 895 39
2443 1831 30
3275 4129 45
1148 3562 99
379 374 24
3480 232 82
1413 3806 41
4186 2823 21
965 1524 75
962 416 96
2868 3955 32
619 3097 21
3649 353 94
663 1340 100
3008 667 90
3450 3413 34
4029 3607 96
2917 3571 29
3467 1303 97
2483 4031 100
677 4030 50
451 1279 52
734 414 97
3679 457 42
219 3795 83
722 4050 100
1434 2293 44
2987 3622 62
2790 3594 36
2426 2904 97
3178 1901 31
1669 324 49
340 966 32
962 485 50
3730 3102 38
4177 3771 28
2172 1304 56
3256 1544 19
3205 4230 68
2333 3826 21
783 555 85
2647 2470 29
123 651 77
3512 4025 88
3510 2660 62
2796 1666 47
564 3143 92
5 2257 23
3833 1461 38
3748 2326 83
865 1106 52
1045 1293 42
2003 1643 72
784 59 16
2846 3146 24
2799 717 32
3177 2453 31
2009 2630 35
4103 2675 85
1537 2592 20
602 196 31
1076 163 45
640 1508 47
972 2955 45
2374 1594 62
2078 2344 55
1695 3519 57
168 3172 22
635 4131 49
1118 1071 39
3200 3217 47
1341 1754 75
520 991 25
3616 361 24
3696 3547 42
2266 1603 81
924 1974 42
821 257 36
299 2209 20
3065 1890 54
3023 2886 82
2605 96 57
2948 600 76
1472 643 94
3521 216 22
2444 540 65
2532 1059 89
3631 2028 41
113 2169 38
1447 1858 28
2727 2666 40
2462 2817 21
3174 839 47
327 4022 37
3871 3316 27
3970 2343 99
1616 2627 16
2080 128 77
2139 3700 72
3613 1728 23
1048 3619 13
156 2076 10
3059 4148 11
319 1191 53
1126 3043 76
3685 3959 91
1302 1237 67
2221 3632 10
3852 1805 39
4062 442 85
501 1930 82
2481 2725 10
2996 1554 73
3974 4138 45
2056 1439 71
130 2799 74
3676 530 34
1336 581 67
2655 1454 59
4178 3981 40
3187 3216 48
4007 63 30
2418 1954 24
2934 3643 93
2261 744 86
368 948 16
619 2581 93
2387 1029 36
487 854 90
3051 3098 59
1937 2709 80
508 3499 85
3091 4016 34
515 1432 26
2658 2450 10
2623 1292 42
2171 71 31
175 1826 11
2450 3250 32
1661 3646 91
2209 3727 89
4082 2053 34
2790 1745 44
1089 320 55
132 3870 60
2099 2695 54
3836 2080 64
1433 2752 24
3939 768 16
518 3643 93
1789 3882 81
2678 2233 80
4083 1501 44
3798 2071 34
4021 2335 69
1265 1977 34
4175 590 96
2543 3247 79
888 1142 78
3227 697 90
2327 481 75
3012 3981 98
574 1109 54
1213 3704 57
1677 2473 84
3015 3632 41
981 3699 26
2277 2834 25
1816 2683 46
2342 2870 14
2087 3354 66
1794 3218 46
2967 1525 18
239 3770 37
387 2979 62
3359 3519 14
351 1052 52
2822 1899 10
1304 1427 36
2632 3194 35
3011 2380 29
1955 838 30
1301 3548 60
1481 2240 83
2380 3703 46
535 2301 29
3744 1093 34
1400 263 100
3752 2286 76
3544 2337 23
1070 99 78
3045 1766 88
2331 1294 11
1078 3922 77
1985 2482 90
4057 1717 40
3981 1271 15
208 3793 42
1545 1408 19
2876 2752 50
2956 3180 54
4052 1441 65
3054 3217 28
1641 2865 18
1347 746 74
3423 3852 60
302 3990 70
61 3269 100
593 3266 51
2829 2707 85
1558 3404 72
1055 1300 24
3166 706 65
1302 1294 51
2818 2167 28
1939 1097 14
2043 2400 38
2442 3697 96
3314 812 30
1677 413 54
1641 4004 15
339 3046 22
1026 1685 64
3510 3168 98
817 4024 89
3649 595 69
279 3342 29
1238 1349 59
2712 4145 85
3018 2978 84
2400 3104 98
3017 2159 22
1533 740 72
2583 3861 77
50 3311 13
360 265 82
1415 367 17
2264 1477 49
884 3781 78
356 479 94
2129 163 77
4200 1602 49
4215 2571 26
3758 3788 48
2078 3215 16
3037 3223 57
2430 2739 75
65 1808 18
3896 3699 64
752 595 20
1368 1968 25
614 2671 10
801 2551 65
1984 124 28
2190 379 45
2325 128 52
3595 1867 90
590 1166 71
2464 1739 31
