3993 7312
894 705 69
149 1505 74
3858 2183 53
216 3851 27
3217 1719 77
1452 2985 85
3180 3353 70
1470 534 85
2064 146 33
3691 3585 74
334 3774 96
1715 2235 67
350 938 61
2612 3543 81
2083 1109 15
3144 3484 29
422 1037 56
1933 706 35
2431 2316 12
2040 1135 69
2394 2624 11
398 2534 84
1506 2070 86
3148 1494 87
2775 24 49
645 141 62
3610 16 47
2723 573 60
961 711 68
605 1939 69
1099 987 51
2487 1508 56
2096 1064 67
2388 1170 73
871 1299 83
2845 1965 47
535 1635 47
733 3690 14
352 2305 16
3966 3191 54
320 437 72
1211 1991 54
3115 998 65
257 3117 46
3621 1821 60
1390 1193 83
2077 2667 87
388 1088 70
26 1067 38
325 2152 48
3834 401 36
1132 2045 56
1998 2009 67
1093 2133 67
3302 562 41
2058 933 21
1630 2605 49
3499 743 58
2039 2442 39
3679 2250 74
2124 3375 18
2284 3288 16
2342 456 49
2772 626 63
1469 3474 21
1789 1825 72
1240 1097 14
3313 751 21
2924 2801 64
3262 49 26
2347 1084 32
2698 3914 15
1348 2705 49
1796 3350 37
2143 1844 77
3402 2376 36
2834 3798 79
2259 2108 95
1854 2452 20
2172 2492 69
1358 1231 14
1616 793 38
2014 1842 22
3266 2267 47
3305 3083 56
785 513 70
3240 1297 54
3362 2703 73
46 14 96
3007 2278 25
666 2449 93
1208 3260 10
2615 2388 47
79 1686 72
1654 2714 85
2024 2729 63
3384 3826 89
37 3000 92
284 3625 74
247 1021 49
133 2543 39
2995 1977 59
602 3562 68
2518 3228 67
1554 3152 38
2317 3752 47
944 3209 71
3662 753 37
3352 3678 76
3807 729 99
3748 2211 30
144 3658 80
2138 1553 78
62 1421 44
189 2539 15
1128 1539 44
3215 1699 70
3304 485 80
3419 2881 79
2239 749 12
332 234 81
1979 188 74
2028 3927 92
1468 2962 35
2029 599 84
1470 468 29
804 1284 55
3691 986 60
986 1585 100
681 2192 33
1272 581 38
580 3442 73
2487 727 95
2950 2636 16
2364 434 14
2772 2372 39
1113 1286 15
760 1579 30
287 3934 31
637 1471 80
1219 734 92
3494 3803 52
2698 918 39
2895 3576 62
1314 2344 93
1656 3533 72
1908 2793 77
2431 2860 88
1796 3989 24
193 521 70
712 2742 17
593 2398 71
707 3112 86
1157 113 14
63 1385 75
2718 1319 59
1735 2922 68
1690 1099 17
610 2581 65
3654 1022 69
2724 3285 92
492 3257 64
1108 2863 92
1811 405 52
904 2143 16
2439 658 80
2108 3608 57
3205 2552 97
12 109 51
1687 1943 42
2634 297 25
2779 2930 41
1506 2653 39
2812 3254 44
715 1846 32
2512 3261 47
2206 2279 22
2859 1280 75
3724 2936 42
784 3240 25
3878 969 31
3055 770 73
3263 3950 49
1846 3210 71
1876 1509 48
2915 1213 54
2339 3970 81
1720 2603 93
3532 3897 95
2631 2759 28
1733 657 65
1631 969 18
429 2003 85
1934 3222 62
3595 3753 29
1526 3562 62
2714 743 44
3797 1246 22
3796 2625 72
1726 591 71
2148 40 46
3317 1807 85
3201 3413 76
1619 3070 89
569 160 45
2783 2761 69
2610 1352 91
3675 3086 95
2029 3973 97
334 341 40
2720 51 13
3687 1417 99
2849 797 21
3499 3205 36
1584 890 90
2173 2048 28
940 1056 36
3495 1024 11
3549 1465 73
3808 84 82
1446 1745 15
2049 3632 43
1956 3790 12
1845 3716 17
1202 3167 44
2991 1914 33
3223 3649 42
3051 397 93
2651 803 40
2514 995 83
334 335 62
3211 1755 82
333 710 100
2687 1557 26
2406 2539 37
174 3264 25
2307 2977 45
1635 3388 54
2140 1486 68
1342 1626 56
1231 1598 17
911 1647 34
3761 1589 57
2669 3397 80
1372 706 99
249 2369 57
1234 1846 35
2993 2302 69
2413 2448 20
233 3061 34
2261 208 34
530 1745 12
3423 2125 64
2155 3443 39
2109 1611 17
1454 2967 54
3838 735 39
106 3652 69
2185 2016 91
1791 3363 46
1022 2639 29
1880 1844 76
547 1888 67
200 2353 82
976 144 36
3422 3602 40
2931 193 82
506 1586 61
670 1875 62
1462 672 66
1674 989 37
3674 159 30
3193 957 37
2337 1694 44
1991 1782 14
1562 1352 99
1333 2928 81
1431 526 97
2131 1492 50
2612 3110 82
938 3340 88
1648 2033 12
1883 658 89
1205 1381 18
239 1806 56
153 3369 39
155 2727 70
3172 1821 94
809 3687 31
108 2500 33
1914 3670 92
1306 2763 84
982 1629 15
2706 1418 62
3027 2120 92
3553 2497 46
55 3152 36
967 140 51
1890 168 71
1870 3586 39
3802 3690 98
3064 3636 58
2635 777 28
1879 23 95
145 3968 64
1207 2623 79
2653 2255 71
1880 3919 68
1094 3256 45
197 2770 50
2172 3937 35
785 341 74
3072 1705 45
275 3421 96
2965 2951 17
3434 3376 12
2239 2311 57
3489 3196 17
3246 1225 37
695 3836 79
1300 578 47
2641 2832 41
1566 3572 74
418 1219 69
408 2357 74
3901 521 19
3206 3795 28
422 3603 92
1096 3821 30
1050 3200 96
2543 1481 27
1942 3462 10
2819 3760 34
2459 1050 18
3835 3814 28
2601 2976 28
1684 2302 30
3952 970 61
1860 422 36
2752 932 61
902 2290 100
389 1593 39
1378 1994 92
1405 1865 16
3456 171 64
2922 695 53
1682 1355 82
3546 173 95
1677 807 99
2424 521 92
2313 1020 35
952 2010 58
3947 1368 73
2902 168 39
2622 2597 50
2078 796 80
2810 1476 31
110 3337 22
530 620 25
1443 3776 91
1742 2157 77
2631 3282 59
2479 772 11
1641 2709 23
3851 3708 44
874 2526 82
3544 2507 83
3903 3069 76
3584 3321 84
1456 1477 26
354 447 75
551 515 87
1632 295 54
2561 1648 73
3087 2691 12
3824 3682 24
3059 2165 13
2388 541 59
2284 1726 76
3573 2099 86
3204 980 48
2260 2830 59
3892 2715 57
2848 1801 75
3603 658 85
3815 2980 88
822 3813 35
908 1510 94
874 1006 63
3500 2155 92
3253 3432 99
2602 2567 90
1695 3155 26
3763 2880 27
3687 2986 17
1066 3162 21
2045 1569 11
3083 902 35
452 3068 47
2520 3494 55
1874 2277 15
3633 3588 86
1838 1312 88
739 937 73
1034 1449 71
783 2682 80
1342 2335 23
3607 2958 25
3773 2041 96
278 743 40
3773 577 97
3254 3910 43
2910 2497 51
1565 696 11
194 2031 37
3536 2462 66
710 918 38
1920 1789 74
2173 3125 73
3491 1725 75
17 2325 47
1058 1731 11
3398 2551 76
3371 1272 72
559 2107 60
2556 3909 38
83 2889 55
1005 2239 10
2542 3655 52
2615 3803 75
3695 2811 67
3591 1317 35
781 1119 40
1023 2028 43
3711 128 48
2808 1551 68
2626 1694 25
694 3371 45
3597 1164 93
1224 1536 27
3142 3635 29
2887 3745 41
1226 3447 43
1539 3028 38
1268 3132 32
777 2769 47
1067 1663 65
1433 2109 95
1445 364 23
1682 862 68
3327 36 83
1377 1630 94
252 648 99
1916 224 56
3894 3239 15
1088 3962 69
2066 3243 12
1415 3775 43
2897 2154 39
3554 3509 10
2043 2105 55
1555 2462 27
2849 423 91
1443 1175 12
3382 2176 27
3661 1324 77
3311 1500 60
1407 749 20
447 949 49
80 263 63
370 1510 77
3198 98 82
2053 3174 98
2964 2852 59
1924 899 22
1759 71 73
1879 762 51
403 1602 72
215 2111 14
2462 375 64
1502 3569 14
830 2863 61
1373 772 43
1795 1610 76
2434 2125 13
2888 1105 71
2905 1992 77
2 1412 97
2556 651 46
64 270 96
2599 1956 92
1344 1504 97
367 3116 49
911 2406 75
216 1079 73
2115 2852 79
2446 1532 96
2968 819 22
891 1209 88
3833 2713 70
87 263 59
697 955 29
803 2942 33
2248 2440 33
3574 950 45
1429 3101 32
3573 2782 30
2675 2177 16
3853 3717 87
3961 610 56
2299 1262 20
103 2477 97
2248 2038 14
3135 1520 92
1920 2923 76
3096 1369 23
1100 169 39
3773 2288 84
733 3988 91
1893 2330 50
1802 189 18
1826 3103 20
3276 1167 40
3798 1494 71
1240 562 13
3949 3035 14
1750 306 88
631 1511 87
1897 3202 15
1918 2282 88
2472 3900 86
3485 3523 72
278 31 95
1248 2112 69
875 2218 49
2794 2076 64
465 3966 58
3661 800 52
2953 3163 15
1506 3959 17
1633 2392 66
1881 3468 62
945 2572 50
1242 1590 56
3852 1817 37
1217 462 96
3372 3723 98
1279 1265 16
2017 3248 85
916 825 66
3672 3825 49
921 1037 75
1343 3519 60
355 3330 62
2346 3416 17
198 236 31
2631 1511 45
2142 1860 94
297 1 87
3068 3585 35
2374 1829 77
323 1082 86
3435 961 12
3039 364 73
1456 1740 25
1685 771 17
531 2243 72
589 3501 89
1117 773 62
3395 1497 76
530 3559 31
861 93 76
3788 115 28
1754 455 81
3042 660 30
3564 1930 49
3093 3922 39
474 149 35
3171 2363 86
1403 773 22
1214 3900 41
1988 1478 71
2826 3207 51
55 1122 75
108 2127 28
3117 823 84
2040 3207 11
3451 3715 57
1518 951 64
567 2846 28
630 1304 30
2978 44 82
2442 2805 38
2384 3816 31
2250 1565 86
796 3398 79
756 2681 53
3572 1580 10
934 1520 73
2312 2076 60
217 1120 86
2342 2582 27
588 3360 94
2116 3795 61
691 2309 57
1571 2030 15
113 1978 66
1320 532 44
1200 1678 86
929 1439 39
1830 964 45
3946 3347 73
1995 1559 46
3384 3250 92
2095 3602 99
2718 1641 25
2068 1460 23
3443 1343 26
850 1230 94
1136 1746 82
784 835 35
3167 755 72
491 3836 11
1119 496 93
2427 413 97
2934 1352 54
2695 2788 33
3703 1347 62
1584 2183 18
595 1907 11
1071 3620 18
3827 1276 52
623 1371 27
2953 566 38
2766 2872 23
3220 1105 69
3785 229 44
1157 3296 36
3982 1586 92
3573 3714 80
1526 1854 52
3602 1336 79
2445 16 60
1528 3860 28
3561 324 65
365 2371 26
3052 3451 30
2506 3054 48
934 2309 30
850 3825 47
2802 1328 86
3716 101 87
2756 1396 20
2630 639 43
251 3949 49
3386 3905 26
2891 3715 54
2197 2920 64
100 3506 29
3770 104 95
236 1933 38
2820 3082 81
41 3353 62
3053 1732 56
417 2070 21
252 956 36
933 3212 41
954 2325 51
3073 1718 94
2814 3850 43
947 2587 59
3583 318 61
1565 1892 14
1363 1010 17
1595 3412 70
1493 2555 25
2313 348 24
3742 1491 27
2006 1487 24
1619 2076 31
2863 2595 80
1026 2116 25
2538 13 79
86 973 52
352 601 92
1522 3444 37
2564 2359 89
484 1114 88
2527 380 18
3051 3861 39
2734 3009 26
3248 2922 33
3712 492 65
1599 3648 71
3906 2869 54
815 1025 76
2419 2642 72
2491 1812 59
3112 1806 97
1840 2011 44
3219 1513 80
2778 3178 12
41 2577 62
1905 1408 86
1524 3214 43
195 3777 69
468 2526 76
2973 1169 71
1568 3658 49
3313 2134 65
1017 2523 47
3618 2425 75
2282 3137 78
2890 2915 92
414 1205 27
2966 1320 21
1467 1514 29
3871 2615 70
850 2704 50
3972 84 17
1935 3108 27
220 1620 63
590 53 42
1147 1056 95
1255 961 66
1253 644 98
3063 1811 42
3378 3742 76
2503 1524 48
1345 3503 87
154 2047 50
948 3278 79
1174 3919 23
2444 1173 81
2412 2501 59
2103 2824 92
3373 2565 10
1151 1347 17
3328 447 48
469 1133 99
968 3664 31
1871 2312 75
1667 2574 26
3729 2688 33
3156 435 83
1783 3527 67
2753 1783 49
2657 3667 95
1905 996 59
402 1972 68
1566 372 53
3283 2086 49
3068 3486 11
2529 304 94
3640 2291 49
208 941 76
700 3594 96
447 3644 16
516 1976 43
822 3922 92
2040 2847 20
409 2832 63
691 995 98
3390 1244 31
1776 3780 41
169 1877 63
3743 3679 37
3902 3428 86
1835 848 14
2306 2460 90
2842 2577 31
1485 1627 93
679 467 12
142 1813 95
3386 3038 97
1163 79 19
1398 229 34
1976 1136 72
2089 45 98
3008 1599 31
3510 170 48
2487 1768 26
1250 3671 37
2601 2567 43
3543 3163 51
3548 2286 21
315 657 40
553 2897 68
3326 3166 24
2618 3130 21
1342 374 53
611 1267 13
984 2894 86
1352 1937 69
3720 1566 47
1512 2973 99
1276 433 55
128 298 100
1611 1853 70
3234 1690 71
2103 681 85
3921 1232 38
2679 41 99
810 1985 88
3265 1539 70
3036 1998 56
2844 881 58
3325 3937 27
1764 3760 13
58 3810 44
1133 2248 17
5 338 17
1135 3189 24
1878 3030 35
3014 3015 95
1359 3869 81
603 1691 71
2921 11 60
412 376 85
1136 1061 70
582 3569 35
1703 519 54
1498 3443 48
74 3391 82
431 87 92
1803 3894 40
3189 2096 72
2768 3565 21
3493 2230 49
1075 1057 33
3943 2339 95
715 41 62
1532 148 89
2987 2528 99
1665 2669 78
3443 1950 94
3392 2601 100
3457 965 37
2554 569 50
1462 1881 32
1519 3175 75
2259 2156 62
2086 3819 18
1995 700 87
1172 2183 98
3786 1384 51
2453 3078 58
3016 2037 95
3588 3805 81
370 446 55
3233 2948 17
516 1740 89
3497 1536 47
1587 1520 17
1046 2717 48
113 2936 63
1143 3036 45
2457 2807 19
1106 1071 51
3637 727 49
3905 2160 50
3138 1823 82
3804 1584 85
3036 542 93
1055 2887 47
285 2685 92
3910 1893 39
843 3290 71
1166 3453 52
3728 532 12
1240 3659 44
3084 595 79
1294 191 18
2002 3935 18
2741 3914 66
1846 2833 73
1924 1413 62
1029 3137 31
357 2609 98
2378 2779 35
3811 996 34
139 3138 49
898 507 79
3438 2091 62
1119 2914 29
1200 3259 54
65 2925 71
3734 3944 27
1216 2899 61
956 849 93
1054 3535 14
3912 773 51
3049 1601 49
2871 591 54
1547 2817 34
3829 347 100
876 1415 16
3166 1640 60
1806 1844 93
2474 623 89
1969 3010 78
2930 2574 63
2398 1178 22
888 2970 14
5 1978 80
3714 2367 73
2851 974 41
3699 945 82
3560 3637 34
2234 3579 41
3462 2957 38
3881 1214 58
3529 138 27
1079 607 86
2381 2351 50
1114 3185 12
3552 3421 55
2683 1632 20
363 3889 73
1559 1145 39
706 1708 33
319 498 98
260 2062 44
2628 554 65
481 3166 44
321 2344 11
3932 3748 87
1047 97 62
1592 3075 13
1571 2020 90
2620 1671 25
1384 3204 49
3983 2667 81
3882 567 60
638 2218 13
2444 973 17
3978 362 29
2200 1748 55
2311 1328 38
2015 1479 74
3189 96 66
2117 840 60
2774 193 55
3100 3074 70
313 1127 22
162 1223 67
1231 1960 42
2899 2054 27
42 3922 39
3513 416 54
2845 2914 13
1737 837 41
397 995 62
3820 2426 88
1668 1327 80
2095 3726 60
3424 3118 49
2021 314 10
66 2144 14
1799 1715 63
1270 2503 98
2699 2794 55
1463 1579 63
667 3272 65
181 2568 16
3398 2521 14
1436 459 41
3371 1522 58
121 2167 95
1042 1608 37
3462 22 84
1 2403 82
893 2080 62
3574 3878 64
3937 2911 45
703 1060 22
266 12 96
2881 2859 99
2808 74 92
134 2625 77
2846 3326 74
15 2501 18
1216 1561 61
2005 3198 45
146 182 17
1214 1175 84
2279 82 83
3976 2630 31
445 3106 61
2555 1173 83
1251 3026 50
2667 444 70
966 3819 51
1948 2543 47
1657 376 76
1000 95 41
1865 886 97
2142 1419 24
401 56 16
3977 1462 17
3987 1412 78
2841 3460 70
343 2919 40
2496 223 35
3450 461 53
3339 1560 24
3190 3707 66
2176 2180 14
3240 723 80
1794 2971 18
2640 3806 30
3008 259 25
496 1721 52
2931 3771 63
3224 2451 88
2400 2457 11
2639 256 46
2350 2972 64
1288 3991 68
2580 788 82
1511 2052 47
3495 2974 84
1286 830 15
69 380 89
1461 291 39
373 2816 74
2086 786 93
1156 658 11
686 3781 36
717 123 13
796 140 27
1065 3706 59
3473 2186 98
1929 966 79
1318 1652 81
1052 2139 74
1685 1523 71
3013 2272 12
787 3249 63
1552 3361 70
3260 3649 35
677 539 95
1934 2888 98
1944 299 99
2461 2041 67
2863 935 76
3952 1412 35
2454 1798 96
2713 1437 12
1463 1610 88
3800 1328 50
910 3898 66
1123 3569 81
464 3085 33
948 68 55
2096 2702 50
1147 2548 75
1135 169 33
3173 780 89
3607 2052 58
944 2630 71
2812 3961 73
1213 3263 52
547 3259 39
3278 1489 53
883 267 49
2196 3882 86
1274 1449 13
2149 3337 30
2258 782 60
523 2619 74
3258 1112 64
1746 2965 20
805 2035 41
1763 2297 83
966 3954 43
1977 3614 42
1854 3516 62
194 2498 57
1542 3571 29
900 2821 14
1793 1752 24
1390 51 84
2979 1708 40
1410 2469 99
2785 3794 84
3641 1856 46
2981 2079 54
1460 2810 58
1307 3213 62
3427 1526 66
3471 81 10
1537 1082 31
2812 1925 20
80 1697 94
2784 2552 75
1609 611 18
2609 3689 67
3851 864 24
758 73 22
359 1349 21
1749 573 90
2331 2058 34
581 1100 92
505 1364 44
3431 2577 22
3562 3705 88
767 1133 67
3980 34 21
79 1838 25
3750 929 94
2071 1957 100
3981 2238 91
565 2951 74
1588 1644 94
1912 447 18
2802 2345 18
1993 1495 83
570 986 65
405 2406 21
3876 3760 62
1811 2771 74
3750 2890 54
2618 2419 30
530 1078 55
1854 2789 17
2850 1116 26
1447 415 62
3076 269 93
1632 80 59
1975 3162 42
3649 1556 45
355 3726 38
397 2915 62
2375 2010 10
2629 2332 33
3499 177 24
3414 1832 25
2283 3745 69
863 3697 46
830 2481 65
1029 2465 94
630 156 36
2246 3606 76
1214 1783 15
1287 2607 41
3472 1375 28
3092 1990 78
1550 1570 37
1497 1518 81
3010 1063 76
2948 1009 61
2111 3977 71
3494 3549 45
396 2576 10
997 742 78
2219 49 77
1608 956 55
2040 874 98
271 753 71
1475 669 25
3239 320 37
1716 585 35
586 1630 24
783 2117 78
1679 2170 84
535 2506 63
101 2323 92
1423 3865 56
3844 2179 83
747 798 78
1193 2022 72
1361 2282 87
1992 619 32
2449 3740 90
993 1010 71
1867 869 78
1597 1103 67
738 2549 80
275 2437 67
1591 3846 69
2377 2509 27
346 1251 63
3555 3091 41
2622 1978 22
496 3052 88
2701 2722 11
1966 2173 93
2582 3144 92
2223 1656 28
2800 1948 32
938 3811 97
1811 9 66
3765 1052 37
3476 929 90
3008 3428 76
3231 3796 82
313 1459 43
2156 1037 13
3816 788 64
3479 2448 63
916 3586 10
762 3843 72
3982 78 38
633 3304 59
262 3865 84
3879 1531 41
2879 3576 72
774 1301 39
3382 288 97
2084 1986 74
3352 3292 86
355 3866 41
2040 424 41
1818 1065 82
3383 2641 89
1055 417 65
14 2717 28
1531 489 77
179 742 60
2843 3372 43
3617 1486 16
2026 756 100
3199 156 29
2885 245 10
1070 1905 66
1610 2582 32
1266 2293 29
1072 260 65
2349 611 30
903 2061 47
1414 2012 99
2707 2577 10
1116 3694 19
2112 1594 67
1739 2420 69
13 1902 84
2273 1424 20
1013 215 30
239 3462 77
526 2214 52
774 1465 60
1202 2459 28
1115 2800 25
1892 1851 71
3253 3984 89
2050 1085 36
2986 1238 92
1315 2270 99
97 3556 21
3109 1746 14
3086 1505 11
427 1077 57
2946 1351 65
3689 2322 10
1079 1818 58
1154 978 77
1759 3837 53
2865 2334 51
1395 1897 38
1539 2880 93
2292 3493 42
2126 1714 85
126 2433 52
1155 2276 78
2666 1943 90
1948 3559 35
131 2851 84
561 2427 97
1550 1058 46
2622 578 58
3222 2109 45
1957 3020 43
3062 1724 26
1027 3029 51
2625 879 28
2272 3205 11
1754 1877 47
3642 405 44
2950 977 100
875 183 77
2823 1758 28
1240 1461 55
736 2642 72
3371 3967 91
2075 370 81
3685 2016 17
1299 3619 32
2733 3933 43
3687 3091 44
1823 2958 13
2642 2956 72
3349 345 78
2970 2260 23
54 3128 74
2043 3535 79
3556 7 48
963 2246 50
2045 1797 34
32 1518 69
1830 2250 81
3504 258 47
194 1156 18
127 1816 54
19 2219 94
540 2764 99
1560 2019 25
1605 2179 23
3310 1767 49
3877 2644 49
830 982 96
1828 3004 87
1748 68 41
1802 1391 31
3928 1815 43
2133 2932 60
3157 1905 80
3574 2212 59
2573 943 50
3181 3613 72
114 902 61
3494 2521 94
1037 3062 30
3092 957 97
1242 3134 71
82 3624 34
2816 951 72
874 1289 80
289 1651 27
869 2073 26
489 1272 59
3479 381 89
2254 1036 10
1075 3725 99
1384 2521 56
2923 3436 14
3191 2554 74
212 3407 70
3023 843 42
2458 2119 51
3553 1428 40
2131 2009 92
1908 89 90
2842 812 51
3347 1602 54
2077 1445 36
1729 2675 25
580 3475 80
1940 814 18
3067 2075 50
2811 563 17
2099 302 81
609 230 39
1060 2227 56
151 3035 86
2279 68 79
2630 1135 27
3174 1442 16
3970 143 93
3052 3243 32
1704 590 76
1080 1044 22
2550 1513 18
3744 2839 36
2280 1491 100
2554 2768 16
294 1019 74
3430 1400 15
2702 379 15
2772 1613 21
1872 3851 22
2924 3669 28
1952 2721 41
1075 1614 34
1727 2625 53
263 3431 51
692 2978 14
39 2649 21
2138 2521 93
1938 3179 33
3869 3037 29
2397 1726 67
1940 1671 20
996 720 42
1205 2488 38
25 2921 48
2421 249 93
3944 1792 78
288 1624 25
994 1940 74
2523 1979 71
3125 194 58
2509 614 97
3329 3253 12
335 1619 90
3642 1038 71
2449 3084 63
252 3979 95
189 3096 60
1704 3159 70
898 1678 90
1853 152 70
2132 1052 48
2088 1797 22
753 2139 68
497 1113 50
618 1232 13
2505 3472 81
789 497 39
1398 1263 32
1720 1333 61
154 3471 23
2900 2894 34
160 1855 87
3206 914 99
2861 1622 37
2841 2378 46
581 894 19
3213 15 14
475 816 73
1745 3031 14
1204 1275 76
3071 2356 86
1781 1441 91
2832 627 75
307 2828 26
584 3827 40
337 3933 21
2211 3213 13
1676 206 48
2322 1134 98
1318 3354 16
68 1326 45
1414 3472 18
2964 85 33
2301 3982 78
2786 2692 14
3590 3728 83
2676 577 36
3607 2010 98
3416 1438 17
2488 3308 37
1312 1626 52
2075 2111 73
1237 2236 71
3064 3530 32
501 3643 42
3281 2180 99
3705 1057 60
980 3373 25
3543 828 59
3740 197 64
3071 808 22
505 2411 19
2539 908 94
3786 2672 92
2618 1876 64
2736 3493 38
3941 2478 27
1686 2138 96
1343 992 73
219 443 86
3928 486 44
647 2388 83
3163 2313 20
1499 1588 63
212 3148 82
1847 2434 69
2965 1577 73
2397 498 59
2555 3769 86
2430 292 23
1422 480 25
2984 2818 78
2233 1126 75
528 2889 57
2990 2926 80
1687 2938 82
3362 3358 35
218 2090 69
996 3426 20
615 1543 85
3592 3351 63
372 1125 25
2055 3287 78
2823 3626 57
954 790 83
1989 3115 25
451 2265 54
1232 3721 53
1089 165 44
1109 798 62
783 1169 94
371 2360 83
601 1705 89
1963 3001 56
1597 1870 74
134 2406 26
3457 1226 96
2139 1330 47
150 1735 79
2243 930 59
887 2011 69
2841 3687 53
2668 2352 66
1913 2154 31
1632 898 60
665 2104 82
1187 16 77
1982 3868 91
2363 787 19
2205 247 56
1335 1217 35
3840 1220 88
1981 674 16
367 2719 30
1039 458 20
2190 3722 83
1160 2307 46
799 3568 100
3968 2546 16
3924 586 27
3548 648 54
2965 1233 61
1054 3688 64
2074 3111 67
1511 3346 61
2558 3668 89
559 1253 84
1857 2146 35
3159 450 51
2677 1088 72
3552 1190 61
2452 2740 28
885 3932 65
1376 2781 15
921 1704 19
451 339 68
3794 800 76
1915 2255 30
1549 1436 34
895 2196 83
510 859 45
1862 2785 78
1039 935 99
2405 3872 38
1962 1626 92
2480 344 84
3892 2282 58
3030 2145 16
3943 510 80
2772 2455 42
3454 3925 42
1552 473 15
499 972 66
1124 1701 59
1124 704 87
3655 2032 29
2729 1234 74
344 2616 39
1796 1736 94
795 3200 44
880 886 100
893 728 14
597 2946 51
424 21 83
1294 3920 66
164 986 65
1349 3230 64
2994 2811 28
964 3713 11
2907 3168 80
39 2124 78
2753 1419 71
1998 3396 13
2393 1400 24
1317 2334 14
3881 3037 47
407 1099 69
2685 2620 89
2962 2983 20
483 3835 18
3740 2268 37
1730 3379 77
2280 3233 61
1311 3222 28
2170 629 30
2725 820 26
3163 842 45
2524 2355 86
693 1315 10
2446 1320 75
280 1950 28
3328 715 87
597 1778 89
3039 1849 45
1531 2663 17
3574 3697 53
806 787 63
325 3654 28
953 3332 20
1712 2877 34
73 3786 21
2930 2362 49
1490 1631 30
3724 3511 61
2087 1323 40
3076 646 57
3334 3447 85
1099 1289 34
1359 3376 31
1626 3034 24
2105 3559 44
2463 3677 46
1734 2389 26
3538 2386 15
2190 2802 67
3833 3121 87
3936 3269 38
2792 2819 100
432 668 18
1447 150 15
3379 3673 87
2362 1983 33
1899 3079 51
1987 288 88
3510 1826 78
3357 1751 58
2557 2879 99
3393 2245 64
1478 362 21
2007 2797 87
3636 44 65
3313 3536 66
3679 92 63
3416 1817 61
3322 2135 100
3071 1890 56
3225 1204 88
2812 2525 53
914 1729 81
222 2011 70
3389 803 13
3888 841 42
2731 2195 69
107 3633 46
1218 2160 82
3504 3044 15
2185 3271 93
3659 930 15
1377 509 49
61 1489 45
3686 1054 90
1948 572 74
1412 1818 26
2029 1825 29
3791 3082 84
929 2072 46
2219 300 12
3916 2143 81
1750 1359 97
2978 1919 34
339 2191 51
2528 506 26
855 2780 69
2016 1689 11
1873 2945 86
2939 3670 86
2042 1345 12
3775 279 78
1006 1711 47
922 3458 40
1027 3453 95
2146 423 56
3530 1135 77
3611 213 60
3639 3633 34
2252 3158 91
2376 2932 90
3749 1578 85
3169 108 53
2714 3802 11
234 2538 34
3249 2891 86
456 2694 44
625 2356 87
2772 3030 72
1797 1339 31
1360 3424 79
2300 2018 71
1363 2152 96
1399 1344 36
1389 1660 93
2673 2916 19
615 2441 100
1821 2691 63
553 1461 31
3048 1412 57
2921 412 65
3580 3664 53
1092 78 63
2013 397 10
3355 2754 25
3025 455 45
1330 2610 63
2605 3977 43
639 2563 14
2527 3093 53
3467 105 46
3991 662 14
2973 2170 27
834 478 63
2221 1006 25
2030 3305 19
2480 3563 74
3658 1815 64
1098 3915 42
3870 2319 72
489 418 32
1704 2021 82
1858 3851 59
907 1769 35
2669 2694 12
2569 1401 97
2508 1147 48
3579 3141 48
3489 2881 15
996 3267 30
1377 2674 20
1341 1586 81
323 3335 48
148 480 67
3225 1401 40
3280 254 14
597 1819 68
1874 10 88
140 3990 36
3167 1113 50
1366 2120 80
3020 3592 69
1282 3503 39
3622 1865 84
108 1832 62
400 2166 81
1957 1402 76
2810 222 37
3915 1705 19
135 3649 56
421 937 32
1253 3027 52
1933 2663 26
1930 758 64
1752 4 91
2348 3767 21
504 555 15
3038 701 94
3824 893 20
460 2119 33
1861 3119 76
213 1221 88
1200 2253 54
2099 2944 31
1247 309 91
3380 2489 76
1890 502 13
2739 3188 38
3353 3980 49
1875 3597 62
3059 1128 43
1004 1627 52
1915 2681 58
3662 3719 23
3456 518 50
3920 2929 75
878 2577 71
3711 2496 79
3201 2827 87
2704 1135 25
1476 3316 76
664 1323 19
118 420 65
3551 1877 49
3071 1809 20
3246 1995 92
3278 1040 80
3848 37 82
3069 168 92
26 168 33
1548 3354 40
2163 2573 53
207 3241 54
1002 1472 21
2508 3266 51
2222 790 12
2022 1470 27
1100 807 69
3743 1380 10
2867 3234 46
3361 2180 40
250 2203 100
1813 3419 97
3532 446 43
1705 756 65
3712 360 38
61 293 11
2908 1781 43
1507 2961 61
3241 1925 60
3741 39 52
2763 1570 10
2101 3555 45
3440 2671 18
358 2498 69
3850 2987 41
34 1731 100
3977 592 28
2757 3496 68
1892 67 22
859 3971 61
44 3263 38
3883 635 94
1504 3167 94
3176 1021 86
3209 3019 45
508 3364 13
2954 1128 97
3045 2572 93
932 1656 12
1237 3313 59
2642 1209 35
1797 1110 75
1582 44 48
1642 3795 92
196 382 59
3464 2165 18
449 2918 62
1125 2038 86
558 3510 72
985 3454 44
1087 1882 16
2373 2992 49
287 2466 91
3038 3954 32
1182 3867 54
604 2430 91
2614 167 85
547 2641 44
3610 2421 16
3126 131 17
3162 815 11
3028 3765 14
2665 3291 72
2809 789 45
1951 1208 61
2671 2197 14
1419 1499 95
1056 3910 67
3680 2157 72
1368 1264 54
2973 83 32
969 2488 87
2068 3774 92
2123 2043 61
311 3059 62
2605 2229 94
1711 532 14
1633 3202 80
1449 899 71
474 595 55
3973 2710 72
2487 791 60
479 157 11
48 1298 43
0 3906 100
3320 2582 78
3170 1969 22
1190 3346 94
1757 1018 71
2133 671 96
927 3351 24
3562 2260 14
1031 2461 59
2064 385 28
3504 457 70
3486 3445 72
1754 1839 60
203 28 36
2955 3991 78
3987 2450 98
3330 522 94
2388 1191 64
791 333 20
2779 2680 89
876 312 55
2878 5 50
3596 1977 19
2816 399 71
516 90 82
466 2006 100
3742 1425 69
1441 2140 12
2588 2828 48
57 3781 95
1821 3119 24
1295 3800 96
1478 1546 62
2652 3562 38
3663 133 27
505 2 72
2782 1131 92
2451 2712 34
3778 1643 64
2661 1879 28
962 2536 97
2367 3904 15
3911 222 90
1962 475 25
1606 3578 41
1461 3513 100
3081 659 73
634 3626 36
1888 518 96
1903 774 58
238 3530 39
320 836 30
2898 3639 16
3903 1767 58
3174 32 15
524 288 16
16 61 19
3795 2044 31
3889 2391 62
1764 1626 21
3407 1138 91
2639 521 72
2773 2334 40
3120 664 59
2566 2236 58
2204 1861 48
2990 2341 10
234 2265 30
210 3753 37
1703 3779 84
752 1341 89
2013 2865 12
813 556 44
2087 2250 60
1266 1478 44
3517 2548 23
1358 3314 36
1881 2628 82
1101 3220 24
3302 2466 22
2199 2805 17
1251 1076 64
3345 100 55
2926 3988 10
1984 977 15
212 2624 25
1878 2297 83
142 2882 48
2307 1100 47
1224 3870 24
1890 3923 26
94 3322 10
1315 1738 95
456 973 77
2522 1958 36
3141 3574 74
2342 1751 59
1106 3387 31
963 2137 42
3888 323 68
3371 1864 18
570 1253 79
2401 1162 10
1366 1950 19
1401 642 58
280 3528 31
3955 3642 28
2306 1199 39
2629 1957 61
3672 3519 16
598 643 98
2744 3739 16
562 1724 36
1124 3659 10
1397 2690 25
3757 2781 89
1207 1713 39
270 3623 69
2801 764 59
3149 1490 43
3120 3246 59
849 1315 21
75 3415 82
2282 3742 95
1111 1158 52
684 3000 100
2790 3540 59
1175 1138 46
3438 668 85
2517 735 97
377 3135 94
1101 1560 64
1229 1051 21
1522 1910 92
1438 995 51
2504 2818 41
936 1020 48
3903 3158 66
1330 1559 81
2625 1031 17
3462 2248 20
1547 363 73
2990 2644 76
3513 712 76
578 730 79
1188 1272 64
2294 2319 95
3842 282 36
631 2733 59
310 2878 83
549 1890 77
958 2449 94
1823 1436 65
1178 2218 23
3144 1570 69
2033 708 20
3573 1670 16
477 147 25
711 2334 72
2779 1696 85
260 2328 16
3757 884 53
2465 596 94
435 2180 57
3845 3138 71
3011 970 43
3480 3223 61
1717 292 93
750 495 49
2557 2766 11
1937 2317 19
3468 103 71
1872 3899 20
1231 3563 78
1203 2076 74
2286 3621 32
1148 3823 59
1667 2757 44
876 3950 63
3360 2734 83
1072 962 99
1354 2380 91
2021 312 16
1550 1850 43
3670 2893 26
3255 2675 61
2216 2998 92
1928 75 91
307 3179 48
2000 2728 49
2062 3586 20
594 3670 24
3171 2356 62
3317 3873 94
2121 762 67
1388 2534 22
2556 6 98
2686 2499 77
3052 369 13
1313 3961 68
862 99 84
3300 2798 14
1106 2260 34
3764 498 15
3756 2541 52
3694 3279 97
3262 3481 19
815 2244 28
405 2785 69
3743 1215 74
2504 1930 31
2572 1366 97
2700 3676 31
1568 3205 100
21 31 16
2851 3956 66
2167 695 58
1583 2469 23
1279 877 77
1495 1006 35
1511 1206 38
3414 506 39
2756 2742 90
2221 1392 89
2981 1191 75
260 3817 17
3702 926 71
3248 1125 86
1144 3358 29
472 2508 75
3185 3157 68
722 941 33
3869 1431 54
3266 3966 20
515 3214 56
1494 1022 96
756 1300 88
191 3578 86
93 1158 88
775 3160 75
2738 1310 46
2279 3686 29
3575 3911 37
2266 2661 74
1664 3495 91
387 1246 38
1032 1711 29
3531 972 34
1265 490 93
2266 3639 52
2037 744 68
2022 1198 43
984 3040 89
2927 3890 40
321 1598 20
2646 1669 71
20 3855 78
1513 1465 76
652 3603 76
2072 376 39
2672 493 39
1371 3110 39
245 1656 19
1653 11 47
3338 160 39
2379 718 32
1684 1549 62
3851 464 76
3402 3902 87
2236 3590 88
3172 754 74
1959 1428 76
1166 3350 44
2966 2074 28
676 2621 10
3872 436 67
2206 3725 73
2928 3610 40
3826 191 60
2141 2151 19
38 3723 46
1659 2637 42
3197 744 62
1376 1628 55
673 1724 99
80 2440 23
1269 2350 26
191 3619 70
2137 3460 89
2259 1834 19
2992 750 35
2554 3706 18
2726 3928 83
809 665 79
36 442 10
2839 2581 23
149 1852 43
798 508 52
1881 3489 93
1669 2600 54
612 96 83
2195 3031 64
1440 362 93
2344 3331 95
733 3732 30
191 3604 82
2918 2773 59
2759 1374 88
156 3387 69
3884 625 37
615 3682 90
2060 962 54
3213 2092 87
2878 2225 74
416 3356 89
918 3632 96
2405 1847 85
3451 2548 10
3218 2322 62
596 3215 84
1433 2868 57
824 1409 22
1355 3070 65
2360 429 41
3568 733 31
3313 3665 79
135 3157 77
2499 2440 43
2693 2676 27
1184 3482 96
2218 1933 61
469 3158 72
3087 486 99
1430 3631 61
3356 507 30
1827 2845 84
1935 2873 60
294 3851 48
2703 1809 82
1512 1678 89
2559 651 85
2331 1766 74
3582 3605 89
1787 1253 13
2830 53 53
1137 1005 92
33 1199 37
740 3829 83
3922 140 11
3986 3065 22
2172 522 93
1421 2700 62
3095 2458 33
2650 3360 95
839 3097 90
3017 3511 92
3083 3378 84
458 3978 78
3841 1863 46
3037 190 60
2762 1080 97
349 1973 16
3515 3154 56
2808 2139 33
3753 2135 69
992 3321 55
3550 1909 96
3175 2843 11
1234 1498 49
217 2329 18
249 2165 74
3412 2210 69
2711 1544 84
1341 2242 32
2445 1397 62
1357 3756 90
1076 2636 65
2291 1007 69
1499 2979 64
1028 3691 87
3037 930 86
1659 2515 49
3848 223 98
3504 1777 76
2366 3078 36
1191 2019 54
2388 1656 46
3587 275 17
2285 616 81
94 2112 85
2339 651 64
2492 554 55
2843 1970 81
55 2968 93
3048 2371 53
2317 1100 71
2465 1235 76
971 313 57
3002 2855 58
18 3340 52
2825 3476 36
559 2906 58
3179 1320 42
1592 1039 68
636 817 21
230 2182 30
970 2257 21
87 3344 60
2898 684 23
1885 2897 63
2916 2236 21
1714 3300 82
1758 704 27
2421 3154 90
2262 3748 66
2398 2003 41
1300 3725 23
3798 3023 47
1090 1395 79
2237 896 19
1953 1228 18
1542 2488 62
134 459 23
3869 1721 12
816 2947 66
3841 1834 10
3678 2527 16
1921 181 82
1323 110 30
3666 1577 10
736 1661 90
3636 1197 57
580 1638 98
1650 3555 58
2346 3057 62
1320 1834 66
2940 1017 23
1904 2729 69
1162 2969 75
1468 1873 63
1551 1622 87
3062 2611 41
240 3527 55
282 1434 77
3563 1865 23
596 2698 67
1283 270 74
3885 1257 68
2933 1766 56
586 3081 89
1872 2459 35
2241 3169 75
170 775 35
1431 2164 47
1046 3491 18
3904 2854 99
3754 661 91
2740 988 91
2580 1919 23
148 704 76
1367 394 89
445 609 46
3771 1731 58
893 2780 54
3197 3675 22
2083 1530 10
3246 1182 84
2011 2682 79
3213 1062 17
193 504 78
2509 1239 85
738 3152 35
814 723 79
2635 896 80
930 3066 22
1161 1477 24
3988 1929 68
2777 1183 54
1795 3387 39
1155 3091 83
3308 1194 77
2580 3397 69
3195 163 68
929 1489 70
1632 3597 40
424 2806 69
3530 3477 70
3689 959 99
113 2180 12
1588 782 84
3991 3742 88
1297 3201 83
1823 2185 23
3693 1532 14
3922 2733 91
1541 1499 20
566 2416 56
3881 3850 15
2050 760 23
2721 3733 14
1702 400 23
1242 1241 40
817 436 42
3550 1537 36
3178 2907 30
3707 1292 98
1314 3837 31
3976 3357 76
1985 3922 30
895 2830 29
883 2861 72
20 2842 23
523 2464 16
1887 690 89
3490 1134 60
17 3616 17
1900 428 85
3638 816 52
1486 3524 16
2070 606 18
2975 583 53
3275 1724 29
3904 2120 61
344 2700 55
3403 353 84
1218 2505 44
485 1039 58
3036 910 25
1623 2148 15
1503 644 15
1921 1158 93
2638 2921 85
2217 1941 73
3938 3496 71
1102 1252 97
2035 236 64
1762 2014 49
3772 75 96
2363 3787 65
3059 3296 36
3593 2892 79
2096 2421 51
3525 3720 20
2814 602 60
1964 3028 59
2134 1228 53
2522 171 22
563 808 84
2719 3604 53
3316 361 38
2698 3164 94
3914 1360 61
3746 3138 93
3315 212 86
3779 1712 15
3354 1065 99
3487 804 43
2000 1504 78
3412 1563 52
3453 2365 51
2451 2306 92
3767 692 28
2569 1969 61
2097 201 39
374 3627 87
1411 863 25
1453 62 54
2930 617 38
429 1938 64
3708 3551 48
2494 3539 64
3415 1558 49
1792 2261 29
3471 3618 14
1402 1154 23
1707 3597 54
3297 75 96
3544 1134 60
1551 1206 39
1330 645 18
3617 3932 29
3450 3569 76
540 3337 15
3164 2379 10
3565 762 37
241 3916 28
1522 829 50
3671 1946 87
1030 3618 16
3075 2668 20
846 2262 84
3791 3285 52
243 1926 21
3003 2554 79
3131 359 70
1589 3842 61
984 422 86
2457 3522 18
1598 1168 86
781 2923 11
2688 1243 99
568 3717 37
3486 478 30
27 2374 89
3572 1309 47
622 163 81
3153 3849 90
1930 3842 92
263 1646 26
725 3359 41
2081 653 13
739 2570 39
2268 792 72
364 2655 34
903 1223 57
2392 3046 19
3767 3690 73
371 2090 12
1489 2455 12
253 2494 53
3006 2145 25
3820 439 74
1972 1355 78
3140 569 55
2386 2395 90
1749 1263 64
2594 3963 97
1954 3969 47
1844 558 83
2180 421 15
415 806 45
2879 938 66
850 7 37
1600 3238 92
2412 1689 11
243 3219 93
2573 2847 77
3983 1996 23
118 432 87
166 2449 62
1174 352 79
3961 2255 31
3065 3856 81
911 3513 32
433 1488 27
3590 799 24
52 1985 36
2810 447 53
153 2137 77
115 773 75
3768 104 11
755 3955 24
2288 3549 61
1287 194 46
1652 3477 21
3202 1321 100
2899 26 62
335 2152 68
1545 1277 11
3901 734 38
3649 1961 10
3817 690 29
3833 2992 54
3937 3718 22
2174 1414 11
3101 2771 90
2677 2 82
2180 561 52
3934 3664 61
1458 632 94
840 968 22
2176 1216 95
3003 723 21
2338 2477 14
3697 1947 57
2306 3803 13
9 3990 73
715 682 18
2741 2074 29
504 3858 68
2895 1145 62
249 3934 10
2503 567 41
859 1720 11
3344 421 75
3645 3368 86
3725 1981 87
1691 2084 60
2889 2210 75
1388 41 48
1142 2165 45
2062 1738 39
2957 1893 45
1765 376 44
54 496 49
3177 23 72
3030 1310 89
805 2341 40
2745 3793 80
897 610 50
3026 3841 54
2016 2086 61
3387 953 31
1576 1940 26
1120 1515 32
3299 2507 74
1322 440 34
3116 227 80
2347 3822 90
797 2786 45
576 2098 65
706 1828 52
3668 720 58
3743 3945 68
748 1854 94
257 3577 62
2051 3448 55
3378 1115 48
3030 1433 15
1390 2688 40
31 791 82
1198 2150 43
2752 1248 21
2664 2534 29
1632 55 65
1161 1796 39
3396 279 22
2097 3047 32
3058 458 79
3706 2997 65
321 1964 100
513 2939 58
2423 3817 42
2987 3710 65
1151 375 23
1510 2289 27
2543 1018 10
45 1515 97
3924 890 99
3908 348 94
328 1983 55
2113 1664 91
3608 1540 49
356 490 70
2686 3916 28
2273 850 48
2764 1377 65
1885 796 93
2337 179 67
3205 3660 49
143 2940 99
2779 2595 65
2773 2621 43
1334 2733 43
2135 444 76
3440 948 74
3325 297 51
1306 801 29
3219 1425 26
1407 3244 11
2263 2420 10
569 1228 30
166 310 45
1497 2412 68
2053 1036 93
35 972 52
3007 519 62
139 3400 91
3962 1590 100
1381 452 71
2127 3036 64
2368 1344 78
2324 1746 92
3876 2934 63
220 3103 66
2018 3508 63
2607 3462 89
1208 1011 77
2554 253 43
881 2689 80
3605 142 61
2733 3341 73
787 388 61
2665 3210 70
245 1697 14
1112 2110 54
3607 2296 51
842 1784 62
474 2128 49
3345 2369 15
2793 2564 82
2594 1797 15
1514 2872 55
63 617 70
1113 1042 27
1913 1931 41
641 3951 56
1698 1385 75
2764 606 67
1717 1052 88
3231 3920 42
1072 3873 68
1689 2926 46
1613 84 78
2346 818 94
2507 2639 60
3212 1891 100
3394 351 65
1441 2345 12
3329 1631 17
2737 1584 30
3709 45 72
667 1079 84
3583 1612 87
3037 2077 39
5 1040 79
484 1503 59
1356 2370 79
2442 219 71
3411 782 27
3588 820 46
429 2108 33
1827 1711 14
1657 1756 14
2619 473 96
2299 630 92
1673 138 99
773 222 54
3600 691 74
755 2816 36
905 1446 42
806 544 92
910 2163 78
321 2658 23
1206 2530 64
3624 3002 50
28 679 57
263 2980 74
2531 3173 75
3893 2017 44
3909 2943 93
2726 1570 82
2046 3851 46
2079 1022 45
721 2242 14
3186 3003 29
1806 2038 97
2083 1776 11
741 2204 86
301 2212 19
2258 775 94
1890 1232 73
2156 597 83
3761 2414 18
401 2980 45
141 2605 84
1818 505 13
1067 3633 63
3147 2375 93
37 2088 91
3612 2657 81
2070 907 80
1910 621 56
1060 1510 41
1339 103 94
1692 2727 82
2691 2706 83
266 983 37
411 2291 94
2091 60 45
1872 3699 55
778 3569 11
3181 2164 82
2671 1690 64
1849 3261 29
318 2572 37
3271 395 22
2395 1849 89
3425 1701 51
2266 260 85
2488 1463 56
2464 1078 41
1946 2937 63
2747 2169 18
3426 490 54
1895 864 53
468 1060 57
1001 3438 51
152 127 15
326 3370 64
3727 3286 35
3086 1040 37
3276 2172 46
1600 2470 71
1972 657 96
158 1104 55
3771 3889 55
3592 1391 39
1294 1323 13
1 1281 37
2012 2009 52
1861 2344 27
2858 930 88
1017 1097 48
2703 1059 74
1396 3556 68
2596 200 32
1194 47 51
728 2574 83
444 3520 39
3588 878 77
2373 31 48
3740 1700 90
1693 3421 25
1285 1046 27
1791 3926 98
496 921 96
2160 3605 71
467 3192 87
2796 1560 88
1929 1678 55
175 1324 66
2719 3764 77
3496 367 95
3442 2742 27
3257 3442 40
1550 1414 29
3321 3741 57
3006 1854 76
1466 3684 76
2254 1356 97
2630 172 16
3619 826 26
2432 3821 19
1881 3749 94
110 3046 23
2742 2136 21
1502 3978 27
2644 2978 41
2610 1551 58
2532 3256 76
2376 3470 55
3025 2155 34
1970 1065 28
2482 1345 44
2455 3640 41
3727 672 25
2565 1576 87
1969 1596 26
348 3665 85
490 2944 75
2025 1025 90
122 1945 100
2721 204 55
3096 919 78
1912 2927 43
3674 3631 73
231 2762 28
1984 2140 76
3974 2615 86
1717 2437 71
3523 2318 39
3675 2855 63
55 2308 75
1031 3832 61
457 539 22
3068 3551 97
1565 1807 50
1725 1515 45
274 225 26
324 2086 54
658 3610 72
2419 267 67
2522 138 97
1165 3250 59
2990 818 10
1377 1201 42
3348 1772 37
1258 2939 64
2797 3377 88
3560 820 20
2257 1896 28
560 1474 24
764 3634 35
1105 2809 68
1412 2367 13
3539 1918 33
3903 771 99
2671 145 20
2827 436 25
3330 3706 19
2305 2369 31
2671 3944 78
934 3939 71
1872 542 97
614 106 21
532 3724 75
3024 2763 38
643 3361 95
676 560 34
2235 2728 29
621 730 57
2047 2635 53
3879 1867 44
3145 3017 65
2401 3923 82
1246 2435 100
907 2387 71
936 2786 24
2191 2169 12
1681 72 86
2311 3175 66
3299 766 14
1098 2154 97
141 1225 71
484 3206 45
43 2859 23
1591 1 60
446 111 92
2327 2701 79
1494 1122 54
1147 1586 42
896 2214 43
1958 1576 69
2977 1466 70
153 37 78
3812 3889 49
581 2513 48
352 1782 20
2737 1328 89
3720 691 96
2983 2377 84
3185 403 92
2250 3872 32
1699 1012 67
2974 2025 89
2328 970 24
346 3149 44
3406 3898 81
900 378 52
3956 3136 30
286 688 22
2373 2300 46
1645 3759 25
1939 2187 79
1114 3518 95
76 843 72
515 2245 28
3952 2060 79
535 845 68
3400 3096 72
1568 3107 100
1435 3228 24
2569 3345 45
3955 3405 10
1026 1400 53
2516 2812 81
715 2127 56
3549 1941 44
2182 165 57
1833 1918 26
2907 2157 40
2854 3471 24
367 671 82
1634 1892 21
2163 549 57
2686 757 43
2293 1258 81
2474 307 52
3909 1971 66
3881 1245 93
3917 3835 95
770 2561 68
2308 2440 21
3482 468 54
3814 3820 49
59 3081 75
1050 2697 10
2111 2802 14
1315 2924 86
2743 2366 88
2717 3103 65
3030 94 74
2657 2374 28
362 1101 45
1743 2047 28
1918 831 78
3774 14 39
2746 1747 48
2880 285 55
2028 178 27
1753 3895 61
1225 588 21
2852 3659 72
989 2035 33
123 3119 97
3070 1487 65
1670 75 48
2613 1281 72
3450 2824 31
2082 2506 14
1671 2959 26
3828 1195 42
2431 2599 94
3372 2881 41
2037 2098 85
2843 1909 18
3129 598 32
650 2448 28
2880 1784 12
1837 1623 85
743 172 73
3913 3746 44
3880 1883 44
573 2239 93
2655 1830 44
679 1220 53
3085 3902 15
1277 1113 12
703 3548 38
2381 3519 11
29 3929 95
3872 1809 96
2110 656 53
1545 3696 64
380 365 62
3482 477 11
1699 3027 64
2755 1567 87
432 2661 21
1985 834 70
3806 2133 87
3279 1549 23
1764 2398 22
951 2453 82
1 2018 33
3438 3626 20
1011 85 44
1406 2694 41
1114 388 92
3745 337 76
2332 2573 28
2531 759 56
1463 987 91
3568 1153 94
3003 3394 25
1164 1539 41
3158 3704 22
3445 404 33
1748 50 15
2010 311 56
2957 3165 73
3419 2669 83
233 2625 53
1618 3529 83
2716 1430 70
2733 1086 33
3284 2656 32
632 2065 45
2446 3119 31
1811 1960 57
3005 1531 42
1487 3930 75
2639 701 40
870 3901 56
514 797 33
71 2143 82
1258 2733 64
2192 1032 56
690 294 55
2024 1207 64
3821 3467 96
1878 2653 41
355 2235 16
453 2097 41
2356 2929 63
796 1860 77
1712 134 97
2259 764 33
794 1582 37
2134 1648 15
118 16 52
159 2737 95
1812 3945 14
2397 174 44
1627 1813 11
3494 2594 68
2413 2569 82
2885 1966 59
2114 859 92
1125 3780 36
278 2427 86
2012 3632 83
107 1864 52
661 1773 88
216 3196 84
894 2897 65
156 1169 15
187 664 79
2412 3914 26
3771 1973 22
2598 2763 57
1781 333 29
3989 3538 50
527 2962 95
1709 2839 37
1343 1168 71
744 1158 73
3614 2140 81
1640 2084 63
2358 2600 48
3473 3821 81
819 2912 89
2088 3253 83
2436 3837 14
3801 2247 75
304 3157 77
3278 1523 35
2398 2719 23
2581 1833 17
2405 2302 79
3547 3679 46
1763 1811 72
3727 1654 24
1737 1565 13
324 1462 86
3139 2046 68
2901 3445 92
3958 2852 77
1257 2560 42
2132 3831 13
1077 2803 63
1885 763 70
1594 493 37
3967 2729 25
2490 3858 28
116 2992 94
3540 2273 96
1065 1221 44
1243 1249 50
3394 1622 32
1879 3595 91
3201 1503 22
2684 1554 45
3047 3609 81
599 129 87
3090 221 21
3232 3246 66
1722 1019 11
3481 767 22
3711 3342 74
3230 2091 35
1275 829 23
2398 3025 53
3775 1850 50
1293 2924 93
548 3928 70
257 229 67
1303 2754 30
3524 121 65
773 566 49
3293 3288 15
711 3811 79
1982 403 12
1873 3830 41
3771 192 96
1631 1016 73
327 1296 35
1009 145 92
1045 660 69
3440 2394 37
1147 3318 96
90 617 69
3022 2291 75
2306 3046 25
1156 1920 31
3841 23 96
2180 2856 22
2428 3701 98
1736 1582 52
686 1689 25
3246 2812 63
1649 3688 12
177 814 42
2891 3603 35
264 3521 14
2009 2073 12
2086 1040 85
2615 2836 55
1788 1995 37
3106 1463 30
53 1382 90
3678 930 72
559 1446 73
3427 262 55
3399 2814 58
2436 1957 82
551 2551 76
1747 1329 17
3613 3706 32
3672 2399 50
3395 1498 12
557 1430 90
2088 3891 74
2261 843 86
3657 2928 18
961 3038 61
1218 2889 79
3638 1419 60
3175 1366 96
1568 603 83
2464 2184 82
1677 1031 90
556 208 92
2792 3164 57
457 2846 81
712 1966 31
2065 2043 48
749 2228 58
3819 750 70
1146 2354 43
399 896 11
3051 1830 98
1524 632 72
2515 2892 77
2195 1458 56
1404 2263 92
2392 3092 75
3447 2368 61
1663 3136 96
1989 530 19
3774 3924 47
3539 3230 35
2879 2341 89
3253 103 15
1546 1711 68
1046 2759 82
2777 1035 68
1874 2128 21
3608 3040 15
1400 1132 87
1959 3371 41
3244 1937 10
2734 2547 38
2390 50 29
2127 3302 44
476 600 88
3867 674 47
1423 949 22
3981 3307 32
3077 3700 88
140 1896 33
262 85 79
3301 2018 96
3322 2279 75
1719 2457 24
1421 3217 35
311 3241 91
3508 3239 73
443 3680 99
2727 1401 94
377 3383 97
3799 3424 65
675 3720 49
20 2226 74
2884 150 17
3128 2215 14
2318 1313 64
2442 654 30
3292 2107 64
2650 2124 43
1257 3844 15
2997 2312 57
1443 1376 14
1160 2253 42
2262 1863 80
3312 857 68
2630 1245 48
2706 3784 27
3422 2585 72
280 3769 64
2549 1146 43
237 2079 43
1510 2911 11
236 381 78
2649 641 42
3680 3611 59
1657 1388 90
599 1227 43
1153 2428 28
3697 3890 42
2271 1711 48
1583 390 33
1276 3944 89
3008 1956 24
306 355 89
1536 1355 73
2085 3845 37
2693 1675 80
2832 1905 23
2591 2618 36
1169 1946 98
3552 1877 74
2483 3631 17
3779 3619 63
1327 3229 30
1003 2391 43
2853 3899 36
369 1506 28
2742 426 66
1923 2565 12
3180 3705 32
3648 3860 63
3806 491 70
101 3313 85
3572 2157 85
2881 766 15
1519 423 59
2265 414 13
1179 2392 99
2370 2454 10
1133 1088 85
452 1353 45
2258 1147 18
3715 1875 99
1810 3888 90
3406 2427 67
467 264 20
2348 3919 25
1286 1499 32
2750 1115 33
652 2956 43
2018 340 74
1881 895 62
1503 40 48
3372 1779 75
3305 3910 46
612 3105 89
476 448 77
1796 3457 85
876 2458 95
65 3666 18
2186 3335 11
2264 2247 80
3862 1735 37
1357 1812 33
752 1658 20
2957 3512 40
1332 1168 74
2808 795 66
3060 2794 10
3557 3372 92
135 1997 47
3168 2287 84
1342 494 24
1769 1738 55
2508 2147 72
2398 3215 48
3256 2090 27
3225 965 21
688 1294 95
2333 273 84
1095 3826 16
3232 3184 48
805 3339 67
2109 1373 96
3819 862 14
2817 1275 93
197 3395 24
1082 3518 48
1896 3275 11
3198 3340 87
755 1392 97
3629 2748 10
201 1812 70
670 41 44
3879 2580 17
3595 1355 45
3401 2316 27
2166 254 68
2992 397 78
2108 820 99
1570 1212 71
1886 894 27
1387 2459 52
834 3110 69
1813 309 61
3433 2327 54
1750 2780 54
478 1889 26
3390 3544 27
1821 3931 37
3676 2960 76
2067 3382 10
630 1579 82
1875 3739 75
1977 134 48
968 2816 64
2511 2118 48
2445 361 78
3403 583 40
2024 1962 66
3510 2017 40
2039 1093 74
669 3589 10
3354 1144 80
2989 1333 93
3220 3891 48
1392 345 83
3928 2234 78
1102 2714 81
1408 3262 82
2742 2656 88
1720 3524 38
661 2664 48
3853 511 60
2098 1473 53
65 3555 43
960 2667 50
749 1358 23
739 614 20
3015 1739 43
2926 1514 87
3146 3047 58
858 488 67
2790 2840 40
1514 252 27
3933 855 54
1946 2437 35
3939 2281 54
1779 3551 11
3102 76 92
2982 3349 68
2540 1379 96
3489 1434 76
2629 2013 51
3229 1288 36
2582 854 85
2505 1736 49
2627 1165 97
2689 832 32
3417 1668 41
885 2125 69
1848 618 76
2417 1469 75
1417 281 87
2659 3316 95
2174 3359 78
3168 1109 38
545 2710 73
39 2382 83
2667 2408 38
2655 2630 28
2550 1330 25
2431 769 40
252 2230 10
1432 3650 49
432 1317 16
1327 933 59
1642 1269 77
1314 724 53
3311 2902 67
417 3827 60
1468 1912 90
591 2010 65
2518 649 69
2027 1393 88
1059 1460 60
234 2431 62
1549 2133 81
3934 761 30
771 2183 46
718 2113 46
3236 1616 98
3585 2454 75
3321 2831 70
2458 2780 11
440 430 87
2354 3050 97
950 3538 97
1605 1172 36
539 429 67
1533 154 68
2974 670 94
1445 3057 86
141 2411 95
2067 1926 15
1263 1456 18
2747 2158 68
457 878 56
3960 3773 59
3398 3448 73
918 2315 28
520 2894 56
3054 96 94
3168 1100 12
423 1812 71
22 2731 69
1745 482 59
264 2577 44
2237 2880 26
368 598 53
1262 1420 89
3631 2820 82
2036 11 37
2890 2797 66
1379 820 57
648 706 28
2865 3141 40
1284 1450 61
605 2021 70
2677 2215 96
826 1427 41
3276 3262 52
1851 3960 43
1244 266 16
129 2428 93
1486 3949 15
2800 553 23
758 101 27
2801 2360 42
1519 248 78
1114 1737 42
572 1947 44
3632 3373 87
1138 73 65
3474 3979 76
1110 2494 27
2219 3666 50
3145 2362 75
1270 287 39
2692 1202 51
2952 1831 36
3723 3115 95
1768 3296 89
2525 3266 71
889 1877 41
377 1175 83
2430 1573 11
1946 2169 59
2809 2226 92
3331 487 35
3258 589 22
662 2622 29
1637 3593 97
2130 521 42
2743 415 83
2955 1312 49
3779 3485 47
3034 2904 53
1882 1746 60
954 2804 49
2729 253 91
3600 2122 55
3771 2362 23
3484 1747 84
442 2458 37
1300 386 55
3420 2270 85
2073 1657 32
504 573 17
3936 3363 47
2160 2211 38
3046 1334 81
2760 1996 36
832 3746 58
752 3239 23
741 1933 23
3061 3239 33
1451 2376 16
2927 1998 100
3190 442 60
1417 2906 45
3498 519 97
2555 2440 23
1310 151 11
2029 3631 43
3295 1498 28
698 121 36
1970 1158 50
1314 1458 58
2519 1877 27
2697 2073 59
2966 2050 50
1736 3165 100
3883 45 93
349 1821 88
615 2465 83
880 1219 17
354 684 55
3476 1932 64
2218 3531 25
3188 3496 14
381 1523 93
2695 960 33
871 2776 48
2325 3710 70
357 3106 14
3525 2289 78
185 286 32
2498 384 47
882 2301 92
3186 1447 33
1410 546 26
237 1714 100
3705 3969 37
2413 3753 26
1900 3266 71
2270 3429 62
2617 233 41
1061 3718 97
88 2996 75
1170 770 60
3484 1861 49
2917 2964 15
961 1527 85
2289 2404 17
128 1618 81
2763 960 63
2604 1203 29
1807 2728 79
1621 2139 90
1483 3504 60
1535 642 55
3486 722 11
1082 3416 84
2995 2509 96
2578 2041 18
3409 3457 52
2664 2084 63
2292 3358 52
1476 1104 24
388 1076 39
1768 2630 26
3774 1786 99
3405 1112 52
3864 3144 76
2723 618 40
239 2552 81
1893 3237 40
1509 3467 74
1277 1101 61
2802 1671 58
3952 2701 29
3539 3813 40
2957 219 47
1352 2460 45
2618 1910 77
2444 3206 87
2086 3670 16
541 1930 39
1174 3875 29
3884 285 63
2767 2214 47
1298 3909 54
485 868 73
159 2256 54
2473 3142 23
3672 3813 39
385 1698 44
3409 1961 16
1057 2036 12
960 1497 35
1332 1693 23
3639 320 42
523 185 48
757 995 13
2878 3239 88
622 3724 51
2837 1211 37
3306 84 100
3674 1333 42
3010 572 49
1561 3890 52
1024 3575 10
3135 3337 15
1862 1214 19
740 1037 44
1728 1763 85
3233 791 74
2092 353 92
3492 745 97
1178 3869 92
1532 1927 59
1001 2117 39
1586 988 90
1468 876 44
2306 3773 19
2012 2710 19
2298 1991 100
1169 1636 97
3578 3035 18
1763 2707 16
1228 3304 13
1834 3850 73
3063 507 55
1252 1201 78
2922 874 48
909 3373 20
1677 2948 64
2971 1239 89
3881 1798 91
1651 1745 89
2562 1136 48
3902 262 78
1234 1444 91
1377 1684 82
2117 1575 49
3748 3035 100
3170 2099 17
1565 1119 79
2781 2289 48
2999 757 82
2693 133 63
2166 2469 99
3630 790 59
3414 1974 67
3697 2660 77
2238 2455 59
2171 1863 23
1523 287 15
2594 2 85
3248 3733 78
783 3501 93
2402 1068 39
1145 220 24
3295 1609 58
401 2705 41
284 1418 74
3166 3483 33
113 599 79
3109 1691 58
2745 2674 33
1105 750 41
502 1723 17
2200 3400 50
3215 2227 69
3602 3692 65
3303 1246 54
3826 3435 10
3279 1586 93
3560 3874 22
2268 532 18
1890 1540 32
2455 3025 99
501 2349 29
3688 3232 20
329 1083 80
1232 2250 45
2720 2128 67
3115 899 78
638 632 50
936 152 64
1026 1166 19
1566 3934 17
3496 422 32
3112 3463 97
2776 2724 42
2293 3922 80
3716 1847 12
3114 941 60
1653 2405 86
1337 1342 42
448 1461 28
2419 1092 47
2695 2757 15
1573 793 14
2900 316 28
3746 1077 100
545 699 68
2172 1356 59
1800 3964 16
3357 3127 59
3036 123 38
2659 458 49
1193 1828 71
690 50 88
747 2104 27
3224 3338 61
2970 2274 26
214 2625 50
1983 698 100
2131 550 24
1969 3630 57
1842 2675 97
4 2835 68
2343 3822 83
3656 169 93
585 848 10
579 1558 33
1837 1509 92
2309 1793 88
3695 2981 64
1418 2480 53
1814 2116 82
2741 989 67
3802 2785 17
3200 297 55
3954 839 72
733 942 81
3928 3145 36
2869 3339 77
511 3018 90
1467 2218 89
1416 3167 19
404 173 16
406 1658 55
3545 2940 26
3236 2789 99
1049 3655 75
536 191 21
982 340 94
3901 320 62
3036 1523 82
1970 2757 73
2123 1677 54
1955 356 69
1497 2104 86
1797 324 75
2498 324 42
3 849 75
1149 2337 51
2995 2882 34
2353 92 38
2641 478 19
2340 1518 100
1815 3686 35
2895 824 31
3218 2414 83
1579 978 88
3777 3581 20
501 1446 75
2498 3645 10
2020 1706 23
1191 6 62
3117 145 74
2878 2691 19
3445 1190 77
186 1389 82
2640 518 48
104 1218 30
3581 2745 80
2880 839 11
1798 909 93
177 1120 18
1757 919 12
2818 3549 44
3550 979 58
304 220 31
660 3698 76
371 1923 47
2362 574 24
2382 925 70
331 526 56
3223 1273 78
1584 3597 50
1038 3487 27
3297 241 14
2924 3988 25
3022 1850 40
338 3091 74
3771 74 98
2175 8 65
183 181 96
3810 3203 47
3412 3471 61
1048 3587 29
1672 517 80
2972 602 99
2914 3102 55
3800 396 65
462 3574 35
2814 3044 30
1075 3543 16
3318 847 95
1496 1437 77
1985 1739 59
2182 3989 80
1077 253 87
2686 475 95
3635 3654 18
421 583 85
2998 1792 74
559 1601 74
1448 2537 58
3809 1672 31
1512 187 52
3712 2237 29
3440 832 68
3771 3875 65
291 1336 50
47 717 55
2194 422 66
3987 1603 78
1366 944 71
2920 3815 74
2675 1351 87
1104 951 95
2413 3792 89
3405 2716 35
2946 1795 76
2908 2477 48
1682 240 16
3804 3757 89
1328 617 38
2135 2842 41
1521 317 70
798 847 86
2283 3265 96
2317 2179 62
1756 540 52
3585 768 22
1954 722 46
3602 1660 79
1584 2852 48
1449 1079 24
1849 3612 69
3829 1852 32
3519 3266 60
3168 3297 57
2250 605 11
735 2903 49
2658 3749 50
1614 2316 93
1578 509 28
3116 239 38
1031 2424 82
461 3754 63
1799 3785 59
2452 3166 58
109 813 66
3199 1907 23
1300 3111 37
630 3755 42
279 1790 55
1037 1385 41
2134 3611 43
1500 1275 25
2660 3655 39
3371 3493 81
1797 2258 10
2668 3102 46
126 3150 17
264 1894 20
1855 2460 64
3360 243 33
2086 1411 67
1615 3945 20
658 2066 17
3050 1042 81
1254 2898 48
1604 1234 86
906 3923 32
1640 2372 12
2762 991 24
3911 899 87
3860 2918 27
1519 3435 89
3132 3840 33
3780 1860 61
3741 1606 78
2438 3580 42
0 1572 56
736 2046 27
443 922 13
561 3115 93
3905 3374 26
1814 1207 44
3206 2234 58
260 417 79
1231 3261 85
264 1342 58
2259 2950 88
3725 1997 45
2001 360 48
3139 2719 95
706 3122 43
75 3605 53
1546 1098 44
1231 506 68
2190 1911 87
859 3345 91
3331 2663 87
44 2007 40
3803 628 91
735 1408 40
3467 2949 97
3799 3196 12
1245 2963 49
1317 2411 69
1711 3506 20
3573 2791 82
1533 2236 84
2985 2520 78
1700 1231 93
1507 3638 52
3014 2538 13
1645 1006 27
846 1736 24
1113 3688 71
193 2532 88
1643 2952 43
1848 1863 17
526 394 10
1228 2445 20
1200 3113 16
981 1025 77
2248 148 80
1311 3700 72
2924 1293 41
2056 2014 18
2178 2743 54
425 3143 47
2193 1877 76
1164 273 100
3825 2245 20
3767 3404 89
2103 1330 39
2931 2131 36
806 203 42
2762 1868 14
1377 3649 24
2754 2725 77
1875 76 36
1068 2716 80
235 893 72
3511 74 88
844 3679 52
339 3011 43
258 1961 54
3105 2316 95
1886 310 10
2696 2209 10
1179 2051 78
2027 1138 59
1713 2348 33
981 668 16
1509 1712 68
975 1491 15
2507 958 49
1375 2337 61
1331 1511 76
1634 1877 94
738 195 66
754 1195 30
2787 2427 75
2041 2348 41
2856 3292 89
2471 3675 51
1036 232 32
552 841 57
150 3275 13
3374 2665 78
2115 272 98
1090 577 30
1831 1013 96
3862 2371 24
2524 3976 92
3133 3684 50
1045 3624 93
3111 3707 57
3123 153 88
1560 1064 80
2317 2657 11
1913 2263 38
2685 2097 71
286 2022 65
2252 1237 39
3679 2625 23
1722 1679 91
1993 735 39
3398 3823 66
3480 3410 71
2628 2278 72
75 1340 20
2309 1995 46
657 2447 50
1272 3823 34
803 8 23
2596 2392 10
2131 525 50
3476 2184 38
552 67 45
3625 2594 38
1839 3291 66
336 1261 42
329 2557 18
2726 3712 93
1296 440 28
1667 506 28
3636 916 93
510 3912 37
2664 2587 91
103 2792 13
1039 3847 18
3416 2979 37
3943 1401 86
11 680 80
1832 2591 44
931 1193 74
310 151 94
3074 3066 29
2954 1279 22
2793 608 75
1523 837 22
653 39 83
1332 2330 83
751 156 85
68 390 47
332 426 87
2430 1610 70
1072 3770 37
2516 1644 67
1799 3605 57
3404 3470 45
1194 1258 80
2942 3391 31
1555 3884 56
1483 2943 67
1734 3311 86
1779 2788 21
3550 2092 89
2224 1355 57
16 3856 64
1753 633 79
2510 2682 78
1756 1086 64
1520 1476 97
2142 1649 72
3240 1256 37
3663 974 18
1337 261 56
3464 3541 80
923 631 100
698 3759 25
1429 1442 64
655 2011 28
3246 3592 29
3936 241 94
49 694 44
3289 2783 79
439 1913 50
1528 664 54
2307 3201 78
3506 1127 45
1640 222 22
2543 722 29
15 3356 89
594 2662 25
47 14 62
353 316 36
591 576 55
164 1622 75
413 2680 41
3894 3672 64
2969 3403 56
1874 2281 38
2030 2257 36
3102 296 89
2794 2671 14
166 1393 45
3685 2730 58
1528 2486 24
2728 2996 13
3016 2757 19
3602 544 79
1681 3258 81
3242 854 35
1347 2001 50
665 3952 10
2912 432 26
1271 637 35
1983 3501 63
3949 957 51
1416 3892 27
84 2112 38
1667 2183 21
1073 157 15
531 886 71
1607 465 92
2867 1579 62
2675 2181 53
1515 799 91
699 86 22
3720 3878 40
3408 2674 57
2252 162 11
501 2259 51
2191 1056 12
1823 417 23
707 1868 42
2342 1968 57
689 3617 28
3991 3394 15
602 2855 10
852 1447 50
1242 465 16
3111 519 38
1267 3233 77
380 2303 42
2010 2368 93
2209 1763 85
1023 1634 90
904 3914 94
321 373 50
788 137 17
3426 3453 21
3431 2835 12
2674 3049 54
3850 379 79
568 886 20
2468 2311 91
1305 1993 67
1140 2028 30
142 196 13
148 3143 59
25 982 35
2551 1026 81
2847 1691 32
1135 2558 67
2600 1464 48
1170 2555 46
3876 3471 81
2622 3513 30
2208 584 61
3662 1086 18
771 2283 14
2832 2214 25
127 3281 46
1301 2414 21
994 3260 66
1985 1394 35
3324 2887 29
2460 3959 45
3899 3312 60
2392 1103 63
3229 3631 24
2770 2394 78
3176 656 81
175 2118 79
2803 2847 37
2982 546 20
138 1022 85
1400 3957 73
2791 2120 37
1325 1415 46
57 1439 58
1468 2578 11
374 626 90
1265 3392 53
2028 660 88
703 1916 32
3752 809 36
1723 2047 85
2354 2934 48
792 1966 33
1795 3662 21
3427 387 13
3596 1917 20
3731 2600 77
3222 662 88
1229 2898 48
3073 2712 23
417 2206 66
2512 937 50
1747 1447 37
213 242 93
791 371 12
2194 847 22
1270 3792 40
2666 467 65
487 1710 53
1906 2939 80
2358 2842 36
2938 2832 89
3664 3144 60
28 1380 25
3723 1203 14
1292 616 22
0 3235 36
3157 3887 67
932 2596 30
3330 2630 45
493 2985 67
2550 2606 94
3580 1892 43
1727 1801 65
388 565 20
2275 2677 65
2328 3390 28
2542 1216 75
155 1199 53
3624 1813 29
2087 2941 16
2277 222 24
861 2966 39
637 3732 90
1148 556 38
2587 1715 48
2260 3299 50
3708 2655 41
2817 2084 88
1056 260 49
182 1251 69
3424 3926 47
388 3298 64
1998 2417 72
1893 1752 50
601 296 65
2351 472 19
2571 989 43
1972 418 48
129 776 49
2817 105 26
1681 3628 43
1249 432 40
3586 2543 95
1983 3495 70
2157 709 59
1924 746 64
2380 2359 31
3974 1855 46
1203 690 56
2127 2475 85
2490 363 33
2548 2371 100
1314 75 18
3029 3829 35
3495 2964 50
1810 562 59
2677 3011 94
3345 3958 72
3356 371 81
1680 1930 95
3245 3272 44
394 890 98
3628 2802 96
3703 38 56
2037 2055 98
2098 1167 91
961 1266 81
315 3659 30
1260 260 52
3883 2322 94
3822 313 69
1571 1809 10
490 2815 54
2819 52 18
1099 2746 38
2138 1660 30
1166 2088 67
844 778 62
1326 954 79
2205 852 12
484 2856 11
152 1231 98
1685 2704 60
3052 3922 45
1624 3424 48
3327 1992 93
614 2885 27
3761 2021 87
3305 3789 86
2779 3406 51
2880 395 75
1755 3626 14
2503 3345 91
579 1539 70
3504 2397 48
2542 3660 65
3363 637 56
2446 1732 67
3682 1057 25
1920 3526 41
1914 2812 96
1261 2113 90
3703 2487 41
459 1248 22
3873 119 66
1598 330 59
1477 3564 38
49 627 81
314 1032 89
2656 1886 85
663 1006 77
3901 3187 47
1145 1285 59
3760 3654 98
1347 1737 91
3515 25 63
365 114 27
2668 253 12
376 3817 48
1382 3782 72
26 2046 52
3691 2522 70
828 3138 100
408 2806 72
3515 2021 79
2633 875 68
2193 1998 17
2492 3660 46
1729 3056 80
2847 1112 68
951 813 45
475 1000 33
3991 891 58
2000 1638 70
2705 1431 98
1185 3024 21
170 1610 56
1293 2481 15
658 3683 78
97 3383 77
1985 127 35
3846 2428 83
1262 1907 72
1554 371 56
1247 1792 61
3619 286 24
3526 1970 20
3971 2371 65
3075 545 97
1488 1919 46
2006 2481 64
3666 510 45
2809 55 61
3739 3261 16
1898 490 77
1649 3938 100
837 3587 72
3319 1268 73
3451 3592 84
269 3526 14
2951 105 77
2248 2382 15
317 3460 74
1874 3167 79
2155 3715 22
1841 1420 41
818 350 87
458 1047 40
788 181 89
2509 570 92
2075 2742 52
3650 1715 29
1086 135 30
1603 229 35
1217 2324 99
1963 2563 19
639 1438 22
806 3539 28
780 1000 22
2974 1967 99
602 280 27
1416 835 15
3055 1351 19
3549 3177 47
3500 3509 18
1266 235 58
199 3 76
1913 1189 95
1442 2197 41
1128 832 81
2660 956 44
3872 237 88
595 927 86
1437 2734 60
2370 5 48
608 2904 73
1352 1916 20
1702 1365 73
3133 2089 82
1767 2291 32
3450 2241 54
2983 2112 39
796 3604 20
2114 3425 36
1454 1660 98
2596 2592 62
3868 2690 12
1713 176 97
2346 3677 10
242 2859 91
2457 64 99
3917 3576 41
1644 1996 72
3116 39 96
1294 2536 85
2639 2486 31
2364 3683 95
2368 2012 42
498 729 27
3176 381 88
2337 3186 98
3769 57 13
2813 668 52
3778 488 34
694 383 54
549 2226 79
2383 1808 24
1541 3213 21
3876 2207 15
3460 3687 31
3238 2150 16
3945 2396 78
3460 1435 72
620 1791 23
3907 2168 32
3913 3384 25
893 3303 47
3683 1217 71
1127 2601 55
1449 753 34
380 3944 83
410 1394 44
3002 2567 88
3477 3302 65
934 3443 18
801 252 55
3505 1370 78
1335 1525 17
3361 1391 98
2391 2138 26
3411 3104 15
1334 1325 46
1611 534 29
2841 2544 91
3082 3331 48
2808 1948 28
2871 2951 31
1413 3459 74
2109 2835 90
2103 3901 53
2226 2698 88
335 244 52
1054 1926 49
3937 782 81
2905 3034 29
831 1978 22
2763 3449 35
2034 2741 51
1588 149 81
927 2708 31
2506 1605 41
3881 3805 68
2030 3753 11
3477 267 19
266 3427 78
283 2621 15
2038 1826 61
3539 334 87
3728 2799 23
3736 2326 69
1626 3987 27
1271 3840 29
1293 2754 98
2254 1946 49
1841 810 75
370 1369 13
3385 1423 52
2356 1262 64
3889 2181 85
3942 1357 31
3616 2200 36
3270 340 68
2857 2178 66
955 1376 13
2008 104 79
2979 885 51
2980 3661 81
1402 1658 10
784 3906 22
1110 2237 62
786 36 58
3840 2364 10
201 3547 83
12 2007 67
3317 3877 38
2720 1803 63
762 2666 97
3024 821 88
2094 2127 61
3319 881 81
1332 875 32
1247 768 31
2570 3252 99
3635 2437 55
619 2375 66
1445 56 43
2333 1957 55
3201 3809 11
1151 3576 53
1383 2691 46
1511 2705 78
2366 3460 58
296 3277 71
603 817 54
2798 1945 93
776 1902 60
1393 620 90
3037 3331 76
2249 1399 76
1625 3877 66
3448 3036 95
2042 2416 43
1202 3223 28
1726 242 14
3172 349 11
1643 3895 81
3584 411 89
3340 3933 63
2386 1491 75
1868 2936 66
3526 1589 13
3181 2454 97
531 2009 69
931 269 42
1573 3202 77
491 804 70
3169 3220 71
2380 3933 27
353 916 63
710 1444 62
2765 3604 13
1672 3916 27
3824 2792 63
1795 3723 55
171 1881 95
1408 2395 57
3500 2683 76
2158 1909 14
655 3430 96
644 1187 90
318 832 39
593 1594 77
2582 3167 52
2230 912 19
2028 2172 57
3791 2102 58
1940 1604 26
879 1373 28
529 2189 42
956 923 41
3674 1329 42
2545 2427 84
3357 97 65
1084 3312 22
2139 3007 52
2283 2870 87
1629 158 83
3886 1167 59
3717 333 20
3422 2296 98
162 1996 91
1537 3562 29
1261 2905 46
1232 1113 96
2603 3823 57
2357 813 29
1436 614 56
2318 1319 93
3505 3850 67
3753 1655 74
3868 1874 80
296 98 29
3114 1544 53
3477 3001 62
733 2595 63
3270 3273 74
3673 2296 75
96 3730 41
1725 2347 47
1870 1995 66
2418 1830 49
127 1561 29
3508 996 33
2785 3644 55
1512 1696 41
242 3083 40
3394 1565 80
2433 1813 59
3543 763 66
3619 2351 77
88 1337 88
3777 638 34
1434 1202 90
3067 3629 30
2954 2584 83
1279 1476 63
1724 3928 39
328 3175 68
2964 2953 66
2650 548 74
2045 2125 74
2621 351 30
3879 438 100
2614 1580 42
1306 2521 85
644 307 65
2872 1864 74
1974 1250 77
2093 584 69
242 63 66
3277 2629 18
2843 3055 90
1770 1083 17
874 2092 91
3400 2472 74
799 2393 65
3001 1749 23
816 3933 58
2992 130 94
3008 2424 32
2818 2243 59
184 2960 92
2764 2030 26
1008 3653 60
1795 232 14
1296 3754 63
364 3358 37
3368 3761 77
3615 3248 20
3757 733 82
2995 3882 90
483 3915 85
2778 3671 97
3246 2657 96
3873 3842 73
3080 1208 35
1899 2981 19
9 1961 64
3258 3059 80
2823 3566 69
2504 1177 12
2230 2323 76
2118 2529 19
784 1168 99
3834 775 75
2612 3567 13
1552 3164 17
694 1637 28
3183 163 69
2758 2384 37
2874 2632 23
3515 3550 44
3681 2625 94
3368 3025 90
2939 3509 61
2588 1793 50
1030 3432 58
325 3149 67
3069 1455 25
136 1590 80
1848 2001 63
1868 1228 62
3825 215 83
2872 3744 63
152 2513 100
2688 442 18
335 575 43
1813 3193 55
1372 3477 95
1966 1681 90
1205 289 49
786 3857 23
3726 3466 30
2793 2426 30
712 3390 60
3654 3236 91
1548 807 62
1697 3236 86
1479 103 15
1346 3266 52
3833 3585 16
2003 3574 11
597 2252 67
694 324 14
3854 3819 13
2279 2933 79
686 1423 67
58 2412 99
3457 173 53
20 334 56
3854 3629 69
115 2028 29
1660 2187 15
525 2247 59
1365 1773 84
1152 1350 11
2517 1688 44
3596 1528 44
2087 945 68
2279 3943 21
1665 3419 73
3908 1927 26
2671 3767 33
3190 1093 62
2569 167 99
3765 2290 60
2103 2461 27
1027 3673 51
2301 700 33
1384 3742 99
2748 258 87
2495 2384 15
3968 2426 40
3798 3541 84
2065 1655 44
2348 1717 76
462 1721 50
3822 3158 61
2898 2755 49
150 3822 98
329 3707 66
604 3260 42
3463 226 37
2565 2023 68
3666 1442 71
2824 2263 64
3310 2695 46
981 1035 49
2928 2497 21
1357 1422 30
1740 3014 62
2423 2336 53
3315 1202 74
915 812 22
3185 3513 72
332 771 95
794 3180 95
37 2401 99
3507 3414 28
1825 3287 90
1187 3180 63
2102 2334 88
3960 1863 67
637 601 66
3843 738 73
3756 938 83
2228 3635 79
2883 3865 55
1622 1137 13
1030 2264 82
3796 2441 48
2889 1616 94
981 1579 97
3043 3595 18
3595 2949 39
1060 1425 15
3531 2168 86
2180 3931 90
3577 854 49
3151 3696 81
1663 270 84
1766 2683 75
530 2415 100
3008 3254 58
2507 75 81
1371 1175 72
851 3254 61
1774 3363 79
3174 2870 35
828 3710 95
1984 3286 78
532 1078 94
2386 1359 90
3144 3557 32
828 2822 11
1465 3537 69
1015 1624 38
354 3063 77
3109 939 100
2945 1488 49
947 88 19
3180 3364 21
1100 3812 74
2364 126 41
2746 3457 32
741 2193 25
3257 1422 50
2643 1492 30
1767 3826 76
1724 1835 22
3649 3357 63
1879 1862 47
2728 1460 72
3859 3918 74
1200 259 15
3383 1246 37
3876 2964 27
2832 1062 91
659 592 32
3389 2815 56
1484 70 73
2250 719 33
2719 630 98
3846 1071 64
359 1895 97
1292 2628 84
3474 1748 31
2802 1717 79
3230 3569 76
3440 1748 68
3456 2065 75
749 3972 15
1978 3915 69
758 228 75
762 1534 10
46 1587 36
1299 2502 31
988 709 91
299 3071 44
2854 2356 75
1852 3856 76
1949 1074 38
161 299 99
413 2644 27
2172 1018 95
1283 794 86
1029 3006 22
1492 1378 94
3625 3058 95
117 374 87
966 3779 79
143 1921 97
3502 452 71
3171 1878 71
135 1057 93
118 1383 46
2512 2455 73
3541 1945 58
2244 470 91
1414 3577 61
433 1888 92
3978 3800 25
1437 669 41
2211 2062 39
2860 139 68
3192 3772 97
3446 1727 59
1840 759 81
2657 1547 88
3090 1815 13
3959 1127 63
300 292 81
174 392 66
17 2344 100
3108 3788 98
3525 2870 74
2972 1370 79
1057 602 54
2492 2140 26
267 921 18
2351 1614 73
2891 3577 94
903 3733 71
1501 1811 53
1014 751 38
663 3246 73
3527 719 20
1872 1649 58
1682 851 53
2807 2611 31
989 2495 95
585 1603 56
2532 768 68
694 1353 52
2896 2899 16
116 90 97
21 694 61
3443 1295 69
214 1908 60
398 2178 44
2737 3744 50
1600 1189 66
2018 5 27
3020 3593 10
2576 3273 89
2239 2220 46
3303 2983 14
31 3089 16
1426 1340 89
2989 3932 68
2101 1364 91
299 3883 49
1180 2565 57
298 3292 44
3920 630 24
385 2320 83
1476 590 29
2457 3093 53
592 1133 98
1173 3333 34
3418 1387 35
2008 135 38
534 1950 66
2648 2892 93
2653 2457 33
3928 757 84
61 2671 13
1368 142 54
2999 2339 99
1057 1343 84
2854 2797 86
3721 3941 89
3175 2107 63
3137 1398 29
3175 2059 13
3524 1647 42
3765 261 95
2628 1842 99
2416 2708 23
62 1738 48
781 1388 90
2806 1873 96
197 2979 71
2554 1045 84
3643 730 83
634 3547 10
994 48 90
999 3426 74
336 1496 94
346 1715 10
3086 608 34
2061 2776 60
2078 3300 19
465 2073 87
3353 3770 20
3606 177 10
510 3405 89
3883 36 33
72 2561 33
2646 2202 63
710 471 29
1323 3003 31
1893 2235 52
1773 1446 87
3685 95 74
2417 2925 30
433 3807 79
864 532 52
3309 1428 68
2912 3874 12
2572 37 57
3131 3214 82
3359 1743 29
1182 1566 28
2580 1516 34
2355 1819 23
861 1733 30
1094 952 41
2561 3792 13
874 3265 72
2368 1243 20
1530 2933 97
89 3042 41
2102 1083 98
734 3061 59
2048 2252 42
1370 2740 89
328 3936 24
3174 828 12
1603 930 73
2659 603 96
831 803 91
3102 1296 99
1355 3245 51
1521 4 31
682 2263 27
67 3803 20
487 1116 65
2715 2447 53
1694 1848 61
2135 3494 22
3947 548 70
295 3192 93
3987 1439 13
638 1220 90
3875 3389 64
2155 1764 37
736 3308 81
3411 255 26
3947 860 20
190 3875 42
168 2533 96
312 995 23
3932 791 95
3721 325 32
1097 2430 40
3195 390 67
968 2903 29
2290 436 54
498 1658 46
2759 3542 25
1013 1100 59
1686 2074 56
3416 989 38
299 560 52
519 3887 32
2482 1073 53
3930 396 96
3351 3922 61
1472 2204 31
3459 866 40
3801 2470 17
2001 1373 46
1970 3887 72
2580 68 80
1131 634 87
2386 906 44
3477 1506 12
1992 1469 58
63 552 87
1250 1975 15
729 1125 96
1599 1133 98
2779 471 30
2521 3460 41
841 1219 87
1129 3724 33
1834 2588 31
1590 3824 21
2607 1017 56
1426 1327 10
2217 159 98
726 997 66
3467 3298 11
1739 182 95
3145 841 43
134 572 94
454 384 94
1659 1108 20
2910 3274 12
25 2518 58
2281 1643 78
1476 1296 96
3557 3423 51
787 2859 19
2195 3465 18
381 3002 40
1861 934 61
3522 2214 46
2175 2265 33
2107 1090 84
395 3511 48
2268 2175 72
2172 3842 39
2416 3365 77
2459 1907 40
3612 3546 48
2073 1954 70
3918 626 13
2389 3786 45
944 73 27
364 3651 43
2726 187 52
648 1371 23
1786 3797 35
2282 1039 32
3332 2370 28
220 3952 97
2131 3766 40
1154 1174 29
2518 378 65
977 825 82
284 3293 23
3412 3167 77
3373 2138 29
478 1744 82
2393 3351 94
965 282 82
3499 1243 96
700 2253 27
2350 1479 95
3493 2062 71
1689 847 94
2752 2077 77
2900 2713 72
574 3003 76
1989 1860 91
1339 3898 90
1781 2964 76
1593 85 12
1856 193 78
2095 2837 65
3055 2779 71
2525 3463 39
1600 1242 12
2247 1624 38
1176 3473 37
750 857 23
3167 3226 60
706 3469 10
2293 2955 79
2275 906 90
3966 916 67
619 3582 57
1085 751 91
3071 3488 52
3710 733 85
2410 3445 46
3828 975 24
2885 1449 34
1600 1981 36
3596 928 61
3763 3885 11
776 2706 17
662 541 55
2785 42 62
2085 2305 48
520 3473 90
1197 655 24
2141 405 55
1067 3030 59
3254 1125 11
1712 1711 48
2070 3274 22
3733 853 78
3160 1498 57
2284 1013 18
1154 263 72
1428 3087 20
184 1776 28
599 3013 18
1627 2401 24
3561 3377 46
3177 1531 23
3744 450 35
1828 1251 51
3942 3374 95
2407 2720 78
1941 1284 11
2536 3496 19
3569 3356 42
857 481 74
2283 3704 64
2216 2288 84
1283 1657 54
212 3536 55
2058 304 12
2010 3071 58
2522 866 82
1341 3893 74
1720 2874 58
3181 855 98
2699 2781 19
3981 805 87
1643 2270 14
2096 3069 81
3251 854 43
3386 1508 42
2026 3548 14
2759 1478 70
3888 3695 75
800 377 60
200 1088 56
1827 1164 77
2497 815 72
3857 235 94
1521 1561 50
2187 3619 17
1424 2143 42
3375 103 60
432 793 23
1928 544 51
1736 262 37
742 1930 56
2259 2203 29
3990 1721 97
301 195 67
1344 1761 92
2391 2461 49
1803 1452 42
2710 468 17
345 2590 100
3940 558 23
2000 514 80
30 1573 61
458 3659 90
3472 17 75
42 3702 31
538 3879 63
2935 960 85
139 2689 86
2115 3185 58
1758 72 30
3573 337 41
1895 668 43
1850 767 17
939 178 20
3953 1295 71
1548 1943 89
2168 3243 45
438 1351 23
1415 2799 94
1 3096 19
2929 3615 10
1250 427 68
3604 1 97
1303 1448 75
1270 2617 25
1196 3816 17
2113 2832 43
497 2675 91
1296 999 47
1225 3389 99
2355 2013 14
3323 444 73
2459 1017 52
496 3000 54
1517 3694 17
3433 467 21
1965 2138 86
3580 2297 89
2157 3819 51
2160 2384 57
3872 3064 74
480 3843 100
965 2305 94
1164 3457 67
3313 1518 52
2870 1138 96
1975 1430 89
3044 3570 49
1499 532 28
1235 2079 31
3031 3676 92
1144 3265 33
1815 13 94
2803 2961 61
3960 2504 20
903 1550 44
2566 3478 59
361 863 98
3337 772 57
1024 1837 43
3008 1827 91
441 2099 95
1112 580 29
58 3647 14
1164 3342 12
1236 341 96
2803 173 93
2503 1741 37
786 1158 30
274 2832 53
297 3050 58
3303 702 33
3703 1968 38
40 3342 36
927 2243 94
447 3636 26
3937 1394 57
2651 2249 62
1590 58 84
1442 969 81
1744 186 89
1213 48 83
3581 1784 34
132 1436 35
216 46 99
3799 1687 11
192 493 95
1086 567 31
1560 3940 83
1002 920 77
2775 2464 43
2107 1909 89
3729 3644 34
1527 2634 71
1244 2353 57
187 3981 77
3328 23 99
401 2922 20
3732 2110 94
1531 3509 93
3601 265 18
1382 3939 81
1195 2887 41
275 3906 33
1937 2531 58
3941 444 91
3808 3384 27
2658 3007 29
3724 1256 50
3377 1751 10
2830 2363 99
2336 1688 42
2271 1796 28
3037 349 49
2615 3798 96
3431 3312 48
3166 2032 15
3764 2238 20
2982 1187 80
1242 2020 14
875 1583 57
2601 3850 10
270 2946 74
2329 3220 31
3459 1506 78
547 1959 79
467 1790 90
3055 3757 86
2978 707 43
2044 3403 99
3711 3667 57
2637 172 64
2935 3616 51
1029 851 47
1295 2825 56
706 2237 97
1318 2151 59
2089 3430 29
3233 1710 28
2605 3863 83
2130 2397 41
3321 3544 83
3342 3676 49
2355 3932 17
3111 2087 25
294 2645 59
717 941 53
1066 3504 88
971 846 29
401 2863 23
3678 3586 85
1790 1644 76
253 2337 96
3139 1965 53
2473 1336 20
1181 2020 53
609 3441 78
795 3373 10
3028 665 30
1203 627 51
580 47 19
134 3294 24
2381 1487 16
2076 3734 66
3285 543 46
2634 1172 19
2708 1410 37
3029 1042 75
2695 3133 46
967 1003 45
2457 22 46
3096 3701 76
1066 948 96
3178 3876 24
1210 3928 75
1375 2727 67
2196 962 98
415 900 88
287 3069 13
894 3799 10
2266 610 90
2443 2664 58
2241 3110 92
2852 478 43
3538 3371 92
1614 2869 40
3359 2682 29
1494 3785 60
1911 2586 37
937 2551 61
702 3707 55
3514 546 70
1000 2566 86
1747 29 31
1734 1898 28
2992 2684 81
3253 1702 73
2316 2574 60
2599 1017 18
1261 638 71
1464 1230 44
3433 3459 19
3757 1525 57
3333 1957 89
2558 1259 64
1354 3489 74
2485 92 28
2960 1497 31
1480 885 48
3833 1505 46
3134 2980 81
1515 954 80
1310 46 14
2530 3134 58
1777 141 86
108 1856 41
3384 224 48
2995 3582 35
1594 2576 67
1390 2521 10
2295 2810 45
2062 977 24
3668 3143 30
2266 1135 66
1612 1836 46
84 1971 48
2294 2517 99
2018 793 80
355 550 58
2133 1674 60
1634 159 61
3170 3902 19
261 3000 31
2538 1130 80
2991 388 22
3019 1911 72
236 3484 27
413 2821 58
671 46 56
880 3588 94
3460 420 37
1113 1365 37
2695 2550 10
1156 2759 26
454 3588 87
2822 521 10
2751 1334 86
2281 3780 42
2404 2028 81
2186 1959 28
2357 2593 95
848 1432 52
113 1183 92
3847 3991 78
1333 2874 10
3027 1147 73
687 2981 90
3316 669 21
1489 2982 44
765 1914 64
1679 1442 98
92 3949 14
1062 3080 51
2787 1538 59
1763 3583 90
3159 1296 24
3123 3396 95
3698 3327 13
443 842 42
3238 35 35
1858 1783 12
110 3220 20
594 404 71
2176 1679 33
343 1037 69
1077 656 72
124 186 39
1308 1122 91
1387 1860 42
1889 2823 68
398 2087 34
701 999 60
2431 836 80
773 2912 72
3273 632 97
2646 2289 69
3651 925 76
3446 3634 93
3236 163 56
935 2975 63
3061 3719 35
444 3486 37
1298 2003 100
350 3603 23
229 238 92
1250 3722 34
773 3615 56
86 5 75
298 1994 96
181 3237 24
229 3322 70
2373 1711 65
2839 3683 75
1949 3630 67
1380 3286 36
642 1646 39
690 2940 85
3692 898 78
1404 136 55
563 3772 91
1403 3340 26
1886 3387 89
3045 2808 60
3677 1528 19
675 680 39
2714 2640 62
1860 2741 27
341 2285 61
411 1214 33
2287 3618 31
564 2389 89
3906 2786 25
1047 3570 31
3440 3590 47
480 1185 81
1173 2078 30
27 2692 12
3286 1821 19
3000 204 84
1556 747 73
2527 3373 68
1167 3764 34
624 841 35
1333 3434 19
2553 2772 96
3319 2038 44
747 467 46
3557 1577 95
363 1020 83
564 3956 81
1397 3324 42
1158 266 92
2636 2419 21
2569 2563 56
3669 2307 15
1692 1410 38
1093 3263 58
3085 2911 43
2209 1782 20
136 641 65
689 914 26
3937 3070 30
1508 1650 84
2696 3665 44
3422 3752 94
3331 2729 53
1969 1206 30
2090 2830 48
450 2432 83
3795 2450 40
201 3401 28
3260 2967 73
1288 634 76
2334 3136 28
1746 1444 41
825 3669 43
3131 3404 83
1447 1810 92
82 728 52
2543 1583 57
362 3161 74
357 1198 13
864 3216 87
1224 2547 87
674 1693 77
782 638 66
3096 3417 97
3453 2448 18
3004 3533 74
2671 2115 23
1487 3149 51
465 2003 56
3903 789 33
581 3418 32
3767 2355 75
755 38 95
1690 1354 72
3807 3529 17
3141 3220 99
1788 2495 60
2420 3272 95
1313 2931 72
292 1105 94
3472 1186 37
1696 3658 44
3939 1387 15
583 961 56
1629 2841 32
3665 1282 22
748 2408 66
3517 2731 93
3010 1332 41
908 2109 37
3744 2669 50
3648 453 59
3949 3970 74
1647 3928 60
1291 1180 41
2921 1022 79
3050 3160 56
3119 2654 14
3637 1456 12
2462 3436 11
142 882 79
469 3448 50
2759 722 57
972 3088 68
1493 970 57
1092 822 36
2767 3828 64
1833 3201 25
2561 2912 73
3065 2639 32
2250 3134 32
1182 1712 48
3911 2196 74
2592 1068 59
848 2903 36
563 424 94
1656 2089 88
1868 1874 81
796 2907 57
2961 1290 70
2135 3051 12
3578 1703 69
3960 3287 98
3077 1943 98
3951 604 71
109 3359 83
3856 2497 70
3604 1097 97
72 1920 23
1355 1348 48
2876 1794 66
379 2548 40
2944 3403 28
2875 2970 31
3677 1979 75
3363 1391 73
1823 2189 11
3776 333 16
3638 3321 25
705 3178 63
492 894 77
915 3313 16
425 3649 37
3946 3238 42
1153 2268 86
924 3531 49
1439 1692 28
826 3521 32
1698 2542 35
3123 3171 81
1808 2932 84
3940 3609 80
2919 2275 38
579 959 51
864 1100 49
756 279 33
3878 2184 20
1026 1521 36
804 3965 95
3909 3438 42
1881 2950 13
2243 3592 61
1802 432 74
2693 1106 89
2164 1226 83
210 1349 92
2865 166 72
3701 1442 89
86 3022 14
979 3480 71
180 2938 28
2323 1727 32
2500 1858 12
872 2705 50
276 3074 87
2974 3570 87
3710 766 84
3286 511 76
3300 451 85
1955 251 64
2021 3263 17
2141 866 99
3195 3514 80
1912 744 60
2966 3144 39
1920 2366 98
1380 2545 14
1687 1214 13
3889 3609 39
2863 541 20
2891 3730 29
183 464 76
1208 3717 76
117 1929 44
499 3635 35
2623 3916 69
1209 3293 14
2678 1703 52
1527 3699 41
3378 845 42
2574 2194 97
2366 525 63
2517 2465 34
2774 1811 96
2838 1553 44
3807 425 55
77 2591 35
2508 2095 13
61 2043 85
2518 2350 62
1115 2705 39
3711 493 51
1988 3372 62
1274 2813 73
984 3034 80
3396 3275 49
3718 3150 12
3817 3652 100
1171 226 99
179 2838 41
3067 3984 84
810 3984 34
780 3288 17
3632 3582 67
2791 2149 30
3489 1416 19
2990 1170 42
2857 1410 77
2170 3462 75
2241 2666 27
3346 991 34
3063 280 42
1827 3935 73
1855 912 66
1689 2541 92
3281 2861 92
1077 282 96
270 698 76
2512 3346 35
1149 520 13
1589 1826 47
2059 3472 34
1936 137 15
3591 3541 71
2518 2514 10
2127 2987 40
1279 2081 65
1229 3263 60
3047 1423 15
1640 796 70
1604 2933 45
994 3520 67
1327 852 53
2361 3819 51
2056 1120 17
520 2122 65
3046 1573 70
2929 1551 94
2540 1165 76
3070 2752 29
1836 1955 91
626 2811 49
1939 391 100
3293 3230 29
1112 3604 50
1547 412 47
394 3906 19
3719 892 42
853 3887 22
3715 2121 86
3230 3786 93
2762 728 28
1875 3159 82
2691 3615 17
759 2868 19
2035 3892 24
3902 2172 55
1208 1016 67
1304 3720 53
954 3073 11
2656 425 75
2324 3116 56
2959 906 87
658 2146 92
2947 3354 19
805 1554 86
3205 1840 20
907 407 49
476 3520 27
3767 3872 66
3043 3357 84
2306 1314 87
1595 2960 59
377 1281 44
2050 579 28
548 2649 37
1707 2932 94
1758 2524 59
234 711 41
2479 2811 21
522 3963 56
3326 3234 22
2432 1452 48
2341 3158 82
1902 3518 43
1781 1090 43
2430 380 35
2129 221 60
3477 668 64
1121 846 80
1129 54 89
2009 1090 15
2820 1917 18
2130 1046 25
321 2627 92
1351 2491 52
1947 2611 85
322 178 82
1526 3435 37
1713 1355 40
2367 3573 66
1963 2152 74
128 2058 68
122 140 96
143 508 38
2038 3116 55
456 719 36
1594 966 45
3741 2785 92
1244 126 23
1217 17 49
868 1509 86
1836 742 76
1617 1084 55
2084 49 66
1923 1219 93
2534 1502 96
1156 2159 29
180 2659 24
986 2029 54
1627 2985 88
2527 386 63
3617 3107 16
2427 3374 88
3960 3639 83
144 2551 70
966 2546 12
1944 914 41
3050 3620 26
1010 1344 83
215 1673 27
3357 685 31
668 2046 57
1833 1928 73
2683 1366 67
2287 1733 27
1436 2377 40
3656 2156 44
2926 3965 87
365 3696 99
2784 584 16
798 76 65
3711 2429 79
1541 3069 57
1207 1222 60
903 3612 33
2223 2344 44
1808 1856 24
3684 3975 50
3514 3768 23
2163 325 74
2237 854 64
3317 1647 25
2320 3905 11
3440 1770 92
3261 2200 53
2874 2905 90
79 2602 29
1840 1693 96
1954 475 32
182 1401 10
3559 3947 92
504 3210 18
1964 3190 65
3056 2388 50
573 2992 33
1796 1877 34
2599 1915 44
773 2019 44
2413 3250 12
229 3162 21
2397 2491 48
3330 850 43
2728 733 25
1009 2921 77
2146 2128 18
1007 389 64
1352 2088 11
165 1684 48
3514 3879 33
17 216 99
3169 1700 63
1980 662 60
1908 1056 45
340 3373 22
2178 3429 72
3274 679 37
906 2821 43
790 1931 61
235 664 43
3840 2820 10
1975 3051 63
1214 1027 41
1803 3964 43
3599 1646 97
2538 3008 17
2565 3130 44
2332 3567 83
2062 2962 55
3544 919 55
767 493 41
2912 3071 19
169 1490 15
481 2666 99
3400 3792 98
396 2114 65
965 706 47
1643 3352 88
2774 2255 85
2805 1624 53
809 2255 66
1681 3446 74
998 2063 28
1596 2043 33
522 1603 21
1393 525 47
1660 825 84
3715 2192 36
3403 1783 39
1116 1481 59
1757 2413 100
382 811 76
1824 1190 77
377 1586 50
2589 1188 90
585 2678 64
2983 2523 24
2369 290 22
407 1174 44
2741 2044 71
1967 2495 80
3086 605 74
1454 2702 25
969 255 74
3351 1996 62
3530 554 77
1022 2354 46
911 1592 45
321 3358 38
171 1389 97
826 1682 41
2205 425 61
1549 3379 30
372 3883 73
2209 3495 39
2008 1853 68
3425 2349 100
794 19 31
2888 1118 45
3015 1102 74
1539 3961 97
622 1669 50
2546 861 90
780 632 21
1773 813 57
2113 258 34
3193 3019 13
534 3844 46
2523 3286 78
404 2163 62
3635 3605 41
1976 781 97
2388 3174 26
997 907 23
657 426 72
2333 414 91
1044 1453 20
1029 2358 68
2125 2896 72
609 1919 92
1067 3696 71
611 1942 79
376 1364 79
124 1158 58
257 3215 39
3328 98 46
2645 873 88
3437 3721 75
1622 523 86
2730 1687 15
1516 2084 56
2378 637 61
660 1231 53
1751 1914 68
1855 2129 26
504 2693 80
2044 3031 52
1515 1831 47
1729 3422 33
1171 1940 54
1956 3576 66
3470 1836 41
113 1269 37
3613 1796 10
2081 2639 68
1607 63 23
3766 519 67
1290 897 13
2615 1355 95
3320 3805 70
392 2762 47
13 1470 16
2127 173 49
2355 3311 14
444 3580 81
2891 1676 81
1841 3435 46
11 942 92
1567 2160 28
2140 882 80
713 1668 81
3161 2614 34
1202 2004 85
2161 1698 74
3434 3328 68
1304 1202 51
681 416 86
1213 489 68
433 3577 39
2478 635 87
3719 673 75
860 622 18
2527 2071 93
568 3589 84
1182 1443 58
71 2530 10
1320 1172 12
811 1398 53
510 640 87
2836 37 65
1211 1946 29
2831 1984 43
2113 1782 68
3856 3793 54
470 3671 38
1437 1101 90
1617 1491 74
2210 3552 53
950 3039 17
143 1181 43
2722 3646 85
3145 1221 72
3484 1641 19
672 1171 96
913 3014 92
3158 1253 14
686 982 94
2456 1884 68
3701 3094 66
223 1909 41
938 1262 56
2651 625 26
2358 3151 87
3128 1636 75
1982 2367 83
2555 3592 91
2729 308 64
2411 1482 100
1865 1170 30
1109 2237 21
2385 1517 17
410 453 51
297 78 21
157 3586 18
2041 2957 24
3686 2731 80
482 3273 40
2507 2292 99
2546 109 31
296 633 68
524 2772 27
2469 3427 24
1459 1890 79
3532 2844 23
982 3972 77
417 66 48
2406 1727 17
1738 2919 49
361 803 71
3244 2578 64
2497 3042 84
362 3247 90
1413 2813 15
1040 2467 18
1604 3777 69
1851 3296 78
707 3095 22
2322 3965 88
2306 3882 21
497 2900 65
3738 2916 68
3927 1383 18
1158 2986 30
1516 1575 98
726 2039 48
2667 1445 10
1578 1144 41
100 1158 25
3156 1645 57
557 1598 51
666 228 81
1845 3699 38
1833 2692 20
3363 3304 77
2500 459 46
1484 1565 13
1592 1138 43
2260 225 13
2903 2481 82
2497 3699 17
2609 3201 71
1410 1887 58
715 2458 92
3794 62 28
550 3392 81
3562 1732 29
1473 503 68
3422 3363 28
2235 1058 30
1023 1979 37
1869 3049 43
1781 1064 41
1008 1105 97
1010 1344 57
15 3306 38
2597 850 83
418 1612 26
112 2040 53
3587 1195 76
1902 293 65
878 2059 33
3110 2456 15
3628 2353 85
2615 569 19
1083 2350 84
2544 616 43
1644 307 37
2027 2198 32
2118 1448 22
3868 356 93
3767 1494 29
3709 2301 36
62 679 68
2800 2421 55
2783 1472 73
3983 2138 35
1394 559 17
1431 2364 88
1612 3121 62
1502 2845 92
589 3886 33
720 2164 40
1009 3371 19
782 2245 52
2330 1940 72
3329 1848 63
1372 1877 24
1143 2152 93
3491 400 43
1606 1020 16
3629 1135 78
2680 671 22
275 2471 93
859 300 29
1682 220 12
2398 541 70
3084 2761 33
738 1711 13
1778 587 39
1297 2539 29
1191 1215 72
2641 668 63
3039 3964 55
1287 3928 18
764 1335 71
2528 2332 21
2954 649 56
575 1133 41
908 869 87
1400 2654 12
2023 3289 16
3388 2541 88
2933 154 15
3516 2909 81
1776 3014 56
1239 1280 81
2904 85 78
3502 1091 79
3120 1236 42
3620 2262 78
3400 26 85
27 358 24
1730 3455 20
3834 2298 17
2084 3145 44
1072 2152 26
348 975 65
3633 3647 22
2233 355 34
3413 3909 20
3476 3736 13
3433 1440 12
1933 2866 47
287 1945 26
3658 1752 86
3807 1721 42
2422 3538 96
958 3475 25
1802 2228 97
1095 3203 97
3032 1684 36
1217 158 22
3091 80 19
2316 3171 33
2790 1242 73
393 305 11
3635 2827 62
3227 1144 21
3168 1791 10
1355 1571 18
1113 1819 77
1451 837 35
3475 2659 57
2780 1811 79
2924 1773 30
1721 3829 17
1096 25 44
460 2498 71
412 2327 77
2462 327 38
860 1673 56
1490 3417 44
626 3711 79
349 885 29
714 1297 25
904 3454 52
3200 1328 53
3829 1912 36
3624 3463 94
2779 2416 47
3404 2958 22
2304 3338 30
2474 892 81
632 2725 43
2763 2056 26
1707 1920 98
202 3052 71
1157 90 20
2380 2802 37
2347 799 10
2846 3219 89
3273 1366 97
2083 1981 79
2031 1119 90
1819 2056 13
2627 3757 12
1401 2586 94
2950 3591 52
2353 299 59
3839 489 34
2928 691 70
3352 2401 67
2530 1434 45
2726 3602 25
549 2119 34
108 3529 62
1766 862 66
3061 2202 40
965 2641 92
523 2021 40
3969 3366 32
325 1386 64
2387 3302 95
1966 1720 70
1982 3801 11
2542 2890 37
3350 3344 49
3659 2870 67
422 2163 82
2493 907 57
3805 397 82
3811 3733 43
1478 2302 30
2138 2650 56
1872 3424 99
498 179 13
1632 3555 13
908 1275 77
2335 766 80
2461 2622 84
2504 1094 70
555 2697 40
1803 2546 43
2547 3312 61
3115 315 73
2135 168 77
2226 508 50
1880 910 19
2582 3940 20
2686 2333 45
3892 2625 71
3902 1448 86
3573 163 28
534 2091 39
1233 1916 39
2586 49 51
1685 384 85
3763 317 18
2164 130 94
3116 889 37
1645 1724 15
133 991 30
727 2878 46
3986 3431 52
1923 2732 72
2959 3311 92
3037 3265 13
1236 177 96
192 2308 18
437 3582 50
1695 1794 69
1407 1896 21
70 346 31
2343 1307 88
3066 2582 37
3400 2256 96
85 2729 66
1408 959 39
1695 1255 99
2520 3062 96
2516 2514 74
2933 1584 27
3893 1883 78
3837 3362 17
2460 3364 77
888 1836 53
2472 853 81
3631 1299 61
612 2571 58
566 250 31
3430 2439 68
3191 1045 92
1196 1912 54
697 1778 49
2039 1243 20
3820 3174 19
1385 2906 86
2793 154 78
1106 1476 56
3745 2513 13
275 3113 70
2867 2813 48
1747 1398 62
1449 1904 40
1485 1408 36
2684 3762 83
94 3645 16
1863 197 17
1556 1420 20
1989 1046 11
466 1924 32
971 879 10
1128 2209 90
2239 1206 43
1277 3723 75
2859 2410 35
666 12 61
1342 2771 88
1523 2341 79
3026 3089 19
561 3659 15
3806 774 46
2059 824 67
2897 2155 96
1412 1744 94
771 2658 78
1490 1762 29
3701 136 48
2698 1623 88
710 3830 91
2875 295 26
2312 3355 23
1569 1141 68
3036 743 38
3841 2611 15
1599 2747 33
458 2918 37
3581 3235 15
2818 1476 78
3198 2193 23
998 2615 53
3223 1086 18
1836 873 84
3352 838 75
429 3778 30
3013 1907 73
3244 1064 34
3110 333 24
220 3579 69
3828 1503 55
673 1660 71
3428 2789 33
3844 3749 37
1930 680 75
1325 2217 58
366 3875 97
3697 1768 99
2932 654 51
159 3130 81
1579 471 12
2496 383 87
2661 457 74
2723 3046 48
2953 1347 84
3525 942 40
2407 2824 53
3926 2876 69
3414 1246 91
3379 2701 84
1435 2537 63
2917 2933 42
3848 589 25
930 3044 21
2106 598 14
585 2657 36
249 2123 13
3538 2056 78
3831 2304 80
3590 954 48
179 1395 45
2848 2932 44
163 1808 58
1089 1876 96
2503 906 62
2409 2225 45
1791 3130 34
2079 2374 49
3413 2220 80
1934 139 56
2998 536 57
1264 1616 37
3797 2028 82
979 807 81
3135 1830 69
2606 3915 71
2579 2687 34
3866 2331 88
3514 2292 41
2637 934 27
3768 3882 99
412 911 43
2402 3160 99
1641 2690 69
2531 3128 43
1280 3868 68
3442 2571 69
2156 2077 92
2576 3845 74
1258 1599 34
2954 2707 46
1692 2348 24
2278 1451 62
2569 915 74
1447 3707 21
3962 3036 69
3276 3239 82
427 2027 23
2373 991 68
2250 1538 100
2355 2307 98
2351 889 22
2255 911 34
3101 729 29
587 3071 16
2189 1992 70
2322 3066 23
1376 444 35
2743 3458 67
3529 3260 57
3881 3121 46
1479 724 78
3287 488 82
3930 3227 55
3845 2164 67
3574 2730 44
3796 2653 89
139 1767 17
1977 3626 82
2614 3948 64
1405 1588 66
1643 2206 19
2647 3413 59
1053 852 24
3416 100 21
2629 3250 82
3947 3017 56
1353 1905 92
3496 1331 78
1301 1922 84
2395 1224 41
3138 3278 13
3417 224 98
1462 269 46
2884 2722 28
3569 2947 49
868 1581 78
3294 3966 28
728 3211 51
1501 1954 38
1237 608 26
1936 177 54
3555 777 65
2241 2440 36
1707 674 37
2698 3656 51
273 3434 84
2148 1283 60
3199 1724 69
1435 613 78
2891 517 80
1076 898 74
335 393 92
1246 2454 78
863 1679 79
1203 960 41
2874 1138 80
368 2212 86
127 2852 32
3126 2778 24
1745 280 71
3195 1570 83
3709 667 70
1714 1973 28
94 1750 89
796 1925 65
405 2387 38
179 1652 77
1084 1262 90
981 3088 86
22 1827 46
1756 1812 35
3976 809 34
709 1719 10
1126 2809 36
2186 3916 90
2901 3725 45
2690 671 10
299 3859 33
2640 296 12
3875 2106 47
3716 986 48
3961 2469 45
881 1184 76
1778 2443 95
3342 2405 82
2037 3511 44
764 2688 37
2618 3816 80
2092 1481 62
2050 1669 70
324 897 78
2858 1225 100
2235 1905 44
343 1201 38
26 3056 61
2772 1227 78
2321 501 78
2594 2348 55
2975 3703 14
374 3139 32
188 3530 28
949 3312 55
1634 841 54
2084 730 28
1028 2287 64
3023 3257 95
1106 1819 62
3832 3627 37
2287 2934 22
2523 3849 11
1311 3622 58
3101 3257 25
1187 1619 25
2103 302 40
3287 2560 88
2561 3527 67
2122 2686 47
933 182 44
866 2692 41
792 3045 50
3545 1472 98
1432 2240 85
3907 3215 40
834 2568 41
2229 684 64
3586 1601 61
1609 2288 45
1656 935 36
53 1056 99
1480 1272 67
2669 3299 25
1690 1541 68
3657 2413 22
504 187 61
3057 910 26
3863 2462 58
2790 893 71
1683 3214 44
3157 169 72
3163 3073 92
1872 1470 67
2408 102 85
1368 2134 56
1919 1297 94
1784 3304 89
3165 1619 68
900 1864 37
1007 1470 18
2556 1428 46
1569 2166 61
762 2381 99
399 356 64
49 565 24
3629 840 44
3633 1824 25
1638 2791 80
2457 2311 61
1487 2488 16
2371 3104 37
1919 1934 32
2950 3922 91
776 1652 34
3606 2124 69
3013 1262 50
174 3327 29
3476 391 45
190 1087 74
1361 1021 88
2058 2202 19
922 2837 56
289 694 45
769 729 36
1381 3636 29
3004 1367 84
3368 2472 75
391 1956 57
2601 3439 21
3217 2142 57
236 3216 46
1035 1700 95
2224 3199 47
213 189 41
1111 3574 64
1425 3184 19
1514 81 33
1609 1345 87
632 687 71
1205 51 68
952 1864 16
2307 3260 65
1099 2325 12
153 1474 97
412 744 78
710 1731 93
618 2739 98
1131 2183 11
3512 1177 39
1624 3254 33
2136 2555 72
1805 345 86
629 931 44
862 3584 90
1018 1853 39
620 1778 81
1957 2925 17
2424 2180 94
834 2107 62
1614 2069 88
1992 2677 70
1357 1496 82
3070 1390 19
438 835 94
1841 179 74
3794 2011 74
3453 2155 59
2165 2630 17
2245 2510 97
2227 1892 54
3710 3685 84
2676 1352 25
2812 3702 87
397 3819 62
112 1955 53
1097 3457 57
3990 1854 31
684 2829 90
99 1672 58
1497 3412 20
204 2402 78
514 3187 82
168 1138 96
951 2707 14
2924 3359 22
784 196 84
1205 324 30
3556 728 26
3232 923 83
467 2554 58
3544 2395 87
1032 21 72
3625 3890 36
3310 1379 65
2625 2053 42
3135 3354 23
3686 3270 84
732 309 85
1712 562 38
1283 2099 43
2534 2180 24
1472 473 53
1190 406 49
2471 1207 73
1071 959 10
2084 2593 21
3899 1646 34
2945 1532 39
1417 284 99
1269 3645 86
2250 2675 45
3370 495 37
1280 3545 76
675 2273 10
2094 1223 75
2 658 100
3348 254 74
2463 869 46
1841 477 56
3761 810 86
1373 693 23
2298 1268 98
830 1220 47
1466 3023 27
2315 3593 34
1997 3935 60
98 1869 99
301 2635 87
1473 525 37
2129 319 52
2499 2966 100
3099 3791 51
2691 3459 35
3353 692 25
2628 3424 23
2287 1830 45
2203 1265 19
2598 355 83
1596 2954 79
2311 3193 90
824 2048 56
3726 321 47
3261 64 19
3024 2813 13
2478 2863 83
794 1981 29
2856 316 98
2708 3287 29
248 860 83
486 1243 23
1115 3715 79
1756 973 23
1721 75 38
3019 1516 62
1785 3984 26
152 1441 15
392 2975 34
778 1158 39
763 1828 70
3749 2399 54
2718 3769 71
2757 2546 34
183 2651 19
2635 3806 79
3268 2774 42
1413 1856 35
170 454 98
2249 2145 81
3561 47 39
3370 1337 34
1008 3576 63
42 2883 35
3255 2729 84
2542 1758 11
1925 3187 81
2187 478 29
522 572 21
3805 1799 79
2629 2330 25
1806 1455 11
1678 2997 33
994 3217 37
3209 3443 38
1131 1847 29
592 1677 53
2882 796 48
841 3882 22
3148 197 49
873 3403 87
2033 1108 60
1455 1378 66
2277 866 40
2263 3574 33
2770 3624 98
1386 1683 28
179 1004 91
684 1488 45
886 1217 31
2430 2265 67
2335 1039 50
459 1053 84
1996 845 46
1220 3706 21
69 431 16
3139 2037 14
1778 3120 12
2231 1360 40
266 2964 87
1054 2180 14
2430 1611 60
3725 3826 18
530 2609 64
1841 2932 67
1462 3876 43
1698 2842 85
1821 3579 52
1294 472 97
1744 2483 53
290 3812 58
3090 568 15
889 895 40
483 1900 94
2217 2839 91
537 3329 60
3955 2462 15
2113 3172 91
3914 140 60
942 507 84
691 233 40
2140 2164 94
7 1809 15
3277 2376 58
769 428 99
288 772 13
3109 2040 48
1793 761 89
3574 1611 46
2133 2200 12
1416 3539 92
3459 3957 28
1768 809 33
564 11 20
2458 3661 22
3510 591 92
3263 2245 41
2227 3967 13
657 9 53
3081 1354 55
1308 3734 37
205 986 100
3098 1918 26
308 806 75
1833 2681 41
3067 2485 82
2020 281 38
3840 432 55
3791 26 57
1423 1830 89
1486 2656 52
1957 3333 38
612 2149 56
2816 630 52
1849 2475 10
1415 1657 16
615 2374 36
1622 1629 39
2710 2576 93
812 1382 17
3338 1194 38
2516 1593 99
1614 1497 73
3331 1645 17
488 2868 60
3779 681 24
3371 2902 28
2137 3370 85
2648 3226 72
1016 458 12
49 1551 37
3336 1394 90
2706 297 79
1281 904 44
3437 2454 33
3249 388 16
2468 3790 39
1000 1171 99
1659 3960 14
3286 3831 73
1254 59 11
3569 2977 89
3458 2858 56
12 2650 72
1082 2883 51
842 2744 74
3920 1165 57
1987 372 23
1187 1022 69
3416 2531 25
3836 1409 30
2139 70 17
2705 2345 91
3600 2163 19
1321 1074 47
3244 441 38
3725 2426 60
2432 407 55
3485 2511 18
859 3424 42
1165 2609 11
921 638 81
847 548 38
1076 2712 83
2379 3743 89
797 2112 90
3070 273 74
2719 3454 83
2433 702 66
981 1957 36
1382 1317 52
1997 294 32
2726 3213 88
3388 1295 50
2491 1407 23
2810 2440 47
3518 818 80
1166 1719 69
2106 3879 55
2433 1680 94
627 2215 40
866 3297 56
2242 2949 12
1512 2319 98
608 543 49
1263 2936 70
1784 3214 82
3919 3619 16
3280 3943 94
414 3455 95
911 956 35
2679 3052 43
1714 1106 13
3698 3341 76
3066 615 65
2618 1990 98
3836 991 90
3258 3875 61
2502 1611 15
640 3591 25
3022 626 55
2928 2623 11
1371 1104 78
2750 781 52
2183 2015 89
357 3298 100
3789 3274 44
924 2844 95
2820 3058 59
417 2304 52
292 3122 88
2770 1514 35
3081 1843 85
447 2531 64
1362 3500 84
824 68 20
310 2459 57
2317 3940 11
878 1843 91
1910 2998 96
3243 2678 60
3894 280 63
2076 571 78
634 1637 89
3004 2302 25
2214 3693 91
557 673 22
620 1155 20
3502 1765 60
832 2839 96
2671 3192 37
3293 3391 68
2048 2968 100
272 630 44
2595 1440 87
103 1327 46
2215 697 60
3450 771 41
284 1695 25
1204 2265 35
1747 2708 21
3220 3793 28
1806 3118 28
299 3576 89
1818 1097 55
2754 1491 45
3906 2924 97
2948 2760 89
2425 672 35
3159 2491 33
2899 2745 82
3463 3809 29
1390 135 31
812 889 52
103 3528 72
1024 3567 84
1249 730 17
473 2926 31
2989 847 88
1731 1150 63
902 3127 58
104 3400 13
2708 1312 82
2873 3727 76
1620 710 61
3959 3714 83
3553 399 98
1138 294 26
3673 109 59
2365 464 45
417 1588 78
368 756 26
3211 3496 36
815 2657 75
1353 3854 62
2060 1840 91
1145 3233 70
3095 2929 94
99 3636 27
3084 3427 86
3769 3846 69
703 1080 70
3856 2695 12
1023 3351 59
3012 2485 97
1169 1574 21
2367 2250 24
708 3737 10
1300 2234 94
3169 789 82
23 2031 37
1361 386 73
653 2626 76
619 3314 61
1910 1488 74
1730 2171 59
3356 886 59
2844 411 76
2027 2389 85
1454 292 20
3043 3112 14
3469 1366 30
1857 43 98
2063 2534 53
625 1054 96
948 2313 32
902 2315 13
320 2228 28
2748 3669 97
2673 2408 94
3317 1074 100
2770 753 51
2543 1380 35
3493 1057 96
1016 582 73
1078 1495 33
2449 1790 90
3865 661 64
1914 3682 26
1812 2369 58
2469 1895 49
888 3000 34
3920 2621 23
938 2697 91
745 2055 46
1904 2990 97
1780 1203 32
2606 397 36
869 98 12
3686 3147 16
3380 3848 97
2082 1926 54
692 371 39
1516 292 45
3504 3936 38
2052 474 12
743 1881 84
111 3905 49
2778 3466 74
3762 3150 38
1541 1181 42
3924 221 97
3834 438 37
767 1088 94
2360 1484 97
3897 248 91
896 3397 90
3326 1926 42
1712 1085 10
2364 192 63
1725 100 90
3793 73 57
2443 3563 89
1691 649 26
1391 1886 33
2564 2006 25
2572 1939 29
1876 1685 96
955 820 96
1647 96 45
3603 2750 41
2877 346 49
929 30 18
3622 3509 17
1543 1915 92
424 2612 22
1046 3957 35
2255 3652 21
1954 1632 94
2065 2912 85
3080 1174 59
3064 250 50
2834 104 63
2469 1453 96
2250 615 47
961 1569 67
3631 2413 64
57 2670 51
927 3316 76
1236 2954 14
2478 3298 92
91 1053 57
484 1065 20
303 1929 74
3828 2283 58
2107 1252 57
2855 1503 37
3226 471 96
2260 915 36
2432 3729 61
3859 245 42
651 1555 67
1385 1309 40
1841 1741 94
114 2039 62
2691 910 99
1995 2504 31
123 1389 14
3818 2061 67
2215 3954 53
1420 2753 56
1655 695 46
908 2472 32
2839 2906 25
774 2360 88
1805 3701 13
624 1035 47
1131 116 76
2773 3505 11
882 1562 99
2187 2544 30
817 3377 27
1213 2105 71
2111 348 35
1230 587 80
1661 146 94
3856 1991 51
1197 803 11
2930 3092 93
2020 1336 64
752 502 81
431 3339 40
605 3461 62
121 1389 97
589 2271 86
75 1352 98
3109 2082 44
1533 3360 20
3216 758 85
1504 611 93
3936 2322 100
2115 692 40
577 1761 97
3948 1233 89
3581 1484 11
3282 3419 57
2718 3798 43
3669 1234 21
741 1017 19
1722 175 74
82 2619 49
2597 3130 76
3450 3946 90
1882 1556 18
282 1507 34
2882 1178 47
2816 2446 39
3230 3006 43
2015 1444 73
3594 824 83
3733 1915 35
3265 1649 17
2849 3111 87
3836 3417 31
1216 3486 80
2236 3930 26
2003 857 51
1600 2383 31
3626 1890 44
322 803 90
2364 345 100
1730 2489 17
677 1974 99
