5395 7285
4503 5290 47
4949 4122 44
5247 1845 55
1608 2789 37
2355 1390 13
2894 4053 35
4556 5121 94
1499 3502 92
1835 4288 97
2771 4670 20
2601 4325 52
1747 4536 48
3186 5296 85
3535 4291 54
4418 2525 71
2466 2525 39
188 3644 93
4090 4797 97
2102 2298 14
1320 35 26
996 554 61
5198 4409 31
3446 1984 27
360 892 41
4332 1530 12
5191 3086 53
4410 2731 21
4345 1150 55
50 2008 35
1038 4196 100
1567 1311 77
4999 1037 18
4097 770 64
1466 4265 10
1183 1803 42
1536 118 84
1665 3689 29
5301 50 43
550 2683 67
3942 4984 73
2301 4753 53
4958 4587 86
1980 225 51
1986 3765 72
2514 1593 26
3296 4454 96
1206 751 95
2548 12 61
3959 2541 15
3792 3437 11
3203 2904 18
3005 4945 65
3237 868 66
359 4443 71
3830 3135 24
3515 4720 59
1159 2877 82
1595 283 35
643 3690 61
3369 2245 37
2181 1389 18
3759 5352 24
1435 3378 83
1609 3753 24
736 5366 57
4662 441 14
315 878 92
3858 4855 31
2136 3884 12
3273 1180 70
852 1263 98
1647 384 72
1441 2067 32
1208 4710 80
3897 4796 39
2972 2113 76
1303 3982 75
4844 2435 74
5319 5010 19
4701 1897 23
2027 4841 32
1953 3502 45
2286 2971 70
4853 3310 82
4549 3123 98
2499 2378 52
933 696 12
3696 294 29
554 4677 10
978 2086 60
3086 4195 36
5203 1995 82
980 4831 98
4022 3410 53
2326 1042 22
5063 2931 67
3475 41 13
2479 1210 21
3825 5273 11
3760 2396 29
3582 3167 74
2171 3926 23
2807 1467 94
92 1906 59
545 3569 45
734 1325 22
2921 3022 39
4333 1699 22
1265 506 66
4001 4281 63
3915 1431 61
1131 5342 10
1784 2047 12
2311 4532 36
2700 1531 14
3516 3374 38
347 4446 89
5091 3161 43
5338 1738 47
999 4225 39
380 2819 34
3990 4796 90
2336 5174 23
203 445 66
1161 5086 10
4625 4694 52
70 1055 36
1933 755 49
686 1134 67
2608 3793 79
3832 988 58
649 529 63
818 3629 77
245 3906 79
4957 4377 44
4063 4044 13
2557 1616 26
4506 2439 79
4839 1792 32
5269 2866 74
4019 858 14
2206 3558 31
1583 686 36
1852 1708 38
3570 5380 98
2783 3935 59
2235 5024 92
3914 2056 96
1632 358 78
430 2250 62
3362 4333 89
472 1182 22
3685 2273 62
2425 1319 15
4051 5269 14
567 3795 42
29 4636 85
3835 843 60
2060 2331 15
335 681 37
2174 4566 68
1351 639 74
3394 3140 56
963 3593 13
2377 1991 10
5024 1957 73
2908 1998 19
2364 3449 67
4133 1469 50
4228 3695 41
1406 606 86
381 4740 45
5172 1564 35
3724 3400 95
2124 269 38
3482 2669 68
2020 1046 20
55 2915 56
4201 4779 81
5254 161 80
1599 3004 44
4387 863 94
4974 3707 95
3673 3000 42
2917 2448 17
2169 4089 54
9 5125 86
2353 3180 31
3784 967 32
4160 3906 43
982 522 97
2337 3972 100
4786 1163 60
109 2958 50
5176 688 100
5229 3035 27
443 3084 33
3298 2722 23
3854 732 13
4712 1909 96
4375 2905 77
2672 2783 56
1531 771 57
2116 4770 46
4939 161 91
4636 4373 21
5359 3895 50
1328 2640 42
739 1747 41
1298 1724 17
698 885 58
616 4500 79
1299 5063 57
4992 473 87
2725 4676 45
2291 2687 91
5359 1559 95
584 3292 83
932 1218 33
4021 2421 89
1824 3347 72
1122 4314 85
1278 1673 75
4595 1827 26
5184 904 61
1021 4952 33
55 1102 12
1973 1888 69
1230 2020 93
821 4131 26
4802 1304 31
1470 981 58
142 3469 56
1893 2468 54
645 4965 83
2759 3678 80
1552 906 57
94 2661 60
3271 2261 34
4164 554 90
4239 3922 17
4452 5055 40
2533 3342 13
2792 3061 52
1265 3060 11
3749 404 81
1300 42 28
2429 1541 21
374 4575 73
2145 1766 32
4709 1762 71
997 4647 16
507 1235 18
436 4141 65
2888 2262 63
1909 990 28
258 613 24
195 1874 44
3226 1018 52
1631 1702 66
4811 2613 74
908 1272 88
5367 4813 21
3750 2507 57
1338 4630 89
4430 2668 19
3806 733 13
2289 1909 85
1476 3525 47
2828 2303 36
2261 726 46
2108 524 18
1323 4060 40
8 2382 18
2928 1096 76
3638 538 64
1848 3209 42
5359 4958 54
4513 2019 53
3595 4923 19
5310 692 59
1120 5290 15
3308 1282 45
785 4723 66
3217 4040 72
4382 3799 55
4767 798 51
2234 3614 31
4725 1938 14
1151 1224 14
3652 193 91
290 4528 79
4625 3864 24
4498 3013 91
1319 4615 41
667 486 24
1001 4768 62
61 4528 62
3780 594 12
4857 4174 55
3169 897 97
3804 1800 19
4577 2651 28
4300 5311 54
3657 2569 100
2818 3690 72
2277 2150 62
3756 4700 48
380 2161 72
2774 3635 94
1599 2165 76
4165 2384 57
3493 456 52
2187 225 72
19 3337 54
1819 1707 65
1932 2240 66
4702 4685 79
5219 980 17
2350 5008 88
1213 1232 38
59 2969 47
239 2279 84
2604 2517 18
1452 246 82
4578 3988 24
5215 2528 49
532 2510 73
2230 780 39
2707 3540 78
2940 2525 43
4412 1112 26
2412 1130 65
1369 3759 54
2374 4017 52
21 3945 32
1164 2875 75
783 3692 89
4472 198 88
288 2701 57
630 320 41
3254 1682 44
1765 529 89
2907 1903 50
724 151 86
4503 5244 26
2429 1316 87
357 5102 16
2310 3466 11
2259 33 74
4956 2656 41
3148 2579 43
456 4564 29
806 5260 38
4119 2255 41
1203 851 93
525 1286 59
5340 4105 71
3446 2776 98
4506 4479 17
4121 4113 26
1559 4835 34
4560 1379 97
3369 713 81
555 127 34
4024 1303 67
2579 3914 60
4899 4327 36
4071 3180 37
4019 2048 47
1426 3965 72
3334 3031 24
3532 3546 96
4504 2743 50
4789 4657 82
2408 2005 73
3834 2814 79
4224 1011 42
2369 2893 41
1267 1209 28
3343 1014 22
1722 5380 94
2756 2614 12
1171 2889 26
3695 4435 91
2451 1652 91
899 2642 62
5119 2529 22
2117 2608 36
4252 3181 76
4478 588 69
657 897 11
4973 1829 89
727 3880 13
5355 702 74
1255 4179 38
2283 717 33
2776 2517 17
4431 3547 59
1175 3335 41
5088 3514 25
700 1821 50
2008 4127 39
4512 4748 100
3596 205 36
2239 3763 72
3110 2506 51
3162 3895 36
4759 3720 23
3048 4683 85
4717 2951 94
4412 5292 91
2135 544 41
4255 5016 22
3732 2074 98
2993 4825 40
2061 200 65
3305 2931 71
4873 4386 83
1896 3996 73
1342 5061 41
5146 853 66
1646 381 79
449 1183 69
2258 171 37
1273 100 74
4159 541 48
5013 4284 77
2197 2364 11
3131 4063 64
48 5238 24
3538 994 12
4531 368 24
4986 1285 13
5116 2661 47
830 4789 30
3443 903 27
253 1056 44
882 4427 95
2560 2270 61
1154 3994 70
4332 3173 79
5108 477 25
3627 1901 97
1181 1695 100
1307 3701 12
1341 3029 55
1443 5171 89
2248 886 30
1699 3372 23
1568 735 55
2594 4779 42
4216 5357 52
214 987 24
769 132 41
4235 2125 66
5380 1160 58
5232 4692 89
4680 5156 66
580 1587 25
4081 886 59
4795 4639 40
2605 2910 14
3705 1916 56
4763 1708 97
1746 3535 43
3061 1948 90
3936 5093 84
2878 3840 50
85 2016 76
965 4503 72
4026 511 30
3664 1875 25
5031 3672 39
1515 3776 33
1141 4572 10
3039 2213 50
871 30 66
748 3176 82
4665 2476 86
4943 1565 33
1070 985 73
2656 3957 92
2513 1293 98
4669 4859 15
3414 4868 43
1571 3526 57
3203 5343 79
1129 4439 76
1882 1353 28
802 998 62
3971 3600 29
4993 5193 80
3849 1197 28
4596 1972 71
433 2065 39
3432 4996 43
3143 4173 99
449 1446 57
411 1145 34
4274 961 69
3668 5148 57
2308 3164 25
775 3693 65
1488 2541 65
3998 1975 99
2092 4135 14
2230 1303 21
290 4947 10
3597 3037 41
1277 4888 22
1832 4136 27
2362 3292 82
3356 3865 73
5064 3089 21
3192 3043 54
296 353 20
5104 809 26
4661 999 61
5303 3459 74
5364 4507 43
5076 3968 64
3032 1970 97
4410 734 15
76 2284 17
4970 397 33
2697 4304 90
1774 1738 29
1269 1888 71
1412 386 72
715 596 21
2613 24 61
3285 2332 54
2778 3103 29
3929 3111 15
1188 4187 26
2723 3778 26
4303 4217 45
952 5253 66
740 4414 14
4732 4 71
2368 1926 48
2501 2697 10
2678 5391 61
1060 1781 76
707 4784 68
1614 2504 40
3217 2725 43
3237 3449 45
4187 987 20
1704 2835 88
2335 4692 22
848 2390 14
5380 1018 26
2235 4116 55
2248 1926 23
1025 134 98
3673 1437 11
4261 442 32
1869 5082 98
2106 4967 30
2632 3579 27
3946 1483 85
3827 5170 18
1265 2716 51
2142 3219 74
3977 1175 28
954 3837 36
3633 1386 99
3743 1184 73
3253 2813 62
1781 4452 39
3559 5233 93
3983 19 15
5099 2194 13
3803 12 69
3622 1663 14
1965 1557 53
3162 2294 65
3829 4700 11
2266 2115 12
5231 2745 92
1932 2780 47
3895 3082 87
2965 3126 28
4750 2313 77
3890 1566 86
1263 3904 39
4857 4439 14
3484 3130 81
3898 16 80
1326 2078 59
1675 4373 67
3748 257 44
2363 3051 36
4787 385 63
21 3229 38
3557 4207 50
4525 3231 68
2200 4437 84
921 1034 65
645 1442 82
2636 956 97
2328 1233 18
899 2421 79
2360 19 15
298 4551 23
4499 385 83
1222 4595 18
512 3925 11
4066 1308 20
1617 1350 31
4540 2700 75
4987 436 11
4363 1521 15
4653 5112 99
4114 708 38
1078 5117 51
518 5160 15
445 3919 58
4504 1303 82
4631 3315 76
3429 2849 85
2427 275 55
2786 4890 95
1128 1299 50
5046 2878 37
223 2464 63
2092 2487 90
3615 4118 52
2142 592 39
4268 319 93
1274 5186 49
2547 2937 33
1380 4069 35
2698 2445 45
5239 766 93
510 4040 13
519 1789 56
3017 847 35
909 3451 55
5057 4962 76
1118 1982 21
2626 5133 75
3371 5386 60
214 563 64
410 2340 68
1429 1074 80
1012 1887 35
2827 1766 44
5357 12 17
4004 1290 96
3644 2393 42
4278 347 99
2828 1412 85
866 2437 96
2211 2228 20
1122 811 58
1883 4271 60
1148 5161 79
1741 5351 41
367 3756 30
5160 4220 45
439 4890 83
757 3448 16
2521 2140 79
1189 5018 36
2005 4086 66
1192 267 22
2335 4238 78
468 3000 75
2786 2269 22
5310 1023 85
715 5284 78
2552 1833 77
1655 39 29
1983 2874 50
5306 830 58
3678 674 24
5040 4221 37
4083 5067 55
4633 3783 22
827 185 86
1482 4043 70
3550 107 54
3359 108 15
2770 2460 78
3564 389 36
2450 1102 86
4901 884 69
2318 3956 13
3066 4660 72
4559 1465 85
722 579 91
4374 1753 62
229 2845 62
2871 373 79
3625 2202 51
4326 4428 63
1721 3212 19
4120 1437 13
1338 467 99
713 1773 18
2068 1796 80
1874 2142 71
5074 5047 22
3612 3830 90
3645 3570 84
4363 3937 44
4598 1559 72
472 4018 38
2435 1079 96
4179 2779 74
4962 1084 92
1282 4235 74
3265 4266 57
1651 490 10
3065 2015 91
3635 4498 26
2869 4372 22
2080 2772 12
2502 1091 67
4627 3678 12
3699 22 25
4819 3064 34
2913 4429 12
4590 820 83
3993 2567 55
4040 1107 61
1417 5015 97
1560 5144 21
2790 2990 27
4710 382 15
5078 1056 63
4274 2764 74
3160 3041 10
4350 2120 60
5113 4995 98
1335 2954 64
4590 3813 50
944 4361 93
5281 4114 87
631 4378 33
223 126 77
2895 3079 92
4242 1516 93
593 3200 18
5124 5042 87
1374 2752 97
4028 443 17
2340 731 80
1086 1679 73
4119 2613 86
4983 2037 24
4352 889 92
4730 1697 29
3721 2523 13
1867 3895 41
1222 567 54
3408 1002 53
3681 914 97
4692 1371 93
3739 3264 49
2774 1224 81
1476 3229 19
3218 1764 82
4049 3847 97
832 2844 99
3702 3471 82
2008 2272 28
4366 1215 27
1016 5191 80
1402 4338 44
2226 4811 24
4261 3512 10
4092 4530 12
3531 492 64
1881 3401 85
1639 1572 87
3665 3188 91
1328 2259 29
1777 4407 28
2399 1676 23
4894 856 95
3852 1803 56
2473 4803 22
2452 4542 72
1582 3907 30
2169 1736 63
2920 4245 23
352 1228 97
2280 4389 35
3282 2398 59
4108 5280 46
5322 4707 24
337 2350 89
2055 3708 68
67 2690 93
4707 5039 88
2598 2980 51
4226 1380 48
898 5170 15
3191 2154 22
3659 5376 95
262 2618 16
3848 4302 45
2281 3648 87
2311 2315 24
3897 3961 35
5217 2841 90
2572 1370 20
1062 2007 69
5372 3379 86
1353 3419 66
2049 239 53
2962 3998 10
1268 871 21
4377 5284 70
4090 2706 31
2498 3486 79
1486 3530 56
2401 4020 69
1813 32 97
5105 5213 87
396 2426 84
300 2166 73
3819 885 94
4836 3913 52
1816 2300 55
315 3672 58
3945 2975 95
962 522 60
5051 1043 71
3059 4288 53
1601 2934 60
5391 557 82
991 1749 54
3158 1685 85
3727 618 14
4402 2577 47
3404 2332 32
512 4174 44
1135 4620 60
4936 216 59
1528 3659 70
3025 2570 69
2176 2301 74
656 1051 15
162 762 70
3084 4485 17
654 2039 58
4787 3859 42
4120 1468 70
3809 3614 97
2064 2991 52
471 10 82
3712 2847 64
5365 5039 36
4551 3777 28
524 5016 23
1121 1404 85
2011 4670 61
5214 182 93
4161 4957 48
333 1660 19
2990 1291 10
4394 686 52
3077 3379 85
1974 2960 91
1457 1657 93
4289 901 88
2066 701 98
4236 1848 98
2101 3440 25
1922 799 61
744 3392 100
4919 727 18
1774 3471 82
1911 3983 34
481 3706 72
3362 1353 62
1565 3227 28
4740 2902 54
3647 428 83
2812 3907 76
1768 3482 70
3560 846 93
2719 3284 55
2871 2007 84
4328 2104 29
1890 3260 24
965 2733 11
487 4315 83
4484 2014 47
1196 2581 21
5385 2185 62
3945 4503 67
1668 2159 34
4882 4833 17
1263 2042 38
2027 2839 13
1486 4308 47
1680 3054 57
5366 1040 95
4597 2671 40
3336 5278 25
2133 1153 63
233 2329 15
3952 509 90
3725 2278 24
844 1137 76
3059 2712 95
2125 4488 50
4898 525 46
942 1665 96
1933 264 17
3028 4309 44
1292 1366 69
2528 745 96
1245 3353 43
430 1379 15
1180 3334 90
3351 3002 22
2322 2407 50
1719 3411 46
4325 2831 94
2845 4229 43
1230 718 83
4139 522 94
2853 2697 73
2038 1923 81
4758 2779 85
3736 3942 77
1979 3768 74
4973 918 44
572 49 86
2228 3038 20
2112 4138 10
4523 3756 75
4250 3247 89
5262 505 82
3920 1310 30
5365 2465 36
3293 3421 15
4215 3674 40
4979 46 69
544 1789 21
3037 1329 88
3875 1982 31
4206 418 65
1235 503 53
1617 1224 32
4558 1359 89
912 4542 46
4414 1387 90
2579 2128 29
3751 4206 13
2997 2369 69
4997 450 66
3760 3488 17
1461 3319 85
1887 295 19
3382 784 12
3536 2724 23
395 4713 81
934 4558 95
872 2485 26
1529 1096 44
5318 920 86
394 1315 44
491 918 100
5373 3653 99
5289 5263 55
3484 2979 78
3300 5039 61
3460 946 78
699 4964 75
3494 4364 43
2750 3850 50
1427 4191 65
3591 2644 69
2716 2562 36
1967 4814 97
1905 3407 52
4768 2297 95
4182 4584 83
483 677 41
5043 5171 20
2338 2062 100
3429 2577 39
5344 4980 69
2884 2203 30
298 3506 77
3084 3335 66
2351 2591 15
1386 4185 100
5106 5119 31
4778 5126 49
1166 997 84
523 3244 88
2687 2323 54
5206 92 85
4908 3367 35
4386 1778 57
2773 726 76
749 2941 47
1985 113 51
220 2980 13
1995 4843 75
2872 2301 43
4647 3133 58
3337 665 44
93 2894 45
3067 1360 94
1797 1130 93
2697 12 85
3673 2493 20
1848 898 30
2028 4941 27
1173 4826 21
2460 3753 28
2942 1067 50
4951 796 54
2989 2218 75
3978 3790 17
2663 3601 69
1648 3322 80
1197 4877 96
1445 4500 91
1593 1488 15
2742 4866 17
3376 2201 67
2827 3398 54
3630 2240 49
1454 4285 95
1238 3498 70
2612 628 26
1673 1506 83
773 682 66
1741 3018 19
3656 794 65
1058 717 33
3437 341 15
776 4838 96
197 335 52
1214 3880 55
4462 4745 42
3557 2323 77
4813 3518 73
4269 99 83
554 670 96
3041 2583 22
691 3186 47
4230 3057 79
1557 1960 61
1189 2215 24
4538 3632 45
5040 4786 46
4494 1147 11
1947 4072 19
5224 5253 65
174 4524 100
4527 55 35
1489 1519 69
2852 796 30
2492 4208 85
2038 3550 95
4055 1110 73
3111 3519 65
5127 4985 29
2122 3122 23
154 345 92
4308 4710 73
3711 5020 43
3338 3684 64
2355 3759 77
5028 813 16
4455 4412 72
4528 3330 40
4112 3597 60
1958 2610 73
1275 4819 28
1885 4093 68
840 4395 42
3964 3773 48
2589 3701 49
118 1798 58
1152 2600 40
1835 4077 74
4983 2614 100
5092 2622 10
3861 3893 12
1962 4206 88
4395 1528 50
4121 1526 88
1761 1500 50
3813 100 86
3399 3340 80
1135 4834 78
3629 2919 44
1845 4754 53
273 2447 29
2649 1459 51
3193 4285 51
4883 3885 75
5146 3678 54
3960 3926 45
2434 1790 36
1700 658 31
4485 3964 10
2472 2737 53
5370 2928 59
1509 3185 68
2747 4225 65
3991 4544 65
310 5347 21
2427 3951 99
805 4779 97
3239 4502 39
1826 2285 70
5038 3821 67
3122 72 68
4832 5057 13
3984 1358 38
3846 2735 32
2728 965 15
685 15 85
4532 4927 26
1479 2135 37
803 1415 59
759 56 70
1036 229 38
4409 3624 40
5358 3133 30
2390 454 53
3795 3698 73
374 4873 17
5004 637 37
2054 2554 62
2622 1984 65
4913 4983 41
4795 4095 45
3128 999 34
1864 11 77
2316 1638 42
262 400 50
146 626 55
213 3054 18
3848 2377 11
4470 2673 68
5347 5123 62
4964 5290 64
2902 4373 69
198 2452 50
1360 1368 47
3262 4629 37
5177 2768 87
2787 1394 95
2725 1456 91
4039 4410 27
4905 2072 10
2947 3516 26
1960 1618 57
2826 3128 52
3528 4317 91
2000 3723 26
339 2478 97
4074 3762 67
3812 3930 77
3241 4702 42
3806 5105 38
4836 2600 97
5017 2725 59
1004 364 68
1297 4599 68
2519 3205 100
195 1547 80
2485 3353 91
2188 1350 10
3543 2453 61
2047 2846 92
1515 2322 39
37 3528 24
227 4357 46
2777 3431 18
4312 3711 42
1862 1858 20
686 3155 27
3959 1444 69
1592 4929 68
1955 3080 79
4027 3044 19
497 258 68
3580 418 93
3150 3263 83
1603 1678 11
608 2432 61
3503 988 17
5165 3997 38
2742 1330 26
4640 4376 57
2373 5379 59
1343 483 54
4872 1693 22
5265 2303 36
2637 4358 15
1672 1377 59
3666 4598 55
4726 2364 70
3291 1059 49
680 2572 60
869 1683 29
2687 4395 92
978 4553 60
2838 22 79
1767 3745 52
2092 973 67
3090 3014 42
4124 4750 26
2574 4276 48
4691 5249 35
2351 5234 48
1210 4941 30
3435 1091 54
4105 2156 97
5341 1782 11
2995 2796 68
2114 1599 41
4845 1576 95
1901 2016 37
5258 933 88
2132 4777 43
1556 1298 59
3632 4283 36
4134 1354 79
705 1240 19
5072 358 45
643 3021 26
4046 591 31
3377 2544 75
4904 5025 59
558 3302 55
610 2458 59
1197 1720 78
3452 146 98
1751 2604 42
2344 3947 11
54 1652 31
2823 1048 62
4329 3608 19
2123 1942 70
1238 2136 24
4286 3511 48
1144 4454 61
3941 3964 67
3521 385 27
458 2447 68
2617 994 66
1447 4982 52
946 649 53
4048 3237 69
5230 1299 59
3699 1230 51
244 5340 35
3031 1475 66
1086 3328 64
1964 2476 94
4582 2563 62
1453 3003 15
2745 3477 19
964 4138 80
3914 1099 12
1332 1340 33
1042 4513 61
4194 923 30
1103 2495 36
725 3586 27
4985 1181 88
2877 2366 78
4722 142 55
1596 795 18
4979 1402 50
4926 5137 44
3829 4672 84
5338 3656 16
2729 792 24
2916 1837 47
2443 3549 65
4814 2315 73
3152 715 76
5045 579 51
1851 1724 24
2023 357 59
3619 2465 100
3853 1606 23
303 4011 23
1298 2255 62
5029 2047 55
4059 3712 37
5113 1297 81
1805 2036 68
1330 1686 14
1783 3577 39
2433 1467 93
4050 671 96
3707 3044 98
4789 332 60
3470 292 12
4307 5349 45
1705 949 39
4220 2877 16
885 464 80
281 56 69
727 5342 39
1309 1094 17
913 3109 62
3544 948 16
4157 4424 54
4838 810 39
4697 3042 22
5047 2772 45
1961 4837 60
995 3790 51
1453 3826 80
4000 246 40
5224 3557 37
1173 326 77
3536 4611 73
1503 1167 44
3999 2330 59
1984 2236 26
3587 3304 91
5088 1277 15
3781 3621 62
3254 5112 30
694 922 56
2780 2343 34
4185 5048 14
2813 2180 16
2380 4894 99
399 1212 90
817 1067 27
4244 3832 29
958 4296 45
2428 1803 99
4249 2232 74
3925 2492 96
5006 2209 59
5152 1276 91
3008 3074 57
3495 2284 26
325 4290 33
160 1806 24
2383 4005 96
1435 1392 96
4589 2474 20
4790 2612 28
3053 3876 77
5017 2920 49
2684 1895 100
4880 1347 61
1622 1908 95
4525 2355 79
5380 588 94
2778 3248 49
742 1443 49
1199 944 25
3021 5028 15
1142 2034 85
764 2685 22
720 4412 53
4725 2562 95
2656 1830 97
4731 2802 15
3030 1820 94
3649 3682 12
1999 4090 68
966 3101 96
2613 2733 77
4562 3233 47
290 1230 83
4921 3888 18
2339 2562 14
3919 4186 49
1388 3851 75
5313 993 56
2839 4659 32
1662 2744 38
2595 355 45
3566 4067 82
2558 5161 41
3380 3251 99
3616 5123 31
469 3668 45
2016 4429 40
1076 1128 67
1541 1329 29
2536 1006 88
1446 4578 74
579 3864 95
1983 3243 12
2642 4979 56
3209 2830 18
4471 206 21
2648 4891 60
4103 941 20
3537 3591 32
1713 2970 71
4126 2591 74
1567 4042 98
5358 3880 83
1098 2991 64
3493 3824 81
4774 3986 26
5072 3979 28
778 369 73
3232 1284 70
2724 3264 36
3334 2766 17
776 2807 66
4767 1433 20
2355 2568 27
960 4979 27
1309 1090 13
2860 4638 86
2302 806 11
2957 1196 82
3368 2206 54
3657 2990 48
1191 4954 36
2929 2496 99
5374 5309 14
1231 3397 13
4038 4614 63
3056 931 78
3842 2500 35
5102 574 17
4108 3247 57
3257 2110 86
2658 3965 20
5173 2067 43
288 4928 17
1282 1579 14
2545 460 60
933 198 24
4336 4933 29
2601 3752 58
513 530 58
3681 3326 69
1707 5324 81
3459 2485 81
4206 3564 53
2276 325 59
2693 894 36
2345 305 39
1625 93 21
3787 1079 85
1492 295 56
2172 5366 32
1456 599 22
3761 3937 18
2151 3394 74
142 3366 39
716 2071 89
4805 5114 96
5223 4301 87
4865 1950 14
1253 1551 48
2405 250 43
3006 833 68
3991 1705 75
1128 1 71
3637 3931 85
1175 4939 98
1984 1171 21
828 1501 53
1149 4071 51
1167 3266 64
4735 4154 12
4376 1052 94
4289 3997 67
348 3004 24
3421 2369 22
1301 1071 33
1763 2352 49
3652 3199 91
3387 881 23
741 2955 83
4508 1761 62
805 610 86
576 2494 44
1193 2582 65
564 2647 24
2271 4678 12
2698 1220 48
2243 555 79
99 613 46
3296 47 13
3271 3934 78
4855 1122 82
917 1687 45
4927 1375 63
5131 3451 80
2285 1277 65
3321 4852 33
2838 207 52
4318 956 56
4872 270 43
2638 891 36
5290 5140 94
2013 1030 30
3647 462 10
5174 4974 87
1919 3534 74
4469 3439 57
2818 2378 42
4415 1803 90
1431 1275 61
1428 3516 18
2579 2422 80
4885 1471 93
593 1192 95
2957 5237 80
2807 2478 53
1852 267 75
3008 2119 98
2310 1401 30
3660 5360 22
2669 4945 100
5324 315 20
4162 3710 87
1772 1257 15
2141 1780 32
4430 334 37
2776 4288 79
1364 3157 22
3272 2621 23
5065 251 49
2154 3371 92
4188 4601 47
1120 4910 79
4657 4136 91
1353 1447 73
2002 176 12
2949 570 83
3080 4001 67
3753 2924 67
2074 2262 92
179 317 50
1605 4795 97
2727 1984 48
2895 2271 75
437 394 61
4364 1805 76
499 3247 17
224 2984 81
1574 3448 66
798 627 57
648 4540 18
51 292 28
2037 3337 36
1021 2999 11
3032 4763 43
3580 2467 61
1534 1529 67
3196 2735 11
2007 1622 100
4647 1321 52
2203 4666 35
1179 1552 18
4385 3800 16
187 3895 80
1787 681 28
3913 1200 58
513 5261 34
622 4096 83
3663 839 55
618 4564 24
1115 4142 27
13 1060 82
805 2147 75
209 4535 97
2184 2032 67
3262 3211 96
5323 3617 11
129 4577 44
2670 3031 51
5195 3422 90
260 2949 87
2708 825 23
5294 4737 73
4711 1568 45
5191 1904 11
1846 494 48
3965 2857 67
4921 2089 33
10 679 64
5075 4836 75
3851 5069 53
3903 2655 36
4334 3377 32
1839 3315 26
2421 2490 65
3422 766 28
3774 5342 32
2083 3608 14
5200 4755 33
702 2223 79
1803 2119 42
5169 842 46
2951 1012 37
3236 1389 47
1300 2033 24
2747 1828 25
556 4195 63
3018 3341 68
3253 3256 45
4311 1748 53
5305 3326 65
3117 4016 35
846 4615 14
1008 236 56
545 4825 86
5080 2659 34
189 3264 46
397 1013 39
265 4035 96
3388 1234 56
1618 4419 32
107 1479 21
4491 1840 26
2750 3238 25
766 2013 49
855 1047 82
4761 131 96
2057 2001 69
2217 3671 81
3090 414 66
1486 1249 80
2247 3154 94
1884 3181 86
2433 1164 85
2629 1 87
1443 3394 32
3005 603 97
3929 1558 41
2727 2209 34
2005 701 37
4231 611 35
2596 2940 34
3242 4105 32
1670 5054 93
762 1684 32
299 4719 88
819 3878 97
1209 1501 65
50 2192 94
2198 3383 82
4977 5353 85
5359 283 47
5339 1749 64
337 2474 84
3626 3886 34
1256 4932 24
4732 2339 95
4191 3416 74
2777 2117 85
873 4310 97
1785 5 44
1162 1474 87
1153 1687 36
792 1437 15
3694 1502 45
5005 4416 96
4447 4419 24
2349 1970 59
1342 2799 99
3525 663 89
4638 3487 45
3126 2282 70
438 3458 72
3087 4400 77
4803 3814 30
76 4691 42
1679 56 53
5342 4795 64
1274 2401 98
2817 2972 27
2268 3592 66
1763 4268 38
1707 3238 20
2291 2290 56
4629 2649 57
5260 4842 82
5309 2832 56
1904 4482 76
625 5392 100
3076 4792 89
1184 1086 46
3010 5334 43
2248 483 66
5067 776 22
1553 1955 92
4691 1329 96
3774 368 85
2837 3649 25
3174 4377 14
2848 496 80
2513 4860 29
5149 1010 99
4417 3132 81
1439 1564 64
379 1308 45
1710 2548 45
2695 2089 18
4713 3631 23
3241 3158 88
3901 1212 84
4732 4337 31
1287 334 63
2848 3272 98
1098 3529 24
4079 1714 97
4006 1039 44
256 2570 44
1062 1969 55
2456 2481 35
1083 1423 96
2360 3314 70
4038 4705 18
3382 826 25
2026 4077 32
1813 670 68
2759 3663 13
432 1417 28
4177 2359 93
384 592 89
2824 4828 76
3214 2213 41
872 3748 84
4271 597 30
1983 2507 60
1868 2812 53
3037 2368 65
4431 33 45
3261 1946 54
4919 3899 68
3117 1563 54
4564 3937 79
2011 4970 52
1584 1985 24
1232 2071 95
3868 2401 62
2430 2749 24
5221 3897 75
2865 5168 16
2617 2426 35
1609 1952 39
3886 1660 55
3120 1575 90
4832 4130 51
5127 386 31
4856 4356 71
290 5280 68
2465 2684 86
4435 526 52
808 3274 32
1444 243 32
3933 3971 57
879 2110 31
255 4324 95
4350 3070 77
4147 513 44
596 1691 92
4477 4445 17
2271 3760 10
2294 2404 23
2949 4951 29
4422 5179 24
3820 3159 75
5007 1782 98
1210 577 31
4094 614 29
4549 3830 80
5146 3672 26
223 990 52
5317 1880 25
2127 3506 14
4777 4775 64
4226 1639 76
54 1280 65
1260 1881 65
3045 2921 51
3869 3459 60
4973 4115 32
1438 4537 18
711 1768 89
1997 5298 52
4255 1198 63
291 4166 55
3847 2850 80
3282 2135 22
3755 2622 70
2013 3054 58
221 4260 52
3825 226 40
2006 4086 42
4973 2476 14
3879 1221 42
5024 4155 85
4224 1163 87
2497 1444 85
1317 4081 50
2397 957 96
2826 2283 31
3681 3950 47
4120 1577 76
1380 4114 16
5000 3511 97
2779 3328 90
1339 1034 23
2811 4642 71
5224 415 44
1586 2911 15
5039 3916 20
2992 1214 60
169 4375 78
1896 4950 31
3396 3546 99
3358 4159 19
1450 1534 59
3154 2261 79
2020 4507 100
5091 4836 21
4197 298 89
4749 2402 57
762 633 87
3867 5112 34
3046 1684 11
1015 1062 95
1565 4072 17
88 3270 98
1404 4396 57
3780 1612 18
2924 573 77
4436 543 22
2655 307 79
2887 3973 100
1700 3847 94
4548 2232 10
2505 1527 93
4484 1136 79
2615 3248 12
1165 4614 94
5033 3710 16
3671 605 46
4296 391 67
2900 195 94
1837 2875 53
4400 4000 90
2861 3229 68
5019 494 85
1766 2999 25
5149 1299 55
2422 4779 64
2828 2992 95
992 4755 48
249 3737 34
3340 4538 95
86 1904 100
1182 5353 39
3544 3278 27
3969 874 88
2859 964 99
2282 5114 93
4430 2709 71
3157 1457 76
4492 5042 89
3362 4852 62
1084 3570 94
5251 536 34
4032 610 89
2214 1161 72
5176 287 63
1406 4835 36
3626 4421 72
2679 4301 48
3203 2683 48
4988 5166 35
921 886 34
2613 1097 72
1834 3586 53
1149 5120 17
2915 5150 63
4685 4173 52
898 804 80
148 3994 54
213 3657 13
3925 5193 21
1270 1257 74
2287 91 34
1549 2089 57
5236 859 97
3401 3815 32
4677 4979 56
3081 4006 24
3932 3642 49
4297 4496 53
76 33 27
1493 4334 70
3174 1542 98
1467 4740 88
386 4741 55
1963 2208 11
867 889 52
677 4294 44
3731 2066 57
5336 2673 40
487 3551 36
2599 1517 71
2801 254 52
2485 150 56
2751 1054 96
1928 476 68
727 3729 42
5388 2135 95
1280 1737 12
4867 1213 100
1848 4829 49
4109 4467 38
2601 3373 98
312 3015 39
3686 712 11
1221 3825 90
1208 2525 14
3683 38 94
4203 196 58
2954 87 28
5108 752 97
4742 2449 21
206 306 82
4959 4667 39
3842 1157 46
422 228 51
2306 3502 88
4905 1999 52
1967 2289 26
4848 3938 15
4363 2087 87
5340 1452 43
4258 1210 12
3115 2840 79
1823 652 64
3090 5093 87
774 2521 92
699 2907 53
226 432 95
2294 2609 54
1111 628 99
845 1896 44
4547 614 71
13 4426 90
2684 3579 77
3802 1704 24
2191 2192 60
3234 2857 82
3467 2541 92
4279 3748 91
3780 4868 71
5168 2799 13
2382 2784 84
2449 2826 39
240 1792 16
1663 3393 44
2387 3442 78
2002 2085 75
4324 2210 40
4138 4883 19
4862 5391 28
220 2984 100
4147 2337 39
158 4204 98
1958 4394 64
1368 1033 82
3198 4604 26
2013 959 66
4641 2969 47
4261 2129 82
2530 900 30
4287 4163 31
4688 2061 54
5355 1166 97
742 3999 48
5293 1930 51
751 2100 90
581 1639 45
3719 1178 72
3531 3107 13
1994 2271 67
1790 1540 86
5316 4364 43
2046 3243 66
4900 4217 88
1874 3114 32
811 4325 18
201 3797 63
4467 1964 83
4483 4400 59
2933 188 93
633 1110 27
5214 3179 99
1471 3249 54
2678 5374 78
1987 1831 99
1758 4004 42
2698 3643 52
3452 1970 92
855 4177 54
11 3642 49
253 4557 19
3319 3109 19
1961 5130 27
4341 445 65
1760 2630 70
2732 2542 78
4862 1209 32
3455 3639 95
3316 1107 67
3382 738 85
4989 729 20
3643 3711 61
1175 3886 90
2672 4835 88
2506 698 36
3784 4182 24
3321 329 84
3024 4833 43
2832 4856 99
4338 2587 95
4419 2952 47
4574 5211 55
1110 3370 59
1324 1759 90
3541 5193 60
1299 4500 64
3494 4705 82
2468 4725 41
4190 4286 83
3857 1542 91
1787 791 27
4959 3658 18
1622 3305 85
2153 5109 94
1157 307 89
3787 4349 31
3271 5236 14
3615 2004 52
5041 2697 15
3587 2778 30
512 3977 59
17 4044 41
2121 1996 31
642 2626 37
2619 3256 43
2780 4551 58
3786 2239 75
915 1922 37
1547 1845 72
3191 636 20
367 2318 42
3516 1467 87
3640 2697 63
1368 2898 98
5140 330 38
465 1585 40
17 2914 90
2455 5387 47
5321 1452 78
2915 3572 56
4728 1788 50
3702 1354 72
4720 2733 38
3256 1434 92
475 5210 26
592 648 93
2117 1443 52
1670 5210 78
4054 5377 27
75 1368 18
3453 917 53
156 2260 71
4837 5254 22
1004 3806 51
1146 4160 67
4640 5373 42
3115 3582 51
4207 2564 54
987 4632 29
2841 1620 58
4647 1760 17
4786 2385 12
1339 4250 55
524 3940 47
476 5124 56
2567 403 18
4687 3304 14
790 3768 67
3640 4279 27
2858 1418 59
348 3503 85
1573 1062 27
3880 3065 48
1891 4048 43
2957 3851 77
4267 5117 31
561 4728 17
3084 2361 75
1159 2273 56
1880 3952 57
4385 2151 63
4590 4911 49
2757 3183 13
3529 2037 80
668 1972 32
2543 5376 81
2441 5060 43
3187 43 56
4463 1925 70
1072 487 36
2221 4206 33
3645 666 60
5338 842 38
2531 3481 90
1188 4889 61
763 238 31
5198 4738 74
1983 4584 14
3165 2188 40
1721 3829 96
145 3194 22
1594 4514 19
4512 4731 98
1580 1372 53
5340 3306 32
4027 3084 13
4160 1327 17
3595 4506 55
1791 2554 19
3990 3666 38
3617 3375 56
3437 3044 44
1520 5098 88
4323 158 77
65 346 77
3673 840 60
4418 1131 24
2490 5163 78
3080 1758 31
356 4655 48
5372 1008 59
1955 2939 95
3053 1289 35
1862 4376 78
4586 4290 82
4700 2582 84
1017 817 87
5255 3669 55
4034 2594 46
4158 161 19
1996 4024 19
3100 4820 16
396 4267 43
1461 4204 53
3003 779 50
895 3465 35
218 2965 32
967 5014 64
646 492 59
4097 2304 40
2545 1369 40
2252 585 20
3865 3168 34
371 2811 37
4872 1039 67
1468 3480 78
120 3315 93
2594 875 30
2213 4428 81
4220 3005 69
418 2662 85
1962 1917 66
1213 4539 58
1328 5104 22
415 3561 10
3678 1675 50
1417 1047 76
3243 4179 59
239 3194 22
642 2173 36
1046 5250 60
1798 2306 31
1259 3915 45
2857 1116 22
2184 834 85
4253 445 54
2361 812 25
1933 2194 97
2534 3238 92
5306 4932 51
2448 1977 46
4787 883 67
2271 5246 56
400 2027 27
1481 3765 60
2529 3642 74
2813 2500 84
3273 1118 98
4443 4063 30
2646 204 92
1856 4682 83
4815 2514 36
2586 5285 31
2812 790 14
4731 5018 78
3432 4444 88
1178 884 63
4407 1405 96
4500 54 18
136 4823 17
2820 2729 63
2070 3511 29
2278 1227 26
3837 5225 64
832 1413 50
1715 4651 69
5074 566 61
3169 685 52
1256 1544 57
351 449 26
2814 1182 11
2991 973 87
5332 1054 20
68 5215 32
5390 689 93
1228 4684 41
2780 4844 48
4030 168 87
4734 414 16
2981 1929 73
286 8 68
3035 1992 93
4085 4643 27
3636 3735 60
2840 2470 26
3073 5016 50
3361 3510 78
779 2208 64
1869 494 86
2408 4708 55
4217 989 47
131 3274 21
4597 217 29
1424 5219 27
3450 1110 85
1287 4885 14
34 778 79
419 4060 68
1153 546 74
50 5222 43
23 5228 29
5297 4899 36
3271 2886 19
3618 3053 64
2998 2893 53
2289 1389 27
1804 1871 91
4994 454 60
3939 1292 24
5017 5026 98
5359 783 54
4287 1734 26
763 4300 74
4325 684 23
1512 4033 64
3312 2635 36
1900 3423 35
3585 3539 71
1659 12 64
1222 930 22
3495 3696 61
1801 866 48
89 367 83
1573 1696 23
2614 3909 95
231 347 77
1727 1507 84
2905 719 51
1342 4299 41
4006 1036 88
4130 3035 51
1149 5074 34
2922 4733 51
4340 1918 54
459 3924 78
5266 34 15
4052 1425 26
1191 2268 20
5372 4974 76
5198 3025 93
246 1537 34
2647 5229 57
2732 3699 30
3132 3625 75
575 4117 34
3745 3915 56
5349 3256 65
2952 2120 31
4942 2880 66
1820 360 85
4827 1088 91
2132 423 86
4117 1258 94
3828 540 92
661 4981 55
4889 2603 64
1087 4636 51
643 2074 79
867 3362 46
2347 2278 94
1545 2357 54
3911 3263 76
1582 2284 17
2371 4121 70
1893 4190 38
627 724 59
1555 1635 96
4069 850 65
2074 5310 99
3942 5169 92
2742 5217 57
155 3572 75
2423 1692 63
5394 2373 85
2605 74 80
128 5058 11
3298 1374 84
3606 1974 27
901 2626 71
5340 4089 36
14 4038 19
5153 2453 45
4334 1417 50
1457 3832 60
751 4429 58
3505 2239 86
812 1548 62
3542 1949 64
440 4076 51
3478 3109 62
4167 1460 51
2843 766 67
3746 3886 38
73 2256 16
1027 2154 74
688 3687 90
1898 2828 48
4918 642 92
1300 4654 55
1330 3502 67
2598 244 23
2759 1704 72
4512 4237 95
5246 1378 63
3237 1374 97
4911 3448 73
3063 53 82
4187 720 28
5015 3216 54
326 1191 69
4005 4489 52
4678 3406 97
4045 711 44
1328 4553 93
1430 4466 41
4161 2412 66
3785 1434 39
5212 684 85
4375 3244 71
4050 2534 74
3650 4600 10
3594 1925 17
4073 1350 78
5146 2151 18
2391 4862 77
2690 4887 55
1511 4471 42
734 3322 50
2284 1781 33
3327 3727 35
2765 5048 46
3834 2624 91
3470 5099 48
4844 360 23
744 3403 88
656 424 82
353 4089 83
3565 3465 79
2722 3012 43
2634 1025 67
4562 5025 58
5156 5160 22
1540 2154 74
2678 5213 59
1249 3374 47
4959 1538 78
2792 4814 54
2887 2726 83
2278 2649 49
4589 3027 19
2291 297 59
4794 190 39
259 1300 21
4919 2725 17
968 4428 60
5035 3297 33
1466 4076 80
4743 1263 27
1485 3921 20
3209 1763 65
4739 2867 21
1630 641 90
559 2548 60
1333 1070 11
1274 4488 62
4886 1121 13
2039 4572 70
4750 5373 69
635 4472 45
2835 507 14
4441 1018 10
765 4359 73
5186 5351 47
532 5343 74
3094 4088 46
1334 3665 10
74 1039 70
3698 1275 87
1916 4182 53
4057 518 59
2621 458 52
1060 4854 69
5362 1539 87
4801 1967 36
974 1834 73
735 732 60
3932 4564 60
5048 894 27
1827 976 19
3677 74 51
4143 4922 24
1048 3927 36
54 1871 34
3927 4894 15
688 1865 83
4936 413 66
3871 3325 46
3090 5008 97
4143 996 22
830 5108 29
356 2345 14
29 3194 32
4842 4829 52
5104 3851 61
1748 4931 79
2482 5231 57
1889 1176 85
3338 2286 68
3529 1790 56
823 37 76
973 1706 77
321 1778 88
4893 4006 46
960 4605 60
3473 4624 21
4863 3607 40
1073 208 98
4793 4761 28
3425 5352 41
3997 3653 95
3984 647 46
5267 3287 74
1484 3684 82
3864 3505 50
5158 4352 91
3719 4895 94
5253 1269 73
3354 2351 11
1272 4556 37
1447 4443 13
3028 4415 58
4208 3621 59
5326 2410 24
3095 3741 40
2737 4117 28
873 4804 11
4003 182 26
5301 3538 40
4573 701 54
5361 1180 18
2447 2856 43
1528 2730 52
3718 5046 21
1940 3980 60
4614 2423 37
5101 262 61
3681 529 37
277 521 63
3401 3547 48
5115 4323 85
883 3921 34
111 3864 16
4611 864 37
1704 971 22
3200 630 92
2406 935 22
4916 6 27
2555 4529 69
2304 1612 30
1324 3450 25
5274 4606 58
4470 1639 94
4261 4770 68
1538 3379 84
1733 3314 70
2221 4272 14
4430 297 79
1737 3834 98
4661 2455 73
5307 4945 96
1162 4892 98
2599 342 32
4408 4280 11
2741 5380 95
3613 730 68
3417 1435 70
1443 844 76
5255 474 24
1971 3530 51
4599 1218 19
1022 2596 69
2814 714 70
3939 497 21
5239 4978 99
732 47 19
1685 4352 62
2032 4990 76
4471 1501 56
3861 312 23
2143 3120 38
277 3902 84
3446 2243 100
655 2487 49
3556 301 47
2520 4765 39
2609 983 68
3170 5030 11
881 2429 51
3585 2668 23
5054 5367 18
3603 3189 33
3970 4575 79
1459 147 31
4143 3419 16
1077 4871 92
4566 4777 22
2945 3493 15
2170 2963 54
4791 2281 29
431 262 98
3322 3691 92
2949 2288 61
4796 1237 55
4747 4206 95
2424 868 61
2837 1349 10
2001 807 76
2081 5203 41
4322 2013 39
5121 4149 99
4556 4445 50
2728 5172 11
1063 5157 44
2900 4785 70
5011 2058 80
3585 2299 44
3332 2933 52
3037 637 99
2222 4980 40
65 262 50
3525 3323 52
3517 3708 19
868 204 38
2902 4201 49
804 819 62
2982 1303 21
5074 4886 73
1272 1224 51
184 2804 57
3408 5354 30
5012 851 71
771 552 16
884 3552 52
3189 2427 35
4832 1396 19
1393 1705 42
4716 1163 73
46 4712 99
4495 2899 53
1403 2836 24
1830 4661 83
172 1278 37
2980 1225 67
422 5176 81
547 482 39
365 2712 96
2085 2774 79
1080 4020 10
600 1490 46
2791 1245 89
634 502 51
903 308 17
595 1097 19
4491 1880 13
4410 2263 60
1015 2803 84
3337 1171 65
1170 2007 27
5175 3593 29
4705 277 46
249 378 98
626 4306 69
2668 1782 74
1226 2748 57
4087 3114 78
762 4971 33
2932 4117 83
2575 4116 57
3000 2395 88
1663 4541 84
5301 4066 21
1593 2076 96
2171 3185 69
2655 1642 13
3761 2115 71
2204 2779 49
3022 1114 97
1465 994 47
3816 365 53
2495 3972 90
1733 3170 70
4834 2533 63
3399 1648 37
638 47 53
3379 395 15
252 5041 69
4250 2456 67
2403 2358 74
4853 2882 26
2831 5052 52
4236 2354 29
772 3701 63
3783 4517 45
2533 3135 34
3060 321 51
4558 2796 89
1292 4881 45
636 1332 94
3791 4700 75
239 1525 57
86 3105 86
285 3620 98
1961 478 17
977 924 15
2291 397 50
4809 3074 84
5375 266 95
2982 4718 92
1638 1147 90
1262 4997 48
564 1176 92
2162 4089 46
161 176 70
978 2759 88
3280 4752 17
3986 3525 64
5186 14 80
770 5392 19
1856 2681 65
2422 2671 75
1991 764 87
4782 2015 90
3016 2890 39
1004 3903 50
2281 4848 51
842 2299 18
1692 2113 86
2745 1056 85
3710 2557 36
1771 1097 20
4069 1284 38
2579 4980 54
2611 1721 14
1943 4266 22
3053 453 95
419 2239 80
2288 5045 68
4796 1205 89
4283 777 85
1915 4662 98
1484 2180 70
594 3007 44
2294 2081 30
366 2801 45
5378 347 27
3493 3472 47
4198 2711 88
3874 2609 68
770 3597 92
899 4006 10
2010 5163 75
382 2744 55
3591 4470 70
1737 3418 62
4385 1783 34
2019 4749 50
2260 3392 49
3983 4683 75
957 3065 75
2623 5348 47
227 911 97
5115 3448 21
740 1713 86
1216 3292 45
251 4867 69
453 2036 37
3561 4819 100
3320 1034 72
4844 3285 99
3250 2266 61
3221 2168 52
2984 3769 90
1221 1635 85
4697 2466 67
4802 2654 77
1764 3692 74
3845 4400 53
3668 1062 95
4501 3389 20
4539 1744 18
984 2089 46
3529 3191 81
873 3804 99
4518 3182 10
637 4941 83
2329 1283 76
2095 831 49
2585 4199 70
4034 2938 17
2652 4692 11
1254 2612 57
924 2165 86
1258 2792 10
1517 3871 33
628 2179 83
2228 3130 58
3936 3132 52
4665 1120 30
4918 2331 80
5157 3577 55
3137 4276 98
664 2339 23
2748 829 35
266 451 63
5363 329 64
1807 4721 25
1641 280 41
877 16 13
5319 907 61
3426 42 100
3178 2021 51
815 1873 52
862 4508 61
4125 3083 46
4868 1322 48
3936 2544 39
3118 496 55
4854 4770 89
1328 3755 71
220 929 38
4442 2624 40
4924 905 16
4756 1325 42
1777 1085 99
3709 648 65
5037 938 41
1565 1010 15
2809 2722 14
5353 1645 19
3328 3950 69
469 3085 44
4426 4720 16
2924 3595 97
2108 3965 55
3241 4209 66
2301 489 42
3788 4599 73
1977 2928 33
3516 5237 38
68 1 50
3560 155 52
243 1743 80
3136 1591 10
4579 1792 97
4368 2972 38
627 846 20
2592 3742 28
2662 2215 46
2793 3043 73
4227 385 64
3719 1783 61
2247 3527 87
4225 250 72
4674 3920 85
1385 752 61
1867 1187 43
2114 1130 77
4135 3880 91
3791 4910 58
618 1792 55
5319 4622 46
2928 3905 32
503 657 86
1939 937 49
729 1607 85
3605 5194 12
3942 161 71
713 847 98
5290 2105 27
1025 2665 54
4460 1263 69
225 3724 61
1467 918 98
3173 1234 99
4463 2500 54
4307 3598 50
5276 3991 95
4630 1296 74
3226 5302 56
3897 4941 14
5271 3236 93
4508 5067 23
1386 4032 44
2272 141 81
4002 2108 70
680 1519 53
1631 2308 43
1565 1606 69
1189 2641 63
1427 2194 38
2287 5327 11
3621 4448 11
1212 2572 88
1056 2595 15
3508 1314 62
2637 3845 56
4902 204 86
2296 1413 62
155 4846 57
394 417 66
5379 838 63
1382 4576 62
1351 2222 40
844 3083 33
3357 1516 69
82 2533 68
1637 3342 94
1456 835 82
2534 3615 90
1492 2559 71
4591 2581 84
1511 4796 36
2401 4145 37
4782 2775 70
4359 3711 80
1707 1136 32
680 884 56
301 4158 87
2707 4179 84
2033 610 33
1146 1796 27
2470 786 41
3946 1495 97
5162 2860 45
1929 5186 59
671 3863 82
113 2028 12
5155 1024 80
2590 5040 67
4769 3685 25
2983 3268 89
2929 3954 69
35 4940 91
1270 3429 56
3652 4786 89
4876 4695 31
3322 4930 43
935 1570 87
1288 346 23
1244 1887 62
1728 3692 47
1022 64 21
3120 2313 17
2674 1967 28
4971 106 17
534 30 27
2394 3820 29
1519 2339 13
2155 4228 34
382 102 20
1544 576 77
3995 3763 23
4196 2252 68
5015 633 72
1094 4715 59
4184 4840 25
3074 1049 97
1255 2984 48
1187 5000 91
202 2426 100
1045 2530 62
731 3313 48
860 1929 68
2144 795 33
1152 4854 82
2981 755 71
3902 3358 65
1517 2139 34
1595 3153 74
3228 4530 65
1649 3919 33
3827 2795 20
5197 3137 57
847 3598 11
23 3598 49
183 301 36
1617 4001 45
911 2124 82
3654 2335 72
39 5099 83
2276 1426 70
4619 795 13
3782 3586 35
2676 4425 44
2516 1216 61
227 5146 20
5232 5074 41
604 4145 67
4682 3507 78
1501 2046 82
3008 2261 78
1048 3515 11
3457 1397 27
771 877 93
2958 1080 23
2125 2703 94
2916 1128 87
1180 3018 86
4949 5325 58
5020 1998 40
192 263 21
3490 160 41
4565 4697 73
2609 4332 27
3198 330 39
4081 2285 33
2606 1061 27
199 4780 52
2649 2922 17
4224 4880 98
5053 28 53
2071 4605 80
3757 5329 49
3127 4551 63
3750 1130 26
5096 906 89
2963 5297 46
2830 4411 52
3246 4232 51
4921 383 89
244 877 61
4653 3745 46
1159 3665 72
4604 1952 91
683 1642 11
3508 3984 41
2827 889 31
2690 3444 15
1432 259 13
5313 1010 71
1635 1231 48
3687 1958 71
1984 2153 38
4078 1323 14
2946 3454 73
3650 4855 55
3793 3803 33
3930 1976 18
3800 4061 39
2976 5354 59
478 2731 58
4963 597 32
1721 4046 83
4685 3539 62
487 4792 91
1985 1638 59
923 4072 13
4265 4543 51
4808 3643 10
4828 418 30
819 159 67
1131 5391 43
4084 4793 32
311 1681 28
2340 2910 19
2884 1409 92
5094 763 57
2854 1957 21
2632 3605 29
4348 5281 82
940 153 51
3360 723 60
3068 5123 24
3872 4713 31
1643 4200 62
699 4253 80
2304 4609 22
1849 4170 41
3250 3114 33
123 3355 12
5097 2543 83
2732 3575 10
4763 4619 18
2766 2229 27
964 1069 96
3005 4184 77
571 1964 92
889 3182 47
3840 4229 78
2111 3506 73
2221 1003 34
3390 4176 20
598 1958 39
1795 20 25
3883 2910 50
1366 2420 88
400 4628 83
5090 1204 46
2616 5027 28
182 3655 92
152 209 74
1697 3755 61
1667 4257 30
2552 1545 90
18 377 33
340 1299 17
2196 5247 49
1770 1460 82
3639 4360 60
4889 2635 72
3547 2845 79
2051 4810 47
4514 3167 15
1674 700 15
1959 2192 76
2463 5037 41
3407 2049 95
3253 685 50
5163 1469 25
1278 2947 49
2468 4764 99
1289 4751 48
3604 4783 53
867 1274 44
416 1760 35
4248 1171 89
989 432 15
4018 4207 61
4819 2977 23
4881 3348 34
3824 1585 99
1172 1285 36
749 3711 74
2580 1652 69
3921 3736 56
2446 4994 52
4099 3626 64
4465 1952 20
1868 4550 85
3352 4678 84
3913 2952 94
1383 2887 10
3362 4199 76
2288 4767 73
689 4596 92
4769 720 19
1590 4993 66
195 2432 43
2421 5285 22
1236 4911 34
1988 4088 79
381 2532 56
5356 2856 17
5275 1111 88
4350 1576 24
5251 3235 54
2125 2452 27
4219 3106 24
4376 1079 76
4436 3232 49
1638 4835 23
3521 3008 93
359 1256 89
4366 4236 49
4060 3370 38
934 5200 72
423 1815 43
1211 2816 17
4488 2117 57
601 107 23
2047 2530 18
2518 4236 55
4056 2269 75
3450 2627 98
5292 1476 78
1570 1503 31
62 2894 20
2909 4238 95
2400 4619 56
2243 4931 97
3172 5009 70
3454 847 72
3338 1499 27
1603 3287 39
3868 4558 37
3211 4277 93
727 1288 61
3951 3772 62
1796 2195 51
4674 542 35
4761 756 96
4145 4503 88
3417 2687 47
4869 5360 74
3901 4696 95
2873 398 89
4282 3646 22
2964 2710 76
3165 3143 74
203 2519 16
3614 2278 37
2227 2502 64
1407 5195 62
2539 3834 68
665 3618 32
4116 5000 36
3164 5260 50
2654 815 80
2426 2325 20
3379 3486 32
5368 4729 61
5076 913 14
1527 4909 52
4362 3013 38
1069 3391 99
1253 1703 51
1212 1852 19
4702 793 18
960 3913 27
1576 1041 17
4012 3604 87
4771 3811 68
4297 1863 52
408 946 35
3762 1412 88
643 4000 66
4556 4775 67
3577 694 37
1448 566 10
5211 4874 79
1561 1296 15
2480 5018 30
4877 1447 93
5115 1429 26
3668 5387 62
1971 3129 15
4720 1593 32
4056 2346 81
3539 1971 86
189 210 77
1564 212 10
4024 3545 92
4779 5055 57
5114 1107 62
1168 2853 62
4755 339 81
3886 1587 31
5189 1850 61
157 3141 87
21 2042 26
4804 1577 74
53 2342 86
1289 3079 61
3314 2648 62
1360 43 90
4151 1960 18
2549 890 32
1624 2635 91
3441 2800 14
1808 2342 15
4435 4185 69
1863 1344 29
2924 444 40
503 3258 71
1302 4570 92
1095 3222 37
4565 4045 17
3867 5337 17
2112 2090 15
2440 3527 91
2769 1952 38
1312 2629 17
3278 2341 11
969 2741 97
3120 2795 82
2702 486 65
4803 4206 27
1479 2957 88
733 3691 30
2743 3178 91
2649 4882 28
1840 4570 96
845 4909 69
1330 2831 94
5155 5331 29
1591 3924 62
4868 2754 65
4681 202 91
5300 748 56
2143 1140 91
3658 2285 81
5151 4414 88
277 2869 53
1572 55 62
3860 2820 61
3054 4300 97
4682 2050 39
2305 4626 37
306 3403 60
2796 4619 99
4198 1863 63
3213 3423 91
3035 1519 87
880 4095 31
3354 3444 26
4477 3038 83
2139 2240 47
333 5243 76
2765 1545 94
277 463 41
4144 3273 59
1289 4666 13
3366 1550 38
2637 240 57
2146 4386 34
3004 3424 98
4589 2472 76
1563 4188 52
1329 4649 100
1718 34 28
3681 3267 17
4624 4734 15
4142 3834 49
2574 3160 94
4071 2871 78
539 1472 38
399 4623 41
5178 2420 89
1954 3717 64
2908 4077 35
2376 2816 26
3925 4014 78
1685 1609 63
3066 2948 93
1238 4209 47
4963 5382 94
2251 1174 64
4651 2134 90
2439 2898 25
4190 2485 26
5288 3309 22
801 4371 19
101 2361 28
3713 3670 81
1866 4280 85
3783 5260 79
5354 998 70
3848 1269 76
4386 4082 30
4542 3411 73
574 2797 93
4232 4280 70
4300 1436 64
3718 290 28
4535 745 77
2134 4054 63
3957 2854 18
3952 4337 30
2290 5284 97
750 3556 62
427 1565 95
2116 5203 68
1630 1076 60
3779 3062 66
4154 3723 88
4637 132 57
327 4662 39
3392 3656 13
806 2311 54
5211 3700 21
1468 2036 87
1312 1423 17
4423 755 45
2069 3086 55
1922 3222 65
705 1360 97
6 544 52
544 2798 69
983 2244 20
2651 542 91
1257 5117 94
1006 4174 96
873 1655 29
4076 62 62
4020 2677 54
21 2215 59
3487 1622 27
3833 4081 59
5353 2965 80
4994 4260 53
557 4235 98
1608 4628 65
4345 3783 47
2286 2720 28
3128 3710 53
2888 1596 32
4660 5148 14
2899 4512 98
1947 2157 46
956 1104 49
4712 4226 48
2378 222 98
1304 3106 15
4029 4686 51
3343 1623 10
13 433 38
2028 3909 45
4126 2019 33
4370 2986 89
132 1470 10
3206 2590 51
4245 2059 23
4187 1312 24
3463 4330 19
2319 3105 85
2122 94 58
1132 501 13
1923 655 59
2379 2576 15
3406 3332 17
1477 4623 15
5199 1794 78
1491 1585 86
3877 5123 34
4051 4498 58
5316 2308 70
4011 2010 27
4367 5218 12
5329 4841 59
5371 3503 13
2369 799 78
1128 4986 14
5011 3196 77
1833 4258 51
1361 800 94
520 5343 54
1978 3139 63
4976 1931 95
2705 1783 83
348 2396 13
937 3125 93
5240 1258 26
4246 2537 38
3563 3285 20
4396 1075 60
4390 4523 53
4727 97 46
3037 3261 79
5394 717 14
1122 245 23
1954 4434 20
2735 3003 51
1937 4215 66
3716 4956 88
2571 1621 26
4279 1757 99
5351 3083 28
783 5073 97
812 2579 46
4556 4848 25
1756 3713 43
1301 4739 41
4038 2127 80
2721 3863 72
2652 2634 32
5358 3217 25
408 1763 87
3018 519 23
3169 4416 52
4070 2057 33
1591 4577 63
3269 3337 68
439 1828 26
1224 2798 18
698 1996 66
947 255 63
810 2237 51
1423 5257 33
4027 4913 27
1057 826 39
4821 3423 19
4988 572 70
1901 485 39
4257 140 80
4110 3931 68
25 2080 12
3391 1262 14
350 2049 84
324 2732 79
3258 1749 12
2968 4440 80
1032 949 69
3091 3868 90
3127 2219 89
3639 4091 43
3351 1641 45
5311 725 77
2090 2339 50
4460 4661 75
3816 4403 37
4998 4735 88
4048 490 38
2815 3877 11
4544 4890 49
1114 5181 59
4670 1427 92
4999 4117 70
1776 4685 50
3325 2164 70
3347 548 14
5240 4287 82
2126 825 16
4795 3560 23
4799 3626 95
4423 2648 91
5105 2655 75
4305 3301 80
2135 2245 99
3772 1135 82
2275 3918 61
3183 5247 12
5225 2836 58
1446 3904 42
3150 4217 93
2823 3626 43
4229 3424 32
3889 3871 59
3825 2012 34
4445 3427 55
3505 3173 65
823 3018 40
764 2306 95
5248 2555 20
4941 1357 92
1462 4696 86
384 5098 65
1755 1513 75
4431 5120 38
3528 613 15
3883 34 60
5266 914 16
1463 3382 23
5155 4320 92
167 5175 40
4746 4814 92
540 2540 64
82 1607 28
717 3332 43
4164 85 80
2047 479 23
3008 2201 26
3449 4637 61
3630 685 12
5254 2918 19
2614 5140 65
936 615 52
4751 4720 96
2378 2728 11
3927 1043 42
3748 368 82
1314 1899 20
5361 4330 85
2148 4075 92
2773 3899 90
3733 3782 91
852 97 91
2350 1276 76
2198 540 59
2591 5137 98
2096 3314 44
1471 4700 37
764 3294 18
4951 1173 46
1178 4823 28
3911 4929 24
838 5270 37
3086 3812 38
845 1507 31
190 3439 70
4052 4374 48
1690 3641 73
485 3049 83
4888 3117 70
1931 2818 69
1734 4756 34
644 3124 47
2529 4847 97
1240 4086 29
4131 3300 94
7 4980 51
1157 4894 67
2576 1924 83
367 4368 52
288 3976 66
2392 2067 30
3822 1280 22
1764 4083 15
3541 1581 48
3467 1191 37
4831 5257 11
1931 3910 17
688 1285 98
5033 2591 13
3142 77 76
663 3044 55
2161 1482 72
1837 3245 33
5078 1023 27
5042 3570 61
1255 2003 28
1125 798 62
2958 3629 56
2116 5189 58
986 2689 47
5266 2036 36
101 1880 24
2860 3279 69
3454 129 53
5202 9 61
4836 4963 36
3334 3289 19
948 785 15
4958 1329 14
860 4474 79
4844 956 95
361 3609 42
5184 2285 26
516 3101 33
2192 2349 15
4446 3672 43
1123 1389 67
959 95 89
3401 1983 11
480 3016 33
1071 5362 51
2002 4332 92
3863 703 30
2176 97 35
5124 2390 82
4187 4529 94
2117 1406 62
2384 4905 77
884 4411 11
876 5280 10
2885 4306 96
5293 1042 15
3084 1238 67
341 3822 24
919 4623 91
3930 5118 11
152 346 15
5269 4250 87
2776 3364 87
4385 2148 13
3092 4545 62
1837 3449 16
700 3025 56
2697 5182 57
1577 3764 33
913 812 64
4779 2294 11
255 1251 99
4409 2922 74
2258 4129 61
1263 3532 13
4179 5065 73
1183 177 88
5128 2120 22
3314 291 78
5244 3570 70
5081 3335 76
33 4831 52
2101 2526 73
2478 4383 45
2119 4643 71
192 1828 28
2966 4015 56
2982 3213 71
839 4815 35
4436 3614 60
3182 1899 29
5263 2028 88
4923 290 21
4442 1175 73
4459 3587 64
47 2532 95
1724 2961 61
1538 3864 62
1220 1980 72
3418 2626 32
1595 3083 78
5280 490 99
3050 3229 11
973 2746 96
3656 4595 79
2718 2471 45
3613 4469 66
3449 3674 91
3785 4004 74
2211 2955 33
2893 1306 89
3392 4367 52
965 4846 12
3825 5129 51
2511 5086 95
3222 3087 38
1756 3256 79
2090 895 83
3098 2168 74
2576 2583 64
342 2098 48
3575 1742 47
4464 287 67
2759 3176 10
1558 2400 65
4395 1243 91
1881 2157 22
4987 273 97
2557 1599 96
2908 33 100
2297 222 40
3790 4484 27
4992 4734 78
1486 3844 48
4945 2957 95
5032 569 67
3041 1746 88
2074 1861 48
2476 61 18
2380 868 52
3248 4983 51
1670 5177 34
2842 426 55
2620 4640 17
2703 878 31
3074 104 43
3830 3394 96
1942 4124 47
1867 2208 68
2099 4141 99
1257 562 81
5024 1891 89
2293 1082 73
4432 905 11
758 1168 70
2566 4315 50
4263 3329 11
5349 4254 24
4145 1605 84
2099 3381 51
4732 2493 72
4367 522 27
4117 2601 40
1179 3878 48
1242 4057 14
5161 2071 89
2504 3627 57
2452 5333 36
3883 806 45
3766 2585 81
371 4117 64
3120 1934 67
2157 1491 78
1745 2936 52
2838 5296 30
874 4158 47
2863 1357 92
3010 4417 43
3313 1306 87
4812 349 34
4457 311 88
1241 1945 29
1549 3155 74
1570 1777 54
1751 846 31
329 4365 20
5304 435 98
4892 1702 68
5138 644 71
1516 4130 42
2373 4814 52
1734 564 31
4972 5100 27
389 194 22
2254 582 41
2172 1177 76
2226 5225 65
1503 707 66
119 3041 80
1392 5189 99
5046 2411 39
772 4060 95
1756 2570 10
2971 2596 100
4982 4709 14
925 444 33
4256 2697 38
3627 855 79
1341 654 64
3534 326 12
121 3557 92
2805 3082 48
2877 2381 33
4485 2302 91
2451 3853 10
2439 2828 31
4500 5271 24
924 854 31
4889 2054 19
5196 8 25
4663 4756 96
1460 163 60
1777 1910 17
4457 259 12
3313 5305 27
4766 495 44
798 5359 82
1312 3962 67
2860 4885 80
481 2178 80
203 303 77
927 4225 21
1387 2103 34
1614 1678 53
393 2541 91
2792 538 72
499 377 71
4685 1576 46
3076 2041 81
2878 2964 53
1693 1823 27
5075 328 61
2320 4717 94
722 4011 71
2450 2371 76
5135 5067 31
4146 1469 93
2971 563 65
1856 4225 61
2491 0 31
3711 555 50
3034 4615 63
2654 2166 62
50 617 87
3242 3621 11
4485 2932 71
4386 3919 94
492 3204 61
3592 2331 63
3888 575 55
3494 1566 29
869 4964 37
1280 1302 39
1314 4288 30
1995 4546 82
4372 1729 77
537 1427 61
5008 2008 33
2932 4163 37
1734 158 10
3869 3847 97
3927 3108 12
2932 3500 72
1206 4651 64
5323 5240 24
3547 1396 44
3545 3575 24
1471 1413 80
2419 3320 11
2450 4399 21
4737 2657 56
856 1230 11
2079 937 30
4309 4162 60
247 3559 79
4360 5346 79
2021 4353 85
2763 3309 48
4504 891 83
3435 3564 88
4430 5167 78
555 4775 87
2810 122 14
563 3619 26
4448 3485 78
3923 2008 86
2732 1079 86
688 3913 46
5262 194 14
1633 3632 20
2130 382 32
2207 1951 36
1943 1599 93
1191 3536 17
458 1214 56
486 920 42
985 3538 45
1054 4705 53
655 1120 46
826 5258 76
1049 1175 61
3549 2814 49
4077 1843 78
649 3035 74
32 2117 21
294 1601 21
1628 4234 41
4851 5068 25
5154 5232 74
780 4703 98
75 5312 20
3768 4833 11
3909 3383 83
4284 3834 44
4529 868 72
3231 14 44
4064 5029 45
2211 1178 16
2531 4532 78
2394 3423 63
3563 2346 36
3439 2267 100
4839 5198 75
4899 3262 52
357 4500 56
610 2417 96
4613 4124 87
1505 1349 83
5189 2880 81
5042 4048 43
3004 5145 36
1665 509 87
1159 3887 75
1829 3126 64
4316 2790 25
698 3234 91
524 421 10
3900 2247 69
99 2125 74
1410 1620 53
369 3131 56
2205 2124 62
1899 3254 36
3515 167 25
2768 3806 28
1688 4126 34
3919 4141 46
207 1335 92
2715 4695 80
3731 2892 46
3980 3028 81
428 1076 62
2798 1064 88
2822 3141 69
2973 1478 36
3682 1256 93
3785 4274 41
3664 2817 97
921 4698 75
4912 2818 73
399 4197 87
3586 183 60
3395 1073 77
5375 1802 81
3073 3076 33
4108 3101 100
4512 4947 81
4799 4844 42
3982 1554 43
4275 3883 74
2258 976 49
738 1087 43
3362 94 29
2485 2684 70
2447 5238 91
3785 2860 73
5098 2101 71
1731 5332 25
5192 744 20
1486 3554 97
4107 3908 57
608 1119 93
4296 4925 36
5130 4246 98
5062 246 72
4166 2398 21
1538 4432 14
1469 1641 41
1696 346 38
4108 4606 29
3214 3999 37
551 3665 50
4599 1728 42
315 498 67
4555 3017 78
939 4074 95
2818 618 80
3907 2407 70
67 688 20
5323 3364 98
3611 4368 44
228 5289 29
1758 973 66
855 3347 19
4097 4817 91
3337 1877 64
2099 5377 67
3901 785 38
129 1739 56
621 5295 95
1613 2705 12
5385 2094 27
865 2503 24
728 4308 21
3266 1830 37
4421 2586 67
453 2467 50
2592 883 95
5003 2215 88
2227 3515 76
4507 2029 53
2989 2255 52
4366 1899 77
1767 1202 46
2746 2628 86
4545 3033 39
2721 1445 27
3012 3381 41
2027 3955 12
2257 1923 90
713 2871 49
311 3617 43
1448 1502 47
2036 2449 86
5261 3619 11
3917 1964 33
4968 2685 37
2299 1038 41
1232 3385 22
1173 554 57
1855 1712 67
2424 1225 72
4189 5056 55
4416 254 56
500 4507 83
4701 999 33
3084 2680 72
3975 1372 69
1945 1148 79
2044 3725 100
2185 3607 81
957 1682 64
2807 2769 87
3695 4543 31
1323 935 50
5362 1571 42
4021 2670 12
5143 4646 73
4460 4553 14
241 1251 64
3797 1067 72
3572 1561 77
1387 4338 26
1676 51 78
1499 1280 76
1182 4684 37
4063 1645 40
3251 4760 85
1758 5386 35
1497 4390 39
3902 2078 86
748 948 55
989 3173 21
2915 5382 99
1595 3524 84
5364 2299 23
1911 3483 76
81 1478 48
4751 2980 81
253 3564 12
353 1694 63
5119 5001 32
407 4442 41
2953 2074 37
1761 4841 90
2798 4693 25
176 5071 95
1720 4967 55
5337 4486 76
3161 4691 36
3083 3875 84
1638 272 33
2764 3991 34
824 5112 64
4720 2852 63
5266 372 90
5306 3229 55
3778 5179 42
626 3864 69
2294 3902 15
1296 2524 19
2261 5098 11
299 610 51
1855 4250 16
2334 3137 89
2777 156 29
4948 185 36
2250 374 72
3196 1293 97
4740 4891 76
586 4422 38
4064 3350 22
3788 4283 39
1193 173 12
4210 554 70
2087 1592 88
5224 4099 31
4715 2095 87
3217 1522 65
2292 4971 27
634 299 17
303 3464 25
5124 5138 99
1902 5379 82
5197 4554 38
3226 5014 19
2409 236 40
2081 4846 79
5321 2942 64
2261 822 82
5364 3987 98
2364 526 77
4987 912 10
3959 960 64
4219 4868 93
3411 3273 21
2358 214 41
5019 1426 68
3433 3877 79
2757 2152 90
1622 4041 87
3146 734 48
4957 3236 79
876 3009 11
470 936 12
3911 3066 86
4075 3702 92
2744 3550 78
4924 905 53
5164 2637 40
1512 1330 81
3367 1608 99
2517 786 39
3012 1880 79
806 5227 93
3408 3185 61
3148 4952 32
768 2941 26
1024 4609 81
5301 1952 23
1375 2138 73
5068 3604 65
4689 2068 88
3453 5258 16
4782 2145 62
3673 1812 35
992 629 74
4574 1212 11
1823 3866 43
1572 794 49
588 2109 65
1553 455 71
5141 460 84
2815 4889 86
801 4333 95
931 4416 79
4543 4364 36
936 4022 89
2615 2411 92
3782 5018 90
4178 4084 70
1141 1082 12
3101 5158 32
162 4572 86
601 1156 48
980 4891 62
1351 5311 98
4824 2185 60
2281 2202 100
2732 2193 30
4583 525 69
4584 1543 46
4447 2784 36
94 1509 87
635 1692 48
2616 4560 50
4045 5199 31
1605 30 75
5280 5321 14
3125 1203 60
2399 2368 54
4357 2591 26
3697 2948 37
2279 3683 50
701 1715 52
4634 3860 77
478 3000 21
3922 1376 76
3980 293 84
2545 1816 85
3131 3694 40
4275 4483 92
494 4113 87
3875 3488 19
2873 4157 88
2836 3391 84
3822 863 19
2932 653 20
2916 5165 32
5335 1225 93
1084 3376 68
3159 859 33
1712 451 91
2101 119 14
2997 1330 75
105 4493 27
3467 133 87
3291 3971 37
3219 3336 75
1600 1977 31
2633 4012 99
1658 2008 90
2944 816 85
4382 7 31
328 3745 19
3524 2228 56
4823 1596 90
1370 3695 80
3546 4362 94
2809 4444 35
4356 1706 57
3368 117 65
2043 3845 81
2435 1497 100
4232 1671 34
4552 2016 30
676 2855 93
1834 3882 42
4460 4875 51
4270 1602 11
2952 1274 42
2738 5060 76
367 3413 96
4129 2041 66
3083 1187 41
1626 5188 21
1732 3871 91
4543 3083 62
5024 1614 80
1535 1504 42
187 1280 12
1535 3077 49
1236 1773 23
504 5392 89
3147 3463 26
1690 3149 38
3976 1367 80
181 2879 73
2650 839 21
1830 289 39
3235 1103 42
3239 4832 41
1705 3156 14
5204 115 39
65 5313 78
1639 2542 12
5055 1525 13
4170 2666 24
1541 91 12
1966 4298 65
971 3662 36
5103 2211 42
3171 2999 89
1788 867 20
3406 5091 72
3438 5342 68
397 356 46
5330 759 21
1338 3657 93
2240 3962 17
383 167 34
873 1071 57
3395 2402 51
408 4636 45
86 4931 56
1771 4133 79
2667 5250 87
1995 3501 46
1722 5392 72
5156 728 91
3421 1886 47
3478 3115 40
1319 2457 28
1444 4980 58
2087 4957 33
4243 3225 62
1645 724 22
46 3018 91
2907 4244 57
3055 4492 81
2706 1575 90
144 3889 49
2761 4573 37
4192 3769 75
1371 2472 35
512 3700 97
4428 1582 43
2033 2267 81
2351 258 79
2585 2758 28
2693 5004 23
1414 1571 41
143 5076 15
3163 4347 36
1821 4473 87
5175 1571 94
1095 2398 54
4920 4816 41
1302 1402 66
3856 518 97
5175 2305 36
3428 3763 41
3606 4213 32
903 138 76
1276 3148 83
2924 3491 26
4694 4265 92
2790 3663 52
486 2979 59
3203 4504 88
4458 2200 19
2366 591 98
4426 1876 24
2176 3579 76
4158 4167 14
1623 4090 21
5239 3312 96
2045 3866 32
2483 3563 11
3425 3815 30
526 3156 38
3956 1937 66
616 260 57
2846 613 69
2304 3230 61
1693 1554 80
4062 2020 43
3327 2001 67
5389 5375 38
3257 377 38
78 5018 57
1672 1483 13
3426 4777 52
2877 2159 48
4423 396 24
2989 1310 69
830 3333 45
1731 4167 70
214 3 24
3393 2501 67
4599 1750 56
2248 346 45
3470 1272 76
907 982 30
5172 3713 96
2383 2234 17
1167 4128 42
4968 1781 46
3540 3381 79
2669 341 95
3379 4929 48
2580 5140 39
5052 2626 81
3640 4822 21
2966 3373 12
4271 1238 44
4229 2154 62
959 2459 57
3073 822 57
1767 3058 33
774 2901 99
1020 3502 12
2469 3901 23
5010 4373 77
2794 80 55
403 2864 71
851 4814 36
205 4681 54
1765 845 73
1118 3396 24
454 1533 16
178 2000 20
3948 507 100
5090 4634 15
3346 90 66
3646 2647 26
3533 1901 59
504 4497 49
802 1416 63
2813 3526 98
4262 4273 86
4150 2617 74
2343 3263 40
49 3409 72
2129 488 41
293 5275 30
3942 1433 60
2173 5174 75
1176 2140 34
5099 1251 56
4356 68 94
2056 2146 89
5016 3063 61
4144 4929 12
624 3905 83
5115 3734 92
2762 3382 98
3140 3761 72
5244 2734 26
3844 322 19
2630 3857 52
2278 1028 36
804 4701 60
554 430 95
2530 2423 37
4106 5121 36
2915 1568 38
3058 350 56
3087 4600 22
3286 2640 42
364 2828 28
1718 2453 41
451 632 38
183 2018 85
1487 261 40
3494 3364 23
1685 3335 55
5055 773 78
3696 2691 87
4716 2212 25
3017 2591 63
4535 1389 92
1975 2218 41
1784 3094 85
2002 2339 60
1011 2763 62
122 2536 15
602 5358 92
3253 5380 96
2118 4060 23
3782 1302 20
1520 269 15
2715 3286 31
2991 1907 54
1849 2239 59
2778 3747 73
5333 691 59
110 4505 99
2237 3552 78
642 3337 94
1219 322 65
4911 3562 78
4570 3579 52
4467 2084 32
601 3999 79
34 5261 70
5020 5356 20
1698 1450 18
1209 1478 10
2149 3132 26
4028 3436 66
4031 2829 30
3982 1937 35
2306 4342 67
4505 4922 76
3042 2611 71
233 4018 31
2922 5255 38
946 3509 15
4509 5212 19
4140 5328 84
2536 2830 31
1779 902 98
5281 1381 69
3610 3365 13
3015 5216 72
5155 4963 23
4750 590 20
3168 3422 32
2695 336 14
2794 493 71
1271 5317 87
2761 910 68
677 1624 26
3618 3504 35
2893 3577 62
3550 2113 88
4099 1802 38
701 1030 49
4788 5312 24
4643 4214 70
87 5231 42
945 2512 82
5171 1686 76
1448 5052 37
1437 4903 40
2556 4471 92
4486 1895 84
2502 1341 65
5015 1208 95
2890 514 13
2626 3240 91
4630 4038 96
5269 3190 64
2704 3380 46
1608 1787 38
4055 5355 97
4402 1554 21
1387 534 40
1680 1776 68
3822 3037 52
2340 526 23
2845 187 45
4551 3479 20
2298 2707 45
1991 1423 71
796 4048 16
1020 4674 52
4929 4008 51
1379 3031 60
2360 1237 12
8 2779 91
16 3867 29
3677 3028 21
3348 4819 17
3350 4065 45
1324 5073 97
3843 1385 89
3592 1662 77
1363 4251 29
1077 2822 73
2696 4836 89
2272 3465 76
1100 1811 12
3578 3163 13
1238 2521 62
1150 4783 51
4508 5093 90
1060 1185 30
2980 996 63
1832 4542 55
4774 3581 51
4422 4790 14
3115 4775 22
3639 2985 58
2283 3160 33
599 2711 10
1285 1684 40
439 3926 92
3316 2117 40
3881 4380 86
4899 573 14
1642 2264 80
2462 2179 93
1425 2130 95
515 4435 36
938 5010 19
168 4174 61
1150 15 17
515 2787 69
5016 1226 31
3321 3982 85
4557 4293 45
3168 2315 52
472 1550 86
1909 60 76
1459 1601 29
928 4842 17
3326 3374 83
4505 2963 80
4395 2052 42
4117 557 48
1398 5075 21
830 3198 59
4726 95 15
1650 3904 78
1801 3277 30
3500 1108 73
2890 1553 17
3596 3934 93
4350 3149 40
3896 3957 34
3563 1657 42
5021 608 50
5077 341 92
756 5373 51
2399 3868 70
3144 2091 55
2898 4552 37
4077 4773 59
4138 3542 11
3837 3468 63
2810 4678 71
243 4468 65
29 1043 51
130 3660 15
3193 861 24
3193 1070 37
1179 4183 25
340 3324 61
3639 1464 68
4540 4192 51
4006 1113 50
1490 3598 13
2126 4734 58
3906 2439 20
601 4690 39
3644 5052 30
4867 4091 71
2679 4156 33
2712 3933 61
2062 2955 61
2757 1491 29
177 3075 22
4127 4608 72
1782 4900 28
175 4495 32
1164 1145 85
3516 4569 67
4699 105 43
4218 857 16
3596 988 28
457 3320 91
141 4883 69
4960 3321 81
83 1719 38
3837 324 81
2656 794 54
5160 321 40
586 5339 57
4868 5018 71
1887 4429 36
503 3029 83
324 3189 83
4746 4409 13
1113 3827 54
1724 3473 20
820 1280 83
123 1721 87
4921 4644 53
320 2103 40
1595 1023 28
1249 2852 55
1813 4123 52
1297 1472 41
2084 2575 97
5075 3618 16
2178 2788 71
5038 4949 50
4491 2530 56
1737 2205 65
1008 4727 96
4219 2623 100
2699 2150 95
1030 4962 14
4924 4190 50
999 946 46
81 2225 66
2399 1130 36
2933 3959 26
313 1710 99
1114 4203 37
4982 479 27
3472 927 84
292 2457 11
2040 658 30
555 2185 35
1774 2661 85
2161 4249 14
3736 599 92
1005 930 81
4918 415 31
4735 4060 32
2818 676 61
3264 2984 78
4249 5150 25
1466 2754 92
2785 260 71
5178 633 63
5045 707 91
4435 605 89
1133 4675 36
53 5147 65
3795 3029 99
669 1924 47
3468 719 34
2002 756 36
4158 3270 17
3204 3698 58
569 4480 93
5305 2805 14
1489 4402 26
4418 4171 61
2415 311 98
4675 1731 26
1755 1216 48
894 4726 98
3487 3839 97
1242 2727 59
1853 159 89
979 1175 60
1943 4083 49
523 2170 64
915 5151 84
1063 1628 74
3810 1053 19
854 2666 22
1350 3799 62
3628 2853 24
1606 2817 60
2777 188 75
3651 2131 52
4466 3364 94
1612 2221 28
4623 5131 77
5265 4718 46
3417 3107 98
3283 1723 50
2929 4802 42
352 2883 18
2525 2490 42
5232 1019 46
2256 4301 51
3066 1628 98
1561 1324 46
121 2578 26
4314 1695 53
3487 2724 41
3856 3471 24
1593 1629 65
2050 20 72
3902 4356 77
4430 354 96
3063 2644 82
1235 3363 20
310 2374 64
4592 3112 60
2836 1275 15
639 1235 33
4722 578 92
3646 4272 53
2560 888 68
2955 4849 33
4659 754 22
5164 4707 95
519 1572 85
4164 4140 42
314 1853 25
4764 3632 54
4591 2274 71
2395 4547 37
4641 1956 42
3965 4106 19
2215 2561 40
2616 2909 83
4607 4569 60
1366 3931 57
4038 2931 57
764 2658 64
3344 1837 85
1644 1554 92
2598 2274 89
2796 5109 27
3355 1250 73
4779 4950 74
2215 3241 57
2762 2129 54
2841 3863 52
2068 5332 84
4844 2650 73
1603 1553 68
1033 2546 71
5161 3346 94
335 1418 41
1698 2602 37
4844 2344 35
5055 3931 46
1691 1840 18
1562 1535 24
1192 1547 53
809 2930 57
2954 4635 41
2684 4212 94
1153 9 91
80 2394 68
3594 253 59
1576 1002 23
1578 1713 23
3313 3725 98
1525 361 15
5274 3136 61
4015 2145 64
4274 2710 56
4598 5191 11
79 4700 59
1970 3157 14
711 3569 35
748 667 88
4921 1687 79
1156 2037 87
5394 1388 34
835 4621 98
3799 104 96
1529 796 15
943 5305 35
1819 5302 96
4802 2132 33
1575 4068 66
1890 3765 72
3771 1269 18
3472 2125 25
5186 4175 15
3988 4011 80
278 1829 69
2670 2883 17
4880 183 32
5032 5039 36
2489 4276 66
460 576 19
4679 3158 33
2861 5055 63
2834 4080 65
94 439 89
4286 496 22
4206 2847 88
2720 5386 52
2088 4140 76
1508 162 84
4962 1976 91
1481 2737 52
1134 3826 45
1080 1427 39
5162 1705 30
5021 4189 39
359 172 50
2669 3909 86
2542 1559 84
37 3348 54
4595 2793 74
1815 89 58
4352 4676 54
5339 3801 11
1588 685 30
2704 5108 44
4995 2876 20
5294 2208 53
3669 1567 67
4604 3747 65
4001 435 82
3501 1656 79
3996 704 10
5339 3979 99
3248 1281 53
4865 5149 45
334 700 52
3303 1012 93
3376 2761 20
4218 1832 14
4779 1811 86
3554 2526 31
3353 1503 53
159 3827 16
4769 4364 78
3597 1643 43
711 4963 95
1631 2568 80
5160 592 45
2468 3417 62
1251 4982 11
91 3558 83
2782 1367 64
734 3706 43
2180 422 38
4011 1661 77
1206 288 42
732 982 20
3827 5173 50
3777 4673 31
2002 4256 12
3498 2489 91
2402 523 58
4662 1227 19
4296 1973 28
4966 5119 40
3486 2203 74
1518 1249 75
4775 891 99
1303 4522 78
1865 135 21
2079 980 100
3565 290 43
670 2691 13
2055 714 21
3784 1020 37
5192 840 26
3808 3964 21
2243 2073 27
1691 34 97
3871 379 90
787 1541 24
3148 3355 81
1721 1190 94
719 4271 13
4711 3420 34
3600 2890 72
703 4243 48
421 4990 91
3065 2437 44
1897 5188 50
4149 2361 40
4412 1180 87
860 5163 25
1543 4516 78
2972 5001 41
1443 3637 86
2866 1762 11
2502 2653 89
3271 3105 65
1277 4369 45
1529 4094 15
3475 557 64
2886 1750 58
3800 1343 54
373 4226 10
2579 3375 47
185 274 92
848 1794 11
4969 631 14
4564 178 90
4602 1592 35
4176 3216 51
3189 4211 96
1137 3762 75
3589 5335 47
4306 5203 79
1757 4492 60
4805 3124 34
4162 3461 37
4612 2591 56
3510 4304 96
4212 4946 36
2448 4143 76
1715 47 85
5285 2466 86
79 5359 76
4175 3452 67
2987 4753 29
3567 146 68
3465 5119 98
850 2935 90
2322 2388 74
5338 924 61
896 4512 39
3916 238 58
874 820 72
260 2775 10
3537 255 88
3334 4355 74
3376 1537 50
3356 2718 13
4816 1171 68
1996 3357 44
1296 70 82
4834 2611 81
5189 267 12
1949 4348 66
829 1510 16
916 5340 76
3072 1 12
215 3374 44
850 3530 39
311 4542 85
1526 459 89
1699 941 59
80 3486 78
4523 2028 10
2521 1578 89
991 1792 69
2212 3754 89
4673 1264 91
2788 593 88
4673 2492 67
1456 2958 31
2777 5051 15
5062 4411 72
3810 182 94
4051 1571 23
1076 671 22
2391 89 17
130 3664 17
3674 2067 15
3472 2463 28
3819 3549 48
1784 533 98
1933 3197 43
2529 639 64
4187 455 82
3866 3103 31
3476 2377 54
3194 355 97
4252 4665 57
4577 2462 41
2370 4251 24
3759 2806 55
1801 3282 65
4324 4711 82
1849 2108 90
2775 1659 33
3776 1812 100
1746 1844 42
1549 5262 100
5037 1030 56
2082 4374 54
2597 1028 35
343 1383 37
2520 76 54
4647 5249 30
4132 3260 19
222 469 95
2997 217 34
2380 4084 96
1119 693 16
4932 3148 44
4100 851 77
4657 4622 91
3031 689 96
3052 1029 92
896 4523 23
4251 135 37
21 2694 41
3334 1988 90
3700 3600 23
1979 2314 22
83 618 24
2010 2809 48
1178 387 32
4485 1045 42
4091 4988 44
1117 2204 92
2067 512 86
2934 4458 37
2564 3800 45
4862 4982 61
3958 5261 99
3604 4238 16
3637 3871 66
3474 2035 74
320 621 56
4832 2847 53
455 76 92
3997 653 32
269 61 24
4125 2325 93
2568 2020 50
2889 292 47
2406 3227 14
4159 585 87
2445 3186 69
3922 134 62
838 4403 27
4364 3123 47
3333 3395 93
4376 2973 10
3553 1501 12
3398 3035 17
2724 4342 92
511 3056 86
4722 488 48
2828 2144 50
4436 469 41
2005 403 32
5220 5165 95
1484 4172 10
2477 3155 74
3928 4922 31
595 598 57
3762 1002 69
2384 5032 47
4954 5200 73
3313 5136 67
1881 5210 99
2087 2715 55
1538 283 75
3447 4119 77
1550 2746 33
2112 4940 31
407 4557 41
2154 1934 56
2898 3748 68
844 1574 82
1190 1231 17
1915 3778 38
520 1167 66
3720 2528 51
977 627 53
3231 5266 54
4736 5340 65
3403 4810 60
4630 1558 95
2602 3865 36
4225 2027 41
1887 23 67
5213 2566 80
46 1685 31
3491 5266 30
4664 3025 46
4843 1563 58
5110 3480 72
1901 756 48
621 4511 36
3792 1688 89
3024 3093 100
724 362 47
1469 3045 56
3799 2311 33
2142 313 56
4728 1962 15
3997 5303 61
4948 3706 45
1905 4902 43
3005 4548 23
1660 3699 89
4884 2039 38
3481 4358 29
4209 4066 92
4249 4800 68
659 3315 41
2103 4408 81
4692 4681 16
452 2384 51
4190 861 98
4197 2106 53
4574 5168 97
643 5241 19
4980 3138 48
4115 2623 67
194 492 85
42 3347 86
641 3801 88
559 3321 64
4740 3846 81
3894 815 67
474 1153 25
2428 1316 53
2847 1494 74
388 3469 35
1614 755 61
608 408 32
2892 1857 76
559 1498 24
3705 1814 67
5315 3018 31
2012 4999 67
4333 1957 70
3310 422 54
2966 1920 75
3091 5036 33
3389 3559 83
1968 3477 62
3978 3811 48
5138 3387 16
5266 4915 43
4072 4264 32
1495 2247 32
3451 1293 18
5130 1641 11
1703 4531 71
1439 1268 90
945 2599 94
1148 685 54
1531 1330 38
2536 2910 29
530 1590 99
340 5304 91
1367 2844 95
4593 2485 59
1190 1398 52
1435 1303 72
825 4801 25
3144 832 23
1438 3415 39
2046 1331 84
2562 1451 49
1225 5318 74
2078 2300 92
2033 4701 16
1019 5179 80
1615 5003 46
154 1369 34
2920 3306 16
477 1290 37
356 3572 18
2295 4150 19
1131 1434 42
694 2486 68
1039 1365 71
1462 3306 79
5067 2771 73
1560 5047 77
5337 219 56
2108 2011 26
817 3869 23
5358 5354 35
2127 2473 95
2895 2708 81
1387 2960 10
3507 4557 83
5344 385 85
5008 5124 55
2648 4526 55
601 116 69
2192 1566 82
3890 3721 26
3112 4087 89
5244 1975 67
1520 70 62
4172 3720 10
941 2514 59
1178 82 40
155 4658 45
4960 2495 98
3301 537 48
2073 4413 35
3458 3625 47
2367 5210 22
1942 2260 64
3508 2998 10
4573 2704 18
1240 5294 48
547 4360 88
30 2877 78
4857 3557 90
3481 4840 65
28 901 55
5001 4104 56
4819 3940 21
1467 2749 61
3591 4843 98
4886 3167 29
4434 2547 30
2804 4889 16
1444 1160 89
4146 4651 78
2876 1785 57
3710 3795 78
4852 183 10
2048 3327 29
4715 4671 34
4137 39 94
407 5238 92
1661 3366 79
4931 3616 90
2358 4315 30
3119 1026 88
1437 4257 82
4815 2408 10
5181 4883 83
2679 556 12
4600 1471 84
3239 2158 58
4431 2820 83
3433 651 33
2176 1593 51
5295 5128 11
1653 3931 79
1625 3736 45
1931 4740 67
2177 216 99
158 3909 21
337 4083 39
1432 3104 66
65 2517 14
4082 4144 81
5334 2006 85
4384 3807 58
2887 2322 78
3497 1612 41
480 1729 29
3078 1970 78
824 2766 19
4589 2933 22
5151 4863 51
4779 1355 54
4193 3384 66
671 1299 22
1269 5353 30
4981 2968 21
4308 831 50
2399 3885 25
1612 876 57
210 3092 11
509 389 15
4505 2837 35
255 3693 90
137 3544 32
1420 1545 61
19 1158 90
652 2064 30
346 260 92
3204 1159 51
3617 5122 78
2484 486 27
4092 5012 90
3422 2576 23
5384 1572 59
981 412 45
4114 767 52
2491 3440 63
5070 3426 56
960 2270 77
2208 3411 11
578 2236 35
1717 2256 62
2238 2581 69
875 311 62
3398 3725 50
2193 215 29
2034 1792 20
980 3156 62
4029 5362 55
3660 2311 43
5046 3352 93
788 3686 42
1008 3907 41
3143 1186 32
2311 2533 27
2382 2957 33
5243 2520 99
4712 3516 27
1726 973 35
5095 1812 18
1463 4984 69
1694 1487 54
2801 939 87
3940 1740 27
3269 4377 75
3972 2347 70
3766 1513 58
2160 4944 65
480 2262 22
4748 2919 28
2704 4020 47
3249 5302 31
1905 214 20
3511 4637 48
2466 972 49
3007 3366 20
4889 4115 51
2827 584 69
3998 2965 71
1734 5162 98
3366 2265 94
1190 1306 36
726 1515 36
2485 4516 82
1092 5319 22
5369 2756 34
4219 4796 98
3984 1393 22
2885 1773 60
1227 2428 74
940 2667 99
4955 213 80
700 1295 97
1289 4598 28
4779 569 72
2944 4888 93
1835 589 67
2930 5246 58
1264 5081 24
3492 3708 87
3754 3774 83
4787 4724 22
1519 1524 31
3537 2796 42
2650 21 96
1898 975 82
1872 694 95
4269 4081 22
138 2586 27
3926 751 64
3553 2346 20
3261 1551 15
2663 4687 84
4899 3289 28
4282 4380 85
1119 4566 65
3777 4076 75
183 3838 77
4199 4070 41
1458 443 86
2567 2794 52
891 5076 87
3495 2834 44
4359 1265 77
2583 4054 10
1981 2114 57
3629 2357 93
5050 1356 50
139 3678 64
1883 507 88
1798 4481 59
1943 227 15
3351 3924 77
2141 488 43
4962 763 67
4313 1961 15
3311 1673 93
4199 2666 40
753 3686 93
1155 2197 50
2864 3166 17
5332 3957 76
1136 4509 14
4743 1019 88
2107 2250 27
2129 3081 73
3888 4139 72
1730 2530 18
4531 722 91
1472 951 16
545 1517 88
1975 891 42
4803 4317 44
4777 995 46
3183 2108 66
15 4655 25
1102 4381 90
3129 3535 18
782 2535 40
1287 2769 58
4267 4972 12
3997 4388 95
2978 682 94
681 1887 97
4590 3067 91
2353 3686 22
434 2167 17
3744 3910 19
2050 5332 41
2893 2222 35
1854 4384 38
1633 2740 49
3311 1200 73
2530 4457 62
4349 4879 64
319 73 44
499 2078 10
1710 1256 49
1972 2597 37
1097 572 90
1141 2546 41
3684 531 15
2760 4532 83
114 2787 20
2251 2852 76
5094 1056 60
880 1906 58
4178 2104 54
4427 650 78
3629 951 85
2352 3935 91
3920 2149 10
3261 5324 39
2005 5275 32
2984 1807 57
4382 2329 50
5070 2893 32
3289 4609 36
5304 796 63
1129 1752 72
1008 1830 95
1704 5314 16
3431 320 52
2735 4943 74
4462 4258 13
952 312 20
2061 5180 35
2781 310 95
4250 810 15
1763 3316 91
356 3576 77
1797 3382 47
2296 4545 42
2572 3236 21
3012 1998 28
5020 5109 20
2808 209 71
2040 348 13
1060 1570 85
4423 3932 63
3770 572 81
2265 1027 66
1643 2008 49
3576 983 66
2424 4832 96
5098 1938 50
4361 5369 55
3898 2760 98
3399 4952 78
4012 3905 21
2332 4977 83
4423 5236 79
2806 113 34
2488 121 82
1148 5150 24
508 2410 91
5182 3034 84
2040 3033 11
2223 4462 40
1861 438 84
2079 1292 82
3726 613 44
4554 3827 39
4626 1641 92
1211 1869 88
4136 4706 97
610 3511 100
3055 921 51
817 1101 20
3267 243 50
1806 5363 33
3345 1541 29
2693 1058 55
602 1312 87
4054 3908 51
2986 4653 15
3382 29 37
3174 2480 77
5116 1410 46
55 4704 80
4640 1630 59
2066 4925 96
5083 1964 24
2209 4470 76
3356 4285 35
1972 4666 13
3133 4315 20
2764 3061 43
2957 2130 88
457 4946 88
1996 2427 25
1751 637 33
2982 2793 30
2901 3041 10
2057 4157 91
1688 1423 10
1321 1557 90
1539 1808 36
4172 3963 56
819 601 86
4782 4325 64
3144 4714 84
3563 5286 47
4336 3870 27
4492 1811 94
490 4229 58
2487 4343 16
402 2287 35
1165 365 44
735 642 11
2691 581 24
4377 3072 99
1639 2288 82
2412 1616 38
4742 1720 100
2809 4789 37
3325 4797 79
255 2917 56
3516 1259 65
459 969 56
1124 514 72
1306 946 71
324 1139 65
4914 3534 70
4854 3257 17
4825 3121 99
2932 5285 78
1797 542 88
4298 2210 73
1331 2738 44
5013 986 84
1852 1426 38
2730 1747 11
103 612 25
4206 4636 39
2964 2886 72
3680 2409 17
795 2355 41
2619 1694 99
3748 951 47
596 294 97
3710 934 80
2638 3420 48
3391 1914 61
1621 4511 37
3701 2556 59
5257 2521 64
3087 3712 37
4532 161 97
2374 853 92
2099 5381 54
3001 358 42
3297 3994 31
3568 1561 21
352 1035 61
1401 4140 39
3588 2948 23
3193 1742 33
4360 5026 23
4395 3651 92
416 4722 42
592 357 67
4037 690 64
2276 4388 94
538 4403 97
647 2715 39
2073 1784 54
566 4930 57
1502 1927 88
445 2888 12
2584 3869 85
3745 4718 25
3248 3945 10
1912 3124 31
3309 1735 69
3880 1430 21
4093 1425 56
1274 4660 27
4030 3528 83
5201 364 76
1007 4939 99
452 629 58
3781 3227 30
4020 3177 26
318 3260 10
4404 3295 61
1252 4302 69
3071 2786 95
1173 5138 29
976 3361 86
1307 3573 61
3989 4953 77
5139 5049 49
4693 2736 69
1461 5261 43
3438 1047 87
1213 2376 84
910 2103 93
283 313 10
1265 4018 93
62 1239 94
105 4817 63
3038 698 10
2649 1331 16
5301 893 70
1823 3188 83
4709 3927 89
2144 1948 31
2134 2136 40
2280 3339 37
4275 1519 47
3219 5152 15
3857 4329 96
3774 3024 64
581 3025 75
287 883 47
1052 409 55
874 3917 95
565 3296 12
5074 2215 54
4514 1093 23
886 2738 78
559 1732 57
43 2481 82
4540 1534 97
137 2959 14
4080 2313 82
3930 4031 13
1102 1262 81
2840 4478 99
1946 3959 75
1511 599 68
690 1862 20
4461 5389 53
1303 3683 26
4063 3111 22
4947 4402 46
1058 4569 94
3873 1607 13
633 1961 52
4825 1634 31
572 1482 69
1108 416 76
590 358 32
832 2927 97
3589 2312 10
250 4889 91
1617 4422 93
2642 4352 33
5034 4399 37
3940 1767 62
1842 694 86
1656 4283 51
5174 155 90
3542 51 41
4423 374 49
5105 3770 78
1928 1921 12
1960 2930 51
4421 2008 15
4670 3183 60
2826 2093 51
3643 735 59
5019 2424 11
5212 899 18
61 4840 68
1216 2830 75
5307 4677 98
1195 2103 71
588 2737 40
4797 2090 36
2558 2933 15
352 5180 27
582 3343 86
816 3776 10
2878 2023 83
946 599 76
4397 4600 70
4212 2703 52
1331 2597 51
1021 68 37
5175 4270 50
1922 5256 21
4366 4961 43
3084 3830 98
3944 3674 21
1536 1683 52
3651 1044 26
3751 4150 32
4753 4873 34
2819 2669 31
537 4766 98
2857 1749 35
3273 3256 33
512 3801 96
1768 755 80
4085 4084 64
3297 2351 53
1044 1344 48
3005 1181 31
5232 2417 22
3275 145 13
3830 4307 38
206 4859 23
182 3052 11
4877 4841 31
930 2997 98
597 1992 92
1841 1410 94
4381 5354 56
1517 3112 31
1829 598 65
1123 1227 46
3688 2186 39
5098 554 64
4688 2929 94
770 4041 42
3089 864 30
783 4177 88
2922 4835 83
3784 3408 21
5373 2017 24
2883 2316 77
2657 3758 100
4171 2802 43
2900 1428 16
1562 286 99
5039 1805 53
4267 174 22
35 466 10
3423 63 45
4850 4592 73
637 617 11
2223 1971 38
687 3114 57
1180 3510 14
1138 3677 94
5124 2641 20
2019 631 19
424 3448 32
5000 2977 99
3646 559 44
2361 3336 17
3113 95 44
225 2933 53
4379 3706 61
3434 2616 83
2516 1466 73
1585 3582 27
5068 1749 98
3051 3387 18
4555 2878 20
3213 3065 69
2597 2870 47
745 3459 89
306 3892 83
4794 4250 39
411 2794 25
2342 1221 97
3089 2947 90
4723 196 88
2721 4624 93
4243 717 94
917 1800 37
36 741 29
108 4798 18
2008 574 75
3395 3599 15
5168 4524 73
4192 3856 22
3650 3045 88
4267 4978 33
4680 4511 53
3855 2624 34
3966 3190 95
584 4363 86
942 4650 94
2378 4008 94
4932 630 28
3031 859 24
4840 168 53
3819 2393 22
5019 4867 86
3472 3785 57
2345 589 49
3996 5239 22
1334 1484 85
1990 2554 37
4226 790 48
1455 2740 21
240 2117 68
1517 1378 87
2966 2361 51
1537 4187 21
4460 1770 79
2901 92 70
3289 1533 19
4817 2941 34
1394 2151 99
2293 3974 49
1980 3414 84
4782 3259 15
599 4426 61
4933 4669 74
3716 4892 57
1220 918 100
835 1400 63
920 5106 57
5159 4286 57
1104 1193 30
1506 3613 100
1603 5294 72
2336 3250 37
4461 2626 13
2548 3067 85
126 2316 53
2006 3015 51
5117 3256 76
4753 723 26
4667 3895 91
3083 1967 79
4785 1294 85
1282 3890 11
1243 5103 72
3462 1472 51
2189 4028 65
1165 4113 90
637 1252 69
4759 1962 84
338 597 67
3542 1616 97
5264 2009 55
5158 26 33
1924 2779 35
2486 2774 59
3684 2487 74
926 211 56
1452 2867 34
4112 5139 73
4976 4228 72
5245 5206 27
2772 4623 31
1254 4954 92
5308 1472 60
475 4775 19
3779 1337 50
1798 355 33
4382 1949 77
3366 5227 58
11 1972 71
5003 672 72
886 3738 96
5100 3194 59
5217 753 14
15 3183 52
3955 5030 28
155 3121 48
1468 4337 18
3359 1855 71
1246 690 26
1290 1327 72
2140 4183 27
3867 2413 10
63 2105 99
499 3656 32
5245 319 13
2709 1247 84
3042 4725 10
2413 1047 31
4388 3809 97
5178 1685 56
3968 3208 12
857 692 96
4381 387 65
3561 3602 87
3317 2631 41
4932 4088 23
5379 1854 39
5256 3138 10
4992 4006 91
3187 4076 77
5020 3880 69
2053 3151 19
4876 3761 55
3373 1563 79
942 4823 51
4562 1970 74
213 4239 73
94 4435 25
2701 1922 78
3626 4507 25
3839 4231 81
4643 3975 80
4201 4317 81
2327 759 61
1760 238 86
1193 3619 12
66 1369 41
4392 3426 79
1671 1845 91
3854 2454 20
1289 1133 60
5029 1745 13
2915 4938 70
739 1315 79
3183 2942 53
136 4458 90
4046 144 52
3111 2319 84
3733 1501 62
1913 573 82
5271 2729 57
2058 4135 33
5390 1677 85
2518 2218 24
3017 791 57
174 3009 99
2357 3221 36
2989 1235 34
2106 1775 33
4708 3009 17
3454 5065 94
5074 1143 15
2286 5168 91
374 1792 12
319 4812 62
3033 4606 28
634 4360 70
813 3713 17
3001 2925 81
3701 1135 42
4406 1431 98
2086 2437 56
2661 4015 14
4959 1138 58
1329 3249 19
3057 5289 25
1067 3628 59
3674 2283 68
4993 3615 28
5071 840 65
182 3209 58
4586 4276 93
2471 4149 95
1758 2341 41
1147 511 22
2504 430 35
2680 5063 75
3218 3508 10
5096 4252 42
2 1063 46
4910 3632 54
5213 859 40
3022 3948 56
3270 2696 13
4486 3263 59
4393 1201 57
4670 2955 36
684 5334 44
2394 5394 48
2902 4667 71
1245 2930 16
1396 830 81
4667 1577 75
1952 3427 87
811 1428 84
79 370 26
4763 2887 27
3890 3033 91
5227 2356 39
583 1745 70
5364 1134 31
1914 1878 45
4918 2020 71
4462 2917 85
679 4761 25
2727 546 26
3990 3618 92
130 4859 84
2455 4837 47
2457 3287 56
839 4598 57
3972 4573 92
1717 1744 25
4582 4475 96
1972 4958 77
5168 1347 15
5358 5306 43
19 3943 56
4002 1211 27
3734 1520 83
2016 2361 13
507 3291 74
749 874 78
4149 573 99
3596 805 95
3004 5291 38
2499 4862 90
2492 4280 55
4977 5301 43
3737 3244 35
1956 3913 52
5039 3310 99
5327 228 88
1229 2725 52
3195 4152 61
2469 1158 46
1902 2978 55
259 2350 88
5147 761 55
1600 4488 12
1694 2824 45
4242 186 59
2369 2892 17
2742 3690 26
1961 1474 76
1816 4637 27
2878 5295 47
37 1468 66
2414 1953 35
3579 2678 52
4971 4983 71
650 285 17
4035 1775 30
5024 3436 65
2741 3843 96
1023 2309 54
2799 862 82
329 526 33
5307 4068 85
159 4077 38
3556 4779 51
814 271 76
4378 1233 12
4745 4591 87
4302 1881 39
3065 1673 28
4624 841 55
4923 1968 49
1296 4248 65
560 3660 98
3066 964 70
2409 3202 73
99 476 83
4047 3123 82
2414 2938 91
374 1128 84
2222 2995 24
3968 5353 82
2215 1199 41
3340 5111 68
130 5273 70
5132 3225 37
3514 2053 68
1246 3586 12
1941 2529 97
3443 220 73
1620 4265 94
756 5271 53
1717 5293 95
306 5047 71
4841 5312 46
2064 4193 76
2973 175 48
3650 2865 12
1946 1212 49
542 2595 40
1762 86 48
1425 5352 65
4837 251 85
88 453 98
131 3824 68
2585 1126 36
563 2141 38
5259 1794 77
2735 3435 20
997 5245 94
682 5275 20
1919 1930 27
5005 4798 57
2870 1399 91
2930 3587 92
2556 4627 27
5024 5028 83
2054 1364 37
3229 2077 100
4923 1175 21
2236 4809 51
3544 4812 10
5287 244 94
3759 5015 66
389 2192 70
1348 2131 75
4413 3611 74
2593 3016 100
4802 4988 48
4412 1820 14
4875 6 28
5129 949 38
5167 2871 28
3899 2534 47
3571 3064 54
321 1673 43
2534 952 76
2729 3869 73
3049 4111 92
2912 1067 50
705 913 81
1288 5036 92
949 84 47
968 2540 43
4155 675 79
3585 5302 27
1677 1912 70
3841 2046 73
4449 2727 60
5149 3959 22
5232 1458 49
4144 5137 35
2186 3614 61
5088 547 36
5256 3183 40
3419 587 49
2937 577 83
5132 1106 55
2180 4230 11
3433 4383 37
568 2879 30
3870 1391 59
1126 596 71
4979 3646 23
842 2462 83
5187 3769 83
3448 1057 63
3981 2331 33
4802 2382 12
3956 1058 62
4809 1349 67
155 1951 94
4629 4593 35
1976 4511 21
5306 4479 23
4852 5199 19
4473 301 16
1074 4301 20
3028 465 100
711 4723 77
250 2489 86
4865 161 45
3856 147 84
5296 5368 45
1151 4170 85
1140 4612 35
338 2583 76
2768 3689 20
1869 5100 88
1830 3476 11
4758 2735 35
4149 941 59
4522 1372 54
4002 2210 91
2026 2908 45
3051 1459 83
3614 4364 38
3962 749 59
1344 4794 96
4653 2437 91
3225 980 36
2231 2612 82
3641 264 50
3098 5108 79
5192 3335 28
2331 5310 84
2430 4931 84
2369 4989 15
1075 3145 82
4413 3048 22
3263 498 54
2484 94 59
332 557 67
245 0 47
2101 1676 65
4493 4114 59
4284 405 66
2473 532 86
3082 4452 61
4101 2051 29
3279 4497 46
200 4373 23
5102 2307 47
2304 527 73
3212 1310 45
3698 5092 97
3749 2027 91
3707 3335 75
1669 3464 100
3558 5279 82
3610 3790 30
4040 1822 18
5001 598 41
2563 4276 90
2925 27 47
4433 4544 20
4207 4064 98
5135 164 43
3980 4918 66
1850 1283 22
4641 1973 28
506 5278 66
2327 3541 17
3348 4704 22
367 2957 100
2057 5064 16
5328 2191 22
3230 3514 10
3739 1077 40
3096 2618 54
3893 498 88
4662 2714 61
1672 1783 16
2612 1859 34
3936 1019 66
4843 1960 71
332 1554 57
734 2014 38
5053 4522 53
4699 2307 68
3547 217 46
1178 3174 18
3004 438 30
1151 566 11
5203 2548 32
1254 5146 75
2513 2102 78
4348 4427 18
917 2237 75
3596 3909 82
1572 197 17
5137 3753 38
628 521 92
2229 4775 41
3631 2806 100
5191 3318 53
5230 4024 70
2769 2230 31
4458 1662 96
4156 3556 28
4415 2778 65
1238 2278 96
3907 157 52
2150 1952 86
4386 3045 72
59 486 57
4450 3470 33
4354 4564 24
5347 960 34
1366 2088 19
1419 4621 69
3590 2882 60
1315 2174 38
2274 3675 99
1967 1288 36
4632 3139 48
2791 3281 26
4675 1408 78
3110 727 35
3728 808 46
2649 2553 36
4360 4357 76
2752 1138 37
2155 3429 12
4727 3504 19
4594 729 96
1893 563 61
3814 2785 47
2222 4183 81
1609 2767 54
337 517 63
4141 416 18
832 4010 51
2210 1040 71
3463 4491 89
295 1844 21
2061 2434 55
5301 5330 19
202 2689 57
4632 5140 52
796 827 77
5015 5124 84
2478 2764 73
1364 1214 34
1739 1762 89
4268 3753 52
1197 872 95
2813 386 98
1578 1909 51
3434 1984 30
2169 2102 25
52 4226 74
4491 3693 96
2869 4565 51
4049 85 49
600 3645 87
5227 1933 86
4669 1425 99
1356 732 42
2261 3548 47
4578 582 92
3070 1681 94
4113 1937 39
1021 2379 60
2440 3280 44
289 977 10
5066 3358 71
1187 4121 73
5163 3045 24
816 4270 41
4304 1982 84
2773 828 33
1743 3437 61
3770 900 80
3074 4090 29
4276 4867 10
594 2372 59
3049 3304 43
98 200 50
1554 3498 94
5267 73 82
466 2370 98
900 236 86
1424 871 15
5024 2732 100
4111 3829 78
450 151 76
3096 3447 96
1626 3883 76
2651 1660 34
5268 3170 92
3702 2581 60
1211 184 92
4880 1916 83
4182 2306 23
3650 1797 22
5259 1125 52
3637 3311 23
2228 5263 28
2162 3912 21
1981 1353 15
695 3702 61
4079 2548 78
459 5179 32
387 3863 31
740 4738 54
4284 4157 49
5214 1498 77
2193 2386 46
1176 1167 33
1799 1623 58
3622 4248 47
5248 2045 96
3807 4682 18
3075 4880 98
1945 1067 93
3355 3455 44
4096 2662 45
2376 2824 89
2686 4643 24
289 23 70
1638 26 46
2188 1034 81
4153 2693 99
1024 1823 32
1043 470 77
4722 4095 92
3766 3303 38
5050 527 79
1974 2184 52
3786 1468 79
2508 3341 88
992 4553 63
4574 2441 65
1377 1079 98
4441 5363 25
2820 353 59
2149 4903 74
2441 447 32
5245 3675 35
940 3847 72
1408 3044 86
667 1199 29
421 4307 99
815 3273 12
1950 1591 87
4276 2458 20
5178 4725 26
3422 1764 54
4757 3120 69
397 4276 40
4001 1572 26
4427 3098 51
4462 3156 27
2943 1729 100
3728 2613 84
829 2530 36
3137 3683 56
3826 1301 10
909 1442 98
4200 1076 74
3947 1898 57
4219 251 63
2460 1319 78
1553 1235 97
4357 765 86
5031 163 61
4079 651 36
1895 3970 100
4921 1760 86
5358 4300 76
3008 3946 20
1808 55 58
2217 1883 16
772 5383 43
2357 3807 43
2257 468 39
1603 5251 18
4395 238 83
1177 2882 71
1728 2586 69
3049 1962 42
2175 2314 80
3733 2894 62
3107 1454 60
2013 5339 28
3411 4774 51
1825 34 60
4683 1573 47
4769 2350 78
689 5322 37
3253 191 68
4968 1108 17
3181 529 29
4742 3210 18
1521 505 82
3118 3938 36
4975 2204 17
4655 4417 65
1614 609 53
2679 2068 67
3856 5176 84
676 4892 80
1807 4546 43
1344 3674 31
5009 1920 59
1259 3251 47
3047 523 98
2853 1789 66
5161 3264 88
701 5305 63
5096 814 79
5103 73 24
5080 427 89
2429 54 79
1282 1960 41
2233 4522 25
4191 3088 54
2441 852 55
3360 3891 77
1904 3596 61
3511 2990 45
2609 3220 77
2675 2877 53
1243 2583 87
2633 3937 42
3175 168 48
1647 2155 12
2447 3988 94
2324 1620 19
2698 2434 75
5102 1435 23
2311 3758 94
2087 3532 21
1437 1085 74
3109 4131 63
1295 1327 87
2662 1391 41
1873 5328 22
419 3156 58
4431 2851 55
1432 5189 35
3561 454 86
4089 3189 51
3711 5187 82
1560 542 46
4494 4956 53
475 1964 69
890 1746 73
3593 1870 37
1639 1815 13
3252 2386 38
684 5099 20
2581 2435 12
511 1667 33
933 5010 81
3726 3266 73
4781 1031 31
1310 2334 70
775 3146 20
2638 3601 15
2798 3787 54
4460 1893 54
4548 569 100
3548 1440 28
4272 1562 12
4236 1806 55
3982 685 30
2262 4752 46
2242 2125 70
280 1059 67
4119 4582 31
2567 3586 13
69 5304 75
1545 2644 38
3865 711 17
2891 911 17
2746 3986 83
4551 3288 52
1891 1058 61
2797 2371 33
5216 1103 69
3352 2249 35
4115 1371 21
5110 387 60
180 3605 19
1229 4488 95
3217 3377 87
3369 2428 45
2896 2403 32
2944 848 46
3813 1865 87
4756 4324 32
3315 694 15
3714 3453 16
1234 829 76
4899 3826 96
464 427 16
933 4086 49
3120 908 90
3578 3852 52
2353 1486 50
3844 4785 24
3013 1265 23
3777 2893 18
3148 231 27
2542 3892 80
623 3047 10
932 4199 22
839 1665 56
1969 1895 57
4843 4997 74
2771 1861 66
282 1021 16
2202 768 75
2014 1375 45
122 3532 94
515 1276 96
2833 969 34
2560 2349 55
1522 2249 47
462 2754 31
2440 448 86
4765 2384 81
3216 4710 72
2741 3027 56
3026 2299 55
5244 3042 90
4660 23 95
3161 457 67
1823 3149 77
3289 2335 57
4809 1345 51
2575 3701 39
5026 2666 80
1103 2333 66
4119 3597 51
2443 2563 26
1182 5197 33
2280 2197 71
4087 398 15
2658 298 64
205 1042 77
1774 2420 98
4105 2211 80
2175 2183 50
2396 5330 54
4844 4871 31
659 1088 33
4089 3630 66
648 5218 14
4440 1999 33
1405 2648 86
524 3695 94
2895 3712 85
2532 1430 19
3608 4389 24
179 4293 97
3309 2223 22
4350 5012 34
4036 3803 77
1604 3980 29
889 2668 89
1398 1990 31
3583 3833 90
1704 3346 60
3891 999 82
4241 3563 81
3404 5385 79
4985 2631 13
3688 2461 46
4449 418 86
4343 2072 35
565 1671 94
542 1579 87
2676 945 38
1377 858 42
3739 4066 70
2510 860 28
4376 2313 47
4156 2336 97
1406 2529 32
149 4413 27
4195 2000 37
51 1424 72
3409 4696 97
3577 258 21
2819 291 26
2619 4181 65
689 4524 89
4089 1010 35
328 968 22
4663 3148 10
4605 3958 64
4057 3704 48
1659 3871 58
4928 2766 19
4114 1403 69
1764 2769 97
4844 1095 72
3592 3240 33
977 2114 12
5095 3679 43
1037 4586 47
97 5215 30
3780 3621 86
1968 1932 30
5171 728 83
1373 1987 55
3857 1404 50
61 4300 16
2799 4910 46
920 3504 87
4384 3843 79
1204 4266 15
4319 2318 19
1521 398 59
722 1349 63
1683 358 97
1259 751 79
2678 911 64
3966 3478 83
1478 3641 34
3138 1120 20
2821 776 22
351 4765 67
2839 2804 81
1999 1708 30
2373 4448 80
3494 1281 96
1508 4349 36
4014 4232 71
1435 3529 20
169 1787 15
3543 3531 46
2338 1470 28
2664 3003 27
1644 2209 82
3789 3646 55
2420 2737 63
118 649 17
2766 287 39
5192 448 18
424 130 40
3559 4268 55
3841 4402 74
2378 2228 77
1655 223 95
4510 2480 63
529 1564 11
5001 969 97
1524 3156 31
1899 750 19
3438 1288 16
3158 2301 26
3804 4355 11
1435 105 95
3523 4203 83
786 2654 55
1750 714 32
517 2871 94
1721 820 28
3521 2277 34
3178 4634 32
3076 3940 29
2793 5339 58
493 2434 58
2310 2542 40
1194 29 97
4050 1567 48
3588 4649 88
5016 1266 67
149 380 16
3405 240 32
4933 4490 29
2835 2467 43
1499 3244 22
3076 4434 72
5071 383 59
1287 1146 35
5237 5167 60
4732 1981 22
3785 3668 83
5030 1103 58
1960 1187 14
1926 3059 38
4210 3392 27
2584 629 50
1674 4568 57
5286 1672 21
3001 2524 45
3257 227 83
4876 3685 21
5107 3239 40
2094 4886 88
3480 4546 53
4699 3055 49
4177 1353 83
4734 668 42
4030 2592 43
5112 2281 75
2754 4249 48
1817 2867 86
2997 1277 38
2472 4498 29
2180 3847 97
2511 2610 98
4474 308 37
3513 526 16
5377 178 86
1440 3931 50
3629 415 96
2896 1714 17
5349 2121 30
3562 2171 85
5077 3746 25
262 2007 53
3216 1537 14
2725 5165 93
3241 1427 49
649 1336 63
3746 2937 77
2121 4248 36
3938 3941 93
2236 5096 49
895 1592 71
2028 5155 17
3446 1415 48
1755 4334 99
5283 4171 75
1958 3702 63
303 4846 55
611 3088 12
3245 2053 74
238 3740 86
293 186 36
3684 1362 36
5247 4952 36
4519 1320 89
4247 431 83
5018 183 92
4807 1508 25
3221 3903 43
3210 2191 20
1203 939 97
3130 2141 72
53 1673 43
4136 4362 47
3931 1984 83
427 314 76
3536 180 95
5067 404 35
5287 944 82
477 97 90
201 4305 65
1996 4841 58
1506 2317 27
783 1931 30
2960 3380 34
1718 1291 68
2899 1485 99
845 405 94
3340 2895 83
1358 2466 40
3876 5360 32
4460 1900 34
4595 4241 33
1887 173 98
2862 3329 71
2435 1709 23
2832 127 14
2083 3058 42
2625 2722 50
2540 1265 74
4574 3016 26
233 5386 85
4426 4955 52
3401 2931 41
1281 3285 77
4688 5308 18
4110 3320 23
1447 1001 25
4486 2107 39
5354 4670 53
1038 3483 67
2899 3005 43
5176 4740 95
4890 4299 33
4226 798 83
2644 1702 55
1863 4253 19
2552 875 91
4147 2324 48
3712 4399 67
3336 2451 66
3043 3782 36
3147 228 25
1733 3021 60
3458 549 75
5361 3531 86
3099 838 44
2056 3782 64
5079 3377 21
3533 1447 36
14 5004 12
1599 2549 60
3222 2674 13
1350 427 86
3503 3115 14
980 4819 75
1956 2299 19
1640 5122 87
1781 2076 38
1988 4555 80
2594 4147 81
1426 149 24
3296 4509 69
3826 4815 57
3885 4159 64
2018 1082 68
211 2067 71
689 869 27
388 800 82
1500 4960 57
434 2818 15
49 4926 26
19 4383 89
3566 3398 15
1429 563 48
4997 5036 31
2837 1014 52
1206 4361 62
3365 4370 79
584 4455 92
2606 5202 44
2610 3725 30
3487 1209 34
1383 2220 91
869 452 51
1742 3113 36
2506 4522 29
3474 539 80
4143 4903 15
143 3963 92
4365 4931 73
4716 2372 58
1928 5266 13
4022 1648 18
1921 2455 84
1321 4696 18
786 2806 36
3980 1043 74
1352 4626 12
2538 4219 64
732 1087 91
4448 2638 71
4441 3525 32
2766 4676 11
1941 4051 61
5115 3645 96
3798 926 60
3203 3570 24
1613 4338 100
5104 1966 83
3869 631 83
3622 1154 90
4400 3136 47
5350 1631 28
768 2054 93
843 1796 39
1060 3570 97
4960 1916 78
2823 5229 77
3473 646 50
2810 3870 41
5305 854 65
4301 2279 60
5179 3698 60
5112 99 74
1063 766 29
2254 1386 30
4110 1525 91
5047 3573 35
498 2713 61
4338 4150 99
1531 1541 18
4252 122 21
139 159 10
318 2919 10
1350 4312 64
4326 3963 39
3181 3760 64
2525 3780 95
1839 294 78
4464 1012 51
654 4613 94
1742 1413 90
1816 647 52
5189 430 45
3142 4077 22
3523 3797 95
2662 4841 11
4916 4587 35
2199 4723 42
409 595 15
5319 5251 53
5362 5383 50
1354 5366 61
5148 4208 17
3421 353 44
562 1905 23
5336 3587 61
2700 281 87
2681 5174 84
2441 127 52
1412 5072 39
3229 2442 28
1507 1052 19
983 3503 73
3832 4176 45
1484 4593 95
3621 195 52
2453 4871 38
3609 2872 43
1233 3317 35
674 4099 37
1360 2927 46
389 4626 48
5346 2469 60
769 119 83
22 1080 14
3557 2926 74
1175 4579 63
1204 3952 12
97 970 84
4317 2921 95
5203 366 48
1364 5223 37
2281 3728 49
2198 4554 51
3886 2252 16
3687 1056 76
3161 2527 35
979 4581 62
4351 750 33
4778 2318 80
2060 2039 82
2315 1112 58
5274 3094 95
999 3515 94
280 2561 64
195 801 19
5267 4973 81
1770 2805 73
2230 5244 18
1592 678 16
4783 2556 34
3532 1435 53
4641 4209 77
2549 4690 50
4104 3008 40
3787 4794 47
477 4023 67
156 4182 68
19 4112 99
245 417 11
2213 1150 21
3917 731 87
5263 794 95
709 3710 72
2902 236 27
4809 68 73
958 1500 12
4144 2149 13
177 3164 14
1771 3537 67
3044 3349 16
3579 1263 60
4003 3555 44
2999 1677 80
3670 928 93
3544 1731 11
3813 2751 74
785 4034 50
2755 1805 99
4255 4401 34
1716 1117 81
1866 1418 61
5345 56 15
2755 2611 87
837 527 97
1123 2013 29
4031 5334 97
1878 2836 79
5314 850 37
4599 3684 52
927 1251 24
976 4193 89
2521 1037 46
3957 3878 54
2838 2948 40
3534 4813 100
2523 4859 62
1123 3811 16
2474 981 32
3753 3354 12
954 2513 77
140 2457 96
4170 5250 51
4008 2512 48
530 2560 58
1195 131 24
4522 1007 20
886 1049 71
4386 2940 26
3173 4380 100
3282 4418 93
1549 1838 45
1329 4204 40
4746 293 18
4329 927 39
2618 1191 24
2604 1041 44
5224 3897 87
797 4075 73
809 5274 94
52 557 79
645 2451 32
1191 93 12
4502 4480 82
3151 355 69
2805 2461 53
2633 2741 67
2435 1286 38
4177 2567 18
4563 3988 62
98 638 70
1869 3083 59
3836 2992 58
2776 1734 52
4331 4822 85
2095 2517 27
5191 5162 90
746 1179 18
2646 1438 51
881 2017 25
5050 69 48
203 49 79
5030 4225 85
2553 4570 12
2067 3745 52
5202 3112 97
2621 5218 39
2114 987 100
1618 4119 56
528 4788 16
5003 801 12
251 4848 49
893 1457 45
614 2182 89
600 1071 45
2013 3353 96
4777 2932 65
2351 3062 45
4889 475 53
984 1015 91
3477 4888 25
2288 1471 14
2170 2427 88
1805 1619 14
5143 405 87
2838 3849 73
5027 4837 65
293 3181 78
1217 1324 17
4687 1292 48
3485 1857 31
4305 4042 33
1093 4646 72
4497 2655 43
942 1547 50
2173 3736 92
35 4445 25
5116 4129 51
3611 234 51
4413 1091 15
4214 3468 25
1904 2803 41
197 1958 25
3405 3462 70
4983 2747 46
4259 2350 86
2288 5362 45
3407 5316 78
2068 464 47
1347 832 61
1005 2481 40
851 2792 35
5361 1529 51
5 673 43
4708 5041 49
4413 337 69
2975 3373 43
4593 1674 93
3398 4915 21
3722 2093 82
4206 3444 40
4154 2728 78
1359 5085 39
1205 256 40
3903 993 79
3208 1421 12
4793 4967 70
665 2245 26
2580 3684 17
2622 3403 41
3102 1866 77
689 4445 81
4533 4485 98
2518 3224 43
5255 3808 58
2387 1723 93
3013 4259 57
4055 1130 45
4615 3110 96
2347 2161 46
3254 2568 69
1015 4397 13
42 930 54
3748 1255 60
3326 1938 55
2106 4223 24
4070 3860 65
2344 1000 53
5318 1134 17
4130 78 54
5391 83 62
3508 2306 25
4527 4449 78
3166 1334 34
2326 2206 30
3071 3908 94
4029 765 80
3540 4699 33
1951 85 49
1799 2621 77
3555 4931 10
1520 1217 67
2807 1248 70
4287 4831 44
3869 3580 21
2745 4831 99
5354 4754 16
4282 4352 94
5152 927 15
4692 11 64
1920 2220 49
2250 672 20
4397 5065 89
3362 5238 51
4424 2970 29
2615 5270 91
1027 1210 57
4313 2890 55
4359 2491 74
3285 3787 15
2727 4579 85
3021 248 28
4911 4550 51
5196 4647 53
8 2409 87
2068 4635 46
3381 2643 73
4907 3896 22
1292 3128 60
1332 1007 43
3340 798 34
763 136 80
5358 1895 83
2259 3858 71
3518 2674 31
2003 3391 13
1075 3197 52
1511 4950 61
4394 3476 76
5087 2646 75
2839 3221 58
1765 2659 25
3277 1106 70
2973 1880 17
960 2740 20
2006 1689 76
4546 3560 89
3532 1569 69
3263 2976 63
1397 1377 44
3829 2864 68
5319 614 13
