3462 4267
775 2832 95
819 390 75
1415 2384 95
2939 544 33
2709 1202 30
1251 11 94
2778 1916 67
1520 2761 68
2336 1134 40
2500 862 59
3019 567 55
3321 2555 50
2166 2680 51
558 1321 49
3214 602 63
1293 1639 53
2092 889 62
2855 1759 11
2928 834 22
849 1991 17
2009 3379 64
2573 1920 66
3131 2669 85
485 3233 10
1905 869 29
2804 343 29
11 3224 96
1577 2455 16
105 252 37
1680 325 47
3005 1432 85
1459 292 29
2872 978 20
2789 1544 47
281 2023 29
3295 1369 100
1307 1950 35
2239 784 23
2015 525 18
484 3117 87
1203 2356 16
854 1412 15
3415 2987 41
1558 2115 48
2701 679 96
3016 3062 50
3360 2173 91
1107 2580 15
2246 3058 50
87 2063 44
1945 2781 15
1698 205 34
1859 909 88
2464 1405 56
2046 2160 37
2218 2994 59
2189 903 28
229 2383 41
3051 83 14
620 1059 21
1913 1334 12
692 329 56
2297 1390 90
599 2382 76
1145 2354 55
3332 643 18
2660 1578 22
1769 906 61
2413 762 19
1271 1506 18
3229 1533 27
659 499 87
3256 620 20
754 1393 53
1600 2123 88
352 2240 33
1510 3035 43
1475 3001 21
866 1934 40
1551 2788 83
448 1308 81
126 1807 66
2531 777 45
1317 3262 23
3346 2780 27
538 347 57
1615 3124 57
2885 592 70
2614 448 23
451 2356 37
2562 1796 24
2673 2978 36
800 2442 20
2771 1232 14
3081 2632 58
1181 227 81
2656 1172 27
1705 814 37
94 1109 87
747 722 11
738 469 16
3230 87 59
1729 3075 75
2442 2355 33
1373 48 22
993 1026 74
130 390 94
1449 473 60
1844 1582 73
1817 854 98
1931 2889 37
3214 1449 42
1597 1688 64
2986 2279 48
555 512 10
559 2143 93
2638 3329 82
1417 208 73
3244 1066 29
2779 1389 48
2960 1241 23
3099 1047 100
626 454 31
1756 1525 70
276 2173 20
2317 1333 67
2218 3363 88
1289 597 92
169 1646 30
766 3299 23
835 3111 36
3334 3454 58
1507 172 67
845 783 12
350 2643 89
2256 2955 75
1393 2488 95
943 2076 41
2359 2304 46
362 2568 44
3026 1984 21
1694 601 71
87 2594 14
1797 2975 43
203 1 73
266 3188 23
489 72 63
3456 1499 16
364 1914 100
3121 2112 16
966 791 17
2882 3213 15
1406 2112 31
3338 293 93
3150 2919 71
3207 1119 27
3405 2229 18
1256 2018 12
955 3384 60
2522 32 64
2901 3090 97
1236 1028 97
646 272 54
1576 1414 70
563 1237 23
3008 2474 53
321 2557 33
3263 2163 44
1309 2636 100
1241 279 62
2262 3413 90
2396 3372 65
1370 2334 55
775 783 11
244 592 99
1123 995 75
1812 2083 81
2769 1826 76
738 2378 31
328 1977 82
2957 3223 81
2625 2495 73
2805 3353 54
1197 1664 36
2093 2307 73
1902 1906 78
3446 1529 81
3294 1121 92
805 683 41
1795 3027 97
3056 1747 58
3157 641 21
2838 2444 33
1103 2510 20
2814 1192 96
3227 1789 56
3132 795 19
713 1645 47
1735 1332 23
1379 1139 42
2044 1874 14
232 819 19
3387 2352 55
3233 1820 23
1861 93 41
2294 2047 10
1233 2728 87
1753 2697 48
2378 1811 75
2466 2835 93
3434 1853 83
2455 1739 82
3259 1530 53
1540 1498 35
1497 1148 98
61 2551 50
2649 2229 32
1692 3297 22
2599 1711 97
1093 1669 90
1788 1511 56
627 2900 23
3038 551 13
1421 1378 82
875 1455 30
355 3027 49
1927 972 39
2075 658 91
986 2250 36
1823 925 42
572 2909 68
1341 994 70
246 3014 82
126 3129 38
1075 2501 68
3259 2763 87
1748 1201 98
64 7 42
365 2964 56
1484 525 47
246 2044 12
1419 2843 81
1286 3273 81
2876 348 82
3225 2469 72
1028 1790 10
1660 429 93
961 1816 41
3310 3429 80
1116 1551 100
3252 432 85
1274 1178 11
924 70 61
79 2794 77
3261 981 67
2321 2485 57
244 1147 76
2779 2451 27
2898 2026 66
648 3283 53
3416 2186 67
1584 749 46
667 1401 75
3145 2324 75
101 2850 66
674 2107 17
157 2718 82
1871 1263 55
1483 1556 63
2529 2703 50
484 2169 46
1605 1257 66
116 1250 75
1318 147 73
1 1578 76
2041 2071 90
1044 2065 54
2895 509 52
2941 905 32
3122 3311 97
2478 2993 27
2285 1679 51
2260 1942 96
3277 531 100
705 2148 44
2380 2921 92
2657 2615 48
3288 3447 62
927 2541 12
1448 3098 28
1287 525 27
1156 3023 12
1072 1912 100
1050 1767 40
3325 1588 17
2395 627 22
3417 82 56
2838 2793 78
106 1338 22
2878 3201 78
2427 1973 88
2599 1207 61
528 3104 77
1518 267 71
1006 3282 72
1544 1618 47
751 931 72
1551 2237 29
2749 1258 66
3384 643 73
3122 600 87
1143 1480 10
2777 2593 73
2088 737 26
168 505 95
736 2561 99
3419 648 29
2412 491 59
3356 3330 81
398 1717 57
3027 2726 86
3249 413 31
1748 141 82
2221 2762 18
1350 626 31
488 2199 32
2801 3386 95
700 2647 32
2299 333 21
1018 1977 53
1958 1218 60
902 1517 48
1333 2144 31
2423 1907 38
2997 2143 70
2148 1486 88
2741 3082 94
1692 263 49
882 3401 46
151 3005 74
1132 3222 28
1656 3108 21
2207 347 26
2555 3031 46
1960 1427 47
2021 1066 11
3350 2167 73
1469 3211 53
3288 1573 88
1657 2915 15
484 28 47
3411 509 77
892 3242 29
1042 1575 13
2114 1368 21
1771 1172 26
1258 1082 81
309 1319 28
1546 1442 52
1688 958 43
136 3208 86
2555 301 83
720 638 96
1076 449 67
2165 3409 68
1971 2268 54
1918 2194 90
1615 1022 54
2205 1900 74
91 3394 17
1565 1110 85
3397 1511 74
2660 890 52
967 3416 70
79 2238 83
3173 1116 99
2820 2368 45
3215 995 35
1731 85 45
1608 1639 88
598 848 70
2896 2265 91
1830 1793 21
1707 224 99
3226 700 83
2601 2889 28
1759 979 64
2124 1153 20
3141 39 39
493 2520 69
2752 479 64
2224 53 26
1271 2765 88
2912 769 36
2428 682 26
275 3344 72
460 633 67
3456 860 65
534 1444 50
2436 11 98
1784 153 53
2969 2302 89
654 1906 95
2542 1956 48
1940 771 58
3045 3370 18
1617 2812 18
1846 1342 77
2329 702 70
2454 2838 42
2057 870 88
2944 2740 54
2843 3388 69
711 2659 43
836 2605 93
1080 1236 57
949 2973 48
1127 1311 67
830 673 100
464 985 82
3352 1056 100
2628 2149 20
2766 1345 93
3288 3270 47
2170 2463 45
688 657 80
451 1941 32
1499 425 79
2925 1056 74
2517 2803 84
3161 1990 14
1895 477 94
1644 2209 45
2794 632 71
3443 1390 46
3302 199 96
2880 2368 20
1222 3401 25
1975 3122 32
697 2307 15
1946 1519 22
1682 1798 31
3130 1894 44
3013 1083 37
1114 1512 43
3364 809 60
1515 384 19
753 113 11
871 2955 100
1383 2392 80
1402 1910 55
1699 17 53
1864 1650 29
61 1147 28
2337 1807 13
619 3325 19
1613 828 54
3061 2883 80
1390 1257 73
1761 912 10
2257 95 97
416 906 10
699 2246 78
2457 2722 73
2330 251 16
1585 404 75
1756 3170 16
1187 95 88
2253 1195 81
2387 1427 16
2259 282 77
2057 261 18
906 2952 77
2341 122 80
1360 3307 18
1290 3441 75
2303 71 82
1730 1610 45
2896 850 57
2575 2989 22
1487 694 17
538 1499 56
2259 2722 97
2573 2361 83
1853 2380 80
525 1756 72
3024 1790 16
63 1926 55
1704 1134 87
397 2751 92
1423 273 62
431 1486 39
2058 1858 54
1275 401 88
696 3028 28
597 3172 98
2025 1655 77
1523 2889 43
1083 1338 81
667 2913 29
355 1043 52
391 2642 57
303 1657 47
3015 96 43
2874 575 56
61 1574 27
1018 3050 62
1484 857 83
646 1212 76
765 889 41
2371 1626 89
1861 3355 33
2554 1258 98
394 1114 68
3219 2494 45
906 358 85
1650 543 34
1248 182 61
2240 3178 51
3175 2547 46
3383 1735 30
1956 3073 96
853 2937 94
3446 838 93
720 68 63
2636 484 42
2333 2169 53
2008 2416 30
2530 3289 81
2028 890 30
1486 217 76
800 2526 90
877 2547 12
2792 2362 74
3068 3077 47
2522 2124 91
1126 2355 69
116 2593 79
3036 2770 28
1229 2378 13
2334 1526 63
2351 164 12
1409 1411 98
1028 99 80
794 2417 48
863 1120 18
2809 3248 32
2915 2637 47
1198 1310 90
1006 1551 16
3029 1217 64
3102 836 89
1847 30 38
1960 215 13
1845 1143 54
2830 2057 84
1175 813 40
764 1552 93
3095 220 100
85 864 67
257 517 93
478 7 19
576 798 94
1759 2013 73
1100 2868 61
388 3169 62
557 3402 49
58 2688 61
1324 2316 41
1049 854 68
510 2935 24
2128 2310 83
3022 183 71
2932 2411 78
302 3247 79
1549 437 18
1779 2193 77
2037 940 35
9 2874 15
2142 837 40
3035 3243 65
3461 1679 81
3298 628 94
3067 556 50
413 1471 32
2019 687 66
377 106 74
970 3114 29
1262 662 68
3416 3151 79
876 740 20
263 2132 79
2659 3279 64
550 729 10
3065 1659 50
1624 2128 95
2605 2975 63
924 2230 67
1752 2151 99
1510 1724 96
3048 2110 99
945 2381 17
1228 2217 31
1266 1796 66
2542 1419 37
3262 2624 62
3367 2898 36
2418 2509 71
1497 1854 91
2657 1054 78
149 2029 66
2058 3139 46
3258 2543 56
2200 225 14
1648 2550 21
867 1617 93
1937 497 42
1402 1851 63
1899 1585 68
2276 290 93
3447 1564 41
814 1229 10
636 1475 47
2719 748 67
827 2492 58
685 1145 78
160 1620 60
3406 83 19
3357 1961 70
676 67 53
3229 1165 66
318 3374 69
611 3417 69
1158 2353 34
3244 64 94
2061 1407 71
925 2631 88
181 2943 35
2218 3058 64
3174 2973 51
254 1080 42
2839 355 73
2237 2710 63
3056 2999 36
2842 2556 57
2786 1426 33
2862 183 81
1445 1523 43
1655 1716 52
3423 463 66
352 2022 59
1850 27 92
702 136 21
1914 1331 88
3074 2489 51
2806 74 19
1291 2376 97
1435 585 75
2998 1741 54
786 2744 32
788 254 26
2600 1444 13
3323 1600 81
1607 1202 94
3065 369 20
2244 967 17
1501 3399 41
1265 2480 96
1774 1329 61
3074 2962 43
67 2705 24
2190 704 74
105 835 33
897 1112 68
2271 861 55
2958 984 65
2297 751 92
395 924 50
319 1949 33
234 657 82
415 1626 12
937 1384 78
217 459 91
2124 1332 26
52 625 95
3064 2977 50
1334 2297 60
1781 2577 10
413 3110 25
2315 1368 65
2222 541 30
1346 2964 43
2070 680 61
3099 1916 54
784 2363 64
1817 2758 54
798 2508 54
961 3370 54
460 1603 36
336 1396 85
262 1127 97
615 1338 59
111 1201 87
3127 1552 69
3323 1874 59
2363 2413 77
2933 1096 35
2467 1911 67
2252 1144 71
2549 2589 54
769 2773 56
2950 2222 44
3321 615 98
1881 596 33
188 1183 96
2414 2164 45
1084 808 59
329 997 61
817 2286 29
1361 2199 71
2410 940 45
2946 2689 13
3362 2413 57
1843 785 60
2552 1251 10
2416 2701 62
890 213 56
2523 953 92
2953 1524 19
2253 2434 16
2797 1728 65
1766 535 53
980 2832 70
2530 118 73
174 167 27
2229 1305 53
2757 3156 99
2898 2221 20
2480 356 58
2056 3209 55
2684 1896 36
1948 1083 30
65 1914 29
1143 2738 67
550 1906 29
2197 2591 48
3300 1626 100
718 618 97
2739 2862 23
1846 2176 66
3040 883 58
2519 3008 77
23 638 77
790 3434 67
915 69 83
1546 3202 99
378 93 53
371 2577 66
3017 2416 88
2986 511 11
666 2277 72
1162 3442 61
83 2286 18
3379 1500 65
508 626 92
787 2056 79
482 344 50
1234 1169 25
1509 529 89
134 2483 41
3154 1186 98
2343 123 15
697 2153 100
1181 1928 78
820 1665 56
3398 1738 11
1076 2267 90
3422 2394 20
933 804 97
1908 765 72
1992 2664 74
3363 2322 34
2649 1054 36
80 2746 93
3145 127 58
389 2318 96
1983 3215 72
1647 558 61
1628 2485 16
2166 1499 38
2738 1261 81
2071 1608 99
129 191 68
1637 3351 98
115 2168 76
813 1740 81
702 278 40
3053 3298 11
2134 1860 98
1265 2028 24
1702 1026 24
1774 639 61
3247 2027 68
1124 2487 27
948 1946 12
1679 1551 62
1223 1112 99
2373 424 46
2275 969 62
2600 374 29
2453 3116 74
2522 2749 22
2653 2031 60
2316 2443 19
1705 1347 46
2329 487 10
1233 1159 11
2308 3208 54
142 2598 37
1210 1426 16
1480 1516 34
2904 2149 76
1639 208 75
1259 3108 21
1365 149 92
2241 1861 14
2851 1076 36
2826 1148 81
1699 2205 98
1171 2126 15
353 2945 47
3460 2656 38
65 2669 38
1742 44 35
475 664 32
1517 246 67
1404 1563 44
1258 922 44
3127 1771 66
3260 758 39
1616 2380 97
1056 870 82
365 2007 11
2007 2167 17
1470 1267 74
2500 1642 82
2785 840 70
2420 931 39
3406 2401 73
2286 2905 18
3202 339 75
531 3443 29
335 1251 43
1073 1301 16
497 1622 82
295 637 36
2402 2953 61
732 1391 61
1024 900 25
1850 2963 22
977 2086 43
353 2205 40
2931 1758 50
2391 1523 86
3242 2594 89
921 2041 79
64 2558 52
756 415 91
1542 3075 68
773 1401 91
387 1065 27
354 309 73
1347 2762 30
2071 1776 56
1159 3413 98
227 2978 25
1242 661 16
3046 129 91
1340 3072 54
1772 1689 40
2521 254 80
247 131 34
662 1164 99
752 120 17
1876 667 77
830 1468 39
3207 3284 49
854 502 49
2394 3296 52
3044 2374 44
2642 1925 17
2086 993 39
1570 2922 32
412 2755 91
34 704 30
506 386 79
1741 382 33
1554 1503 40
1247 2357 16
1641 2257 42
2770 1823 77
3068 1135 16
317 1005 28
753 1673 35
464 576 79
3040 3135 98
2181 794 42
795 37 96
1234 327 97
1642 448 100
999 415 36
2586 1307 74
1772 2222 79
1630 1824 95
2942 3273 24
2086 1507 45
790 3233 89
2010 238 15
3210 2509 37
3269 3059 23
2436 1306 80
2381 582 31
2008 562 47
1972 235 86
490 1808 25
218 2558 92
2316 2902 51
75 3259 95
1685 2315 20
2977 953 46
1184 2461 71
2182 473 33
2429 1248 29
251 780 30
878 93 67
64 1763 16
1018 3088 72
634 784 100
2043 2369 30
1535 2269 65
3051 2782 93
666 3241 33
1151 1991 69
3001 2243 44
2213 1576 50
584 1884 32
1567 1906 91
1752 2123 36
2483 3121 10
3160 1351 55
2152 3282 23
1335 3076 98
2734 2950 14
1947 2554 12
1613 801 53
2617 152 53
2196 259 48
2937 3433 58
1136 2338 79
3181 3020 73
3230 2802 99
3315 1481 32
2523 1888 77
3142 764 64
1378 87 61
1027 557 97
685 2595 99
1782 2464 68
3002 3131 69
813 1455 88
2929 1992 63
1149 2820 29
316 1754 77
2328 1078 83
3159 70 28
1623 2701 15
433 2215 87
2083 3398 30
2711 3354 40
632 1239 92
2880 1814 32
803 2586 62
2984 2416 15
3345 1099 93
3242 1560 12
1310 2679 77
3032 1658 98
1761 971 84
293 78 29
794 3312 24
1527 1664 65
1174 1488 48
1014 621 60
1494 535 98
738 3292 44
2994 218 14
3275 3065 77
2492 3292 15
2121 357 25
1218 2754 38
737 2933 93
2325 3451 46
3446 789 26
3120 1689 75
1117 2724 62
1091 1734 71
1675 1061 80
1235 741 56
3264 2357 86
3121 170 17
4 2198 42
392 3043 62
518 3095 60
2326 3377 86
510 1976 89
2154 1656 35
934 153 30
2729 441 67
2965 1810 60
1861 1625 26
134 3012 48
1582 1055 38
2967 2615 91
880 408 30
2243 284 10
1342 2294 35
2373 3271 76
850 2142 52
3207 2503 33
2419 875 97
1099 3433 100
1422 1495 30
2327 2759 21
1944 1669 100
1847 1436 28
3066 1573 35
2225 2722 56
1312 2800 54
1380 3208 68
1389 3396 87
2597 1040 21
3153 1740 48
3397 3318 76
1546 1504 96
1459 2063 72
2471 1646 77
2062 851 90
1202 687 57
219 1312 76
886 1387 29
2431 3008 35
1405 1820 31
1301 3300 38
1521 952 30
818 554 57
2780 2084 38
1751 2333 57
1704 3041 44
2292 2973 73
1775 331 92
2646 2609 94
1316 2472 42
373 1441 46
3176 600 19
2557 1287 63
2753 176 26
1176 1989 91
2623 2977 24
3015 1137 12
573 2516 56
1795 516 12
570 744 60
1120 3106 48
2028 1557 15
2822 1792 20
199 212 20
1974 1582 26
2602 1266 93
1786 485 77
1668 2652 84
936 2071 57
1526 2448 99
2492 1836 15
2523 2965 45
3229 1473 64
289 2860 99
1195 977 78
2657 3161 35
2393 3134 12
1063 1511 31
1930 3171 42
2250 93 75
3353 2708 28
807 2587 79
122 112 98
1437 1849 77
221 897 45
1176 942 99
280 2448 34
135 1814 68
1301 935 16
670 1896 83
738 1021 51
225 1973 56
191 119 96
1216 1040 18
2039 2811 12
1743 2784 91
1984 2570 82
793 2261 66
1192 436 57
3042 1044 24
2822 380 53
3006 2364 19
2740 150 87
1953 1245 74
1741 81 43
1069 1691 49
2716 2934 86
3212 2513 65
2794 1355 84
578 257 72
3285 2167 35
1683 2368 32
3099 2682 69
2335 2423 97
101 835 70
586 2196 40
1352 315 100
2748 2441 69
154 1649 64
2829 408 97
1178 2233 47
1334 3266 95
46 769 56
1915 51 52
3287 399 78
748 3188 12
2568 780 58
1368 1754 100
885 354 53
3180 1781 83
45 2017 19
2615 847 42
543 2091 82
1578 78 74
3053 541 32
2931 1055 23
3089 2487 58
839 667 60
608 2666 49
385 109 70
1443 2397 58
3017 2709 85
3227 1095 31
105 645 18
765 3260 65
3057 661 33
137 3315 24
196 335 39
1380 1401 67
2771 2110 24
2208 2992 98
2670 2386 90
2497 2010 76
684 1240 41
363 2998 62
999 260 25
194 2246 48
737 636 32
979 2473 58
547 204 20
1346 3062 91
2121 1748 22
1233 2498 19
1749 1643 73
2108 1874 55
2557 1069 30
179 3323 40
629 2546 22
630 3267 62
3461 3049 54
974 2820 56
3159 2649 56
1182 512 93
1892 241 87
1930 3126 44
300 562 55
2394 817 46
413 177 28
1511 2590 41
1198 1172 40
2255 2285 66
2784 1888 48
805 2277 58
2252 618 19
3054 593 99
2642 551 93
1080 3411 82
2432 2149 23
2988 2859 69
1503 2926 60
1466 3166 37
16 277 58
2406 1550 50
550 747 77
1537 2448 85
2269 2055 49
64 433 85
3284 833 23
3313 508 76
2211 1023 73
1335 278 21
2540 3069 32
3038 1211 26
93 3280 37
2757 2303 74
815 3250 97
3242 1601 21
3030 228 94
2718 260 39
1391 3227 68
1638 2378 47
3338 979 10
114 1901 31
2154 162 34
1045 2122 52
1507 2140 27
1752 3029 34
792 3242 68
311 1480 73
1221 2652 25
2887 357 44
3094 2401 26
1821 2361 66
2898 61 52
1559 2322 26
1418 2388 54
552 298 89
2426 2051 82
983 3002 75
1323 3419 43
1803 17 54
2701 2134 76
1212 3376 10
2805 2944 93
1067 3183 59
582 1701 81
1804 2512 98
402 3253 84
476 860 34
2661 1580 81
3276 777 31
3258 3225 46
308 1425 73
1674 3197 71
2729 539 74
967 1071 39
1833 539 48
1827 2134 87
1064 405 12
2956 1501 26
1602 1775 54
856 657 32
677 352 42
371 2109 53
1905 1049 70
91 1491 65
2868 1612 94
3383 709 58
295 3380 98
2739 2768 22
227 3371 64
2284 818 37
3053 285 13
1097 2478 25
40 1484 87
0 802 58
2884 1840 83
1499 1240 44
2606 2345 58
2865 53 59
310 2499 19
259 1230 59
1822 1545 19
1056 2649 62
1822 1100 54
1359 208 51
1920 1699 71
108 2577 30
1152 3229 41
1162 2672 11
1950 576 85
1921 1746 29
2786 3106 83
726 2984 33
1429 1893 17
1723 2371 45
3260 1919 82
2165 2393 45
2918 1977 63
2389 3393 89
1743 1083 58
736 604 36
2448 1122 57
1952 1109 43
1793 2602 39
419 848 60
942 1608 77
2333 2693 94
3006 767 43
2897 579 40
1368 1157 40
1307 2613 38
2372 1526 67
1942 955 26
1869 1663 87
304 1140 51
1273 2426 61
1292 1624 49
3009 2886 49
659 593 62
2691 1366 27
3069 2005 24
1247 1340 25
2032 1123 70
1531 1484 75
1617 2817 13
1284 98 29
1090 3072 51
494 771 71
134 702 73
2691 617 95
1090 578 55
1864 2943 24
1633 3067 47
1082 2946 38
2816 580 16
1361 2260 80
405 1439 87
1508 669 65
770 1169 57
780 3035 54
3460 1553 32
2273 1808 11
404 963 79
1084 2036 78
2248 1693 45
2918 2144 75
2538 1504 40
926 130 53
3284 2291 79
445 407 49
501 2602 50
2548 2818 72
1 3099 79
1868 2920 59
1447 732 35
2355 2532 100
228 219 54
423 2201 38
3324 2534 49
1029 2517 83
1308 1849 76
1322 1898 45
77 772 24
2455 2948 18
3333 1817 82
2418 340 17
576 1718 89
2422 2587 31
1257 958 74
2075 3169 46
1944 312 36
2871 2742 90
458 2216 94
2643 355 18
1897 1668 29
3336 1110 31
67 2486 60
1859 1847 53
2096 1062 68
488 1034 34
473 847 13
2380 2736 37
894 210 94
666 1886 89
2146 211 91
1657 1410 98
840 3294 92
2843 2579 70
2209 1024 43
2329 553 89
262 1880 82
547 2707 37
73 1698 67
1222 3197 43
2429 2256 28
839 547 35
845 485 94
3029 2652 71
3174 2880 31
2296 1438 48
615 2745 60
1524 3125 49
1694 987 21
3229 1692 96
15 788 41
1632 87 34
2851 1885 39
765 1300 11
1039 249 22
1901 379 85
2343 1894 90
457 2974 25
1346 409 21
3166 3186 33
1477 238 41
999 24 90
1399 2444 21
1687 2491 27
3396 949 79
1368 243 61
3449 1404 17
997 746 55
2303 2237 84
511 1432 56
387 1064 20
1842 889 63
2228 724 80
1043 231 90
924 1285 38
971 3357 50
2489 210 64
955 2590 85
3458 527 55
419 876 78
868 801 63
2669 1201 97
1743 2615 95
2118 2092 91
3160 146 33
1289 1162 14
2888 2823 19
1661 1997 32
301 1552 81
428 1518 57
2442 1391 32
3344 3147 63
1189 755 91
627 3304 51
659 2180 26
2177 808 18
3309 1311 92
2770 3256 85
122 1013 11
1626 3355 57
935 2798 87
865 3239 47
2486 1690 50
2798 2995 29
3127 210 33
1782 2335 87
2621 2556 93
2893 2851 26
2500 2065 13
1045 2045 72
2000 3447 42
3055 2329 68
282 1464 41
718 1145 28
3359 1799 39
3098 2449 26
1295 968 30
2975 667 37
836 1478 88
3454 2826 73
2681 2793 59
372 916 32
2416 3421 53
2658 2564 57
752 2567 65
1940 1476 88
762 104 46
1385 2854 18
1497 941 26
1983 3457 44
1463 795 28
1409 2436 65
35 2985 92
605 950 99
769 491 67
389 3403 30
3156 3419 19
1308 3139 79
26 2111 89
434 1111 23
271 2180 82
2174 2989 80
1556 1744 62
2913 1869 89
3173 1574 80
259 1134 78
1142 1332 11
130 989 26
1164 2546 79
1346 1970 67
3359 2421 50
1322 3311 83
2404 1904 52
1930 3240 45
3024 2571 45
2199 1445 21
109 1853 80
1078 2688 97
2531 3374 96
3336 367 89
2170 1409 28
226 1259 59
2638 2544 20
2354 1993 100
332 997 66
2821 594 38
2440 3334 97
3292 2124 99
187 2309 25
1156 2345 50
3135 2717 73
2535 567 14
1609 1674 72
37 35 23
1254 1979 40
1925 218 71
270 2853 72
2907 2411 21
1161 3278 56
3268 3404 77
1755 622 26
1637 393 99
2246 2891 58
1816 1103 42
1504 2270 26
2715 1311 14
3142 2439 86
1627 3089 99
296 956 39
1742 18 37
222 1050 87
2851 1214 65
3160 3225 31
3339 455 30
2744 2643 39
1673 860 55
2308 1363 76
2945 2131 77
2372 3045 62
967 689 87
279 3188 58
3073 663 62
1299 3048 25
982 478 63
1081 1927 61
2460 3088 88
3113 1753 25
884 3360 58
2177 805 53
2310 201 17
944 1542 83
855 2780 32
900 3269 82
1870 474 23
1173 3331 96
2595 2971 59
883 2758 91
1749 1171 50
2339 62 76
2945 72 81
2023 312 88
2964 2331 30
1773 1531 79
2919 1572 96
1126 1658 92
1902 3019 28
2538 2704 91
1209 2191 85
190 3301 63
76 639 90
655 2487 94
2879 1311 47
2989 276 88
2552 9 29
1176 435 35
523 74 70
1045 2583 42
1088 1924 89
495 2386 78
2031 1890 80
2580 1087 15
1955 1892 80
383 664 40
397 1192 99
3459 1574 46
2662 457 50
1045 58 13
461 128 16
673 1693 77
1221 2765 91
250 1700 63
3428 620 86
1601 2616 97
692 2145 24
346 1800 31
1581 2898 91
1211 2412 27
285 787 27
2571 1980 97
3232 3200 78
3324 1834 44
1032 281 93
1892 2571 15
868 805 21
2673 654 37
938 3211 33
3387 722 31
3120 1291 45
3259 3173 86
1966 3425 65
1272 471 96
1827 1674 16
1033 821 20
157 466 54
831 1990 66
1012 1497 31
1384 1997 22
3149 3139 85
3310 1613 90
477 3411 40
905 1624 58
2350 1798 74
866 2476 70
1013 365 44
1469 1751 34
2006 2186 66
2095 2387 82
2647 2211 73
324 2993 66
1945 742 57
1094 1770 16
468 3011 80
3068 2021 52
1457 711 50
2797 1172 61
445 1404 100
367 1715 51
3019 720 92
2464 2993 61
1968 497 45
258 2650 67
671 307 32
2952 495 72
3257 1328 12
2729 388 63
1729 875 14
1542 1450 69
3283 1701 87
1160 1071 41
3302 2377 92
3361 3096 25
298 1764 29
682 808 56
3207 2014 34
1528 3105 10
3422 121 70
2212 2686 50
3090 2325 72
1338 1022 12
2709 626 57
100 1990 89
3420 877 35
2908 2571 14
2832 3021 35
3264 2960 22
1499 1434 29
1077 819 37
1940 28 12
1374 394 72
2480 1414 69
3248 1356 90
2925 1458 14
619 2829 81
1606 373 67
3105 3327 40
719 1967 66
3123 784 54
1878 1951 79
1623 2750 20
894 1474 24
928 2601 52
2314 1575 36
2494 780 63
816 3372 70
246 2522 99
2609 2792 32
2987 2170 12
2143 2656 50
1516 323 71
1903 2944 47
3445 2999 84
678 208 67
2875 311 82
1539 3264 17
870 1527 99
1127 998 56
982 244 57
3296 688 19
253 1897 59
1233 1379 10
2216 627 80
1726 2238 97
1295 1415 26
1043 2286 38
1352 1523 34
1611 976 15
2421 2635 62
3201 2571 80
2199 451 65
3127 1282 90
49 1923 95
2891 3034 12
1277 1429 86
53 1913 94
2300 906 63
2404 2989 28
3425 1576 30
924 326 52
1576 1819 43
195 2104 68
13 138 43
1301 1709 97
1900 585 27
75 1904 26
547 1350 93
1685 3385 10
644 1236 12
1354 3077 74
864 2044 99
2785 1453 81
1135 19 91
2644 1545 59
513 1941 72
1262 1769 15
934 1000 72
515 2911 80
1530 2562 60
1735 774 73
3110 2898 54
3068 2527 37
1849 307 60
284 455 22
754 1863 29
3097 520 84
3079 3354 59
2670 1788 74
318 2699 31
3113 3056 34
2207 2490 49
1325 769 14
1443 3153 100
418 705 10
2956 2379 35
392 1868 89
3233 1143 58
2103 2761 75
1849 1070 95
2207 3107 71
947 2844 91
1757 1074 45
2795 1609 62
2276 2902 14
3392 1789 35
650 202 20
1586 1291 41
1079 1539 19
2676 1598 90
2565 3265 97
1698 649 16
1496 831 79
3260 2072 36
2033 2479 88
1742 1196 36
2194 1687 32
2664 3410 34
498 942 74
2792 371 36
2280 908 94
2288 2250 31
330 2417 86
1647 2324 64
1311 3390 78
1232 1322 86
2414 2887 90
3390 2533 15
2326 1563 28
498 81 11
414 3022 93
869 825 27
2237 2937 85
3201 1983 23
2093 3183 35
2698 1481 23
1325 2150 84
2567 314 59
2168 55 96
2110 1267 78
1305 359 45
2736 1357 43
983 929 52
2406 3301 20
662 1334 49
231 2199 20
2499 3124 58
1824 3 40
2188 2950 15
2584 2330 42
3424 3051 72
756 1532 19
1909 2611 68
2360 2493 85
177 1463 21
2092 1144 62
121 3055 20
3160 3215 24
388 3216 94
2122 1502 48
1223 2868 46
1545 58 25
129 1832 83
1283 3183 36
2972 1349 48
2921 1895 44
2392 2731 97
2149 1916 56
3334 2503 68
640 1125 98
1937 2989 92
3385 681 78
2759 1341 41
283 891 49
2862 123 20
1362 502 94
3294 2801 78
1263 1119 99
117 2892 83
1133 1567 84
2499 2800 84
782 3089 65
2183 857 35
482 2106 88
2967 3092 46
2690 1503 71
794 2865 81
1832 2516 73
162 956 43
2867 853 14
1612 1453 81
246 1326 66
1397 1861 36
1796 1697 75
617 1236 64
1746 327 28
3360 218 71
1568 2556 99
1339 2182 35
384 196 30
2031 847 67
799 2074 43
2513 3279 66
1077 1615 44
1133 2999 99
498 1923 13
1162 2414 29
1677 723 55
898 150 36
3452 1009 38
2155 2512 81
2673 1704 88
2088 1104 16
1972 1600 89
653 165 71
3039 576 25
925 2952 93
2720 438 12
2399 1610 90
198 102 98
1682 1472 27
2678 410 31
1662 2094 79
3368 2394 13
1733 1294 62
3305 608 94
2228 953 75
2239 423 37
3103 433 70
3029 1221 57
3318 2189 44
1041 2910 20
2574 3319 56
1181 1436 46
2792 1739 80
2126 729 91
983 1879 43
1126 1846 20
27 2998 90
2716 235 87
1677 2910 94
1133 3079 92
1357 1833 27
1630 3338 78
3083 2257 87
2682 2505 89
2325 909 91
1666 91 18
3378 3059 43
3184 1778 28
1777 2215 32
1040 3177 31
3434 1128 88
3049 1019 15
2336 642 57
547 2507 36
103 1995 38
2130 623 38
2759 283 71
1278 409 47
1369 898 65
2572 2588 91
1439 3187 37
2874 2520 80
1762 1087 51
2393 1813 16
3455 3077 62
809 2368 21
1579 1485 86
1526 2324 58
584 2019 86
749 1760 100
2690 2280 75
1287 1494 96
2444 2806 80
1696 1435 73
979 1460 46
2736 1958 17
2228 2895 35
1920 3085 67
2066 2811 92
2002 101 22
690 2169 15
198 2521 54
1624 2062 65
2703 2959 88
1494 949 40
1527 3188 60
427 2160 37
2650 2198 92
999 455 10
811 1789 48
1222 2992 72
2548 551 12
1091 590 78
753 946 37
573 1654 80
2471 2135 19
3008 164 100
3191 201 23
1255 1441 98
1559 2710 22
3425 3292 81
1491 319 75
1486 378 98
2178 3126 37
1938 974 100
2203 3351 24
3111 1043 67
1109 195 47
2686 2437 98
505 2607 20
2346 1765 36
297 2811 47
312 677 53
1639 1642 45
1062 2003 58
754 2850 70
629 1106 86
2529 2414 51
1701 2763 41
1639 2545 69
1679 2145 10
2272 1419 77
2837 91 44
1392 3060 81
2322 768 97
1621 2057 16
1755 964 70
841 2647 49
1229 1640 34
2488 3312 91
2030 1304 31
2202 434 88
1442 1943 87
599 3129 64
396 50 48
2353 1812 60
1017 568 85
956 2839 25
1462 1480 66
2171 952 18
2213 571 37
3199 2898 51
558 3378 61
2886 2575 12
1074 2334 44
2289 473 93
2094 681 24
2903 3202 85
2382 1897 23
2544 803 72
341 3429 46
2176 3094 50
1261 2560 32
2524 2650 92
2736 2425 23
561 425 76
3124 2337 78
2429 258 88
2252 631 21
1569 856 50
2716 3450 90
2391 1250 87
3460 1349 22
42 2023 78
881 581 54
2757 3130 39
2412 3357 53
288 1375 79
2841 2831 30
762 2017 60
2015 3258 41
1128 1428 33
595 2741 87
450 2902 41
2107 2208 76
343 1657 88
2093 1675 61
2929 3300 83
1174 3381 100
1641 3087 72
1849 2855 47
1558 853 48
894 2390 29
1060 138 24
1662 1826 35
1020 1169 10
986 2698 72
2086 1541 59
2943 3147 86
3223 1590 21
830 3192 34
640 1058 48
449 277 10
1272 648 32
2960 2574 80
3108 3449 96
147 961 73
3089 3155 29
27 2206 37
2913 799 83
1225 59 52
1076 2866 36
510 1192 39
2935 549 75
1775 1651 15
2693 668 77
3313 2355 61
2069 2090 77
242 2613 43
63 1957 25
1837 530 56
337 2715 78
3322 959 39
230 2467 52
2704 1904 29
2589 2994 98
2235 1016 78
1510 1298 33
2868 2142 45
2708 3330 65
2576 994 88
525 3428 78
3420 1132 87
372 107 34
3454 1897 79
1245 365 39
1793 2092 48
2075 2311 91
575 3397 33
1238 2965 39
2091 883 26
2552 1341 11
2690 2434 58
3007 1822 32
3204 2132 53
911 2099 97
755 3365 89
741 1949 33
695 3216 51
2476 2581 23
2793 863 71
1379 2139 62
3255 1416 34
2674 1975 96
3257 2317 67
3288 484 81
563 2332 54
2826 2890 13
1496 2989 20
1448 357 89
1691 3173 33
1140 1966 49
1542 844 93
1589 58 37
1832 2493 31
364 2763 61
1469 3182 41
341 1135 31
1813 2298 71
599 1554 58
1356 445 12
1871 1002 79
842 152 41
1989 1318 59
1195 1503 17
1762 1511 66
525 2816 88
678 382 98
1345 231 86
2633 55 53
814 1917 32
483 1374 76
607 3420 88
2580 612 57
2511 3111 15
1833 43 52
3302 1753 43
2597 2145 66
279 2973 43
1244 3272 79
3218 682 79
2349 2474 44
1658 1152 15
1759 2833 22
508 927 27
2641 1370 98
1100 781 23
2732 2921 20
2876 707 87
448 326 60
1531 2027 36
3031 1186 95
1620 2691 79
1398 2717 23
326 418 35
1313 2455 96
2982 2192 81
941 754 24
3179 2793 50
1045 1574 62
1906 1327 90
19 3187 59
2168 688 65
3046 218 16
1789 2513 20
205 1644 31
1568 2420 58
2099 2367 68
3400 1747 86
1586 693 74
1478 3235 60
1301 397 33
2282 1832 86
496 1179 50
3407 3057 51
1136 2151 33
1910 487 25
2867 555 59
2318 3239 94
2539 1898 28
3137 1243 73
521 2306 39
3119 2344 84
2862 409 24
1378 2127 45
69 2507 49
847 2373 35
3168 2317 23
2510 429 42
3174 999 55
2748 1572 73
34 2213 73
1554 2091 42
3367 2302 17
2577 3382 36
1654 572 16
61 1758 80
1306 202 82
1565 1888 54
2423 743 54
424 1315 55
461 3102 25
3408 1338 30
621 397 61
552 168 14
606 1831 52
2783 399 33
2734 795 85
2773 3423 34
2422 350 63
2944 1543 34
873 3428 24
1528 675 19
1240 3248 91
1005 3260 46
79 1321 44
2417 2831 85
3453 3240 99
3416 2037 31
699 3350 59
2 745 81
1260 548 85
646 2588 28
1983 2952 18
767 507 49
784 588 45
566 1639 15
1659 2955 23
1724 1830 94
2041 1334 93
797 3445 90
724 856 30
2227 3179 19
844 2389 79
2790 2873 96
532 2497 92
2661 1367 16
3206 3019 20
1459 1063 79
152 1913 17
2910 2616 100
2152 118 82
58 1145 10
1112 1289 21
2201 2274 90
2717 2793 11
1454 1968 89
1656 2254 17
3141 627 56
2123 1885 79
813 1317 81
1799 1957 67
1810 238 33
1040 2899 25
1370 229 91
17 1233 100
1381 2530 61
1383 1070 11
885 103 93
497 114 72
3207 842 56
3221 2574 14
504 288 10
2407 2300 10
2667 683 39
2216 2769 99
2840 784 80
884 1100 51
3458 2404 69
849 781 55
2675 1845 35
3409 2781 79
2863 120 12
1330 2818 33
1127 842 64
3014 2051 93
3240 1931 65
1109 3134 43
2097 890 90
190 1193 99
2610 3223 94
452 3359 20
2196 2864 27
2284 2820 97
2669 2139 74
1058 2639 94
2290 1517 81
2029 1324 31
705 64 43
683 1739 94
460 850 53
554 2176 97
2399 3281 59
3148 995 52
1797 2268 45
3029 660 58
156 3056 93
2778 2516 89
770 2563 52
665 1342 47
209 1278 22
2697 691 43
2522 2740 98
1456 909 29
2796 1812 50
1133 2422 93
1387 1555 52
2357 3251 75
1048 1199 91
638 2799 50
1010 1390 69
1577 1968 19
2408 3217 63
2258 1339 96
2499 3134 49
571 283 74
2998 793 83
1944 2330 83
1821 1717 24
1572 1275 74
1613 2380 44
1558 1602 72
2435 764 34
2376 1250 35
1674 1377 11
2873 53 32
867 1249 17
576 1221 83
842 3049 68
1210 1817 75
3353 311 24
1207 578 93
2241 670 19
5 1699 65
376 1023 40
899 2889 20
2091 318 82
1385 461 41
16 3276 63
3121 2350 18
2654 1010 22
2729 2791 58
2236 3388 71
2716 75 94
113 962 32
1139 2730 91
1966 2781 67
236 288 85
1157 2151 60
421 1328 86
378 3110 70
2653 2996 56
3053 1420 55
2946 2715 32
1550 2781 100
2371 1762 19
3150 387 78
1738 2870 10
2166 1555 95
1495 2818 53
710 1830 46
2559 2245 59
332 3445 87
47 3386 88
577 1593 14
2241 2561 87
2870 246 41
383 2488 19
480 1642 93
1455 2874 96
823 493 53
2612 646 77
2992 3138 49
2775 2969 68
2960 884 60
2534 272 60
942 349 19
2366 2794 14
1342 1121 83
3281 1411 71
269 1253 53
1353 152 51
1251 387 68
2995 1710 43
2636 923 10
972 2939 41
937 2734 95
1587 1637 19
2434 2455 52
565 2126 93
1169 2937 30
2830 804 96
2357 42 29
1361 348 11
3245 2875 52
3232 476 12
1789 2367 53
1985 2226 74
854 3359 51
504 2742 49
596 3275 12
465 3137 82
1965 2863 28
2550 2923 95
1123 1152 47
506 689 73
1797 2008 95
2118 3276 85
358 504 90
862 1919 49
749 2875 21
1540 1171 77
1689 1571 69
2726 2026 10
1245 1562 80
2073 2711 60
2000 2959 98
825 1999 92
678 1027 83
802 1702 72
556 2790 91
2933 532 67
1830 1320 64
1722 2709 79
1012 542 12
2657 1849 69
279 999 81
2338 3058 16
1940 3441 43
2101 3196 49
908 2427 20
2757 3243 65
1669 583 27
1957 1668 98
454 3304 61
1609 3242 75
1477 158 45
1836 3341 20
3310 1541 61
671 723 69
1741 3378 64
2716 1176 79
2349 768 40
2209 540 90
1056 3164 80
2141 1568 63
263 2669 46
3090 1627 27
1036 1157 24
1521 133 14
1476 3460 11
1352 1861 39
1702 1267 87
584 790 85
452 484 93
1201 1720 48
1355 96 89
2202 2565 32
1770 868 79
2078 2304 68
229 973 84
1544 2219 38
272 1655 29
588 723 88
860 1643 84
3007 2716 22
429 164 60
2085 1823 55
3253 1227 100
2717 1307 68
2370 616 34
2933 2831 69
978 3123 29
3204 3310 69
398 1986 92
1599 2849 20
2446 2271 52
183 3096 82
2540 2014 39
1219 1224 54
2668 2608 43
3392 3120 53
3185 2176 41
65 541 60
560 1387 51
1913 1910 14
1083 1721 61
1222 3245 67
1120 1981 72
2122 1030 26
1302 1736 72
1958 2141 14
894 526 73
2481 1256 93
2185 1677 74
3332 974 26
1875 1993 40
481 1359 37
3174 1591 57
1922 708 36
248 2217 83
2992 695 43
1975 3127 53
1649 2794 85
2076 3047 49
1000 1894 78
1038 1071 90
3258 1801 94
3075 955 53
774 3149 98
2349 960 28
2281 220 72
592 906 52
3 141 20
979 2737 93
2331 804 81
1355 277 80
2051 631 85
3375 670 74
2592 1926 73
155 2835 28
3074 1935 13
770 3108 12
1119 1113 70
6 1918 96
3448 3035 52
1925 3442 93
2650 3102 21
1234 2881 36
227 3243 63
27 2773 65
1292 75 65
1713 625 66
2686 1060 62
2832 1760 100
793 700 25
1134 1078 78
1632 1451 90
2808 2442 37
765 385 45
1309 1655 21
1768 318 67
1589 552 26
2585 1194 73
2372 105 11
2311 810 57
2500 3327 17
1737 3004 14
92 2545 61
490 1655 62
2067 1216 67
3346 1939 32
1084 2720 42
1266 357 57
1386 1050 78
353 819 41
1494 1600 48
2274 2944 17
2999 3080 43
1977 3201 84
3298 965 88
3142 2682 58
3305 2475 27
878 17 85
1908 2597 95
885 3460 27
3450 742 61
2152 2262 92
2358 355 51
871 1505 60
400 1616 23
3303 2162 19
2481 2409 72
2010 881 68
1903 985 68
1951 1032 46
1886 2777 67
665 3204 94
2256 1486 46
2203 794 44
2952 1379 34
550 251 25
1771 946 97
3107 869 73
516 1260 76
1372 2518 96
2958 1492 47
2351 918 60
1031 3405 72
929 3158 40
858 1177 97
2476 358 56
689 3047 11
1821 3318 34
204 544 60
1302 2696 100
2126 3394 49
2157 3332 22
3318 942 97
3089 1785 63
1560 3340 53
2946 2216 34
475 907 98
364 3300 58
983 2799 44
1810 108 36
981 1666 24
3420 458 42
1847 814 96
2463 1886 50
1948 1154 88
2224 2475 13
841 2974 92
711 483 71
2128 1884 12
764 2876 65
2720 983 38
973 1667 32
570 273 95
3347 681 43
1033 1094 57
1365 2759 89
3269 719 72
1368 2897 26
651 1155 79
541 3061 42
389 2551 51
745 2643 75
1908 983 35
597 1426 55
421 1213 15
225 1377 39
980 606 79
1968 1799 42
2454 2141 75
1125 1992 43
3305 1782 86
105 193 62
30 2243 66
860 734 11
813 3033 19
2897 1496 22
1610 2511 29
2422 453 97
1864 3194 63
3272 1935 35
3030 1588 18
134 1208 68
3370 199 40
564 1023 15
3378 1376 36
1043 3391 50
147 2737 77
1415 3 61
1032 3426 48
284 1608 83
3082 1941 94
526 2095 95
1515 2641 65
1212 1373 70
2760 2291 59
2301 2166 10
3098 1033 86
3290 2443 72
2563 129 79
478 3400 95
2054 104 91
1555 393 28
1954 459 68
1645 1404 40
2441 3226 37
136 2130 53
2587 1327 42
2494 2971 67
36 2532 90
1310 2244 50
3368 1363 60
2754 2999 29
1560 2888 43
722 3129 49
1674 6 82
526 2508 68
2340 179 51
3147 1044 41
304 3242 30
2611 1439 92
2050 828 76
1759 2794 11
2445 1709 93
1048 1872 71
3288 646 84
1587 349 17
2703 2575 38
1357 777 51
2777 1212 81
3249 2254 78
2827 2077 30
874 489 47
3206 889 77
944 3177 28
3317 633 82
1376 3169 72
559 1071 47
2642 2677 22
477 324 96
159 100 61
2952 111 47
232 2512 12
412 2506 89
3171 3397 98
1199 228 23
2519 3281 57
3186 1838 53
3023 1867 62
2902 2440 36
1563 3447 29
3106 3036 25
6 2211 99
1886 2528 88
24 3063 71
2074 1196 68
1004 191 39
1482 146 91
647 655 71
2174 1454 86
328 2129 57
3027 2431 72
3253 1462 48
2556 3128 44
352 982 84
3090 17 36
3296 1399 36
1043 370 99
1795 1899 96
3255 2917 16
1049 300 61
981 3018 31
274 629 53
2097 500 48
272 802 71
170 2469 42
2067 1198 62
3243 1688 51
946 41 37
1106 3281 65
3189 357 31
563 2674 46
2449 435 11
2290 2746 17
2399 1497 100
1959 2507 86
188 3157 11
729 598 70
1610 190 68
204 1710 85
415 1506 24
2626 2443 85
1715 3252 71
2263 2427 90
1553 2262 71
2931 2978 86
1850 902 93
283 1602 21
49 1437 14
3102 489 100
1293 1915 48
2417 1741 46
315 403 43
2130 933 13
3229 7 14
1297 2259 41
1406 1109 16
2356 2889 12
2982 2758 57
1687 2351 33
458 2713 32
2205 2457 12
2971 2622 53
2215 2307 43
421 1529 18
3327 2764 34
2391 940 88
2594 84 43
270 748 78
2639 744 10
1941 1585 78
1522 876 35
2443 700 100
625 817 84
2500 344 35
613 1110 74
2043 3071 95
1614 1580 62
679 226 36
2415 1332 73
2147 3038 84
2907 3307 79
612 2635 12
2180 590 56
1860 2039 75
1160 1466 19
1786 2475 59
597 1251 21
3143 2055 14
1600 1986 48
3343 920 10
1564 2871 70
1990 1517 68
945 2842 87
124 269 40
874 2067 34
2725 198 63
2303 744 43
1789 3460 95
1878 457 18
3207 778 74
2830 3116 74
912 1353 46
354 1938 43
2577 1125 94
307 717 67
2083 283 15
1267 1870 82
3307 2915 75
2413 3036 23
556 141 60
382 3148 17
2941 1676 13
81 3117 64
1352 2037 73
2925 1848 55
1021 61 80
1993 1041 27
2703 2001 94
1570 2257 17
644 1356 12
858 2650 94
3285 2908 80
803 1037 76
263 2557 12
3282 1548 14
737 1209 13
3274 991 77
1153 3300 43
445 631 34
128 1991 79
237 3256 98
2098 2021 10
2294 2319 29
2637 1323 60
3458 275 85
995 748 25
1725 240 69
1621 2246 15
2786 1780 38
870 2740 98
3249 1429 58
3028 231 88
3095 1462 28
3432 2035 66
52 1089 50
2830 1617 77
3021 2455 45
3373 2201 45
3433 944 30
114 462 34
1271 749 88
3223 978 66
3334 1388 50
2154 232 58
875 248 51
2105 2797 38
3413 1847 63
1568 2719 46
2336 2838 26
271 2442 71
3332 842 48
2470 2630 79
2894 2120 10
1633 1053 27
1026 475 79
107 1263 77
2908 1685 78
3383 1772 24
1211 2019 56
2759 2434 67
3222 2069 53
3155 432 84
1882 1289 44
2350 1301 70
3450 2402 88
3114 1572 79
2699 2973 28
1666 2678 76
917 169 93
2385 2560 100
445 1122 35
1266 1985 93
2171 1854 15
3050 1658 74
1896 3094 77
3097 2279 73
2600 1670 32
531 1451 97
110 3242 100
383 604 11
476 1708 75
2056 1999 44
2652 1788 59
849 3091 13
52 2148 36
2793 1861 98
1870 1519 47
2774 1910 72
3244 1026 59
733 3289 78
3391 2464 11
79 1807 52
1550 3318 27
1059 3391 15
4 3264 25
3228 638 79
3376 2674 100
2796 1781 13
1573 672 77
2264 2812 94
3295 436 84
3064 2189 52
763 603 58
2006 3407 94
3368 686 22
706 391 47
1099 2822 96
2752 1529 75
1601 2627 73
2881 2731 93
337 3223 22
1203 1224 37
2166 1467 58
2260 2330 62
1788 2793 42
2403 2698 82
70 1206 12
1097 315 26
1178 1886 10
481 565 56
941 1042 62
3175 258 45
2809 434 13
1063 565 93
2669 2025 85
3035 620 58
1138 1207 19
2766 1990 32
1846 532 61
1889 2823 51
1441 3131 13
167 1169 17
3136 3318 21
589 520 23
2951 3004 34
200 858 41
1737 861 30
842 235 56
619 2753 56
1563 436 30
938 1318 28
1735 60 83
3165 677 15
2259 1247 13
2958 2410 17
2916 2726 71
305 1602 28
142 3299 80
401 3246 55
3076 959 30
1525 2924 16
428 663 59
963 2183 87
1951 1170 26
2458 149 23
2702 682 22
1117 600 54
3293 2717 34
696 3022 57
1906 382 18
2307 552 22
3349 178 63
979 601 96
1836 1318 94
623 2538 89
3057 2711 10
2472 3407 10
3038 2418 23
3204 1178 67
512 2600 93
3374 362 85
637 3402 69
455 3010 66
1308 968 43
1684 438 46
2223 1276 66
1562 378 96
1076 229 93
324 2635 71
2232 470 65
711 525 31
616 1597 28
3443 821 61
2376 1942 51
2374 1723 53
1573 118 31
2051 1944 36
1692 972 36
1253 1994 87
511 2284 86
3176 3076 87
843 3011 90
80 1196 96
805 1581 40
1558 873 27
2155 2993 32
601 3250 94
710 2323 90
2784 2840 84
146 3231 37
2257 2013 83
2983 1455 82
2229 2248 40
2650 602 38
434 243 33
642 273 32
2878 881 97
3149 914 51
1174 998 46
901 974 18
949 129 44
7 1130 70
783 2980 52
2040 251 61
3360 2421 61
2872 1409 53
544 2843 54
26 3 25
991 1687 51
3373 1060 83
846 158 10
1900 83 31
930 2600 44
700 1451 76
145 1564 82
43 407 96
2696 2484 48
2692 1382 19
1809 3041 45
2922 257 56
2659 1661 58
688 2768 76
1742 2517 88
3456 1002 84
461 1666 72
2883 410 43
3011 2844 92
1111 3334 37
2456 3296 18
2250 1008 18
1694 223 46
2567 566 100
3029 2612 93
570 1716 83
2220 1171 71
3024 1498 99
1552 2120 19
2204 1741 40
1401 1695 55
2518 2698 72
3250 1833 71
1522 2502 31
2051 146 12
1441 1658 68
3151 3424 76
440 2875 63
2067 1032 10
1327 3234 67
1656 2971 94
2254 1845 96
3343 290 35
1490 2607 15
2078 1076 30
2390 973 78
2050 3403 54
1143 2514 21
2737 328 63
1632 1330 15
1635 826 37
3014 608 53
2732 2281 68
1737 2343 18
2681 1638 47
3271 2520 17
397 1845 95
2159 3314 45
725 1331 42
2575 468 90
156 3256 31
419 1192 27
928 3183 18
2470 2169 35
1741 1728 87
1179 1510 35
3251 1884 97
1629 1374 29
3062 245 11
459 1784 96
1450 2074 72
2509 2173 34
1793 1366 78
3095 2939 24
1310 3425 49
3252 2436 96
227 733 92
11 2238 89
2455 102 16
2849 72 99
1194 979 77
2845 2423 63
1490 43 92
1994 2515 75
2934 1948 73
1154 2271 98
955 1207 14
2030 393 61
3077 3293 84
1350 2784 86
2213 1479 25
3274 831 34
1384 3035 68
1399 2771 41
3247 1177 22
3398 377 90
2265 2718 48
2784 2761 24
1113 158 72
3330 2569 74
2252 2908 21
125 3376 91
942 3068 86
2938 1231 70
957 533 42
1825 2796 31
3283 889 58
1281 608 42
3414 1124 95
1479 1722 14
980 825 25
2866 1002 87
692 2263 77
3411 2133 33
255 3282 80
2072 1102 72
1105 464 22
3444 201 25
376 2738 76
1272 2021 84
2679 1191 56
2604 200 28
2675 1567 10
890 3241 20
2868 2185 45
1972 1029 91
2932 3008 45
1687 3053 97
2844 2594 86
807 1157 13
2792 2358 45
2491 1015 82
2211 233 95
1567 554 19
701 939 89
1472 2441 59
1758 2175 60
449 82 63
2805 2104 80
981 2744 71
554 767 29
531 3153 17
3246 2559 28
541 2855 36
1953 139 85
1709 1578 60
1545 625 100
527 805 39
3053 546 35
40 1035 52
1697 349 55
3303 2735 87
3090 3036 20
661 1048 22
2839 991 44
1394 2814 83
1281 504 96
327 1819 14
1587 665 99
165 2348 98
3113 1399 17
1388 2995 48
34 1304 56
2298 1040 74
1648 3212 97
2788 1577 42
3455 2677 94
1198 588 57
180 1664 20
2822 2712 35
2557 1502 36
769 10 42
659 73 97
1874 1819 17
712 2917 62
922 1132 17
2236 1678 97
1137 1859 12
1405 1772 19
1516 1535 71
1358 2705 66
2014 2772 25
2872 2186 24
1385 3128 69
2152 259 32
1611 409 85
3028 2726 37
1388 619 26
729 407 95
1437 1781 99
2070 406 15
1760 1803 17
845 1894 98
65 3101 84
2752 2731 45
2456 2032 37
2988 1307 90
1501 2966 89
3065 3264 88
1336 888 95
501 1951 26
2818 278 33
2777 1147 93
2415 2605 11
1255 1864 97
1700 3346 18
2755 2086 70
1298 734 78
1650 1999 49
2749 496 45
402 1170 96
2682 242 50
1513 804 73
2208 2573 48
3084 2973 93
2908 3217 70
265 721 23
2547 1700 27
61 1653 48
2408 1424 47
2176 2995 60
1253 2091 71
2072 1952 39
333 3244 76
1932 910 72
1043 383 27
2191 358 69
1611 1436 78
281 1024 44
1706 81 40
3121 2637 39
324 1114 72
361 2488 39
2921 215 27
402 555 97
52 1404 90
1348 1565 92
240 2495 42
2071 979 40
1495 1464 86
3190 1858 71
1386 497 14
1032 3130 40
561 45 51
1836 1329 23
1019 1394 13
1798 2126 21
3326 1193 95
1511 329 58
2680 2125 39
1727 3458 19
1789 51 70
1655 456 39
2811 2286 44
1979 615 29
72 1382 88
479 598 83
2310 2798 71
926 725 83
1422 2042 13
525 82 35
3009 2381 12
1431 1031 90
796 572 75
2136 2178 78
1596 259 25
1340 118 65
2175 2077 51
3017 1874 22
3277 913 38
2013 1727 63
2373 1529 26
2555 3226 77
2654 1235 97
3188 1977 12
556 479 73
3061 2546 92
532 2999 71
1834 426 44
2283 1891 55
2338 2628 73
3319 2434 42
303 2910 97
1661 588 10
824 1353 65
3185 2669 72
1268 1465 71
758 1058 58
3231 2055 28
3100 491 29
1726 508 36
978 3302 50
1718 2888 34
1187 1537 30
2677 1616 10
2809 1514 82
1792 3443 59
2573 2146 88
1073 1859 25
3019 2778 81
863 235 19
2037 3215 23
2771 1214 39
2984 2364 16
1687 2980 19
1552 2248 61
1509 251 69
2879 1372 46
3138 1871 59
1717 300 77
948 1577 53
1371 1862 76
1467 1883 36
2397 1567 54
2307 785 92
144 2001 16
1793 188 78
1382 1503 30
970 3351 66
2063 3251 50
2905 2699 57
440 3231 56
2675 331 98
1094 1416 51
3186 614 38
2653 1061 16
1001 3196 94
2419 2056 68
2341 752 11
115 3000 40
2189 3451 85
2791 1484 58
337 1225 67
2922 2841 26
2313 214 91
3382 2889 51
405 1785 80
2444 1408 19
1435 3298 39
3441 1532 24
2532 1475 93
2583 2645 12
1449 109 39
368 3060 57
3264 3325 33
2086 3348 93
570 85 34
393 435 91
3321 1344 42
737 209 70
730 8 11
1865 2624 38
2921 1970 42
540 1705 24
194 2072 47
3271 3304 71
46 1941 12
3289 2250 76
3020 1947 26
2749 3316 41
3191 3306 50
1067 561 78
3404 1697 75
508 2722 67
411 3320 74
2003 3216 44
2052 2405 99
1761 1011 16
89 2874 31
3412 1671 67
357 1563 37
1284 1988 69
643 2003 57
2559 263 48
529 3013 63
2669 1550 44
2097 1840 82
1012 2436 64
1373 3102 91
1960 334 20
1340 567 17
2257 2347 96
2927 62 29
1035 3307 10
413 1569 24
652 52 27
2506 1993 75
2674 300 63
1277 428 78
75 152 13
2306 1238 60
2705 2855 82
2959 920 53
1682 2058 49
3019 1377 26
353 1286 59
1226 1359 67
2857 1715 98
2750 3160 55
2447 3445 74
1594 778 31
2913 810 36
1023 2265 32
1933 3171 99
2445 751 22
47 1371 53
2508 1958 62
1437 1939 63
3287 118 17
715 791 94
2287 2200 79
1234 2282 84
2966 1790 62
1976 1410 58
1449 3391 55
2377 1507 80
3333 156 66
2801 3277 32
2253 1539 25
3180 1607 97
1507 3369 84
2572 1474 65
2369 2220 41
345 2641 29
3170 989 31
1069 3072 10
996 101 26
1159 2147 74
2629 1311 77
384 2578 67
518 384 25
2204 86 89
2831 338 41
2129 825 85
2596 20 32
1746 2747 88
3105 3314 71
2119 2836 64
564 724 73
1516 2215 55
95 2724 86
1743 3253 100
975 2755 73
1453 543 77
2142 2603 47
906 919 14
3207 1146 54
1058 2359 28
792 622 70
3322 1154 79
1236 2864 46
2926 1079 42
197 1743 89
167 2899 14
921 1487 39
2608 2591 78
880 3176 58
749 1787 69
2328 881 40
2157 2044 16
2156 3286 20
1470 425 31
2493 1622 52
372 1950 84
84 3019 87
2631 3092 33
1324 3191 61
2818 1393 31
2161 3360 52
2142 44 59
1281 1727 89
1119 3013 27
3159 408 31
3333 361 43
863 1287 50
1639 3039 98
1648 2228 17
2110 2994 42
2421 1949 61
1060 2744 36
3396 721 70
127 1377 25
2673 2405 75
2081 1588 94
1812 1218 83
292 1004 46
2156 663 32
3094 2424 26
1218 894 73
3449 2263 35
998 3306 56
3244 1505 69
3091 2768 39
660 365 90
1077 1993 49
452 1838 74
675 1012 88
2632 2698 53
3187 337 99
1511 2155 35
293 1699 49
841 990 48
2379 1463 75
2654 413 31
436 1327 89
1231 531 88
2772 2964 36
297 1884 25
2090 643 25
759 1666 74
1488 1826 67
1475 1999 24
1919 1030 17
2178 2787 40
1779 2067 98
731 2879 49
2649 2762 62
338 2976 62
2284 2583 43
1704 783 45
1996 716 92
3052 1026 43
867 653 27
3199 2493 71
1484 615 76
1631 194 71
3306 3420 88
2194 572 43
2458 3256 21
960 3271 11
1440 2880 79
38 144 33
3150 3274 78
1502 2125 62
3319 3313 32
793 133 53
2211 870 12
1933 2601 23
2635 370 21
1709 550 55
2201 3042 56
983 2232 84
2662 1098 95
1481 373 27
2758 597 57
1012 2841 42
2432 3322 27
1093 3011 45
926 1323 42
2258 1855 56
2790 2516 37
3139 360 85
2111 1215 35
2659 2352 87
1285 1483 25
930 3448 43
695 2159 23
2615 1974 56
2799 3371 60
1871 3284 95
1657 434 20
2349 1007 23
1333 2766 15
1502 2460 27
2432 3403 45
3317 2608 32
99 1770 13
3404 120 80
2020 1693 51
3336 996 16
2455 2012 57
487 2690 38
2463 1885 48
312 336 69
1450 1792 89
2853 1295 12
2634 1257 24
154 2719 55
419 2171 63
1011 2804 33
891 1040 51
2998 2198 97
1574 2048 83
851 200 47
3092 544 90
2282 1280 90
297 37 26
2304 1021 72
583 2986 49
2809 409 39
918 2253 48
3397 1216 65
2598 2581 46
2623 149 47
2939 3458 83
2722 512 60
2545 1697 60
1899 2815 94
3399 3208 29
1182 1441 23
2022 2094 18
2195 1506 54
943 3200 93
1456 1200 19
148 2520 18
1351 1231 27
2311 792 29
1715 943 47
2278 2387 40
2536 3252 10
2723 1939 27
2452 799 75
2378 3095 21
927 2913 31
976 1703 68
1181 2355 39
1394 1102 26
1114 1096 56
2095 2565 68
889 2177 74
1801 176 69
3458 2491 51
1793 2974 33
2427 2469 27
837 2244 44
1013 3137 17
1746 1123 66
1967 983 68
2724 50 79
201 864 19
679 3355 49
1015 1144 37
886 2264 40
2606 453 78
2155 2207 71
795 470 96
512 847 95
697 2238 65
3201 2172 39
2804 1106 70
1201 1438 78
2578 945 30
1852 2264 55
450 1754 47
1426 3453 96
1603 1081 40
2935 1085 88
1338 2413 35
2119 1687 34
578 2445 32
235 737 75
2202 1021 41
2051 3066 49
652 1142 37
1330 2454 44
3083 671 57
754 2461 73
302 3227 22
3170 493 63
1458 1987 50
1945 460 74
1506 2393 51
2641 2182 69
2548 2896 63
957 1835 44
1241 1732 17
932 3214 81
327 85 61
2529 2542 39
1786 1665 91
1532 1910 49
459 1987 27
2167 2937 77
1051 1347 54
1217 1876 78
50 3387 100
709 170 77
310 1141 92
2854 1407 62
2952 2316 46
2416 1004 32
747 1369 79
1025 2413 27
1383 1903 23
1971 2665 30
2503 1323 22
849 998 35
2908 949 26
507 13 56
348 2986 25
1897 2988 13
1396 1316 53
124 2637 12
2004 2829 28
610 737 28
1139 1634 82
1614 2453 59
13 1129 24
1763 3235 74
1253 1619 17
778 2698 93
2237 3395 58
2026 1005 96
1588 1424 21
3380 1391 74
1801 2532 74
2603 2244 49
282 262 62
2763 788 25
998 763 16
583 3284 30
2561 1991 68
2372 1511 38
3457 3414 19
306 3446 31
491 1342 100
231 2071 42
2696 2039 21
3024 1587 60
927 709 15
2226 1902 41
2799 772 72
1540 1813 78
304 2829 22
2484 3187 28
1071 922 37
1070 3222 77
222 295 65
2953 923 40
1548 1308 97
1909 1607 99
1173 1820 53
1398 949 75
2235 617 19
3137 2662 75
1820 2618 53
2545 203 66
242 390 69
1143 625 77
3385 2856 57
907 3084 36
1893 554 74
3357 3310 48
2223 1304 70
2747 2547 34
720 2226 99
2576 1115 96
2014 1076 58
141 183 48
2364 200 60
2164 3237 65
1042 309 99
2663 713 84
1261 2963 82
2737 1691 75
2909 1124 40
307 773 50
164 2960 58
2847 2319 24
1585 3436 56
996 1536 99
1210 564 46
1891 84 75
544 98 24
821 2704 78
2564 513 25
1518 1533 31
3336 1000 47
1331 1472 55
1607 1817 96
654 2455 76
2757 919 38
1565 2306 57
2521 2433 25
1552 2765 80
530 2894 56
2930 2440 21
3440 2207 82
719 1107 78
2910 989 32
1426 3236 89
3060 451 18
1363 2012 73
2773 414 96
2040 934 47
3135 1125 50
1847 2717 56
2021 259 60
2887 1415 47
96 3146 80
533 922 85
882 2396 61
2900 1200 21
314 2575 93
142 986 67
616 1063 73
215 757 55
1320 682 90
455 582 73
1600 251 62
215 67 77
2981 3322 90
1566 1500 78
1769 3315 33
2031 1189 83
1191 1387 13
2170 2712 86
1871 1101 90
2052 1021 47
3195 2914 64
1106 1062 59
2644 2981 17
1496 180 55
1302 2578 13
1487 2839 32
2906 2128 57
566 1282 92
416 39 29
2509 3079 89
555 534 56
1587 3376 66
3082 89 45
2248 1665 34
2740 1403 11
3250 2998 36
457 2675 43
3341 1281 49
2716 345 84
1306 2283 95
3208 1771 96
1716 108 21
1816 1538 16
1236 1231 91
620 465 99
3164 117 85
1794 3270 47
2508 15 14
1055 96 100
820 2425 75
1913 1921 81
3193 3039 78
2036 688 14
1796 2582 57
1389 2486 38
1796 3366 40
386 632 42
3192 2926 90
1223 1312 47
7 2172 17
142 2868 18
3188 3271 79
1061 3439 66
957 1214 93
2774 3165 81
1948 3014 46
1001 1460 77
3285 102 10
2729 591 59
138 1737 91
2757 3256 91
2714 2754 14
3421 2701 35
797 3136 98
228 2138 42
1266 1495 62
3022 650 46
1487 601 64
3065 3076 81
3162 1130 36
1008 629 65
1042 2224 92
1578 2945 29
844 41 13
877 1795 35
2701 959 95
2402 3213 45
1994 2742 18
1699 182 38
2262 3129 57
1124 2550 43
2025 1347 25
1928 3341 50
34 312 12
1062 2844 24
571 3183 77
1004 2715 44
3147 2676 76
1932 1956 14
2178 1377 32
304 667 100
620 634 16
83 2653 90
470 3369 69
855 658 46
3369 466 51
490 2052 32
980 2213 54
3084 2702 33
1124 3458 93
1869 834 95
3005 284 59
353 123 14
2697 2299 66
2421 999 51
3346 1490 92
365 2743 72
1015 2917 43
3410 3372 65
2590 1084 42
1464 1264 28
434 2477 61
773 2791 33
3059 92 14
540 1866 35
2656 1057 75
3068 2865 96
359 871 31
2551 3404 13
3238 210 99
2179 3332 23
2103 3392 43
1309 2219 53
1076 1657 87
1393 170 84
1867 2807 97
2193 1369 75
2578 366 41
2962 1962 32
3057 2416 87
2314 571 43
440 3165 77
1575 1902 56
224 372 75
1430 1316 26
202 1614 29
2237 170 93
2659 2803 25
1746 3168 52
2152 178 51
2130 1071 77
110 810 21
3349 2341 59
1038 589 81
198 1114 75
1120 1496 62
1318 1957 25
3174 2580 84
1410 3075 64
799 2953 45
410 2511 62
1110 2773 21
2044 3233 50
359 1248 41
204 3459 34
954 301 69
349 489 34
810 2622 10
504 1409 70
2061 1278 66
1806 2703 98
967 3080 79
2340 2433 68
2246 807 38
2978 882 13
257 158 42
2220 237 76
2061 2161 96
780 3248 52
2336 1757 69
1590 2050 96
2705 2027 88
2191 3390 16
1828 2883 95
1734 836 81
1934 3011 36
1797 3417 40
3456 266 51
209 1756 52
2190 1610 33
1200 300 64
784 2435 53
2565 1523 26
696 64 27
3224 1799 32
1925 3077 69
2658 3213 26
3391 3066 80
573 1682 85
1841 1407 24
2142 1846 87
535 2973 99
3187 536 59
1705 3124 94
1175 1360 70
2947 788 46
1128 430 95
1090 1367 90
3344 151 21
2664 2058 67
1805 2679 94
3358 1869 34
3406 2418 85
1287 632 82
3329 1957 70
1199 3313 22
3060 2404 84
3426 115 27
3145 1027 51
3426 2807 69
303 2940 21
1314 1028 71
3006 3182 47
2027 2104 23
1222 2908 28
2612 1122 47
1479 3039 29
3339 1408 24
2703 774 95
1143 1936 62
2074 2433 22
1608 3171 35
1025 2427 59
1629 1398 52
788 386 40
3358 3066 33
44 3073 35
925 2350 89
1564 2920 43
1145 2592 56
2590 2072 80
2512 1491 18
3300 3267 37
1146 1402 58
2770 1682 56
1174 420 18
352 3415 11
802 153 38
236 3418 80
2076 3444 26
1517 3351 15
2253 1062 22
2349 2022 55
666 419 76
1327 3050 54
1920 291 85
1432 1525 86
695 3091 65
3150 1101 68
1341 1458 94
2113 25 93
1194 1991 36
3233 863 96
1567 2930 12
784 2588 45
1580 3207 78
857 1512 72
1834 3005 83
399 3247 74
2455 982 20
3084 3442 91
989 303 12
1532 913 19
475 2548 73
2225 91 75
2466 1219 100
2601 1567 71
3038 1682 24
1149 2878 72
1473 845 71
277 1380 83
348 518 37
2273 902 36
556 426 57
2507 483 16
3181 1290 78
2743 2120 18
1867 2376 87
2560 3348 26
799 1362 41
2988 1291 14
1972 72 24
2997 1760 76
1160 545 15
3415 1150 11
2511 2544 60
2762 590 72
1302 3076 32
2963 1432 88
2342 2501 37
104 1847 35
100 1657 76
1365 2671 95
2525 924 74
2845 3065 49
137 3011 85
2285 447 96
2291 1435 96
822 2807 57
1150 3102 24
224 450 59
2316 1114 64
3409 2622 57
1589 1987 27
1574 1257 33
1578 1556 61
2863 1915 82
385 656 52
1458 1321 86
3350 999 96
776 2606 96
2516 1647 49
1411 603 19
2660 956 10
1344 1281 24
471 1256 98
527 2942 72
1907 2168 52
3361 790 18
84 472 96
1302 2863 20
473 2418 64
1300 1641 98
3034 3455 48
2961 2913 79
2298 619 70
816 129 85
1452 2916 35
2180 3162 70
2498 2353 32
2667 116 27
1430 2361 92
2306 2423 48
2815 1990 43
1080 2409 72
2665 1916 64
376 2314 75
71 1926 52
2074 584 40
2621 2910 79
329 449 80
2163 450 21
365 1106 12
1578 2454 27
247 683 57
2169 194 28
1684 2890 37
560 2681 44
304 1321 72
2048 1177 99
234 711 27
384 2707 47
3162 824 24
1909 3317 59
1427 3347 17
756 1779 79
1011 1791 34
1764 95 25
773 579 95
3310 2924 73
727 2163 24
899 832 36
1912 3453 91
253 511 86
2049 2927 40
2986 2144 26
1307 2870 27
1632 1134 41
1133 114 23
183 1190 99
1231 2450 25
3280 1445 20
2149 3092 94
2253 835 31
464 1686 13
2197 1418 74
2844 1366 24
1841 1835 99
673 1153 38
2051 31 28
1645 1139 95
544 2125 18
2188 2982 74
3184 3399 74
1144 2045 64
205 647 14
538 531 38
212 1036 13
2737 2862 100
2280 97 100
3163 2139 57
931 891 52
490 3109 55
175 2332 53
2345 574 86
3278 976 87
400 2054 26
1452 3396 83
2103 1296 90
3226 399 21
1864 21 25
2839 2923 84
80 671 10
1339 783 80
1532 714 68
1479 310 59
723 1301 95
3359 173 86
