1887 3427
169 617 23
1729 693 83
52 1850 78
562 1569 93
379 1585 12
1240 1031 93
1601 919 78
1584 167 65
437 926 88
1761 1358 22
1173 323 18
612 731 100
1291 1783 79
1339 1515 35
154 67 84
1273 1531 97
1042 437 59
675 1687 13
96 1693 54
1260 47 46
543 1331 46
1455 751 99
1095 1808 76
959 185 83
1045 1647 64
707 1105 91
1037 943 47
280 261 34
1173 447 19
1612 398 77
987 335 19
1760 1013 46
1003 1357 43
559 271 14
742 1438 25
64 1319 67
1801 676 79
1371 107 81
1587 21 93
1558 697 85
1619 1761 25
1401 477 98
689 1082 82
1336 653 18
260 1659 30
1198 1025 66
1352 1695 39
210 405 59
334 389 63
1059 102 100
583 1756 25
1042 951 53
1540 603 76
707 234 92
858 372 75
1625 524 51
794 1409 22
1449 1872 42
1224 728 35
931 399 15
496 1744 62
1057 696 77
493 510 41
640 24 66
1614 596 85
1803 171 51
463 1714 92
1209 982 42
681 697 17
1679 1552 97
1808 186 28
1802 841 59
322 378 13
1651 1177 65
1521 1171 28
389 894 40
958 1255 73
1099 217 32
474 1221 87
627 103 44
893 586 56
1596 87 40
1356 132 27
1589 97 46
1303 887 47
502 240 78
1680 633 16
366 580 46
1345 963 90
752 1434 31
1131 195 20
391 1456 75
921 1834 49
1039 389 15
164 839 82
6 635 52
578 283 97
76 1801 28
1656 1127 12
0 1311 17
952 1154 88
653 510 57
700 972 87
1153 122 47
844 983 11
983 1685 89
1564 117 52
1844 846 70
759 1252 69
1060 244 82
490 1403 90
661 1150 100
1050 606 44
173 1418 56
880 1682 65
1627 1208 90
1760 515 32
1484 271 51
1184 372 87
1837 73 87
996 15 15
1758 572 20
186 1121 63
479 453 96
1363 1542 34
45 328 38
1582 1154 19
1357 291 67
339 355 49
315 1702 91
1720 1711 48
754 127 77
694 358 74
1676 811 82
1292 1669 55
61 1187 18
467 99 46
207 1704 36
1531 268 32
1075 1312 16
756 696 78
724 633 60
1493 688 81
775 967 54
463 715 29
1083 870 21
329 200 31
1032 665 82
1790 1074 83
436 21 76
1324 1000 31
1268 1518 90
904 585 67
664 56 16
1859 493 98
1017 1715 83
800 1642 34
668 1066 69
1523 563 73
1405 523 13
1860 474 11
958 387 87
284 1463 33
1430 85 35
95 999 77
1877 837 38
205 512 71
1470 1066 78
115 1694 77
704 1142 49
234 1681 60
192 1505 23
1658 943 68
1093 951 66
1533 1299 20
88 362 72
1751 24 59
14 977 44
1521 237 38
333 1773 18
434 1081 74
180 166 68
58 1499 95
624 1130 76
627 84 14
1848 969 39
1712 120 33
625 1809 10
936 114 93
468 364 71
517 1431 80
1654 336 38
467 397 24
1856 22 60
57 271 74
59 1107 43
79 1237 52
164 211 79
558 670 71
914 730 42
122 428 19
126 836 31
1690 893 98
1312 416 42
1742 887 44
956 1673 25
1069 742 59
539 211 95
1016 763 70
571 1380 70
67 1079 76
1829 1188 69
1680 1668 77
441 1151 97
535 927 45
1169 61 70
722 1478 11
596 401 26
1436 1605 59
1709 583 96
1213 910 46
1074 678 82
1349 29 78
243 299 83
1106 775 18
1326 462 26
511 647 70
825 762 14
731 1155 92
357 1608 63
1190 645 41
623 266 41
1124 390 34
1142 573 96
673 1254 47
510 22 67
137 1322 100
554 302 41
112 739 98
959 77 54
206 271 55
648 1605 52
703 759 14
1670 1419 17
626 890 10
1868 1455 75
427 1812 66
1445 1621 33
1694 1829 46
961 1866 28
356 689 54
1043 1549 89
1148 1216 57
1698 110 41
366 1309 67
955 186 42
145 809 29
789 424 11
795 1136 32
591 562 13
1430 581 69
936 997 84
1604 1274 66
754 1657 82
744 1523 53
677 35 50
1260 1695 97
1858 1573 97
918 984 75
1746 252 34
836 414 51
1182 1834 87
1863 1001 33
1465 1725 51
1217 791 47
646 1798 62
1614 736 13
183 1692 53
1022 1434 17
1414 1654 61
360 91 79
853 416 70
658 1598 57
1799 220 93
805 1358 19
1817 1160 28
354 513 13
791 1858 90
1037 680 22
1837 625 48
1617 510 88
1003 1762 38
217 759 51
1701 1708 44
4 1851 55
861 522 34
1700 1499 74
377 734 48
1456 1254 79
80 401 55
370 1165 79
485 655 50
473 406 42
409 43 56
1095 122 41
975 962 86
1696 841 43
1131 1113 14
1326 455 36
464 1682 13
1356 1376 64
693 1394 82
1832 1596 50
1662 1071 21
1304 1222 70
140 1704 21
1490 1594 20
1004 231 74
157 1405 79
379 1155 44
1642 635 49
210 538 44
868 856 87
112 703 66
1456 33 55
605 780 58
274 486 25
577 516 57
1088 1537 54
1468 392 82
1454 1247 61
1402 773 61
1761 1329 94
1763 335 86
586 1714 51
666 1116 79
217 1669 60
993 1520 73
1032 1296 49
1014 380 85
630 833 69
1642 618 97
423 229 32
1698 1624 70
132 1602 93
413 1865 17
405 1880 40
242 1836 64
718 905 11
967 300 72
1263 1402 61
1821 687 57
1218 985 31
622 1454 32
1824 862 12
1553 157 28
483 653 26
1492 1401 88
241 1237 54
327 300 30
1651 977 68
720 1521 84
1863 994 85
1602 1855 35
77 1524 61
1090 653 52
1260 168 95
306 1193 23
1165 550 20
741 361 54
1288 1516 56
797 1067 36
1026 1087 91
1061 1423 26
648 1555 78
106 1818 99
367 1379 28
1475 1210 21
125 341 96
1150 101 80
55 588 30
937 855 11
276 214 89
1343 1000 31
1364 1775 100
1326 985 22
552 274 41
1350 1054 39
325 993 11
1238 104 64
965 1881 75
139 535 69
655 1126 81
1569 1120 77
843 325 82
1029 106 57
1809 1627 85
1660 517 96
461 1212 55
425 645 29
1438 417 27
1226 185 87
1045 1849 65
382 164 45
572 1883 46
920 764 72
569 1225 35
1741 620 63
1417 1839 80
765 1799 46
1384 1746 56
58 139 77
1650 1251 53
1598 1081 11
1085 1429 14
904 1198 42
1341 1483 73
1486 1707 41
1632 975 51
108 1072 58
1708 1344 14
1367 1344 16
810 1867 23
930 1343 21
541 280 19
319 1573 29
280 1728 21
138 1075 77
739 1278 67
411 1023 65
1193 121 55
844 983 13
940 309 74
1770 800 54
1025 1124 59
188 1056 65
1431 821 25
1495 1168 75
95 1066 85
1766 1583 24
1799 1239 98
939 128 79
805 543 28
947 1216 30
298 1239 29
1804 1746 91
397 1197 28
645 1624 15
1313 1328 18
571 1166 77
843 1499 34
378 573 18
440 1553 92
1368 1376 75
1188 63 63
960 837 43
401 1385 64
1152 1320 54
1504 1596 23
1402 589 48
497 1064 31
1461 93 99
1233 833 10
1185 635 76
817 1338 37
752 1193 37
385 361 27
1473 325 94
75 1747 80
307 885 51
362 348 75
1340 411 84
15 1052 39
1821 1616 49
1594 656 26
1229 1321 11
1451 988 72
1839 1360 91
1031 1175 25
6 540 28
524 1742 22
1133 1845 13
1821 1160 90
1310 242 98
1648 334 73
618 1026 78
688 957 81
622 759 99
1119 195 37
687 34 56
59 830 16
1852 1064 17
1664 1461 33
53 519 84
737 18 31
654 685 72
196 1142 36
1551 1539 35
791 755 97
306 717 26
1556 1076 52
303 272 19
1349 1537 89
1395 793 57
1158 946 32
1143 512 53
1406 1070 55
1766 187 19
232 1743 47
619 1414 81
510 536 69
159 218 14
468 74 98
1027 246 90
47 1606 51
1755 1520 79
1407 1615 70
1523 1427 13
851 1819 46
799 1725 35
1333 82 43
374 678 38
1452 897 21
198 709 93
1805 496 51
1133 1214 71
1363 809 48
1312 1575 20
1410 842 64
1659 1092 71
757 484 64
1260 1645 88
336 387 41
617 1582 82
1074 1881 53
198 1818 76
758 962 46
818 1498 94
1771 366 76
285 1408 65
450 1055 95
646 1364 70
704 4 92
307 1444 71
270 1135 13
1869 1594 36
1846 433 17
1146 155 78
1153 394 13
910 1789 57
924 852 16
473 1248 14
1401 596 43
1566 1492 18
1381 1770 63
993 233 92
804 1617 76
1176 914 53
1322 357 97
1394 1525 34
965 957 98
650 1478 17
213 1574 38
1794 391 15
1479 370 96
488 21 36
1503 1630 28
1146 1340 30
648 550 44
215 1864 88
1301 357 37
896 1345 11
1317 1221 35
1444 1379 81
1809 1445 24
1031 1055 81
263 796 18
989 1009 11
920 330 76
1280 1337 82
1577 1478 67
178 1800 19
1123 1671 73
1803 162 100
918 1842 92
692 73 58
1316 298 86
934 1738 84
531 927 73
1147 379 48
1654 995 100
16 655 98
882 1834 88
1436 1820 26
1687 572 65
883 362 13
1425 1242 86
844 530 39
586 459 40
1511 1874 64
544 748 62
347 1127 70
1490 1301 87
1827 915 35
975 1584 56
1586 116 68
229 1177 14
1620 1732 45
1354 970 22
750 498 31
535 864 65
210 1242 68
240 1119 82
1617 414 54
274 1519 36
478 1339 62
865 745 41
1145 1361 52
1010 1830 37
760 1482 94
662 962 53
1022 259 85
192 718 80
1763 1453 98
874 1801 27
1513 782 56
191 1356 74
349 53 48
1011 544 34
460 375 79
522 678 28
1049 1126 17
1464 92 34
1668 1489 38
79 943 95
190 1340 78
1190 846 58
529 148 26
1066 922 22
764 1138 92
902 1341 67
525 886 76
1554 1155 90
814 533 60
532 123 64
842 1554 47
540 617 10
40 678 48
312 450 52
299 143 76
1345 1104 65
647 1129 72
915 916 56
918 554 63
99 1692 38
1035 684 17
1267 1151 20
1533 526 84
1122 1566 37
885 1426 97
71 333 95
1580 127 93
255 1710 61
1275 876 91
1183 1609 72
1639 578 51
1068 35 13
248 220 99
560 1736 98
173 996 37
552 1636 52
1503 986 76
1448 1640 35
1764 1664 70
744 1149 54
437 1077 92
1769 1095 43
39 779 94
182 1765 76
366 1884 86
323 610 62
677 216 63
534 1483 74
1372 1253 49
1045 834 37
1876 280 77
497 813 94
923 766 56
1289 553 42
1230 1654 34
1047 796 76
1821 1244 21
1528 433 67
1531 425 85
73 1798 78
1481 1098 94
10 984 16
356 1320 16
1810 839 50
622 1486 27
1748 1259 100
468 165 59
67 528 77
1432 987 27
18 461 85
1043 1713 60
1429 291 17
786 547 39
1422 64 77
1551 803 90
812 33 61
1518 332 11
248 1723 21
1057 1649 23
854 454 66
849 526 90
1192 677 50
1580 1376 26
1679 101 89
1838 1364 82
194 1328 12
141 1654 13
156 1372 72
1731 420 90
1592 524 98
858 1845 64
1076 799 53
1269 1468 13
417 58 14
1317 1563 78
446 1358 25
732 1614 11
861 273 26
1267 102 93
1627 1621 71
1701 1331 63
1881 293 38
604 954 38
296 438 39
584 62 98
205 1300 83
957 1816 72
91 724 33
1676 231 50
1854 83 40
1451 734 99
986 256 51
1256 816 18
1434 797 64
1411 1003 48
1286 1313 25
865 1199 55
1463 1472 98
1134 1615 68
1572 769 17
403 1702 71
421 164 47
302 1034 62
1005 1432 35
1162 274 12
1755 376 43
1551 842 38
982 929 20
1555 1693 34
233 730 44
194 1548 32
1067 1491 67
779 1084 34
1391 135 37
856 1839 51
1503 1860 47
1491 553 85
1403 1623 19
1719 1596 16
249 737 38
718 1267 29
111 670 35
1240 795 12
295 148 21
704 531 60
1492 1615 70
328 1513 45
801 1872 59
267 631 93
42 249 29
147 1054 87
1499 61 22
1660 70 28
88 392 82
55 1750 36
598 10 94
571 1683 24
757 1394 41
212 1861 95
1249 1183 92
1011 1054 64
1457 1863 54
1758 448 68
1839 1477 69
519 98 60
207 264 89
1504 0 46
1499 816 84
1040 101 71
351 1285 54
1509 1583 73
1698 80 82
975 327 82
683 901 27
1536 1599 67
642 1730 25
175 467 58
764 575 42
562 845 20
1055 1085 98
999 1668 43
1533 1266 36
449 1580 23
424 9 25
476 262 48
1682 810 75
94 1205 13
1292 1384 80
1468 89 25
1825 1370 51
1073 380 76
1060 631 37
1763 1166 51
292 926 49
986 890 48
1738 431 56
1037 742 84
1278 1379 60
81 1594 73
17 1459 57
732 1503 11
1412 953 54
737 452 81
167 1675 59
825 1566 55
95 832 70
626 1432 46
177 914 38
1159 1113 49
1644 1027 31
1540 718 46
1617 1455 79
1532 17 34
1291 420 69
354 1320 83
107 1194 25
733 312 45
976 133 17
1026 1315 93
365 62 30
1230 1249 24
1583 1439 37
438 1693 67
1168 1304 23
165 1862 56
903 995 32
650 1401 11
1326 1592 58
344 1127 99
494 1645 57
1412 1786 100
1283 1376 32
378 615 16
289 1296 92
224 1402 83
1782 1535 98
563 1478 60
171 1765 41
1186 1184 60
363 576 76
171 1054 46
598 926 31
818 429 73
232 149 95
1600 1667 99
207 1886 47
1233 986 19
1154 1644 48
1259 1169 75
759 1658 50
1765 277 49
620 1881 92
1176 19 94
1639 1205 97
1313 1813 69
1021 723 47
65 1046 17
926 487 91
1408 1252 20
778 275 47
262 247 29
308 1434 96
300 1095 54
95 1855 69
815 1081 73
697 8 45
1654 800 62
1759 427 72
1742 1067 67
235 1681 16
182 422 27
1573 151 45
536 1244 64
1123 838 35
1454 900 50
1823 1153 93
1130 1612 97
1806 1311 42
1786 1322 20
9 71 77
1175 1760 95
582 672 17
1766 1576 89
1744 111 51
29 900 30
956 1011 30
478 1129 55
884 1212 60
1734 577 55
770 1726 91
736 475 82
1443 214 100
541 195 57
1522 194 67
1487 494 58
188 741 64
1541 1509 60
1397 299 71
1010 1582 82
470 1731 25
1737 575 80
1492 26 11
1708 1134 64
591 1563 92
629 866 92
607 523 68
1101 272 33
341 239 21
1295 1505 70
171 173 10
1219 247 39
923 1322 31
593 1469 43
1883 1515 50
1697 112 73
1784 86 38
1099 1050 55
418 1788 29
1 1424 29
1433 852 33
358 739 86
1850 1883 34
1662 934 87
448 928 21
636 250 96
613 930 77
270 1817 22
1535 92 54
1826 1490 96
401 1039 45
302 662 29
105 1285 61
1488 936 62
152 1581 53
1536 1489 46
660 1820 85
1425 1512 33
1035 854 59
1405 29 87
1622 116 54
745 263 56
904 78 57
1881 1789 86
151 197 55
825 988 46
1165 1214 56
1691 772 69
208 139 25
135 528 53
1249 1188 85
1374 1044 12
1618 1216 35
1442 330 71
30 233 63
1304 555 60
216 1816 78
399 822 13
886 109 73
388 1092 84
577 333 84
1364 1874 83
1534 1631 68
343 134 73
1172 1357 27
1681 333 52
909 532 21
1117 850 22
1066 51 62
502 1816 98
666 1406 59
1032 1827 13
306 378 43
1871 1760 89
629 684 92
1735 179 71
583 201 59
866 1787 50
1484 470 46
1439 913 24
697 1793 14
393 776 14
54 776 81
1447 1330 96
1225 233 57
975 513 10
1641 700 37
375 1051 31
338 799 98
1646 939 71
210 1879 96
1001 1795 60
1665 211 43
1386 388 91
230 380 16
1103 231 97
1555 629 31
871 1525 81
1343 1846 55
199 1302 40
32 1496 78
1138 221 43
528 830 70
1702 1076 34
488 211 31
1125 1811 71
1329 282 47
1595 263 89
1183 373 33
781 945 44
186 488 16
1803 1114 82
1105 1761 45
454 1265 90
1199 282 96
811 0 49
775 238 14
1667 1836 87
1707 546 100
125 1735 10
1277 621 37
1779 1065 16
1538 1772 88
1747 273 33
1051 910 66
1334 1876 93
1882 1842 19
736 700 41
1263 594 68
261 713 50
450 1131 34
1713 74 58
1000 277 49
1522 68 27
1671 435 31
140 1233 72
1598 214 92
419 274 66
307 1530 21
582 1481 69
1826 1034 73
1235 463 94
1299 474 38
1119 1761 10
1323 259 80
1519 122 83
921 1863 82
92 1535 45
109 293 62
1281 116 53
124 1599 35
322 775 82
422 830 60
598 142 70
858 1310 71
1142 1005 97
1148 1719 90
1103 1639 12
186 811 61
294 917 72
1837 1264 22
315 662 74
1221 307 43
932 722 56
546 917 81
1498 306 59
1103 1036 13
858 1061 28
987 1692 61
201 155 44
1195 211 87
685 1532 25
1270 710 56
221 336 92
756 1040 75
1134 800 66
1742 1140 93
457 1428 82
179 1425 39
303 1105 99
772 15 37
1861 1432 10
1080 1678 60
1301 956 36
1174 530 62
1467 769 82
1607 1360 20
1847 1743 98
641 697 66
651 932 95
1413 629 41
615 950 14
1690 73 76
931 1180 62
814 1845 70
593 597 59
1280 1465 61
1518 287 79
1529 1492 52
1174 1565 34
1770 1546 40
436 1714 33
744 1726 93
1752 437 85
559 1001 83
1360 1046 68
363 1385 25
450 302 27
25 1747 100
1128 683 41
1563 935 25
636 139 26
513 326 20
1254 21 10
662 171 60
330 168 57
1250 1884 44
1057 27 13
1187 761 31
783 408 45
110 421 75
1878 1258 43
126 868 18
1282 595 12
206 226 11
1266 1413 60
711 1471 88
839 1258 26
1308 1305 100
852 1872 22
989 1656 25
994 131 37
1839 1422 49
428 87 92
592 1042 63
1790 1183 13
1294 791 98
1624 654 77
34 394 72
1870 390 72
114 1745 17
1006 920 19
1273 1378 53
1387 450 93
973 1503 36
900 1583 78
111 964 19
1140 426 43
1057 1197 46
969 1090 61
988 634 78
1177 600 26
1680 963 67
685 315 62
564 284 42
1596 748 71
1535 166 82
838 1681 17
246 726 64
490 1195 33
1825 654 90
1208 291 26
1038 672 65
898 409 100
575 1794 89
282 630 62
903 954 91
1401 54 53
428 327 80
379 846 73
211 223 96
1874 1083 61
268 355 89
1009 1362 86
1225 1142 82
48 918 59
461 36 72
1102 977 48
1014 1870 82
1136 756 35
636 733 82
1859 663 14
593 757 65
997 1775 91
271 1744 26
587 1124 88
451 1058 45
404 293 27
1683 1388 76
1386 1837 13
279 242 25
851 1547 10
1319 1064 43
476 22 32
1020 1228 56
453 722 66
287 1454 26
90 1475 34
151 1177 42
1507 135 14
718 630 66
642 1165 25
1669 278 41
1109 440 42
490 1474 46
770 1125 10
1636 281 80
1107 115 86
1631 1312 87
1006 390 61
384 846 20
884 248 94
63 1854 62
221 520 41
1539 706 61
1626 62 68
132 1069 35
1345 202 86
165 205 73
600 368 83
1599 1571 63
1503 1606 93
72 117 59
61 520 88
1157 1113 53
337 887 77
834 1473 15
502 50 58
1540 382 36
1302 1057 29
1073 1257 62
909 1392 69
896 410 42
1263 355 10
1695 691 60
374 1756 62
1014 1219 93
1490 81 55
225 1402 63
1137 1844 57
646 824 25
1470 382 32
109 811 83
874 796 30
361 962 94
2 1750 85
508 1772 92
41 1165 84
1824 1515 16
570 1762 97
1592 1801 12
566 1718 45
401 48 19
1411 1030 38
694 909 61
793 463 57
1881 1109 19
1571 299 25
358 1627 94
681 1380 27
1040 401 39
859 1019 62
147 582 64
1589 622 15
1156 1717 36
521 618 44
576 72 53
288 888 36
304 743 83
1794 1399 68
140 607 39
322 899 84
105 748 69
1116 508 33
418 1183 84
1662 200 26
1022 50 60
1203 367 95
201 1595 86
239 1580 68
1244 1179 22
117 794 100
160 1519 68
544 502 92
1856 1172 47
1115 1148 41
1834 1110 48
1824 1462 59
1465 1349 50
1097 171 81
524 316 51
560 972 41
1452 235 100
1619 429 41
1872 1377 88
83 255 36
1102 1738 33
1262 1737 24
1608 1417 93
676 274 25
828 1210 60
672 884 86
794 1524 22
903 1148 29
1594 126 96
1559 1751 10
1100 902 66
1850 649 80
227 1477 52
1588 70 69
746 1772 41
262 407 86
532 810 66
772 1083 26
533 1231 31
1212 399 72
498 829 49
767 545 55
874 481 14
1074 61 74
1690 586 21
1453 1230 96
1659 1511 74
1475 1241 40
1863 42 29
47 288 58
989 963 81
1478 1638 76
1862 1493 14
206 560 45
1300 1241 95
630 12 49
1244 741 53
1705 1750 50
1161 1179 26
494 522 81
20 1336 80
252 38 90
1751 664 27
602 1681 79
961 1159 61
398 645 81
734 1675 46
129 1188 50
1132 1070 33
1196 12 33
634 476 10
1375 1825 75
2 1715 96
724 1226 73
1547 985 53
1880 1819 72
558 1570 11
1482 830 36
377 23 34
775 1314 10
729 803 44
779 1244 35
870 1393 79
156 438 12
1562 396 89
673 1678 17
542 879 64
1212 1122 59
743 1810 89
6 1564 41
471 495 13
655 79 83
1377 1786 41
1109 124 82
671 1582 46
359 599 93
559 1518 21
574 1823 41
487 1073 84
1373 357 25
28 1799 61
313 1412 91
1629 413 76
948 1099 70
54 12 94
877 1538 84
1054 746 55
300 1167 21
530 718 20
1162 1046 83
656 1053 98
1770 1207 40
490 1062 61
286 1481 90
218 450 30
1716 1659 16
1565 1223 28
1362 699 60
860 707 17
236 1711 38
790 979 75
738 1758 37
470 450 80
1639 468 17
1391 923 23
1106 1168 29
985 1767 58
1843 173 14
1494 965 83
1128 283 13
1675 749 94
686 1060 26
750 1445 44
598 461 53
16 773 14
1363 1127 96
1124 676 49
1841 1151 52
1856 1249 36
1661 863 79
1833 1711 66
626 951 96
429 917 93
1480 575 33
138 1038 26
137 545 24
763 854 25
1200 925 54
284 1703 41
1211 1018 50
405 1314 31
1412 53 78
794 400 14
1211 705 52
692 756 11
924 667 21
244 27 24
119 373 55
1563 1024 58
1157 1706 34
862 1104 51
1884 1184 82
1537 1081 53
1601 1773 33
276 470 87
541 1056 21
337 834 55
1055 223 75
650 712 84
238 915 75
880 494 82
1631 834 38
1272 648 68
187 1136 20
670 1826 63
1216 1451 63
856 1489 36
970 1463 28
975 676 32
1613 758 20
896 652 26
174 158 100
1446 1481 51
562 1501 20
531 1014 34
1132 401 71
1734 75 65
1280 546 34
1786 689 53
592 1006 88
1752 82 12
689 1547 84
1877 1746 75
1498 1045 83
510 313 27
916 308 72
1353 495 78
1422 1169 90
229 732 99
201 295 76
692 1744 11
1489 1487 16
1443 230 86
751 87 51
1808 1351 74
1825 720 11
1593 1166 10
849 455 97
1412 789 83
1169 1806 40
607 1479 85
275 1152 11
491 567 100
542 51 95
1654 1027 70
1569 1760 21
1114 1462 90
1171 1347 84
330 1205 74
1302 44 11
200 1370 14
843 1384 83
263 280 98
953 495 53
1037 1400 91
1144 1379 33
1732 1461 37
146 1268 69
357 445 50
140 1165 77
644 296 46
794 350 59
793 1130 63
94 688 11
1050 272 52
1639 273 63
1579 1304 17
1401 665 81
870 189 46
1553 845 87
771 688 23
1423 520 99
16 1234 30
1687 687 77
667 391 67
777 796 57
1507 181 18
371 1249 45
1108 1046 87
251 543 16
974 320 33
1747 1599 42
1471 482 34
1579 1242 21
32 1400 100
1181 239 36
692 1432 66
1554 853 57
270 962 45
1644 1281 70
1406 1717 23
32 1507 12
693 1230 91
1531 562 22
127 1135 38
261 952 84
1559 1151 97
1712 730 64
1525 1599 14
998 1834 97
968 37 12
923 848 99
655 1458 68
491 757 52
1642 1200 63
1525 244 46
32 1646 20
640 30 84
871 805 64
1087 1204 76
74 1828 73
380 453 13
331 1514 15
1834 1177 34
1831 556 13
590 806 45
1383 880 94
635 523 39
119 971 58
750 1023 86
1877 1826 62
1024 125 68
1680 1878 73
1056 971 24
1876 873 55
242 65 19
799 534 57
1851 891 38
399 843 66
744 1683 78
1245 1011 61
1716 593 74
639 490 72
1465 770 58
1546 693 34
275 736 25
32 1178 30
289 965 16
1545 1716 100
1768 1721 68
857 1785 100
996 963 41
826 1725 32
221 3 81
343 543 91
36 566 48
1078 825 13
72 887 91
602 1447 58
1493 326 41
1727 10 51
1350 1635 20
1367 1456 49
1848 749 100
67 1801 64
1730 473 92
148 834 19
1276 798 77
1762 106 83
821 726 87
90 1588 26
841 519 46
399 861 15
1699 1604 47
1021 89 93
1651 925 61
608 1700 88
574 1567 84
1297 1637 86
1155 1195 15
1033 588 84
1036 30 14
1724 32 12
550 1805 64
1769 152 25
1850 1202 29
1275 960 47
248 169 53
1395 896 40
260 1838 44
1059 1104 48
1731 48 21
1027 812 34
1658 347 56
1555 558 28
1877 15 35
133 975 59
1197 907 90
786 1343 26
1781 1471 18
390 1519 18
1670 24 98
1280 1474 17
1347 851 87
84 1284 60
65 699 72
517 27 67
1208 1650 28
802 727 77
1803 446 84
70 146 36
1750 803 62
1538 1443 84
242 1805 34
31 682 18
534 1403 68
199 1572 17
526 340 26
857 309 85
1088 977 42
1407 656 27
1715 315 63
1356 570 41
499 448 65
1087 1085 21
1358 1369 89
1732 419 100
1385 1061 60
88 381 12
198 644 11
691 1037 89
1520 1638 52
125 1789 95
350 830 80
780 1299 59
781 871 24
1435 1500 21
1174 1567 72
315 1595 77
83 830 39
1641 564 73
1869 1862 18
24 942 77
977 706 96
1432 1780 51
1475 306 86
424 1458 50
498 1344 21
143 509 75
165 1575 22
220 1445 48
491 1565 54
1384 156 11
327 555 48
523 55 64
765 1746 66
1800 1602 69
131 1062 87
652 1351 54
989 1772 15
1051 1582 49
883 1661 66
964 1055 15
1092 619 80
1089 1696 81
1333 1781 56
467 1568 83
683 1207 66
1260 1558 59
188 153 22
1237 681 21
999 23 85
170 1220 45
1367 1809 17
1667 1508 45
1079 899 81
1081 1601 57
619 372 41
57 489 80
1598 163 74
960 1289 29
424 1456 85
1600 117 53
1181 227 76
1813 421 47
1469 463 14
1119 1053 94
675 310 39
20 777 77
492 281 56
492 1594 55
855 1088 79
129 245 70
676 717 74
1526 797 62
130 119 92
625 1298 98
44 621 35
1672 521 18
1320 1784 34
1822 1027 36
1765 1264 69
1131 1203 11
676 1390 59
209 140 89
1042 283 46
996 307 25
419 1441 46
340 1356 79
1625 317 66
497 1417 77
1847 203 48
564 102 86
625 1103 29
665 1756 64
285 1077 41
99 103 19
1572 1239 74
1348 1791 63
860 337 34
1624 1227 43
1854 663 82
1144 671 88
672 1710 91
2 609 77
115 1881 45
1199 717 23
485 362 72
285 1373 28
1266 354 64
1840 1160 78
509 1844 36
255 199 92
745 438 52
1328 1185 77
221 689 30
1634 744 38
308 404 58
642 41 69
1581 1827 16
1041 1703 59
1180 44 20
1006 804 34
92 1314 76
847 454 28
91 627 72
44 98 13
1175 1723 90
621 894 24
1766 892 72
1108 1766 63
1699 460 13
1303 1413 99
1462 679 40
312 201 29
32 356 60
426 140 70
284 546 10
1080 2 63
626 760 41
313 69 39
1376 587 37
1567 849 24
1479 413 19
846 689 90
1134 1232 97
1196 372 39
1243 1721 35
80 430 69
1443 1450 99
1886 1185 57
1716 216 94
372 1293 50
287 1478 14
1128 776 68
927 432 94
623 656 49
995 1223 96
210 269 62
266 931 47
848 742 26
836 1583 42
949 490 95
189 1783 42
1550 385 83
896 1488 72
554 1 55
1110 361 13
816 783 62
453 192 75
1638 152 64
1540 1584 73
650 1142 19
1655 898 42
1869 904 96
1407 1336 95
606 798 33
1150 785 30
1849 608 97
109 1377 71
934 1392 23
584 874 25
172 1736 45
1212 1251 69
506 1389 66
1615 1443 86
1440 1116 46
187 1807 34
1733 463 50
1753 1391 55
731 704 25
1543 1829 90
245 1418 66
1855 358 55
225 1188 12
1502 1200 57
705 179 78
644 1870 30
1045 37 30
1743 1830 89
1860 408 40
1450 1192 12
505 1438 37
430 997 70
1716 344 68
1859 1764 57
386 1 85
1599 733 45
718 952 73
1461 1079 65
1627 1616 76
1886 669 76
1673 827 93
60 642 56
673 517 18
274 493 64
1648 1810 58
160 1179 99
661 289 80
1194 1384 24
1547 1462 99
408 741 49
270 1125 79
936 1421 67
1285 187 23
1144 1278 29
521 482 23
1086 1435 90
1885 1194 80
1695 722 88
681 1367 71
414 1197 28
945 1413 41
1488 977 83
9 293 14
371 161 58
476 1496 71
1448 1098 53
1216 1000 56
272 51 29
1031 1821 90
803 850 67
1874 1420 97
1108 312 94
95 93 15
264 1385 95
1581 1798 48
146 1518 37
488 1812 55
1872 132 95
19 1294 86
769 230 33
955 1673 97
1075 1584 36
1773 1728 39
1244 1492 34
1627 1693 54
1665 1409 85
1573 1246 51
875 1562 21
1165 43 27
1786 231 33
218 357 81
62 149 47
1304 846 13
861 5 57
1138 1648 56
1059 1541 57
621 41 24
990 502 67
487 206 33
367 348 86
195 901 53
1516 1107 51
507 765 48
1465 1073 14
1369 131 39
117 1364 35
948 556 99
1786 976 52
667 896 94
865 1711 20
1396 1796 67
189 625 62
1606 1091 28
1350 1043 21
196 193 10
1560 1206 26
678 1019 55
710 1788 84
1340 131 14
992 262 77
1265 1713 25
70 1028 71
1866 1522 49
1514 1583 26
1615 1463 89
1623 777 56
1239 498 17
1261 1432 55
1724 1216 76
1315 831 15
172 1143 42
787 718 26
564 576 77
629 451 52
533 1419 52
1746 1404 49
1349 657 63
1620 710 50
394 1202 42
390 320 68
339 1617 28
1084 715 68
1610 1488 12
379 802 82
529 1643 40
1538 583 15
292 586 65
142 1825 100
1853 536 78
1671 359 74
443 21 44
783 714 35
1281 1178 82
820 1436 10
977 363 98
85 1158 75
1564 1284 52
198 703 10
777 203 44
109 90 46
708 1528 18
867 566 96
1332 355 19
1195 883 15
66 1589 87
1081 995 70
1146 157 90
1196 126 48
1076 233 55
433 349 67
493 366 66
106 433 40
695 1279 34
1869 1878 15
399 402 55
1011 1700 15
1062 1530 94
1822 1805 97
1298 1208 89
1134 986 67
1089 1812 53
939 645 63
292 1827 60
1803 860 71
1635 1577 89
701 1431 80
998 1762 97
572 694 68
222 1605 52
1582 528 96
710 1349 11
88 901 47
318 1562 44
528 1244 80
1151 1017 46
393 1060 75
1376 285 100
1780 114 45
1604 1088 70
84 733 32
1875 1634 33
162 961 85
850 1150 38
1503 1335 62
380 451 55
1071 806 27
1109 397 91
1168 285 32
1451 545 31
976 1070 28
837 649 40
767 1151 30
990 926 56
13 799 56
1149 245 53
505 1425 17
933 519 29
568 490 57
1212 1147 99
1268 1222 15
473 1293 18
1275 1634 19
1375 163 16
1691 394 26
1866 110 41
1334 1163 79
1683 300 55
1107 1534 52
985 777 19
1571 1098 45
244 168 17
796 469 64
38 1471 87
518 1593 14
1652 222 39
915 305 14
960 1885 58
845 1066 91
773 1853 19
1124 1308 83
515 689 87
854 579 37
1565 1490 97
1097 544 50
154 1280 25
5 57 56
473 165 30
777 1766 45
573 619 90
836 1682 62
1113 1304 50
1660 1746 52
239 825 68
48 599 27
1261 1367 17
1770 1680 41
1226 89 22
158 681 84
872 85 55
1091 269 92
1229 602 61
1198 767 47
1266 1706 75
98 1495 90
414 773 80
1354 385 94
1724 1847 13
1212 1647 15
1284 569 57
607 634 48
1194 882 36
941 1374 37
1265 1257 93
530 658 33
787 492 96
1059 348 76
1550 976 38
1839 1163 14
1679 1682 100
1699 190 18
1823 1540 25
980 216 31
1543 139 68
1866 1620 32
306 1281 22
113 1564 58
183 201 70
1747 273 25
1086 232 20
358 688 34
1497 1634 62
1761 1471 88
893 1507 26
1343 1368 91
1765 201 11
713 1829 63
25 1823 80
1492 1112 31
509 699 96
1720 1820 20
1697 713 81
1736 1094 21
1381 67 34
1704 40 82
1673 1401 59
349 830 25
1808 772 87
881 1625 53
329 1443 59
1096 1043 93
1575 88 58
1047 1051 83
10 1446 34
1032 1785 54
1059 925 10
396 246 85
76 1805 64
903 905 22
661 967 93
642 1731 89
1242 1298 95
1040 1069 82
1200 1247 61
419 268 18
1433 670 37
74 1602 98
1127 862 14
448 729 59
356 186 78
1861 1227 54
598 1812 22
1455 176 45
519 1227 34
574 1783 16
1764 1204 100
1694 1817 99
13 1405 10
376 119 14
982 861 29
712 1741 53
1601 255 80
999 1777 39
97 236 17
557 1501 73
969 77 68
105 208 93
68 438 14
340 1877 28
404 360 20
339 899 32
1255 963 31
1378 1481 82
1295 509 93
1295 933 99
871 906 26
1037 817 36
1279 861 64
613 1655 69
609 736 39
1328 276 63
386 811 14
659 1505 25
1270 805 59
662 1492 62
1620 1145 26
991 1653 80
320 568 52
177 1118 96
645 1244 65
1199 320 67
631 1780 61
660 397 41
25 217 43
1210 113 40
1373 1529 28
1641 1154 15
1039 1598 29
131 1289 87
1835 1677 51
1800 1356 34
584 910 50
601 1844 27
823 182 51
105 1279 78
535 777 40
1350 1076 37
1579 116 14
52 1664 85
99 922 88
1817 1692 35
1309 38 73
1454 726 25
1501 290 75
1613 681 47
683 1433 20
1686 1832 22
1413 807 17
152 1386 29
1518 112 70
17 499 83
1534 1438 34
1659 1475 97
1642 1632 63
1699 909 89
1816 1285 47
1518 205 65
1032 1327 18
499 1701 40
1845 486 49
511 1222 13
662 1447 57
1354 1262 32
1657 691 35
1364 1011 77
887 932 18
310 214 66
1370 540 42
867 1635 66
929 1769 86
1566 638 18
1828 92 41
18 584 17
1546 1149 91
1288 1698 96
354 1667 96
20 1003 69
31 1171 17
48 928 53
1116 1658 75
1045 1065 48
1597 347 22
1494 1737 50
632 449 20
1593 1756 41
891 1272 24
354 87 89
1771 1241 29
1454 352 69
605 55 89
493 1114 70
1275 1067 96
1716 1431 91
1111 734 17
1232 552 13
1419 677 69
1306 115 99
131 1057 55
597 1127 27
768 912 84
1512 1208 30
189 1649 34
112 1844 42
1391 1357 64
841 1588 93
1633 848 55
1374 420 68
738 1630 86
1028 320 30
1355 1556 14
624 1183 41
1242 129 60
811 1461 95
78 212 55
1525 289 74
581 208 94
1414 885 80
509 1346 45
123 518 70
1472 1651 89
459 1841 63
156 929 11
1162 933 79
1051 1592 51
777 1719 30
142 894 65
1569 478 65
289 1253 38
220 322 34
1537 657 27
748 147 67
1600 147 30
1002 395 26
3 683 69
1311 1599 90
228 495 87
109 434 91
1796 876 20
318 1386 97
1528 739 67
1084 245 51
1641 1659 14
501 196 51
802 1529 96
1620 439 23
1656 1340 81
151 1004 36
1042 74 43
646 1131 70
852 1616 98
251 111 78
1779 5 37
774 669 56
445 1376 60
640 115 67
661 1680 48
1856 699 62
99 912 45
402 1797 69
1601 316 38
1157 736 35
1857 1551 36
1092 600 38
1873 1849 17
496 1831 94
950 221 53
1216 239 18
500 1335 36
1813 359 75
612 1621 10
133 526 75
1106 1400 46
105 19 38
1249 853 100
836 1380 73
1662 1039 54
931 1737 31
649 645 57
1386 680 72
1631 160 22
1809 473 25
495 357 50
198 1808 71
446 554 79
114 677 27
234 879 31
571 922 67
252 1200 17
835 686 96
1429 605 74
1065 1430 45
408 1391 48
171 1420 75
1636 1866 84
1360 248 63
1692 1131 76
1666 1797 91
1824 1393 53
737 338 15
1665 1615 48
722 1720 95
1135 1328 52
1013 1806 25
17 383 87
695 1561 82
416 1779 69
1602 884 19
1749 1625 18
1638 1585 79
66 41 98
1417 672 85
591 1567 68
602 99 35
691 1875 68
1653 636 68
1566 498 73
835 1378 83
634 1554 74
1587 725 70
1403 1085 55
1180 500 99
1884 1378 91
1482 1448 65
1781 1741 69
1866 1220 43
20 1466 33
597 1562 54
408 1232 13
401 396 54
1721 353 17
1763 1360 50
1525 1191 62
90 161 25
1486 106 91
1018 920 77
1599 321 25
1555 923 86
837 1845 76
1097 1636 54
1651 528 28
1727 1127 97
1347 980 10
1644 111 83
1140 611 25
686 128 24
995 1087 54
110 1119 63
68 1160 40
1187 411 59
95 1193 80
1554 1588 100
1285 594 99
1609 288 91
464 657 77
1814 444 60
1052 1 98
145 1243 90
315 901 57
1739 1638 71
42 530 20
865 582 74
137 392 99
334 1087 37
560 648 40
508 761 85
861 792 12
846 250 14
486 293 93
699 1742 24
625 511 21
899 1321 67
1064 1763 26
1043 1848 44
909 665 20
670 689 70
355 1085 93
1830 1119 58
1311 953 95
428 1309 88
1784 1407 68
479 1747 33
429 950 10
875 981 19
290 28 13
123 1616 58
979 330 14
810 953 83
313 294 31
1742 153 78
1208 1733 86
1775 1436 40
1623 1468 75
1864 572 64
1284 695 91
947 554 87
657 1296 70
1145 1880 93
565 1524 56
1116 86 78
444 1365 100
165 734 98
277 715 92
539 416 92
201 1017 44
868 1785 51
1195 402 68
1773 1697 94
60 1673 22
1741 1695 68
1294 1835 26
1413 214 27
1816 1169 48
360 183 67
39 112 94
756 947 26
1822 1642 78
1739 706 64
375 274 76
81 573 34
445 1403 20
1719 177 15
1558 380 98
260 666 37
241 1313 46
1854 484 76
1717 571 11
7 1204 26
888 1465 91
1572 715 29
1285 1598 17
1555 1863 36
914 1177 81
434 914 23
1857 125 68
1278 1130 50
1738 1400 69
1695 1608 28
462 127 99
1208 150 48
1593 230 78
693 1535 89
1472 1550 29
528 1837 57
1759 1477 23
1443 956 84
373 599 11
1391 1700 53
1178 134 76
1122 1618 25
1563 1417 39
478 1058 17
1668 1694 23
884 715 28
410 74 78
769 1103 43
842 324 11
1724 857 85
1600 841 59
775 467 97
437 564 58
331 661 15
870 571 63
1742 391 45
551 1611 86
102 299 56
51 326 19
1514 1378 57
1396 1221 29
1057 268 75
999 1683 40
1363 713 63
825 419 18
288 646 39
1841 1736 59
1775 680 97
1652 1826 29
867 1141 58
1110 961 80
642 728 84
1190 737 30
1210 1247 40
1029 67 83
706 407 98
1020 1805 36
1526 826 52
734 243 74
200 548 74
240 798 13
717 582 90
487 449 14
1784 1603 27
1654 107 14
180 1467 80
1243 387 74
50 1033 12
1808 58 46
1054 144 96
1134 1468 43
1285 819 52
326 1556 22
1406 1265 79
1512 1477 63
230 537 27
1067 466 15
515 173 38
583 1725 45
1294 1395 30
1509 1838 86
301 623 69
410 58 57
388 1461 41
1843 963 49
77 291 14
874 1600 74
1334 733 77
898 1149 43
1222 1759 28
1553 1677 61
509 45 41
1240 166 81
1192 1822 87
1031 1730 31
1063 1338 96
393 1398 84
1850 1015 40
315 556 41
1284 209 66
900 626 37
1593 1583 47
1724 86 55
1082 1765 27
647 934 87
620 1849 30
1656 949 22
1318 476 24
470 1364 44
1232 1753 15
201 392 35
781 889 31
345 1142 54
91 1845 55
705 1048 68
1747 1743 85
1810 1069 41
1038 1717 89
1215 736 18
544 1634 61
1043 386 57
545 1212 89
1790 272 49
1504 382 61
1460 530 87
1679 129 31
952 631 21
793 1749 61
1674 1646 80
1652 1700 74
1016 1454 50
1667 552 43
1043 1857 15
1127 1028 13
1608 1201 11
508 1088 61
1176 931 14
106 1621 96
1465 656 38
17 176 84
1457 1638 52
1580 1588 32
1812 90 52
462 1277 97
1489 567 26
1495 578 12
1351 1132 77
1120 1266 30
1408 1359 95
1882 1140 95
723 992 22
531 769 75
383 1775 82
1334 479 16
511 1596 57
743 1028 20
1119 1519 14
468 1558 47
780 983 18
983 1130 58
33 774 72
1883 1870 65
1645 1802 76
1493 1772 44
1318 1629 75
1665 1760 34
1820 858 43
300 1283 92
980 126 65
870 285 91
1574 1395 15
413 1758 99
824 271 43
807 1483 90
997 771 29
1141 407 100
836 1126 12
424 566 57
448 786 38
1189 564 36
1470 1802 79
9 486 68
922 739 30
1458 1526 71
993 220 52
811 154 65
1559 541 67
1370 1230 74
1501 1076 17
1541 941 56
1879 1860 78
746 842 71
862 648 61
603 646 64
1255 831 54
835 424 12
1069 1527 44
983 445 95
1867 1403 10
1201 778 75
728 1148 77
1000 1348 84
474 674 11
1750 1789 53
1115 590 58
1094 761 72
1404 1166 21
904 500 87
1656 534 90
1721 1868 62
1276 1570 20
950 375 48
1550 9 83
945 846 51
608 1253 91
1886 1276 70
134 482 79
791 1442 28
415 1721 78
1035 52 53
1035 1103 50
1328 934 12
182 1873 55
1317 789 42
789 1032 91
756 178 14
1851 11 65
200 1130 74
602 857 50
37 1432 34
516 675 83
1297 1306 76
1190 1136 56
263 860 66
1864 1143 57
412 87 54
207 161 81
1012 1717 72
1639 1402 12
456 1719 73
459 1775 46
419 1542 19
629 409 68
892 1512 82
120 1808 19
760 1260 89
358 1359 82
937 1182 68
1847 77 18
935 128 90
463 623 83
796 542 42
676 154 91
170 1649 57
1709 913 68
550 29 32
447 611 50
147 1282 53
1659 1829 71
1784 1450 64
38 1094 74
1117 1720 53
55 1230 85
1249 115 41
1413 725 42
739 1594 99
287 1133 31
1309 298 76
1135 1277 71
1470 687 19
556 1150 23
902 1117 23
1023 1171 74
1279 1426 95
715 199 24
1619 1052 96
876 549 22
660 269 63
827 1271 92
21 158 15
968 1762 32
1636 1780 99
1400 1726 77
1453 511 42
639 815 10
61 315 40
768 821 73
1705 424 35
1292 111 42
1044 1492 90
1703 1430 43
1497 1853 86
239 1257 24
1373 147 38
1201 1013 72
161 74 14
960 1212 51
1846 452 19
640 9 78
43 1531 88
1367 178 98
129 859 16
1214 531 21
1684 1045 44
320 384 79
485 1289 79
996 1593 20
12 1595 29
1680 997 22
375 461 39
284 86 91
560 1510 33
655 646 42
103 925 38
1080 1223 73
1276 893 15
974 367 79
1451 945 63
1168 1485 78
29 1382 16
932 1824 78
275 385 51
171 1248 10
1061 1146 15
652 61 35
1702 726 47
915 374 93
464 562 92
1419 737 33
71 1105 42
100 161 62
223 82 21
311 1857 75
1876 1817 83
779 532 13
617 586 57
1406 13 53
524 765 14
1018 825 88
1740 791 77
941 1284 20
229 811 100
1239 663 100
1552 1488 36
1598 417 62
971 544 42
1493 1255 59
1150 1400 15
118 552 76
1139 469 41
597 723 19
1176 1604 29
1573 1111 32
1681 1739 96
642 860 16
764 1821 84
552 880 47
443 1134 19
854 1011 85
981 320 88
573 530 47
1470 74 76
1756 1241 90
557 716 28
731 1539 70
1259 104 18
221 603 97
164 288 26
1370 698 68
1200 1383 89
1409 35 34
924 1757 77
805 779 71
403 967 57
1086 1576 69
1523 1149 62
105 260 99
1047 1842 40
556 276 29
1407 1790 15
1026 1376 53
1101 610 87
1680 607 90
1196 1157 40
186 363 12
1029 526 82
1116 13 24
1809 749 76
120 1129 65
1873 370 38
1391 1257 63
1195 1071 86
379 1857 75
993 199 90
1627 116 56
1305 97 39
80 508 55
1181 1576 67
1200 1703 81
359 1381 65
1278 1763 66
1742 1250 75
1543 64 15
43 390 31
113 260 35
967 1806 41
841 30 78
43 1583 73
1086 1045 20
1064 282 40
655 1872 87
1738 672 88
1057 734 36
400 1129 49
1770 1334 65
255 283 52
266 1169 94
838 493 29
1170 187 96
271 463 17
402 110 35
71 996 75
1528 573 93
103 1222 100
411 993 73
1422 1609 73
752 1540 68
1275 1104 64
644 130 21
1472 928 97
1308 1057 11
1667 1660 27
1094 1138 52
370 1227 64
1544 1855 28
79 163 52
593 542 31
506 20 96
978 712 63
1738 522 95
1410 1085 10
319 484 44
1780 1804 96
55 245 10
8 600 67
1710 335 27
1034 905 34
361 1254 87
1548 718 36
993 1492 26
186 1304 11
374 1452 66
644 1480 22
35 716 93
1009 927 86
1742 1103 11
1268 142 17
947 176 95
1426 126 61
1452 1173 44
565 1146 59
786 553 21
946 1333 41
869 672 47
1365 368 73
1381 106 11
1765 1005 58
838 1158 35
1504 1161 42
141 221 11
264 1002 70
1764 828 21
432 805 29
15 1811 32
385 972 90
174 1589 71
1413 271 51
1489 541 78
949 266 47
1175 465 74
938 777 45
1401 1093 41
1058 279 85
867 880 97
928 1617 79
874 826 62
768 492 18
208 1089 17
989 1569 68
1685 1874 49
1738 1427 41
852 1167 86
824 326 18
661 71 20
1777 681 12
228 1850 55
1144 1189 66
341 316 91
745 353 20
452 1326 52
435 38 32
1724 1036 65
1535 1429 80
551 1124 77
1187 1393 66
733 573 59
934 176 14
827 98 28
1156 49 69
512 224 14
1109 468 72
293 550 13
1687 16 68
1477 353 60
1688 477 32
1393 812 43
1228 1395 90
946 1061 55
564 761 38
977 1182 52
1232 1585 35
768 1114 49
261 143 96
535 807 10
1700 895 64
1383 650 85
1029 194 91
586 178 53
1543 767 28
1047 180 56
794 993 53
1844 1221 93
1426 1154 16
738 448 38
346 1842 85
972 1114 70
1284 759 53
293 738 89
1219 121 33
0 668 70
1513 644 20
1452 1128 58
686 1726 10
586 1424 63
376 1769 99
677 386 45
1186 1099 81
1202 709 61
307 1693 16
582 1045 48
808 410 94
1521 471 32
1567 821 30
1653 277 46
576 1252 33
1252 1694 83
1127 1611 91
1137 1 65
1835 360 73
213 579 54
782 1064 54
1441 1524 18
1262 1522 50
759 1519 30
1313 1760 52
1133 1068 90
1044 865 38
143 97 38
43 945 21
1319 1352 61
1645 323 61
1147 822 98
1658 200 34
417 751 50
1213 241 89
955 659 40
919 604 31
1472 1313 34
564 1659 51
584 67 63
381 111 54
684 860 19
1782 767 35
1716 290 36
1074 1352 58
527 1525 14
1412 1640 84
940 1349 22
644 1708 59
934 474 64
263 27 14
708 1263 33
1782 1008 49
1579 896 48
439 520 56
1300 805 52
289 526 86
241 1520 46
1377 458 87
1294 158 60
511 1039 28
1531 1344 18
1814 609 93
693 492 83
118 1746 51
906 1371 57
1865 970 76
849 1413 29
1664 1589 86
85 1056 67
1361 1468 28
1828 1469 98
747 239 35
521 670 51
1756 870 36
825 1037 85
230 673 76
1621 755 43
1519 678 96
20 594 83
1635 64 61
1704 1404 33
1391 861 92
1741 546 30
1618 425 65
461 1245 100
1274 289 43
1437 709 89
446 1847 31
1177 955 88
1156 200 35
1163 1625 59
1817 1255 35
1024 1374 28
554 1139 27
299 390 92
639 252 69
130 1015 64
728 1184 56
794 811 17
1866 1191 44
1404 745 42
247 1683 68
580 98 35
1825 465 55
433 401 88
174 1519 63
1281 1609 60
1673 1116 85
1563 1035 58
576 509 21
1178 1422 61
41 1479 72
508 824 80
1036 384 16
778 1194 92
186 375 73
1830 558 66
1448 1144 28
104 1630 26
1325 870 24
1845 684 27
326 1805 70
500 516 33
1470 1386 16
139 667 51
791 709 46
347 1384 73
62 954 59
751 180 62
1749 812 37
784 1797 79
1512 464 70
560 1626 27
1579 464 26
791 715 25
88 1511 18
1267 378 28
1799 426 97
812 1372 97
1077 424 23
598 1829 55
950 694 82
1573 1530 90
515 483 98
1323 1696 37
1277 182 79
572 1457 42
1099 376 12
1314 63 82
885 377 19
237 1291 60
1271 215 46
1480 1608 59
1378 218 46
6 1182 55
132 1074 25
245 409 80
1570 555 11
92 333 21
1531 1484 43
1013 1625 65
388 1421 58
80 1016 42
1159 1573 10
1703 1089 48
1065 1269 15
1125 1030 60
1805 1349 49
1374 482 59
1697 1381 48
1728 978 78
470 1763 60
1317 559 29
706 560 35
279 1069 74
327 4 100
1480 1646 69
331 366 49
1776 851 33
1353 1618 12
893 652 63
1599 843 47
348 1011 13
1661 75 80
992 651 46
1860 475 46
1139 1604 93
1516 110 42
626 1297 63
188 1164 38
1245 390 14
1454 1416 17
740 142 40
1576 123 12
1116 758 64
1716 1265 83
969 1744 43
1686 545 35
962 1843 43
1661 1494 41
117 689 33
1023 1253 22
1769 1152 34
523 493 13
1217 122 93
1414 993 71
1631 697 22
1856 1563 65
424 1705 70
1114 855 63
1444 783 43
938 809 32
706 117 85
1157 1076 57
899 756 96
1845 203 46
999 1228 57
1830 659 14
1390 1154 87
1662 1426 64
421 1813 99
1040 545 32
1472 824 64
168 591 55
1397 1685 32
1810 1573 52
1527 1228 56
767 365 29
1454 1088 75
1667 1110 93
310 1010 29
1500 1873 64
229 1801 13
1319 130 93
1069 1795 42
617 1083 20
1330 1261 35
163 1779 79
815 1361 22
1676 1739 38
617 311 11
1544 823 84
1286 506 37
1395 1577 68
597 658 24
1134 275 26
227 951 41
1856 1014 53
336 1588 81
1024 277 89
1669 194 25
658 187 41
1354 260 46
1411 1396 40
853 1104 97
1838 672 54
1679 224 28
1856 82 36
1596 1157 43
872 1282 12
394 1172 36
318 263 59
1393 694 65
1563 908 44
830 1552 31
344 545 37
1248 1122 87
1025 141 67
788 1580 19
417 575 64
815 880 78
1485 1576 15
1653 598 52
1145 721 64
987 1742 57
1033 1294 44
797 380 56
332 1682 50
1091 606 28
1287 1068 42
302 348 54
1402 1406 30
1360 7 66
27 1591 31
1225 1607 11
1055 1537 37
173 424 50
1068 1791 33
1564 507 30
720 1469 23
1653 826 63
1812 1030 47
1618 758 89
1381 79 58
43 104 44
911 1164 73
1027 1713 95
1752 841 53
565 1238 96
1339 1534 94
371 1045 29
1508 1794 13
856 1360 27
626 1491 52
1377 1830 49
658 998 66
704 201 94
684 1705 67
894 1669 64
1440 898 32
769 107 93
1150 1367 72
825 315 38
180 49 33
657 700 61
1879 800 51
1287 808 94
327 852 55
1493 899 30
202 53 57
1637 979 17
1506 628 62
1396 1201 40
1731 79 67
334 64 14
192 709 12
500 286 30
610 1556 13
1097 853 57
1642 1319 49
1682 521 34
201 290 89
1483 344 54
1302 505 67
240 236 74
1532 938 39
1408 429 21
1474 652 92
1756 1495 85
1306 1392 66
1083 1301 48
830 62 75
1699 887 23
1541 1787 35
189 151 80
1253 1113 50
1319 758 43
1853 538 51
