89 1161
31 82 53
6 47 63
27 13 26
56 74 58
19 33 32
56 28 99
57 37 91
74 51 38
40 87 40
8 41 73
21 46 51
38 34 11
5 82 96
9 72 68
33 9 49
88 23 87
39 76 69
7 82 14
25 7 31
72 79 18
48 16 16
40 57 43
71 3 34
39 51 82
28 11 68
24 20 86
23 75 31
12 60 37
26 13 89
45 24 33
55 38 11
79 71 78
10 47 49
3 52 48
53 20 98
44 29 81
69 65 60
76 41 46
41 26 81
62 88 55
46 7 73
66 15 59
71 34 99
88 56 52
37 65 28
42 14 25
28 65 54
25 29 79
14 1 92
23 21 80
21 39 67
56 31 12
3 82 10
76 11 47
64 39 44
30 49 45
34 2 28
85 59 75
63 29 60
29 58 26
50 43 65
66 46 48
52 21 11
54 44 93
41 48 27
53 33 12
73 30 78
81 24 48
53 56 22
23 48 37
64 1 66
80 43 22
54 62 95
84 87 17
79 69 92
85 51 86
49 24 69
48 84 96
12 1 66
38 61 42
22 60 27
4 12 71
49 11 70
33 49 20
19 74 50
12 74 89
36 0 99
4 56 81
25 64 53
67 30 29
28 9 46
62 29 65
9 2 78
66 37 56
70 47 55
6 71 34
66 2 45
7 69 91
35 24 50
1 67 93
31 2 27
21 88 20
53 66 39
25 37 32
0 88 60
2 34 56
42 76 80
13 33 29
43 87 78
36 54 25
22 84 26
9 42 66
56 66 31
88 18 94
33 77 26
24 8 78
70 87 58
46 64 46
7 61 40
71 54 63
40 51 34
44 84 88
47 80 79
14 25 35
30 67 17
71 75 60
27 70 41
88 59 61
40 77 39
75 34 15
52 67 29
11 85 19
4 0 91
63 21 13
70 15 83
8 44 65
57 3 59
84 16 11
48 61 85
75 86 30
3 63 51
71 80 24
79 4 80
28 26 12
76 70 88
37 9 100
14 18 46
33 85 28
10 60 43
65 8 51
14 1 75
37 63 18
43 42 27
17 53 65
43 26 83
3 0 24
38 31 55
38 31 50
25 56 57
27 57 65
77 53 57
63 26 35
41 45 28
69 61 85
58 72 98
41 86 64
56 27 99
85 30 74
75 14 62
19 36 71
88 57 21
14 45 88
47 55 24
78 29 88
23 48 26
51 7 42
18 15 26
3 16 40
16 19 97
20 81 36
2 88 89
65 72 41
75 21 41
77 41 87
2 58 50
54 38 60
46 78 26
15 84 80
53 69 29
31 24 79
65 54 43
16 30 14
16 43 52
9 69 44
46 55 93
55 78 79
18 23 46
61 83 66
28 20 72
46 83 83
31 74 59
70 47 54
72 34 40
83 23 61
49 73 45
13 88 98
5 81 10
66 27 46
85 65 25
66 34 49
41 84 11
43 85 55
1 12 83
83 69 33
43 87 78
43 37 75
28 78 18
43 11 89
41 8 71
68 64 79
25 52 25
80 48 71
76 52 46
6 11 12
41 75 65
82 36 95
88 57 71
14 30 29
65 37 82
62 51 71
72 85 29
76 32 88
3 53 26
43 17 73
33 63 10
58 27 19
53 23 74
62 79 60
1 85 61
69 35 99
23 88 89
24 84 83
49 86 21
52 49 94
9 13 86
77 53 32
58 4 35
24 74 76
21 63 62
22 81 95
57 29 31
39 62 82
79 12 65
50 40 75
82 23 22
67 43 85
57 42 44
33 88 81
50 16 40
54 10 54
32 37 98
54 69 79
42 44 58
78 88 76
34 25 97
12 41 48
8 41 65
2 66 16
76 72 24
72 48 41
40 20 62
27 81 20
15 0 93
73 36 10
81 0 59
25 70 33
21 62 53
9 13 73
66 24 60
75 20 82
57 11 35
28 73 41
37 51 38
62 53 36
29 58 86
22 0 56
74 49 68
36 41 22
16 54 92
4 47 55
46 82 88
32 40 66
85 10 96
4 65 11
8 0 52
77 58 40
9 45 17
3 7 10
67 34 82
81 48 87
6 61 34
6 31 15
81 65 52
9 8 21
63 37 54
88 81 11
33 71 63
75 45 96
22 2 84
15 75 72
30 24 44
19 81 23
16 2 48
87 22 95
86 74 57
29 64 45
67 58 62
63 1 31
71 31 68
83 76 48
12 42 65
34 2 30
46 50 100
0 11 90
67 22 54
86 68 16
30 78 45
48 9 23
32 85 82
72 67 82
79 23 93
68 2 81
44 69 55
53 51 47
15 44 31
23 42 82
1 67 87
17 70 44
26 10 24
37 45 82
31 24 13
86 81 82
19 44 77
65 53 75
1 64 51
27 86 74
57 78 37
2 11 39
69 50 93
82 88 79
49 15 78
77 22 94
42 87 13
67 29 42
52 69 57
87 42 14
43 52 29
22 58 36
65 51 49
35 72 97
5 65 79
49 86 64
1 18 60
66 86 62
28 44 80
31 65 67
28 48 97
26 15 40
30 7 14
0 57 81
19 73 59
37 85 92
43 44 70
88 0 75
14 11 86
73 54 45
24 7 25
27 65 80
45 75 16
1 66 81
68 75 50
78 84 78
13 50 83
83 80 25
86 18 94
36 9 76
28 65 27
0 28 89
64 55 37
42 4 41
36 51 76
80 59 23
42 47 78
0 46 32
46 41 66
28 75 70
7 63 40
11 22 90
86 84 47
76 54 32
38 39 64
28 73 45
21 45 24
87 54 16
22 72 46
67 19 19
56 6 27
6 62 15
6 86 86
26 44 19
16 33 86
42 50 81
74 32 30
80 7 56
59 87 12
76 7 20
71 32 11
23 64 37
54 14 85
30 82 10
55 52 89
16 18 67
17 73 96
21 29 77
44 12 88
76 57 77
41 76 16
24 16 49
44 78 35
36 71 97
20 7 65
25 57 77
12 86 82
4 64 76
66 62 83
2 27 29
41 22 62
20 64 26
19 1 69
27 6 69
11 2 38
73 16 93
73 30 98
46 6 100
56 32 93
45 35 33
39 56 43
30 43 44
67 25 71
27 15 23
67 24 81
18 54 20
36 78 95
17 46 51
61 25 28
45 58 31
86 35 20
46 37 92
28 67 18
43 41 12
38 45 27
4 13 93
50 75 20
0 60 73
7 70 13
13 52 20
24 36 22
65 50 91
2 16 10
86 42 53
79 54 32
88 24 36
82 66 41
58 46 20
48 29 61
60 57 79
67 81 77
33 40 30
68 59 32
22 82 62
34 79 26
8 14 46
70 20 21
7 19 95
23 9 16
20 47 38
39 74 21
41 17 99
61 86 27
14 27 80
57 48 57
16 53 54
14 39 23
2 48 34
38 0 80
16 28 17
2 35 41
70 75 79
86 56 14
84 40 11
60 45 57
5 40 45
21 83 47
29 71 61
79 12 92
68 70 20
4 26 60
79 48 15
14 21 77
27 43 68
14 15 51
74 58 17
48 55 99
78 19 92
74 15 70
57 88 64
32 72 61
60 19 79
32 1 27
27 53 92
52 58 74
85 71 99
27 48 16
70 4 96
75 44 34
37 27 79
73 23 49
78 60 53
79 61 66
65 79 38
17 28 53
66 9 20
83 13 58
78 28 99
82 26 80
41 33 84
36 21 63
87 31 23
88 13 25
23 59 54
17 65 61
64 67 71
12 58 12
51 3 11
77 83 67
7 37 76
25 11 90
71 13 39
25 39 21
60 55 85
33 61 33
11 85 85
43 63 18
7 86 89
81 68 56
51 3 47
68 83 92
51 23 71
73 16 23
72 76 43
1 63 40
32 2 28
36 75 41
3 38 29
46 70 78
64 25 65
73 67 73
49 25 94
21 58 51
47 43 47
14 13 39
67 15 60
83 16 10
63 6 24
27 28 48
33 45 11
33 38 73
51 18 76
52 4 87
26 46 30
5 24 44
42 20 88
19 29 53
83 44 19
25 64 26
53 58 27
7 10 64
68 83 24
18 61 99
49 50 22
41 55 32
39 82 47
29 49 93
53 7 86
69 23 63
84 50 69
9 45 51
26 39 77
80 34 84
65 71 45
27 17 68
74 79 75
17 63 66
76 53 88
66 70 76
41 77 77
73 76 22
84 68 23
37 47 90
80 18 33
45 36 39
19 18 63
82 25 55
48 70 33
39 31 36
40 69 43
84 78 31
79 11 31
10 59 88
39 34 17
26 9 80
31 47 57
64 68 33
66 69 83
80 22 48
85 56 41
3 63 59
77 42 41
36 32 42
5 69 50
35 77 98
13 22 96
52 38 32
75 79 72
56 55 23
70 85 81
81 48 29
0 77 94
26 66 23
13 28 42
42 73 84
57 83 27
6 61 83
38 59 12
80 55 71
86 16 43
42 78 51
48 29 21
76 32 73
88 0 81
72 24 66
68 14 17
86 61 15
86 17 80
83 76 49
31 8 47
9 11 78
6 53 56
79 61 72
74 30 76
57 71 39
49 70 21
69 18 28
16 3 77
19 50 86
88 17 39
17 69 51
75 14 47
62 19 27
63 57 30
41 27 60
51 42 86
60 53 51
37 49 91
54 42 87
57 22 82
81 2 43
51 83 58
88 42 61
55 2 70
28 26 20
85 2 49
67 47 34
76 53 82
13 28 30
4 18 62
25 64 35
9 88 52
30 72 21
43 20 100
46 14 75
28 40 56
31 10 97
70 20 47
27 20 39
63 55 31
25 21 47
28 4 40
43 10 89
12 72 62
16 87 61
66 77 13
41 14 35
45 38 27
37 4 22
41 62 69
29 20 71
15 46 80
16 53 69
75 15 16
54 75 46
76 61 15
44 41 13
41 18 95
44 28 48
54 27 70
24 18 61
41 68 99
86 53 30
14 44 23
83 25 95
83 74 39
58 76 67
3 15 96
0 37 12
73 8 81
21 42 66
77 9 77
70 23 54
80 28 65
48 0 16
52 86 80
58 32 74
39 81 99
12 70 53
6 2 51
86 6 66
7 1 58
3 18 13
47 10 51
72 5 91
27 28 47
21 19 44
8 75 65
1 4 93
27 60 25
4 18 67
69 44 39
58 84 56
48 37 27
30 12 63
29 45 38
43 73 35
80 82 54
28 0 87
80 74 92
12 82 60
33 13 37
33 60 98
63 18 40
35 40 68
81 79 32
77 31 62
0 44 52
1 66 51
7 24 39
58 8 50
19 29 89
49 22 24
72 18 49
57 51 51
75 27 47
53 65 37
40 23 87
30 65 24
5 36 19
24 77 50
24 73 41
84 87 30
19 8 98
81 73 90
48 76 13
65 70 95
6 31 60
38 84 76
24 35 57
38 54 88
58 43 17
27 11 72
14 46 84
16 78 21
36 40 70
71 8 41
81 42 40
62 79 66
82 58 95
71 8 58
59 47 69
47 86 83
5 32 99
20 78 89
71 5 69
63 35 89
68 74 19
5 9 51
68 77 80
38 85 25
52 78 44
4 77 57
23 60 87
84 44 10
14 8 78
65 54 51
55 0 75
6 56 19
43 59 34
55 3 74
34 67 13
74 12 57
86 75 77
65 5 62
84 81 29
15 68 59
33 56 100
35 5 47
7 41 52
53 75 50
37 64 50
19 79 24
12 2 21
40 73 89
88 60 77
63 47 44
82 8 11
14 24 60
84 76 51
68 70 20
88 51 42
49 40 48
54 48 50
27 39 30
66 58 50
2 12 64
44 74 88
47 4 96
27 0 49
5 51 47
23 42 41
74 61 46
30 34 71
4 30 45
19 16 18
34 48 99
26 86 78
1 55 13
10 71 25
51 86 67
42 19 37
42 41 11
8 10 85
73 46 30
65 72 93
73 42 94
86 48 80
77 87 86
10 9 50
19 40 76
16 38 40
24 46 47
52 60 23
66 51 86
7 71 54
63 31 57
2 12 21
55 19 37
54 63 16
15 51 64
0 68 94
72 16 79
15 70 31
41 67 92
57 82 99
12 33 75
5 48 72
59 12 57
51 37 63
16 28 45
77 68 62
76 32 93
62 37 48
7 34 16
5 57 96
37 83 94
45 81 78
0 61 27
36 58 35
83 7 67
50 13 95
20 75 25
85 38 16
1 81 90
70 33 49
21 68 81
48 31 17
61 2 78
29 17 64
9 4 100
9 56 61
34 54 84
40 47 65
50 65 78
86 14 93
22 17 53
66 14 26
59 58 78
56 1 93
46 2 82
49 69 79
52 70 94
6 39 19
54 3 58
4 74 22
73 26 50
16 31 74
51 82 45
50 42 14
81 15 64
11 26 100
35 5 77
31 16 22
40 0 62
63 47 45
48 4 65
1 59 12
85 18 81
55 27 26
19 47 90
30 47 76
53 78 47
48 67 77
61 87 96
0 4 53
15 21 79
25 20 59
24 46 37
50 28 31
37 12 55
88 35 40
34 51 52
27 1 72
86 75 57
54 24 22
72 49 62
80 14 88
44 34 12
12 28 60
62 8 82
26 55 28
11 80 37
23 68 68
2 4 31
13 12 17
78 81 79
85 4 86
86 72 99
27 40 15
39 45 10
18 26 77
50 71 40
62 32 67
14 43 98
47 70 82
29 0 34
29 68 13
88 67 41
51 73 63
8 25 84
38 57 50
84 22 40
76 83 99
84 35 11
80 88 28
6 68 98
82 61 42
32 42 96
2 38 62
8 71 51
45 51 21
7 34 32
84 39 64
46 52 84
45 74 61
16 12 26
78 88 21
33 79 24
11 42 86
32 25 59
67 43 41
68 37 80
50 34 58
38 0 21
35 85 30
38 57 81
71 44 92
0 15 55
48 67 29
18 17 12
62 76 42
17 28 47
27 30 49
35 78 60
64 0 31
13 26 83
34 2 13
38 17 10
43 65 36
20 82 78
65 78 54
47 88 94
55 68 95
6 46 94
26 32 47
69 73 70
20 7 32
2 62 80
20 40 78
82 2 30
4 27 11
47 10 93
13 52 66
76 34 83
44 8 51
21 37 71
4 52 69
44 18 42
50 0 67
7 25 23
54 50 76
88 3 81
76 15 63
22 86 78
81 88 88
47 76 35
58 8 50
88 83 54
3 38 20
69 7 59
67 87 76
85 62 17
44 22 21
53 64 62
19 33 21
21 24 53
11 36 67
21 11 81
9 66 92
35 6 73
8 58 28
81 15 74
44 27 77
16 67 67
64 58 46
62 39 95
41 83 73
67 72 99
2 11 54
62 8 100
29 83 99
10 14 92
37 72 86
71 8 64
76 84 18
70 50 72
75 41 24
68 2 21
63 33 66
1 77 45
10 6 20
42 1 59
11 46 40
68 78 95
33 50 75
84 8 94
44 0 46
37 69 51
70 12 68
51 6 83
7 61 50
12 47 41
16 15 36
82 76 87
61 12 38
20 30 35
57 54 35
65 13 23
8 40 31
51 15 73
14 74 26
69 66 46
81 32 73
72 44 64
45 41 33
66 67 53
4 33 20
46 51 98
13 34 65
62 60 21
25 42 63
42 57 40
53 72 71
14 76 31
38 42 86
82 44 72
40 11 47
56 83 11
48 2 65
33 48 19
11 51 51
72 60 53
22 47 56
16 40 83
41 55 31
24 19 47
33 50 92
62 76 90
56 57 41
67 59 28
75 60 29
27 63 51
2 36 82
10 38 36
20 3 21
17 10 39
38 32 93
79 58 79
14 38 19
39 46 26
11 19 17
2 36 76
85 40 18
45 51 70
47 82 52
44 80 87
40 69 92
39 33 42
38 88 66
38 25 38
31 80 27
16 86 81
68 36 61
54 68 78
37 9 56
48 71 80
38 13 79
58 49 63
31 75 57
81 6 21
39 62 14
57 54 25
67 36 49
45 57 83
