274 8726
90 13 58
130 167 16
82 75 64
236 15 82
104 148 87
189 38 46
192 187 49
200 184 72
96 126 87
0 103 89
150 245 19
237 30 10
264 0 91
83 249 30
195 188 74
258 118 77
110 208 73
235 183 17
195 26 64
35 173 32
107 123 41
189 93 62
158 215 81
88 271 87
210 242 40
86 208 87
63 40 71
165 7 33
250 136 42
199 13 16
269 271 68
188 244 58
9 131 18
131 17 88
165 243 49
56 227 70
216 208 65
218 42 14
214 175 59
245 52 48
31 80 73
146 187 92
114 54 19
42 98 54
106 212 41
127 147 24
108 104 13
142 111 55
163 113 80
38 204 64
243 163 81
78 110 73
207 4 14
138 134 40
8 246 39
234 264 95
66 212 81
153 198 52
145 15 49
194 184 83
177 92 94
30 175 55
44 262 71
219 5 44
211 114 58
137 154 82
262 147 90
63 273 58
72 188 67
151 84 16
244 90 77
122 184 98
183 31 88
216 253 43
237 166 20
149 157 10
53 102 42
186 37 73
255 176 21
67 249 23
170 218 73
195 217 98
73 39 22
73 131 67
89 118 40
260 203 45
191 262 30
247 92 22
179 121 60
9 0 77
224 253 60
86 214 40
228 114 28
89 105 76
70 165 57
261 141 38
259 194 18
98 131 58
170 240 53
114 254 46
151 226 62
134 208 24
152 127 89
199 220 22
237 271 29
160 188 49
208 179 17
182 249 11
222 33 45
108 180 58
0 201 34
10 29 43
186 59 76
159 177 85
8 2 13
51 58 17
173 236 50
9 2 21
142 90 76
248 80 77
256 21 58
191 179 29
133 18 27
42 193 73
131 104 23
265 109 31
233 270 67
70 207 75
43 109 52
268 62 11
114 98 66
148 172 100
271 91 24
230 71 20
234 223 79
53 67 32
217 20 37
171 30 34
269 186 62
136 96 82
249 77 44
255 228 24
239 164 70
236 262 54
238 124 83
123 143 22
77 24 70
156 171 47
246 133 12
134 85 97
209 100 68
221 245 42
171 150 48
100 23 92
115 201 21
246 65 29
107 94 83
132 185 12
59 19 64
105 85 57
214 106 89
167 45 64
171 99 97
123 0 45
144 42 66
113 48 84
18 204 28
49 19 38
161 48 44
253 61 14
108 3 23
82 244 39
218 49 81
243 96 14
20 252 50
271 79 82
156 180 13
266 39 40
89 189 72
92 177 55
179 133 63
263 68 59
68 55 73
192 42 26
268 236 47
100 209 71
171 53 22
186 226 24
167 6 97
134 191 13
162 43 100
195 218 91
161 215 77
162 57 12
32 255 93
257 258 15
10 205 41
77 132 80
65 202 63
29 11 70
182 62 70
155 24 56
190 126 58
199 231 17
256 206 28
86 222 28
259 31 26
128 91 96
148 268 16
47 117 26
145 129 24
71 0 29
108 158 25
94 268 72
271 42 85
111 165 44
147 84 84
6 131 94
263 160 42
145 90 18
10 135 70
100 155 51
15 163 59
133 56 50
22 251 38
70 117 83
228 148 56
232 157 66
6 111 22
230 120 42
104 24 51
190 157 57
26 227 51
174 123 12
246 107 93
145 127 50
234 109 37
208 164 82
90 244 51
262 19 26
115 189 93
210 166 79
91 108 20
241 207 72
179 94 60
15 109 13
252 246 86
153 14 49
188 235 60
115 259 88
223 100 28
221 22 63
29 24 19
52 22 14
93 67 25
203 190 60
137 160 34
223 105 16
234 79 98
43 149 68
123 99 35
158 199 51
132 26 81
246 34 37
87 178 38
72 147 50
146 196 39
26 211 79
158 106 100
74 121 20
211 28 43
1 150 73
172 19 80
270 244 84
158 145 21
211 245 29
182 2 89
221 257 72
167 212 46
117 194 22
11 95 71
38 41 34
210 96 11
36 98 31
8 180 80
13 86 15
250 251 40
255 203 18
120 115 43
155 242 21
229 70 34
248 125 12
68 164 98
114 59 58
156 38 42
28 127 93
214 151 94
26 259 12
249 144 92
210 93 53
85 202 93
214 209 13
165 136 10
84 2 61
197 180 62
240 252 25
38 36 65
99 156 72
11 38 71
72 90 21
220 188 44
78 79 11
254 178 58
260 163 88
209 140 100
127 255 13
197 133 10
22 148 28
171 89 62
156 234 12
130 265 41
164 104 15
94 53 72
123 189 62
190 112 100
96 40 14
246 137 85
95 93 96
60 121 70
179 177 62
225 183 76
116 76 30
70 72 70
100 67 12
94 237 66
86 58 50
72 250 27
264 23 52
153 27 23
147 173 95
254 24 70
30 170 93
261 249 75
144 195 19
90 118 98
80 251 53
166 160 23
172 157 54
124 204 94
118 110 70
93 114 81
263 130 53
156 105 36
213 263 90
268 132 92
5 185 58
51 116 85
148 20 70
56 87 41
40 237 25
251 25 77
112 174 29
90 97 24
31 142 58
125 200 88
42 186 42
1 115 33
148 256 29
121 236 12
55 27 24
32 82 98
102 137 68
182 165 20
165 185 79
38 86 53
54 53 89
179 251 53
264 56 11
193 116 48
209 1 66
184 104 80
90 102 22
98 15 58
235 102 79
40 83 100
105 55 89
30 107 14
32 79 10
255 89 17
0 247 54
192 217 74
99 44 34
147 183 35
182 254 84
97 52 51
150 164 69
227 155 39
164 116 52
190 37 30
150 17 33
9 25 97
186 143 92
115 209 92
212 74 27
70 82 49
209 97 46
218 97 66
221 115 51
155 28 69
269 163 22
35 38 81
50 187 100
240 155 78
222 53 52
205 90 33
217 201 22
32 31 83
146 232 83
207 237 60
152 91 65
86 31 46
182 77 70
271 183 90
178 95 30
196 167 73
76 220 51
85 96 30
3 246 50
140 142 79
113 145 22
222 26 63
237 267 19
207 112 23
96 269 88
56 169 89
218 202 53
64 236 44
134 73 67
205 9 89
55 94 38
13 28 40
66 73 47
215 132 13
204 272 58
49 250 99
89 59 83
210 197 38
141 254 66
203 206 73
0 96 79
262 208 94
184 193 53
189 49 41
166 108 79
89 54 74
251 270 64
35 246 46
259 165 73
271 46 92
136 102 45
224 194 29
133 31 13
45 249 25
136 219 41
45 143 59
68 196 14
136 230 21
254 163 97
160 47 74
172 184 85
58 78 18
77 209 29
210 70 11
158 68 27
264 89 77
133 89 33
153 244 94
17 205 17
87 141 77
160 230 75
185 182 26
38 239 71
115 220 94
122 195 99
129 9 56
207 31 97
229 219 17
201 95 62
43 25 43
89 219 19
0 106 65
29 198 98
183 9 46
36 225 31
192 31 100
3 212 85
79 236 17
77 88 74
136 96 76
66 159 30
48 24 70
178 117 17
39 133 97
4 67 20
268 176 56
130 146 79
232 215 23
167 20 41
252 216 11
212 16 43
10 166 83
101 261 64
72 259 88
248 259 10
227 187 53
242 241 18
231 44 43
253 8 49
105 116 56
266 15 29
22 121 84
115 68 97
249 252 70
122 259 43
27 239 13
200 16 92
230 5 59
46 175 22
56 11 83
178 54 16
3 227 47
9 79 27
80 86 43
82 173 80
131 4 10
50 93 97
45 137 47
154 113 73
70 178 66
213 217 40
159 232 52
46 91 78
67 269 60
178 164 92
83 268 16
120 148 81
108 57 30
227 113 97
21 6 15
230 105 70
66 148 17
166 186 74
234 85 87
176 141 10
115 238 20
96 246 74
192 253 12
47 216 13
187 27 70
158 9 16
251 60 44
161 191 30
158 9 80
175 96 96
186 191 84
240 173 62
204 135 54
14 56 10
183 210 13
141 192 14
6 220 80
119 246 17
155 248 40
247 195 11
4 163 16
210 83 31
13 259 70
120 201 61
134 10 34
31 161 26
233 9 85
198 231 17
220 205 31
0 30 21
188 218 32
168 83 56
89 60 94
143 208 60
53 126 11
159 113 16
95 148 73
37 165 67
26 148 33
271 105 88
136 63 72
126 92 33
187 32 46
263 9 77
224 35 91
171 211 71
183 245 39
228 198 56
192 83 35
266 49 83
45 204 83
262 169 68
119 6 99
40 147 64
268 136 77
21 198 47
84 183 56
266 253 63
199 215 80
251 237 93
155 211 46
28 62 55
89 113 75
88 136 62
84 48 59
145 32 61
1 3 77
195 99 62
270 11 57
105 252 20
205 160 83
243 223 88
138 5 19
88 140 46
81 142 25
159 110 26
245 272 98
113 103 58
132 134 23
36 92 68
35 264 12
240 9 71
5 193 14
139 241 66
94 151 29
94 62 30
86 189 27
37 98 32
28 72 82
55 214 81
65 47 78
150 19 62
99 10 38
272 266 75
223 96 31
84 233 95
191 46 90
87 38 71
170 81 57
57 17 89
92 99 100
130 171 76
142 163 82
132 157 18
164 25 46
237 29 67
211 122 90
237 104 85
174 147 90
77 157 58
206 4 92
10 211 61
103 149 99
229 153 84
273 243 39
90 17 59
229 9 37
93 53 76
120 166 10
141 162 59
48 225 71
196 268 50
19 116 60
161 177 98
222 14 64
38 103 35
24 273 74
94 211 26
213 121 82
5 70 66
246 90 76
15 20 50
140 171 90
132 135 48
90 239 20
69 141 82
49 1 94
110 163 82
108 30 84
228 69 45
213 62 18
62 74 19
229 137 90
179 239 71
180 196 51
231 49 21
108 252 87
147 251 85
254 3 73
54 271 23
32 82 25
92 150 16
59 44 73
103 66 96
148 215 43
58 267 99
214 144 43
61 106 96
270 29 62
15 178 24
44 175 71
202 12 82
151 19 82
14 54 21
253 251 46
174 201 93
100 36 70
48 144 56
137 29 10
164 149 65
120 137 36
140 24 63
227 147 55
70 83 48
248 97 66
21 170 48
57 31 74
128 29 33
217 83 81
268 121 33
97 60 91
103 241 34
149 232 36
155 120 23
6 63 26
99 179 84
154 254 43
59 104 50
207 130 42
62 12 80
8 84 27
212 198 48
55 272 28
26 113 79
211 163 48
271 57 38
123 196 58
62 6 96
72 116 72
254 155 16
27 148 43
141 53 84
260 225 98
55 75 44
50 155 44
20 247 35
207 22 98
171 246 48
259 74 15
35 39 84
190 259 54
126 171 82
132 99 80
111 117 60
217 102 35
196 75 54
214 63 98
37 215 91
102 48 31
232 35 57
105 269 29
192 28 53
243 181 52
89 232 51
192 83 83
183 146 38
44 96 39
114 154 87
229 27 39
44 260 90
258 2 30
42 239 43
231 32 17
113 241 56
272 251 41
64 229 21
247 0 19
111 143 16
62 220 69
258 186 87
185 107 88
20 204 82
139 123 97
71 123 29
145 243 76
87 117 70
112 82 94
92 82 53
168 126 93
224 1 15
89 52 76
86 94 39
242 44 84
137 53 59
193 258 55
150 79 55
190 158 99
76 19 94
217 45 92
100 62 16
4 151 87
31 260 55
129 269 99
53 82 89
196 195 35
212 92 41
252 88 39
153 259 30
136 57 40
264 5 89
31 242 45
101 159 69
144 137 54
26 112 67
253 149 38
105 46 50
163 234 46
247 72 62
109 238 74
65 183 95
65 170 34
137 86 95
115 118 48
199 235 32
208 122 85
218 65 29
0 127 55
155 109 25
105 13 90
117 73 48
129 207 49
225 217 49
204 267 81
42 234 53
75 150 88
64 92 82
132 91 23
234 204 88
184 194 49
270 137 85
218 122 100
123 78 16
108 245 16
233 216 35
258 176 88
107 250 47
189 136 79
108 122 80
132 273 32
110 17 30
41 76 96
127 217 38
128 173 25
215 128 77
56 228 32
169 187 22
31 222 60
10 216 56
207 161 95
209 11 75
218 160 88
220 188 74
242 146 47
156 123 14
148 84 43
21 147 76
6 191 42
113 51 50
210 16 65
224 260 49
196 159 36
267 21 56
29 66 64
167 262 19
87 72 20
166 141 85
17 46 38
161 270 22
203 159 36
212 79 16
251 247 28
55 197 100
272 211 99
211 125 73
125 37 32
211 29 53
75 177 37
66 267 68
57 18 13
111 40 24
208 94 18
267 223 89
116 211 91
125 242 16
144 243 24
195 142 25
264 228 69
73 217 72
177 142 70
51 241 92
52 78 28
74 118 62
76 95 40
206 233 68
87 240 59
205 121 53
18 147 74
13 44 16
214 251 73
157 3 96
148 134 61
30 262 40
236 100 94
95 253 20
88 74 46
268 3 70
154 5 52
70 69 74
209 135 100
156 99 79
138 199 31
196 175 41
13 174 66
155 5 66
184 138 100
0 206 54
202 221 19
191 175 20
109 68 54
13 139 100
249 181 37
219 72 65
133 41 11
94 110 26
90 68 88
131 50 84
126 260 65
189 132 32
82 24 99
253 256 28
101 43 12
269 149 28
31 16 59
126 179 33
58 115 21
40 205 33
184 252 16
106 143 93
192 225 78
92 250 38
213 144 85
220 191 44
71 270 67
180 64 100
54 213 56
45 221 77
102 193 88
254 10 14
23 142 45
131 111 59
253 243 84
181 75 49
74 239 46
184 209 91
106 190 57
5 122 46
134 116 63
220 70 50
153 25 68
140 27 81
134 175 14
153 166 91
256 255 75
91 258 69
24 196 64
105 148 37
163 242 29
245 77 15
0 169 71
220 114 54
173 154 95
58 95 72
72 251 57
139 134 99
11 163 25
56 231 77
191 44 64
175 9 43
215 241 98
199 243 20
243 258 17
244 12 21
95 143 60
195 224 50
48 187 35
220 234 77
115 189 24
182 227 24
89 71 26
42 125 48
32 25 87
234 152 40
161 138 86
271 212 100
27 268 31
196 94 67
261 70 39
239 145 27
249 135 87
84 66 53
129 151 22
177 137 20
247 8 81
5 37 99
227 120 37
10 139 83
161 139 51
186 133 69
143 163 93
65 34 29
206 165 22
37 17 58
187 198 84
102 164 27
181 264 47
22 80 32
24 195 64
126 153 55
62 244 10
205 230 48
5 161 36
199 49 41
200 135 100
60 89 96
81 119 80
251 28 28
259 171 31
55 27 91
115 143 98
10 240 59
77 169 69
229 202 15
160 226 73
204 92 50
217 85 23
95 123 65
239 250 60
69 270 88
56 70 60
250 120 16
244 265 34
195 80 59
266 271 93
18 130 87
227 66 70
22 269 89
59 29 12
45 156 29
38 133 98
26 69 65
162 92 84
181 14 53
144 194 57
220 42 96
110 252 11
172 70 28
146 69 52
108 64 31
59 19 30
173 20 68
41 146 65
229 186 81
125 29 14
135 114 33
83 134 24
246 165 18
2 212 97
52 220 19
173 117 79
66 216 23
11 201 28
237 107 74
216 46 54
35 120 54
43 193 73
36 85 51
43 173 21
41 261 87
95 94 25
125 132 98
32 92 52
56 184 53
35 40 38
127 136 37
220 26 45
150 7 45
135 210 79
59 233 95
222 136 29
237 35 51
187 169 53
180 212 19
1 51 78
66 104 78
177 107 61
250 153 21
187 268 13
172 171 98
167 11 22
157 249 74
22 108 41
53 189 43
198 51 25
147 92 59
183 109 34
67 270 20
227 9 84
49 58 45
223 246 59
245 253 51
216 269 51
55 138 40
108 263 49
116 8 79
269 120 47
255 47 85
173 128 71
12 40 78
150 66 91
124 195 25
113 153 44
261 209 96
128 55 40
142 258 61
104 233 13
114 198 84
161 17 93
133 159 100
59 238 10
212 137 56
212 80 22
123 147 51
216 179 86
29 25 61
67 240 71
229 200 37
141 106 80
36 157 70
201 58 95
254 220 73
87 47 12
26 169 38
147 203 13
80 193 30
20 124 87
151 96 82
90 154 86
25 125 55
211 193 48
90 211 45
193 138 67
160 240 72
135 267 53
194 173 37
76 105 74
27 158 16
3 271 70
132 140 57
31 266 34
213 171 12
175 49 24
262 268 21
247 72 79
204 263 38
152 104 27
2 123 85
189 141 77
71 95 39
92 21 80
128 148 20
53 237 16
191 220 36
8 17 32
104 155 15
136 175 79
163 1 76
29 66 65
28 183 44
258 17 73
62 81 20
263 164 19
220 205 100
115 165 87
160 70 97
71 240 70
26 242 12
117 62 44
259 97 44
254 38 97
147 149 71
16 191 72
171 71 12
99 1 26
141 86 56
264 59 23
187 49 25
166 170 100
86 124 64
188 6 61
168 111 30
61 120 88
86 73 81
175 94 23
259 219 34
96 140 53
78 42 82
217 45 54
68 88 91
196 77 12
6 186 100
253 218 42
242 68 71
243 176 19
199 112 94
7 98 100
82 105 78
175 214 41
226 34 22
223 25 17
151 5 65
35 261 30
74 182 24
139 167 49
169 255 15
107 109 89
116 168 62
250 222 50
62 86 55
191 107 15
254 265 95
107 215 32
259 115 13
0 109 40
213 185 62
59 216 98
222 126 11
223 214 80
49 52 54
118 7 61
51 36 77
222 271 34
147 90 47
123 55 12
18 176 14
199 230 61
144 196 59
155 229 41
111 168 69
139 149 32
103 97 17
76 220 39
211 134 22
10 95 15
128 62 41
14 92 79
23 151 40
245 209 71
3 241 66
203 229 43
223 203 32
212 48 74
73 193 31
196 161 100
183 193 21
203 142 89
185 85 72
71 39 91
122 265 80
192 268 75
181 187 83
44 96 52
35 91 14
161 243 80
119 253 79
115 146 22
168 164 93
72 15 65
133 142 61
26 38 66
141 109 65
66 47 86
70 169 89
115 151 91
76 169 19
175 127 91
129 6 67
55 144 18
78 54 82
260 112 75
267 142 74
48 22 61
135 237 31
119 122 81
61 9 86
106 269 12
27 85 17
57 79 90
40 253 26
42 37 31
75 11 38
222 126 27
2 235 62
126 129 79
26 4 56
177 213 33
7 42 44
245 56 11
151 2 78
43 71 65
138 40 23
250 176 17
125 236 79
228 234 80
99 192 80
38 202 34
58 105 33
44 151 71
186 89 62
104 4 41
48 8 96
233 208 82
266 187 38
35 234 24
36 17 52
73 14 32
28 126 59
148 179 21
70 77 59
44 200 93
157 2 51
206 3 11
54 124 64
48 50 78
219 143 93
26 201 33
67 19 65
84 266 83
198 101 51
125 231 70
229 54 23
127 151 37
273 68 74
7 272 82
156 47 93
201 100 51
150 68 42
264 114 70
144 84 68
255 194 62
249 176 83
182 143 60
197 231 68
102 187 72
272 34 96
192 196 45
117 208 57
245 5 26
157 103 51
98 252 96
223 55 59
204 31 33
87 187 30
249 115 49
231 8 50
1 213 72
78 26 67
238 70 16
272 128 26
47 272 69
120 75 58
75 252 21
160 9 44
50 217 86
113 86 16
142 0 29
20 86 43
116 219 21
158 165 24
152 192 52
200 184 90
162 174 84
152 142 56
72 159 11
239 259 77
145 223 76
63 77 90
132 210 23
4 152 62
218 128 17
183 265 62
69 19 87
173 119 86
214 152 62
27 86 76
149 190 42
235 133 44
259 2 85
107 239 14
71 78 90
0 199 65
61 169 67
267 67 84
3 41 77
218 192 74
218 256 56
45 111 82
228 149 54
268 80 44
71 169 12
232 15 86
251 170 85
269 229 49
119 30 12
128 270 48
98 241 33
198 124 63
142 194 60
189 223 49
56 196 84
141 170 63
183 172 79
90 57 44
168 202 11
137 27 63
141 197 93
97 148 38
132 198 68
61 191 58
258 144 31
87 62 27
191 202 20
221 10 79
91 77 28
199 93 53
256 94 24
157 249 33
11 90 19
25 217 50
53 179 83
186 153 14
230 163 42
72 128 50
146 172 73
66 264 82
6 108 21
221 18 68
86 83 85
151 217 54
203 62 98
206 110 72
24 109 92
176 183 41
84 198 86
260 74 89
74 68 83
196 216 77
228 147 80
55 104 84
73 9 50
263 103 64
81 232 12
93 48 73
105 111 16
44 224 22
251 78 91
164 152 93
72 54 29
57 126 12
16 150 78
263 24 39
156 145 100
86 229 95
118 171 79
140 61 33
165 37 79
151 48 54
187 35 82
126 102 29
225 255 22
154 211 70
139 207 38
166 210 62
133 37 56
129 82 61
229 259 72
182 259 44
50 23 91
255 82 68
127 240 18
30 128 80
142 104 56
185 27 71
157 33 25
133 82 34
46 267 86
20 227 73
271 15 95
50 85 12
151 58 22
90 155 43
133 90 23
72 53 89
254 136 65
127 228 39
229 106 82
128 120 82
81 39 56
90 135 79
114 183 14
270 8 89
79 209 54
241 28 62
150 200 13
135 228 78
49 72 57
68 230 95
145 154 85
192 83 52
163 67 49
41 155 38
215 263 27
83 172 46
112 181 89
210 180 74
168 171 35
178 254 59
112 254 63
204 11 37
220 133 73
159 253 65
148 144 76
273 109 73
211 104 19
66 256 14
102 189 18
260 63 55
168 109 75
185 238 79
168 158 76
73 121 66
161 163 79
118 98 64
91 20 62
193 40 93
59 74 69
151 237 50
77 205 73
271 19 51
114 108 91
166 47 34
38 171 79
242 206 27
264 55 56
114 69 67
71 23 96
147 270 87
119 122 81
258 183 51
33 45 93
12 170 42
266 223 50
58 229 12
92 37 38
241 128 41
173 102 70
69 95 15
142 143 46
193 183 27
72 187 58
25 13 29
61 145 42
264 65 47
235 239 89
204 86 63
63 160 99
265 198 26
21 270 32
113 19 76
65 154 39
234 270 21
204 177 98
80 270 89
216 161 80
129 199 57
24 222 27
172 218 98
47 34 100
75 20 28
107 111 46
28 75 28
55 29 37
246 252 28
253 194 87
255 34 66
201 145 53
141 18 35
7 23 19
141 88 56
228 191 85
177 113 16
48 147 14
111 65 53
79 55 85
197 244 57
158 131 99
64 136 49
260 169 67
270 87 92
190 209 92
255 152 71
58 68 24
54 93 38
93 223 83
136 16 32
30 166 99
267 58 86
105 256 53
44 46 11
195 89 80
109 6 13
119 74 48
96 218 11
76 136 81
193 177 100
137 226 97
219 22 58
103 86 20
254 205 11
210 170 82
214 187 87
143 215 47
71 130 13
218 102 13
130 73 36
190 116 29
249 113 87
139 1 99
246 176 71
155 122 49
29 218 74
156 140 26
39 49 65
128 257 79
32 222 90
207 126 68
267 237 79
51 182 35
54 127 17
100 69 58
177 242 68
168 73 42
29 121 45
109 263 65
138 122 17
142 132 82
239 7 64
265 242 82
177 159 41
265 99 44
140 78 88
71 154 47
49 237 44
56 206 16
118 93 11
264 209 47
183 137 13
66 115 13
39 248 19
29 182 79
222 61 96
158 184 29
56 113 13
221 125 40
120 136 18
184 126 88
195 110 62
21 242 86
3 40 83
193 111 85
181 64 98
222 18 12
247 208 80
185 100 85
267 221 17
26 266 38
73 67 23
149 51 76
86 67 21
237 229 41
226 169 73
128 114 69
257 149 87
183 0 33
85 16 63
100 25 31
91 255 16
206 49 53
145 80 31
24 256 22
270 223 88
75 260 97
84 18 20
183 242 60
242 244 81
28 91 70
245 10 92
50 259 87
44 3 41
121 151 11
130 148 84
176 181 38
76 123 19
78 31 63
43 100 43
38 247 37
135 82 18
8 227 36
172 70 96
92 187 67
140 100 44
171 211 89
141 263 26
87 5 18
243 113 38
135 154 20
272 166 11
142 272 74
240 215 37
55 153 58
238 154 60
8 68 19
58 44 88
196 111 19
224 188 34
54 44 44
32 201 94
173 148 51
197 126 10
239 21 16
244 144 70
251 106 32
253 36 97
41 152 20
232 55 67
271 50 81
186 25 16
195 230 12
212 93 39
224 11 46
177 171 95
242 250 21
157 139 40
241 196 72
61 182 47
258 2 70
75 148 49
250 212 27
99 45 39
100 2 52
252 35 59
46 33 43
34 45 17
262 36 88
159 23 58
37 128 31
210 198 13
158 163 71
103 18 87
243 1 34
231 209 13
54 144 14
268 106 98
111 74 67
113 122 32
118 36 32
17 270 68
250 69 93
66 6 17
216 246 33
80 216 60
77 57 82
112 92 32
198 40 89
244 186 11
135 49 40
16 10 87
192 25 96
85 115 55
158 212 90
201 127 40
140 210 12
224 149 76
119 69 41
112 192 54
64 247 100
232 198 30
110 159 96
87 152 16
130 247 74
30 37 12
87 140 65
187 172 17
158 191 78
131 268 77
153 75 46
19 262 43
198 151 24
82 70 78
38 177 94
22 94 49
256 115 14
212 27 82
214 196 36
168 63 40
45 92 42
176 40 94
176 255 53
166 146 24
15 267 21
262 215 75
263 247 96
148 141 31
269 38 36
76 165 43
201 167 78
220 267 93
253 96 29
136 235 54
206 135 59
69 155 45
35 109 40
145 0 23
27 154 15
272 177 16
7 77 65
259 119 57
221 164 13
116 107 49
144 229 42
106 233 61
231 155 27
206 257 34
193 217 36
237 129 76
236 246 90
34 240 39
229 107 89
96 212 81
207 170 66
127 80 30
40 170 91
261 230 86
28 73 81
41 192 25
263 150 12
250 90 16
0 188 24
189 208 43
255 3 93
195 109 69
209 126 62
243 172 28
4 161 84
163 119 54
48 210 75
211 148 26
50 191 52
212 190 99
266 90 93
199 128 63
189 42 41
84 41 73
268 104 65
158 195 15
152 237 65
79 131 25
7 173 16
136 35 95
143 47 79
12 66 68
34 99 65
97 168 24
33 231 96
228 253 87
85 198 40
259 161 59
159 252 21
21 32 69
79 129 90
257 87 71
199 33 32
197 104 12
27 114 33
46 1 32
172 145 15
104 68 95
105 64 93
86 60 91
202 141 35
68 30 43
30 85 57
10 124 45
54 150 24
234 169 35
190 137 35
4 245 28
149 102 82
63 264 55
214 193 33
27 74 26
242 176 95
268 226 43
230 71 47
178 137 92
248 21 24
60 88 99
142 255 80
124 60 20
54 13 100
65 66 51
249 105 95
258 75 50
41 17 93
247 154 32
49 164 45
0 45 89
142 273 20
24 157 20
128 71 48
56 80 69
139 94 43
127 8 39
265 261 75
104 90 54
216 109 26
31 270 78
269 56 60
202 159 20
183 164 55
0 101 30
26 85 59
236 144 97
221 215 28
158 106 92
257 153 17
146 194 51
137 36 42
56 218 17
72 38 100
112 195 17
236 53 68
166 250 72
76 33 54
77 122 62
42 234 65
12 34 42
121 88 46
86 98 83
53 248 26
148 120 25
235 8 72
69 92 74
133 165 76
91 187 27
189 242 21
2 91 89
130 2 79
202 142 11
133 180 100
154 179 71
104 251 56
74 91 71
6 254 12
78 116 71
248 99 47
139 122 92
64 121 22
172 197 31
52 85 28
268 207 69
208 128 25
6 87 33
272 13 76
142 268 59
129 231 51
120 168 33
262 181 79
123 74 27
65 14 48
248 213 84
94 118 80
206 187 31
261 264 40
140 272 64
201 182 21
92 182 77
128 114 43
91 194 81
76 103 30
81 24 31
143 196 36
247 96 48
140 261 88
90 145 37
201 247 64
202 268 56
232 124 52
143 243 88
272 100 56
28 112 54
157 269 27
147 96 12
156 45 69
48 94 28
62 61 41
60 124 79
95 242 63
7 147 100
127 131 47
157 11 21
113 215 42
212 168 37
218 165 15
190 182 35
45 27 45
272 265 91
68 123 14
168 96 78
156 68 16
36 140 29
193 224 52
14 30 66
4 232 30
25 195 55
145 147 58
191 266 57
60 16 15
229 132 10
65 267 53
214 50 41
5 107 50
226 42 24
140 185 31
14 178 82
120 99 89
79 89 21
249 75 77
68 253 33
144 157 12
272 29 48
19 197 80
164 216 10
183 63 64
91 104 19
153 273 78
30 186 67
269 246 73
242 251 68
10 109 87
201 112 38
256 106 71
31 137 91
271 268 38
79 19 12
26 160 48
18 76 70
77 48 65
13 63 64
20 8 23
133 8 99
80 50 55
231 201 69
261 230 66
179 173 10
110 168 58
129 180 57
201 122 21
132 191 94
182 164 16
6 41 89
272 70 79
139 202 19
14 231 65
191 142 91
147 174 34
150 140 82
224 194 41
167 76 13
168 4 41
258 176 42
247 26 93
203 135 38
54 61 45
211 18 68
253 228 11
194 53 96
83 233 86
175 47 100
18 170 44
233 190 22
160 4 61
39 72 31
124 72 100
90 59 41
249 18 84
127 146 64
45 91 48
27 254 52
17 174 98
117 206 94
106 184 58
251 139 16
14 97 76
156 181 76
26 76 52
225 182 34
211 258 92
241 178 48
255 30 20
233 234 80
117 89 83
175 247 36
33 99 89
36 95 69
100 59 68
153 146 63
17 24 20
240 3 27
34 227 17
3 37 39
208 93 92
116 9 33
249 140 42
38 166 65
190 127 99
163 23 15
2 143 64
230 261 100
228 49 38
101 196 78
124 254 13
155 179 46
174 53 72
149 150 42
245 123 28
169 238 18
97 61 68
266 145 43
50 186 42
57 225 47
219 37 93
60 85 12
224 10 32
105 158 51
51 27 67
217 157 35
232 248 48
196 231 27
130 123 15
197 107 62
18 70 38
192 140 50
261 212 60
100 241 69
183 98 59
125 177 19
133 88 85
270 271 27
88 108 59
132 174 50
213 244 49
121 153 87
33 269 80
166 126 54
243 183 10
73 272 18
97 182 34
63 67 32
139 198 54
256 270 20
65 162 32
229 39 60
128 182 14
157 74 14
99 268 81
198 273 80
49 39 57
20 267 39
183 17 84
53 217 76
122 3 53
134 29 94
128 132 97
195 58 85
91 37 67
54 230 69
125 266 16
97 93 75
105 54 72
48 180 28
114 227 34
1 2 47
92 207 12
172 142 99
255 39 60
128 258 72
88 104 50
263 79 80
228 154 17
164 1 35
63 168 61
208 142 27
225 200 15
6 94 87
237 191 24
166 163 64
21 49 65
182 126 87
184 129 51
63 232 15
204 163 18
30 209 59
262 82 44
95 165 45
20 156 54
162 148 15
208 89 88
221 101 57
221 80 28
156 91 55
34 225 58
156 214 14
226 6 69
209 152 46
250 243 45
163 48 37
234 246 67
147 130 92
213 48 36
157 79 49
263 85 77
236 156 72
93 109 62
260 60 92
273 35 51
53 215 42
133 146 91
50 71 58
267 258 52
73 133 42
136 18 79
257 6 56
227 111 56
176 208 11
234 267 56
162 99 60
168 173 48
73 67 41
43 241 94
186 139 97
263 133 70
91 118 65
179 175 36
121 143 70
47 33 47
74 146 72
159 218 18
135 138 46
52 212 45
37 22 56
43 109 63
59 22 67
101 9 96
256 268 32
2 194 93
74 17 87
156 169 21
155 235 47
99 194 34
49 136 32
231 152 44
232 72 19
162 44 50
151 52 89
189 198 82
214 159 33
17 16 13
198 249 15
207 192 55
203 267 95
228 53 93
4 240 83
50 159 76
181 44 92
8 229 30
193 183 14
134 95 11
19 196 74
138 191 93
192 236 83
184 15 100
47 80 64
148 170 68
169 138 24
58 16 56
245 67 85
120 175 41
84 172 34
172 177 52
173 125 39
253 17 63
96 208 77
178 143 51
201 92 87
96 145 98
115 99 38
226 193 83
17 230 90
68 251 80
179 115 23
204 269 91
242 248 72
242 210 33
209 85 71
209 111 64
89 130 59
269 219 86
68 202 60
215 11 95
228 219 56
76 26 10
146 8 96
196 136 88
187 57 88
113 133 92
134 153 39
99 182 97
101 111 87
147 42 98
48 184 83
12 85 19
83 155 39
15 198 86
66 235 52
72 222 14
214 59 92
260 19 93
4 56 56
266 177 40
20 159 87
206 218 31
9 41 83
206 81 20
81 111 52
59 19 54
57 166 46
28 61 19
242 107 28
85 41 60
236 235 18
80 216 56
21 233 70
33 13 44
5 185 76
193 11 55
160 34 56
161 154 99
238 241 45
71 9 77
219 20 84
176 220 23
32 56 98
266 33 29
258 87 92
251 64 52
42 83 46
76 40 10
265 157 30
36 207 64
89 163 42
34 191 61
259 163 69
134 149 93
170 111 12
261 157 28
267 86 60
188 147 60
187 28 25
99 143 36
54 189 15
120 257 89
22 98 90
264 134 11
176 85 68
15 273 83
146 114 15
129 239 61
47 67 57
110 231 20
110 148 30
96 261 10
167 50 12
93 123 21
238 150 53
140 157 34
121 244 11
243 78 24
122 247 58
219 204 18
263 219 52
161 76 82
18 57 71
190 14 42
57 76 59
156 257 90
195 232 76
0 247 23
198 1 33
129 269 84
142 239 97
148 5 26
62 38 80
109 217 20
130 125 62
201 30 60
9 16 76
75 180 99
166 211 52
116 3 62
113 50 80
66 26 23
31 232 63
200 14 32
228 156 91
202 37 35
257 184 82
45 59 21
87 46 68
241 29 10
38 14 23
96 38 42
183 227 52
129 92 91
180 83 85
85 231 86
233 129 13
235 148 77
127 188 16
116 95 76
64 154 99
226 137 34
129 28 98
70 209 25
265 24 36
167 139 36
30 91 59
210 131 27
159 223 19
197 75 74
177 45 11
24 268 96
259 0 78
10 212 67
165 251 100
164 79 36
229 120 24
113 144 59
75 157 24
244 214 35
265 268 68
199 215 78
105 53 38
268 256 100
57 248 24
224 243 73
238 170 64
123 55 42
179 147 76
149 49 39
160 70 82
5 117 31
238 259 12
74 231 84
22 226 20
89 156 69
41 225 62
11 97 27
210 113 52
3 165 11
74 272 29
96 245 70
190 249 50
213 198 19
59 142 63
197 111 91
170 224 11
247 144 44
270 79 13
166 4 35
123 167 95
168 257 59
268 197 97
237 16 49
49 193 37
88 103 40
144 131 85
139 91 14
109 84 99
123 224 30
156 229 77
254 135 55
194 203 13
129 20 87
144 120 29
232 113 47
188 205 54
109 165 54
118 17 90
82 197 28
145 117 100
202 183 56
131 225 26
253 250 53
134 213 43
195 268 26
107 7 54
239 185 85
273 157 44
72 135 79
68 229 31
198 265 100
69 88 88
244 154 28
88 144 98
65 9 49
168 189 95
36 273 50
57 249 52
206 30 96
118 75 51
78 43 56
107 260 42
20 186 43
268 171 23
74 249 43
234 181 30
84 259 65
144 73 20
262 245 23
110 2 16
10 210 83
165 212 13
243 14 74
152 60 18
261 151 76
270 161 66
81 216 95
128 175 25
12 268 16
147 177 45
102 205 23
16 153 63
99 225 25
170 100 77
134 32 29
116 209 63
165 118 94
162 96 69
251 5 12
77 176 59
171 97 31
165 223 84
142 134 41
84 15 94
141 234 25
196 270 77
221 21 62
179 273 69
82 20 74
248 64 79
127 20 75
194 48 68
7 92 40
136 190 41
93 23 94
33 76 48
269 107 92
64 169 16
162 25 100
231 255 89
193 70 86
170 230 95
261 220 69
130 63 49
176 224 11
199 57 78
132 51 12
63 85 93
185 239 59
16 165 86
146 150 98
177 218 17
52 55 73
184 34 56
3 126 55
14 149 44
58 210 29
171 184 25
133 158 27
163 118 99
130 271 82
223 4 47
265 74 38
181 239 92
47 33 44
118 61 12
189 269 79
83 191 29
190 222 82
110 113 87
126 261 27
104 54 31
42 82 45
55 87 66
26 163 57
37 232 83
145 252 48
259 126 13
203 148 88
77 253 38
207 247 40
26 114 24
49 8 52
157 93 51
126 50 33
218 123 32
178 131 53
238 62 90
223 251 35
5 200 38
196 54 27
254 208 78
103 251 82
17 178 75
196 61 23
7 51 35
256 0 35
254 61 32
74 263 64
252 25 68
4 146 43
33 263 32
219 134 29
207 66 64
44 53 66
184 97 21
103 129 47
271 12 46
29 174 60
83 173 38
21 163 14
234 147 68
33 131 55
181 256 57
23 198 15
53 229 70
96 109 66
209 249 97
57 263 13
182 226 100
6 225 59
179 148 33
45 226 83
94 98 82
211 217 51
163 102 88
130 57 26
85 94 57
119 160 93
30 88 73
106 229 74
104 247 47
210 224 72
163 254 45
117 144 46
167 82 38
4 245 11
9 83 43
61 185 42
58 229 21
55 46 56
202 254 79
50 237 72
199 158 85
144 3 100
173 73 99
1 76 77
249 143 48
56 98 19
270 38 21
55 168 80
146 56 81
217 2 13
104 90 62
272 92 57
217 140 55
4 105 30
120 6 49
129 216 51
20 164 39
132 228 15
251 153 49
76 14 20
206 33 21
110 155 56
208 268 10
142 93 30
181 177 37
76 36 51
38 264 83
255 14 55
49 221 88
119 123 59
127 71 38
256 2 25
139 3 82
66 219 82
215 263 45
259 145 54
1 135 47
4 78 87
127 273 85
18 198 46
57 3 13
66 10 39
50 200 15
30 180 25
105 247 21
108 19 80
182 265 32
235 176 66
88 237 28
139 197 50
187 16 30
71 74 87
237 9 54
134 43 87
114 119 21
17 89 95
174 202 32
240 213 98
71 182 47
72 221 21
36 244 32
272 104 57
231 212 48
92 129 39
46 14 18
197 127 77
213 32 33
260 82 26
270 141 87
247 250 75
203 11 89
210 231 19
226 162 17
6 202 76
185 68 57
92 273 71
134 29 64
123 197 22
212 270 68
67 74 49
15 203 48
262 137 91
103 186 60
1 54 79
255 268 84
242 36 61
61 11 34
96 202 81
196 117 10
261 251 85
62 72 72
145 15 34
12 131 57
147 237 71
131 266 78
166 162 35
175 60 68
142 58 35
212 208 18
121 256 96
184 26 84
31 6 68
174 90 11
137 119 88
67 58 61
29 119 73
269 243 41
253 15 100
77 82 69
126 70 70
206 115 17
99 209 63
208 62 17
254 72 52
41 134 50
51 124 74
88 140 44
110 213 89
8 240 32
180 100 30
189 178 12
167 133 73
55 39 48
70 167 39
203 146 66
85 16 73
68 29 94
260 93 89
227 12 10
32 253 86
153 198 32
168 16 85
183 170 74
32 62 47
77 169 77
247 24 29
139 205 70
0 235 27
232 199 84
156 105 39
253 51 73
61 235 63
196 167 52
87 1 22
132 74 43
135 240 94
71 19 67
150 85 53
73 151 48
189 1 73
91 85 45
175 59 24
98 33 56
156 166 57
264 248 58
205 32 31
11 20 76
205 138 40
21 59 95
205 234 43
186 142 33
133 98 29
140 196 51
170 35 33
16 197 97
247 233 70
249 67 24
29 174 95
207 196 97
158 272 92
20 5 78
93 29 64
67 157 59
173 85 98
55 222 42
76 65 31
153 188 77
200 47 64
3 118 75
63 87 75
56 6 66
5 87 64
236 220 77
133 189 49
258 75 10
4 167 26
227 48 97
227 171 92
99 13 22
93 32 40
225 108 35
257 32 44
54 35 81
0 51 46
225 103 97
248 156 63
116 112 19
222 34 40
161 212 34
46 199 33
103 152 54
118 153 54
15 56 62
158 246 97
150 231 35
97 198 19
132 240 30
46 217 16
32 49 46
224 248 16
145 244 45
150 175 55
159 115 19
250 55 84
154 41 82
241 58 36
248 200 48
243 188 60
176 77 36
9 101 80
48 1 52
2 5 18
125 134 41
24 143 68
192 150 12
73 79 19
226 234 51
271 199 88
203 61 66
126 81 99
77 154 22
200 9 51
167 63 41
203 272 51
228 151 26
14 172 59
25 254 15
266 96 54
80 108 93
264 188 77
36 237 97
36 187 88
255 153 80
261 245 75
195 76 65
234 201 33
177 118 76
55 26 85
122 112 62
187 172 64
93 104 65
228 17 84
196 15 67
214 257 88
227 83 94
35 16 14
267 257 68
225 169 48
199 133 66
95 15 78
255 144 44
211 257 82
89 107 13
65 83 97
32 262 33
249 147 36
44 241 31
42 194 50
90 255 76
51 109 68
180 126 15
226 50 16
11 165 17
269 258 89
171 14 63
88 12 93
145 212 50
216 94 14
208 223 27
73 220 11
128 82 99
227 179 20
144 254 17
23 90 93
179 157 21
135 168 15
254 126 74
250 188 77
129 113 92
220 207 48
138 13 91
269 182 44
217 92 29
154 158 95
199 69 94
139 75 43
209 108 83
153 62 59
7 164 50
189 223 62
160 259 18
156 161 56
35 205 65
118 246 67
215 249 97
113 86 11
109 162 23
262 113 25
17 49 79
190 49 26
201 69 40
265 16 39
43 171 74
191 181 42
170 256 51
36 246 19
152 59 56
151 49 60
73 235 47
143 249 96
81 225 67
37 251 63
191 194 30
134 213 70
231 197 88
70 103 89
155 37 18
236 214 84
272 207 59
267 69 51
12 61 49
30 42 100
23 261 26
208 128 34
52 66 10
121 190 37
57 260 75
137 130 12
241 15 51
47 269 46
13 45 36
167 224 29
69 152 91
90 137 75
10 22 29
183 164 37
139 83 58
82 84 82
65 5 51
36 117 24
171 34 31
255 184 58
6 30 30
53 143 44
259 208 19
46 89 29
159 127 98
95 9 93
110 151 84
253 74 55
50 138 96
53 112 97
42 216 82
125 0 79
137 130 67
10 11 83
122 146 69
58 242 24
258 131 83
67 46 63
129 249 48
155 143 97
184 112 93
76 161 10
22 172 54
176 150 65
35 186 65
133 135 14
196 55 37
39 192 95
239 230 95
35 54 10
214 70 94
10 168 90
242 3 100
178 214 41
243 106 55
85 34 95
64 133 12
150 226 57
63 175 26
92 202 15
48 32 60
207 13 89
267 91 90
65 74 85
121 120 16
229 162 19
232 170 61
138 176 54
153 24 14
44 0 57
269 127 55
48 132 97
94 142 83
214 194 36
171 121 35
95 18 79
249 152 40
47 162 47
25 210 56
257 36 56
148 49 18
2 49 97
226 67 70
63 191 59
188 260 72
217 142 96
27 90 10
265 24 74
39 59 82
14 22 43
117 235 65
264 127 68
149 60 48
56 137 86
168 160 80
49 82 83
51 124 32
100 237 17
6 64 65
236 136 26
192 141 68
225 88 85
259 117 97
157 205 42
120 73 23
229 9 54
33 164 89
115 228 94
31 211 72
70 20 73
228 15 72
59 11 99
65 272 42
171 78 25
190 83 53
179 125 50
137 176 99
206 252 38
99 268 40
142 144 91
49 27 83
236 186 68
61 91 97
192 194 58
112 262 65
167 236 78
215 116 79
1 96 98
23 197 72
72 61 32
99 116 74
2 47 87
35 182 72
173 154 14
110 50 11
230 176 87
271 159 39
198 88 80
193 74 20
185 9 73
107 122 23
145 51 48
213 128 79
141 77 68
208 122 68
233 262 57
203 168 42
198 190 63
37 242 86
123 240 67
212 18 31
149 271 70
220 47 80
185 172 61
250 49 26
86 161 94
262 24 65
66 108 12
165 198 79
57 23 35
137 89 61
270 87 65
89 40 17
54 29 11
102 252 94
62 124 84
0 160 34
53 148 83
157 55 46
6 12 25
54 148 48
78 108 81
198 81 53
182 244 35
174 59 71
171 77 80
10 23 45
118 234 84
190 213 61
175 271 30
117 175 46
132 6 56
190 167 94
201 135 58
161 198 28
63 56 49
268 31 10
38 96 43
26 269 47
254 207 84
49 203 13
183 264 81
116 50 19
115 177 18
269 27 16
65 124 51
36 116 17
173 242 31
141 144 23
28 167 85
147 103 29
81 13 55
85 169 48
40 165 94
164 233 86
201 157 62
262 86 91
150 105 31
4 74 32
97 47 33
3 114 22
193 108 31
219 53 22
2 182 36
189 242 91
237 42 56
264 140 47
176 268 33
232 192 18
70 163 20
87 127 37
142 190 33
167 44 70
57 203 19
214 164 71
197 155 31
223 244 23
30 5 45
93 211 74
232 215 78
63 94 93
185 162 34
204 266 69
165 39 49
173 115 81
138 198 27
194 144 69
108 204 73
134 190 31
39 228 51
1 195 69
239 106 60
10 2 26
271 111 91
138 130 22
264 21 46
12 47 45
31 249 60
243 71 40
93 25 96
78 99 67
123 224 99
176 229 47
224 125 99
97 150 13
94 222 12
269 91 27
213 22 24
84 110 41
109 267 98
47 58 79
204 23 43
42 146 72
1 181 37
16 22 46
264 115 31
258 113 31
151 83 64
29 159 54
186 46 46
247 84 54
89 255 60
239 215 98
62 178 71
140 29 32
136 3 64
213 128 34
16 251 17
123 116 29
136 200 11
191 64 47
26 32 19
22 55 87
190 96 57
84 107 61
119 220 31
244 120 83
156 238 63
144 5 47
267 32 32
270 132 53
175 170 80
197 178 48
85 268 22
264 255 94
178 108 88
150 30 23
11 272 32
57 247 55
110 68 54
91 148 66
224 31 29
103 57 88
88 204 22
104 237 25
203 42 35
169 77 34
10 161 87
159 154 36
5 184 56
263 155 93
167 15 43
44 130 58
161 179 17
13 109 47
134 204 42
70 50 38
9 15 13
273 86 21
180 41 51
19 57 62
149 64 61
19 248 65
73 147 20
249 139 39
91 80 62
168 28 55
71 154 93
109 123 67
262 35 58
264 205 13
183 260 14
39 27 81
100 143 54
121 0 51
87 144 47
147 64 75
0 198 42
116 227 51
48 117 27
227 152 58
46 34 57
131 215 81
144 261 27
163 86 35
153 239 53
8 210 31
60 61 59
73 93 55
260 112 38
162 179 69
75 98 66
253 235 28
163 84 73
64 125 67
239 182 74
148 244 57
82 119 92
167 4 10
201 227 38
271 66 56
113 115 11
216 29 75
225 166 75
19 172 83
150 15 12
108 268 75
10 223 85
244 205 31
235 173 91
143 45 50
123 84 56
106 29 59
261 71 83
207 180 85
241 65 51
188 147 31
189 50 43
19 89 41
32 115 78
150 97 10
130 97 86
96 194 28
121 70 12
256 128 94
202 119 69
101 10 44
265 161 21
78 31 83
131 217 35
204 123 66
141 228 44
90 56 50
47 202 20
13 5 30
147 226 64
12 95 44
264 174 46
254 261 21
59 105 87
156 18 26
231 85 26
242 151 24
166 86 100
115 168 85
94 251 88
215 150 49
238 197 90
161 89 13
34 221 48
72 131 27
7 42 100
76 219 59
9 164 87
197 71 44
0 218 45
95 25 53
220 146 21
268 170 29
37 194 81
0 68 92
41 146 55
185 253 69
249 165 54
250 202 26
245 19 64
185 79 66
29 11 94
166 95 93
152 186 25
61 259 68
46 93 55
80 76 27
61 41 35
240 266 76
94 261 65
139 168 54
217 176 84
156 62 65
27 77 58
186 135 50
78 255 35
82 143 91
149 7 94
68 7 24
262 27 26
34 45 24
22 37 71
258 60 62
212 236 64
234 231 42
214 11 36
74 260 15
123 130 26
180 241 14
158 254 11
7 193 78
142 64 57
69 6 10
144 168 64
96 182 58
236 240 22
186 192 28
63 84 76
216 238 55
77 167 53
107 56 42
20 212 88
101 19 15
246 216 100
9 225 90
45 80 79
35 162 97
36 97 36
273 2 85
268 151 90
55 194 59
176 182 69
78 165 54
71 4 99
63 24 94
242 54 18
90 63 78
13 266 56
51 115 10
95 47 33
29 119 78
42 146 83
179 257 51
207 180 81
34 101 54
32 165 93
260 273 67
92 223 25
232 180 63
63 258 94
241 207 64
174 52 12
22 197 88
136 184 76
44 238 83
256 219 63
36 197 68
24 234 28
200 75 16
17 184 91
203 49 45
8 261 68
190 6 44
193 148 57
207 21 15
60 107 78
40 262 61
255 85 94
112 270 52
226 259 49
195 52 22
129 225 13
39 41 11
73 262 32
92 87 38
240 155 25
66 176 64
180 4 27
269 113 74
171 69 52
261 61 40
182 27 57
256 120 79
272 62 100
140 147 12
9 77 62
158 47 99
87 1 73
29 101 74
6 181 14
135 211 68
231 56 59
91 263 23
219 109 55
236 147 45
171 31 46
1 32 22
131 20 20
256 233 86
40 58 87
272 257 33
185 204 23
49 82 83
31 174 10
175 177 49
27 112 76
172 40 86
233 4 76
163 3 78
32 232 10
152 203 47
3 11 56
88 57 67
170 160 66
175 183 88
72 264 22
227 15 24
92 46 93
172 56 99
251 164 40
185 68 34
9 130 78
238 118 43
103 87 14
114 88 87
26 219 93
192 159 25
208 34 40
141 23 100
78 88 19
270 154 97
233 177 17
251 24 59
151 139 86
192 245 12
213 94 74
4 25 71
140 158 10
87 229 22
201 42 100
228 100 51
262 182 17
206 146 69
171 201 61
252 15 64
189 121 83
58 223 65
29 190 20
179 194 97
3 92 19
156 35 86
3 86 50
49 3 77
18 144 100
201 91 89
160 148 20
272 162 59
215 130 66
120 219 19
168 186 80
84 192 86
65 190 82
122 68 72
11 229 76
229 145 41
222 5 49
135 77 55
98 165 64
142 147 16
59 255 96
70 255 47
197 30 100
9 262 97
195 184 31
22 208 38
119 64 27
193 219 64
217 116 26
207 5 33
201 85 69
88 215 22
98 171 41
83 38 52
165 231 47
151 189 83
105 55 50
177 201 61
27 103 74
227 164 43
219 168 92
43 41 78
76 269 69
186 138 99
133 212 23
162 112 10
135 70 44
147 21 93
185 72 89
155 105 76
57 250 18
25 189 17
144 131 56
80 0 42
46 3 100
17 71 25
227 38 77
171 122 19
139 200 38
75 153 26
67 22 71
140 144 31
161 54 78
57 164 58
158 82 79
95 110 40
263 158 39
120 244 18
76 213 54
56 207 24
94 56 20
56 174 29
63 160 28
46 167 70
49 66 100
16 168 33
16 214 45
49 246 74
104 55 43
152 88 37
27 163 78
89 145 42
151 99 44
123 79 35
152 150 98
139 5 83
53 202 98
262 209 13
79 133 61
240 260 77
123 114 24
85 84 76
123 250 59
136 163 55
134 222 23
82 109 33
37 101 64
13 251 82
168 177 49
47 44 73
183 25 71
231 20 65
39 144 96
243 61 62
95 203 85
114 201 100
90 244 41
235 191 59
46 106 66
102 23 53
14 136 39
156 82 82
268 15 48
46 115 86
184 265 61
216 77 23
194 117 65
46 139 75
216 34 93
56 21 72
33 250 84
162 248 24
273 208 36
244 101 34
95 52 66
162 40 94
223 202 37
83 210 47
84 74 77
257 49 52
41 187 23
184 234 52
72 137 84
24 264 90
205 97 49
127 143 44
198 81 100
125 113 33
57 261 71
25 264 48
169 57 81
259 156 50
32 90 97
169 273 98
179 246 96
168 247 55
160 93 65
60 201 32
261 181 40
71 75 22
202 42 20
10 163 73
241 40 71
258 43 17
116 70 18
164 273 79
93 244 83
0 106 85
80 209 43
132 170 73
46 137 52
37 122 36
25 101 55
262 135 51
82 239 23
166 208 33
90 222 39
260 96 97
272 207 90
252 78 15
64 95 81
188 61 35
131 24 31
135 162 62
253 217 38
159 114 95
78 58 77
10 7 99
241 229 85
256 65 23
247 254 32
191 242 70
132 7 61
46 121 62
89 109 77
192 150 35
57 108 12
38 152 99
247 261 74
127 208 45
118 26 78
233 162 20
15 44 100
130 72 52
266 131 34
97 166 33
168 265 45
29 49 65
68 0 28
142 66 78
115 89 47
243 137 79
153 164 30
199 40 51
172 61 93
55 248 28
269 184 81
119 96 69
59 28 64
198 167 33
60 268 86
225 27 62
157 244 26
182 219 87
100 10 86
73 223 91
166 245 85
57 125 14
196 256 77
127 177 80
249 5 32
36 179 93
164 131 31
196 65 57
94 175 70
34 252 36
153 214 89
103 140 53
14 11 57
150 148 96
59 254 34
116 239 30
106 82 82
161 194 87
223 90 58
243 14 82
66 90 89
9 164 67
11 65 79
25 266 40
154 25 16
69 88 86
90 263 46
139 111 40
107 196 70
131 156 82
261 108 30
168 138 30
54 251 27
91 193 80
91 244 28
257 69 70
60 110 43
265 116 53
262 123 11
24 103 83
27 3 88
231 170 61
158 75 29
156 159 78
127 7 98
172 108 16
176 144 76
179 184 21
34 136 64
23 162 94
211 37 100
242 4 66
140 182 35
26 197 37
108 45 63
145 56 92
203 233 40
188 182 53
224 240 89
214 223 25
53 134 22
166 154 81
23 8 48
22 218 24
102 26 37
191 12 22
250 90 90
56 180 93
116 141 43
137 116 12
199 174 68
11 234 14
156 217 29
50 234 56
4 152 91
38 221 93
139 73 74
97 183 65
150 34 27
193 160 52
27 30 76
240 160 28
250 89 49
219 253 38
198 199 99
262 252 30
118 29 97
255 20 63
215 41 22
241 107 23
202 237 44
223 111 66
271 196 14
63 164 55
1 113 77
8 193 44
11 133 46
143 273 92
85 256 68
17 57 87
137 55 10
108 198 19
250 169 58
233 132 96
74 131 36
144 194 44
71 181 42
15 187 67
3 77 94
229 84 23
162 59 78
146 111 56
38 79 44
241 20 79
186 147 67
56 16 27
176 107 93
113 56 99
146 168 43
83 142 43
210 218 81
13 145 97
154 166 30
103 68 77
78 17 82
252 182 15
266 13 14
113 118 78
74 70 51
12 72 92
165 23 35
15 241 62
203 56 47
52 160 83
157 223 20
33 185 29
58 205 30
75 168 48
189 48 96
270 1 27
3 245 43
184 159 46
166 132 67
17 27 38
172 69 26
142 11 80
95 224 95
245 49 55
97 70 68
148 134 27
207 61 76
183 133 34
47 36 20
256 262 46
246 137 65
137 273 68
94 116 79
241 244 13
266 195 37
233 265 31
97 217 55
208 222 68
172 251 87
160 107 47
222 80 41
177 193 20
97 77 67
169 208 21
196 175 70
169 198 99
67 89 88
14 117 38
48 189 45
158 8 88
15 108 22
54 128 62
58 119 54
11 66 63
221 212 54
2 206 69
147 38 68
167 224 31
73 21 16
14 208 67
253 57 31
234 73 84
209 56 73
85 176 63
158 27 50
150 259 91
93 161 63
170 247 39
157 95 16
270 184 56
105 35 41
12 145 84
209 264 78
244 50 10
31 243 35
135 178 57
203 45 77
35 146 55
191 129 13
27 45 41
97 121 61
97 235 85
40 124 40
200 54 21
171 17 64
239 169 42
175 130 15
119 140 86
249 73 29
103 81 71
203 109 49
144 64 68
123 104 63
216 124 53
1 61 28
205 134 37
216 130 58
73 37 12
269 154 75
54 188 98
25 9 43
44 262 37
238 225 66
162 19 98
178 122 40
69 111 95
5 158 92
141 162 87
210 183 11
119 123 64
205 155 95
185 132 71
204 188 43
63 252 99
179 205 54
151 208 24
146 173 27
244 14 96
219 265 52
134 179 97
242 241 25
238 38 61
84 170 93
57 199 100
20 242 13
135 165 57
140 97 72
38 71 49
266 126 41
120 207 63
80 196 96
85 232 97
180 69 62
149 156 73
25 236 35
137 198 62
271 65 75
31 95 19
116 49 36
273 182 72
232 66 17
153 13 51
219 17 76
106 259 33
183 224 78
9 6 28
107 236 10
159 96 35
33 180 92
258 95 35
263 91 34
83 103 39
166 118 28
160 44 49
28 241 19
233 127 92
192 97 45
234 120 43
113 185 65
59 236 84
115 49 77
15 4 61
202 152 23
265 67 44
25 9 32
218 173 45
13 136 40
166 68 87
166 203 27
128 71 59
35 225 52
183 236 98
72 243 95
170 240 84
272 144 63
238 175 89
23 235 24
146 257 91
221 21 69
181 253 62
261 105 28
154 196 77
150 75 25
64 226 91
21 20 78
37 218 37
104 94 95
65 214 11
214 228 82
196 269 71
206 137 78
136 148 54
250 156 53
215 200 63
174 159 59
98 201 57
61 114 44
82 233 73
14 154 93
259 181 92
173 262 33
226 16 98
241 147 27
226 106 66
115 228 41
244 27 33
96 151 10
75 264 39
194 214 18
66 192 85
138 200 17
167 105 70
99 181 77
72 168 84
240 149 21
119 15 20
194 111 79
125 86 83
69 72 25
172 156 64
195 46 23
260 18 86
101 66 58
51 262 94
245 183 96
114 80 61
100 240 61
81 67 43
251 187 72
2 241 94
54 137 56
34 255 57
257 269 80
132 159 17
8 214 96
22 209 32
211 57 31
32 188 90
43 10 58
152 21 94
194 226 17
218 162 45
144 48 13
54 272 67
162 108 63
149 47 51
261 251 44
239 123 15
91 255 17
262 93 93
262 41 13
84 18 40
172 177 70
153 110 60
78 42 67
147 79 10
117 136 40
71 32 49
102 48 76
22 68 63
115 176 54
93 125 46
259 219 32
254 231 66
222 243 49
4 149 100
77 195 60
15 234 72
17 167 17
42 235 66
214 122 32
163 87 24
269 75 26
249 155 81
83 51 75
211 27 47
85 270 28
151 67 72
73 91 30
212 55 96
134 197 15
97 142 88
92 153 35
273 107 42
85 19 48
227 159 93
120 84 54
23 59 23
252 69 28
156 124 84
20 252 20
252 2 97
110 59 76
11 231 36
53 210 17
242 188 99
224 180 79
35 70 61
239 100 39
190 128 88
265 74 23
266 38 100
247 116 53
204 152 25
201 44 80
50 8 39
126 3 52
187 66 66
159 105 74
128 90 88
273 254 79
125 41 29
73 207 17
26 242 35
143 130 32
263 123 36
169 91 96
159 154 52
160 43 85
14 35 25
148 8 79
233 182 71
59 63 69
99 58 95
264 212 56
47 212 19
256 206 70
177 175 68
78 117 41
155 40 66
209 81 45
5 198 38
240 114 46
93 131 46
112 171 45
163 252 18
6 53 56
71 244 97
255 247 73
11 225 20
115 190 16
9 242 71
173 93 20
188 118 79
109 255 28
238 6 48
131 176 35
216 162 16
150 44 41
74 46 98
49 127 38
255 15 33
168 258 74
232 61 40
224 92 54
55 196 87
26 178 57
42 58 52
10 85 82
46 180 70
88 137 90
188 55 41
208 218 38
161 237 19
8 88 75
120 74 55
3 94 16
107 212 56
93 90 61
182 261 91
49 265 11
54 156 14
16 43 71
52 31 16
223 264 71
207 21 57
248 76 80
204 139 31
272 123 53
206 181 43
272 141 99
154 145 53
27 164 19
33 260 49
118 30 82
153 201 72
28 145 63
38 46 35
176 227 60
69 89 30
31 118 57
190 56 46
22 232 10
138 215 17
113 232 92
228 40 57
73 256 48
259 147 45
57 146 15
19 72 65
153 23 81
135 269 28
93 186 75
51 173 77
254 59 82
92 104 40
62 50 76
18 32 49
50 205 38
245 268 32
100 78 82
216 66 62
124 187 11
200 146 17
250 40 48
189 156 30
84 56 89
197 245 92
11 243 17
122 201 11
166 177 16
138 27 22
128 213 23
268 69 12
269 232 12
103 0 82
110 68 52
252 111 78
212 81 28
83 113 75
133 43 67
22 167 97
122 271 12
221 122 83
49 2 35
82 172 21
31 122 53
188 123 39
144 156 84
0 194 18
183 7 53
249 158 59
135 212 40
13 70 82
259 214 13
30 142 93
187 212 44
266 49 39
23 119 32
106 214 82
167 252 47
203 44 52
122 19 90
99 174 42
137 146 35
105 117 85
154 99 54
43 197 94
226 216 96
233 272 59
11 34 44
17 142 38
6 129 29
18 80 96
90 54 55
199 271 41
142 207 78
152 162 49
263 51 24
194 87 56
267 82 35
145 33 43
17 46 34
46 258 84
90 161 85
169 74 81
205 14 85
228 209 85
203 264 42
4 43 80
246 242 83
102 199 32
182 172 99
53 87 67
206 94 27
30 199 88
96 65 25
213 132 87
253 29 35
133 89 39
244 209 65
147 259 35
99 160 15
163 239 22
257 55 87
237 62 61
246 93 27
19 117 38
236 184 38
24 134 38
262 72 42
106 219 80
242 226 82
165 171 69
96 74 73
232 180 11
16 162 80
193 114 46
226 248 45
157 129 40
165 158 53
229 65 98
16 119 56
28 231 25
113 173 46
126 99 20
199 135 100
113 229 72
182 24 62
103 223 75
264 144 59
92 100 46
113 7 45
128 166 79
232 159 82
129 47 74
1 81 78
77 254 82
210 42 48
34 18 13
208 167 86
270 30 73
181 21 17
140 205 45
11 128 90
48 86 15
261 265 51
203 45 95
118 39 25
6 266 22
192 20 67
264 161 14
263 124 35
9 131 71
125 210 45
11 47 76
83 111 94
55 142 50
121 49 42
102 132 84
250 14 73
28 20 82
173 15 48
182 89 93
222 185 34
191 103 83
181 132 37
20 106 96
56 57 80
226 235 55
256 159 10
37 193 56
35 59 19
44 81 91
247 181 44
191 186 62
190 196 57
104 124 93
248 25 73
32 31 62
81 35 84
118 169 10
235 66 28
202 155 61
137 98 86
42 83 100
170 232 10
17 83 16
52 17 77
229 55 93
40 16 92
101 35 21
105 267 13
122 243 80
229 136 60
160 117 26
64 186 90
192 75 73
111 182 45
66 96 39
229 139 57
128 263 21
154 195 86
165 128 71
201 66 40
77 169 10
216 247 15
72 41 73
255 79 79
46 11 68
213 123 56
216 262 13
117 120 96
1 2 49
143 273 96
103 132 41
84 64 83
109 87 37
263 77 67
166 125 98
260 246 80
33 114 14
16 68 95
123 252 34
73 97 80
140 129 89
23 7 88
170 128 39
39 271 77
13 162 30
35 187 38
261 245 18
80 171 25
242 125 15
55 114 40
13 224 70
180 230 82
226 72 53
16 214 99
132 176 61
27 176 33
235 142 12
55 222 21
248 94 89
217 222 15
236 86 43
224 103 25
33 163 64
71 151 52
68 44 34
95 237 89
124 21 38
82 17 64
238 99 36
209 227 51
46 130 79
56 67 40
140 31 89
273 146 46
237 114 81
10 272 74
222 74 41
23 58 46
78 225 19
126 85 79
48 138 64
207 193 98
18 225 37
208 27 26
120 269 19
91 44 55
78 42 19
75 104 90
179 68 32
193 254 42
124 263 100
149 81 32
0 26 19
16 256 75
138 160 100
262 92 94
33 186 50
247 255 91
177 233 44
37 190 83
139 12 94
193 31 45
25 177 18
133 48 49
72 163 79
24 73 31
182 201 64
141 63 91
259 167 85
189 208 29
91 196 84
53 154 99
190 136 27
23 107 36
48 185 35
53 138 50
227 169 56
138 80 83
2 14 30
6 182 29
8 135 31
148 224 24
35 265 94
253 188 15
69 170 45
59 15 78
177 22 68
9 169 93
83 31 45
256 26 43
264 145 96
85 190 80
42 197 34
59 231 39
146 70 39
98 137 41
216 174 64
41 171 63
184 246 75
212 222 55
265 253 48
79 267 86
115 4 98
64 162 28
177 105 71
202 52 90
132 170 20
144 197 52
197 262 44
23 157 44
179 68 96
109 153 67
103 261 24
175 259 85
119 15 45
132 246 57
261 173 28
130 18 97
44 272 13
164 80 97
8 235 62
0 195 22
104 48 68
72 33 25
168 250 34
229 176 45
13 182 58
255 126 65
11 122 72
49 121 95
32 119 42
232 171 43
105 56 86
238 85 43
20 246 88
194 154 35
156 100 88
49 178 57
2 243 11
167 73 78
235 65 93
72 143 93
159 227 64
64 188 10
216 271 68
266 11 11
259 63 92
204 260 12
33 50 37
257 175 75
190 136 96
23 94 97
6 158 92
172 102 81
260 86 48
46 13 25
23 133 70
93 66 12
82 260 27
151 54 90
84 99 35
245 95 85
59 232 90
5 68 77
158 176 12
96 269 36
163 150 90
58 256 11
8 61 99
245 128 47
191 60 81
245 144 44
4 145 97
207 196 94
228 198 21
233 172 73
38 43 22
68 273 51
263 117 50
45 259 24
25 21 45
225 179 44
219 173 99
110 41 88
158 57 56
105 223 76
143 9 47
55 208 53
21 78 10
161 107 31
39 111 74
161 159 24
63 219 16
269 100 16
80 109 99
22 159 51
168 93 39
43 77 52
166 21 31
45 179 12
26 84 73
97 141 71
37 73 28
136 266 20
272 84 55
198 58 97
168 86 56
19 211 68
9 6 88
186 173 69
196 193 44
252 265 69
226 157 71
137 23 19
172 95 16
227 119 46
31 17 65
260 270 98
206 265 32
208 238 68
122 41 50
189 0 84
190 127 86
219 16 38
240 14 55
72 255 96
98 212 51
23 271 32
143 189 66
159 92 94
140 224 66
1 74 10
169 137 48
65 194 91
107 130 43
2 241 18
223 24 72
130 252 96
133 88 21
23 222 20
69 12 27
146 226 32
70 67 56
19 98 40
237 93 88
176 231 21
229 149 29
4 145 39
35 88 53
126 155 99
134 74 59
43 193 62
68 69 36
240 94 16
239 209 15
114 248 58
119 9 15
204 222 19
128 44 62
150 116 44
268 246 11
28 231 46
14 235 47
56 138 71
245 98 23
180 35 73
247 35 22
213 29 99
111 162 57
160 231 29
57 33 56
66 33 41
253 203 10
209 74 68
112 86 93
56 212 50
20 41 39
143 195 71
3 263 59
195 5 50
14 174 65
30 228 18
28 95 75
121 33 27
43 152 98
52 25 85
84 80 83
231 110 57
125 268 95
217 186 43
41 215 52
205 173 10
261 265 20
105 6 82
220 243 27
177 190 19
132 215 63
251 34 45
96 57 86
89 38 71
86 142 50
28 71 48
82 195 21
72 187 85
99 138 48
265 97 41
110 64 33
66 220 31
192 88 15
234 132 41
51 265 20
224 134 13
245 183 10
36 266 40
169 181 70
240 106 64
53 176 74
183 201 63
73 9 96
199 167 30
253 68 78
9 191 93
222 73 83
202 2 62
221 181 39
62 165 96
228 137 61
170 67 12
57 218 85
134 112 90
102 116 95
79 164 44
272 200 98
19 210 51
82 125 83
46 206 96
132 86 72
14 81 71
267 229 71
245 212 12
243 119 21
98 139 61
141 230 18
175 218 65
238 33 37
3 243 17
147 238 84
216 258 33
210 132 59
121 42 100
42 265 41
111 75 82
41 267 80
194 81 10
210 250 23
0 43 29
219 224 24
167 50 67
170 164 29
103 60 91
57 138 24
11 258 63
74 177 24
270 126 81
150 210 32
262 9 85
89 184 68
115 147 13
187 252 68
37 265 18
110 231 78
261 61 60
82 207 47
51 107 28
47 84 37
231 149 88
3 109 100
60 150 54
93 267 22
202 268 66
28 151 87
152 71 43
141 144 35
235 47 77
193 83 87
173 150 38
156 254 12
4 69 45
89 263 25
28 216 99
163 13 32
22 253 78
8 90 38
81 37 52
211 43 64
164 190 44
19 67 13
215 217 51
87 215 70
169 171 18
72 157 87
27 161 77
148 211 73
106 95 22
74 126 50
189 117 64
269 4 59
40 186 47
223 47 37
177 92 18
103 195 43
252 222 19
42 226 46
126 97 71
238 131 50
158 51 32
84 189 24
56 218 41
126 207 50
112 172 49
206 96 84
263 123 95
124 49 32
238 187 81
206 149 97
128 195 51
0 23 65
145 183 33
191 40 15
169 108 53
144 209 81
181 57 56
35 64 79
98 273 28
118 7 47
75 251 51
203 233 26
193 260 41
219 166 14
146 115 70
167 273 74
190 97 93
168 190 72
168 47 40
64 159 27
96 268 51
253 97 72
232 136 91
117 185 99
156 103 33
249 264 91
56 211 18
194 44 18
166 103 100
148 117 28
200 40 13
88 196 62
49 160 61
144 181 81
13 193 49
38 266 37
247 252 36
153 130 10
170 38 16
64 58 55
24 31 90
149 86 100
234 239 99
155 131 15
14 268 77
270 69 19
264 142 32
53 148 43
36 11 70
72 81 47
38 91 99
165 79 97
120 220 97
30 231 84
128 215 70
78 167 32
118 6 71
226 23 35
210 231 89
176 144 85
10 68 41
20 153 48
25 175 64
6 182 24
271 135 52
12 122 66
154 32 97
25 29 97
167 153 96
76 267 64
29 23 83
270 228 58
2 152 91
228 137 48
85 247 24
237 130 59
2 219 50
67 216 51
49 124 58
89 272 100
51 27 24
126 117 93
207 106 33
112 99 30
60 5 82
38 262 75
255 77 60
271 209 31
148 124 47
136 6 32
166 70 57
110 27 100
37 102 52
130 134 17
87 58 38
36 174 78
226 234 71
89 116 53
239 157 45
239 234 36
43 24 56
236 221 99
166 141 69
264 29 27
202 133 81
48 154 57
161 79 63
48 77 49
120 133 48
14 125 86
147 38 19
150 68 83
150 32 68
8 122 77
65 91 22
171 39 73
164 102 93
79 166 36
155 154 48
266 250 78
233 94 57
61 145 55
71 196 35
159 91 79
203 103 92
36 77 61
175 70 16
121 83 98
191 110 63
33 264 26
230 196 82
215 42 55
269 72 40
67 73 45
120 253 85
176 201 60
204 73 27
156 189 94
238 227 24
164 156 33
218 2 24
217 153 58
37 145 35
158 42 40
212 140 80
10 40 65
270 58 40
262 34 45
132 268 25
222 58 78
211 81 99
96 112 29
153 58 70
102 214 19
1 193 78
142 253 99
252 199 67
138 5 81
180 125 44
260 64 29
149 98 35
153 3 74
106 140 81
63 29 62
3 97 44
232 130 12
125 238 82
136 258 89
151 174 92
230 125 61
0 243 89
240 224 14
243 246 17
86 17 100
16 84 22
8 210 37
41 28 54
91 157 58
45 27 95
184 87 54
79 121 46
152 241 26
30 213 49
220 3 80
38 142 70
11 262 75
173 75 23
235 262 26
146 15 20
123 145 49
204 234 44
23 101 23
5 52 43
27 37 96
135 182 21
141 158 39
44 59 19
205 63 47
206 121 13
119 252 99
59 176 39
123 190 61
132 125 99
220 86 73
17 237 74
62 266 93
137 93 16
179 142 45
52 167 55
19 173 38
272 46 10
144 156 18
209 0 51
237 142 81
95 103 35
248 12 31
48 60 15
247 241 38
85 242 64
255 84 50
258 192 84
225 47 16
160 219 80
50 12 86
54 5 19
158 173 96
241 248 91
38 260 28
272 74 24
134 166 24
62 187 67
221 244 23
193 180 11
67 250 74
264 253 15
239 231 36
221 76 22
197 33 11
59 129 38
48 180 66
139 101 18
204 263 22
27 84 16
118 24 81
168 211 88
18 70 46
150 249 91
250 19 42
89 135 20
83 189 25
223 222 86
272 220 15
266 253 16
1 220 100
37 229 15
240 184 11
151 141 10
133 128 30
77 250 88
109 128 89
31 3 53
95 42 69
17 97 70
108 79 11
255 71 78
247 195 63
162 263 54
192 70 66
40 229 85
200 153 47
232 10 94
86 41 91
126 248 47
169 153 84
220 40 57
47 210 83
216 22 17
18 253 58
248 191 12
233 132 93
176 144 57
6 202 20
201 97 71
90 255 32
8 223 33
175 23 61
23 51 71
217 91 85
41 103 45
86 4 75
180 170 75
184 176 97
57 205 100
68 172 72
257 200 89
53 188 93
80 214 31
183 263 11
107 33 12
199 145 68
118 142 15
65 250 21
242 241 53
14 132 93
56 145 58
231 125 91
270 56 61
20 16 91
53 260 64
177 30 85
152 50 68
112 4 32
211 100 26
145 252 38
175 269 41
166 21 36
196 69 53
76 189 76
43 88 88
244 138 29
204 202 99
178 15 17
147 186 45
128 164 34
253 62 89
198 80 83
138 16 27
221 1 75
149 93 35
122 164 12
51 121 16
221 89 90
185 188 30
55 183 46
224 229 69
239 262 93
129 213 49
149 223 15
74 166 67
245 219 43
143 244 81
202 5 72
13 33 39
83 241 91
87 139 72
154 48 38
161 176 17
223 198 31
119 141 10
265 41 58
109 161 21
177 188 100
54 114 93
16 176 43
30 273 17
238 155 46
66 216 55
256 226 16
176 208 71
70 15 67
130 143 76
93 129 54
239 3 53
156 128 26
6 69 39
7 95 68
136 228 78
155 272 80
152 79 65
64 22 36
146 33 51
68 269 35
204 247 70
138 47 45
59 145 83
157 45 49
203 50 25
2 221 42
236 36 27
54 35 61
162 142 34
67 175 49
111 9 94
114 129 10
127 113 13
32 109 98
100 162 42
145 155 75
192 172 21
249 216 84
36 29 65
241 202 58
106 63 64
0 150 96
40 210 23
115 207 94
116 137 29
107 6 76
111 81 83
115 154 70
165 35 89
154 41 79
10 208 44
76 35 90
46 177 24
243 152 14
103 22 67
29 87 82
136 152 68
194 144 50
242 234 64
104 40 100
32 147 100
98 83 96
219 171 87
71 100 74
96 31 35
179 25 33
108 212 82
63 140 94
155 219 59
75 87 54
114 97 80
17 68 64
93 82 86
139 169 58
214 194 99
153 238 52
184 39 39
270 240 27
178 173 82
223 134 10
228 226 14
270 202 21
68 144 97
133 15 56
66 107 45
191 41 22
155 199 37
110 89 69
218 114 63
197 157 58
35 266 92
30 77 96
220 174 54
33 77 91
60 122 76
85 168 29
171 238 23
10 137 35
105 238 68
165 13 37
47 183 99
117 34 15
248 216 100
82 3 10
45 187 32
98 245 36
253 189 75
173 41 20
257 175 38
35 253 64
9 232 32
111 192 56
236 36 65
50 38 75
48 224 95
166 62 61
235 245 66
186 5 90
8 63 90
98 46 51
57 170 32
108 267 46
128 214 81
136 72 36
185 202 32
147 209 50
167 190 81
138 266 47
51 63 30
250 209 79
186 65 75
271 117 49
5 62 20
258 242 58
182 71 80
170 262 16
229 192 46
257 70 69
184 65 94
89 92 47
119 238 95
82 64 73
23 245 85
66 78 34
216 181 95
66 76 11
97 209 32
2 206 88
132 273 34
31 119 44
266 73 92
100 86 61
35 108 30
230 41 34
24 234 57
103 163 16
268 193 89
120 267 16
76 46 72
269 226 12
254 37 92
21 97 34
73 21 39
219 171 53
13 151 56
232 177 49
95 153 56
75 114 12
245 12 45
55 181 92
31 235 52
10 175 74
151 100 42
227 172 26
198 34 54
30 159 68
273 129 90
154 21 29
28 226 91
38 222 48
67 226 78
180 39 43
191 199 98
74 244 50
37 252 67
224 75 79
119 45 44
6 183 61
51 23 48
21 166 50
116 149 50
192 33 25
219 167 78
55 88 80
71 80 27
66 20 65
269 218 30
122 81 34
226 210 53
210 70 61
200 212 97
205 69 99
60 266 10
143 74 91
101 161 42
61 127 12
100 104 69
217 35 52
243 199 34
148 216 70
177 261 98
28 48 30
121 158 85
54 168 53
130 226 99
120 75 72
186 125 37
266 163 52
130 57 79
149 32 12
145 248 48
140 3 26
167 165 75
141 31 87
87 64 70
197 131 75
53 52 32
237 174 24
52 213 42
227 88 93
227 70 30
75 234 77
74 135 65
93 115 86
161 272 14
97 60 95
221 25 61
24 114 81
245 156 97
85 39 26
215 29 12
57 69 77
193 96 36
35 201 39
188 24 77
177 187 65
232 208 76
262 156 94
80 213 100
54 243 88
13 8 36
234 147 14
268 234 10
171 28 23
199 45 21
264 103 15
85 247 66
177 163 100
41 2 94
110 53 35
16 265 73
48 43 71
74 213 21
98 131 23
207 80 86
119 203 24
124 172 73
63 177 89
143 166 80
199 4 23
201 116 59
178 214 76
156 249 71
148 28 84
181 214 54
244 228 69
250 84 63
52 229 80
63 135 36
194 13 95
8 244 12
33 98 100
118 65 52
108 6 71
172 161 22
245 168 26
132 165 52
263 41 94
95 269 99
47 128 25
18 102 73
235 61 89
261 84 71
12 132 61
127 256 21
185 270 98
108 243 62
208 125 80
234 118 42
60 193 57
27 83 45
161 49 67
152 102 13
69 265 38
28 84 35
29 93 59
22 62 29
252 205 71
129 109 76
163 130 100
267 145 76
100 229 89
95 235 66
269 159 50
237 215 61
1 15 52
66 131 34
83 204 48
121 145 35
26 128 71
78 11 39
62 204 73
77 181 96
205 65 60
206 227 75
219 147 92
260 166 11
4 51 85
137 35 52
243 235 56
183 269 45
9 199 12
82 58 36
152 105 56
144 239 50
125 169 26
0 28 85
122 167 23
235 232 11
50 237 51
129 65 70
247 18 20
176 22 41
16 213 55
96 162 13
264 273 14
88 86 24
246 255 87
18 205 80
176 92 83
116 182 87
249 22 44
164 162 81
259 92 74
69 184 85
176 185 12
251 249 28
99 39 23
75 58 52
123 251 89
106 164 23
192 131 45
74 92 18
31 26 57
129 268 53
41 231 51
34 81 50
56 82 52
271 11 22
51 262 33
40 65 90
155 127 38
59 57 14
255 27 74
146 27 54
128 42 79
71 197 20
179 268 68
60 226 60
115 10 31
180 141 45
18 99 29
182 258 33
249 38 80
108 268 19
40 124 14
165 101 27
35 138 82
232 178 73
172 15 76
88 2 17
86 80 28
143 193 43
1 104 58
200 50 91
67 254 66
75 171 31
130 225 31
4 64 63
155 87 88
2 128 15
49 206 11
222 21 85
44 123 29
220 127 66
59 172 34
186 1 86
42 149 41
180 73 56
257 262 18
67 92 22
39 191 64
137 226 95
271 235 98
114 2 40
94 145 34
3 106 22
57 73 80
232 254 49
149 23 88
50 198 20
169 206 29
248 115 87
118 20 62
237 40 36
73 183 63
199 82 50
80 260 67
194 206 50
23 181 92
161 116 68
67 230 87
202 12 78
208 204 38
119 60 31
257 165 42
175 118 68
209 140 22
113 105 27
51 149 14
27 1 47
109 61 95
185 188 16
227 153 98
159 91 28
205 16 12
37 65 81
17 80 22
6 54 93
245 62 54
194 203 19
235 93 74
61 178 54
192 138 78
105 272 12
83 182 22
38 203 56
170 237 83
73 259 42
40 64 73
15 64 28
139 171 52
241 232 46
47 191 27
28 79 39
16 135 62
114 270 30
91 208 97
33 203 90
42 124 97
72 249 23
26 123 21
190 27 17
272 176 88
147 222 80
69 206 31
150 207 23
59 146 54
50 68 11
35 125 32
195 68 67
16 116 98
64 30 26
202 10 96
102 99 92
199 246 85
28 102 87
1 168 33
217 242 82
114 126 58
32 154 29
8 267 75
25 213 36
257 268 46
246 136 97
90 141 30
169 5 33
54 127 29
174 82 84
13 217 76
179 218 92
98 139 70
250 19 15
121 105 12
87 118 50
133 154 82
27 11 68
142 200 41
258 170 33
157 97 45
210 234 26
98 22 65
95 6 51
198 237 20
146 195 18
265 262 50
208 19 33
205 193 95
63 37 18
59 55 58
162 192 16
268 245 84
194 145 46
245 48 67
203 272 96
6 118 70
120 105 77
46 121 78
213 209 33
82 38 39
3 118 26
10 5 46
173 66 19
40 228 29
117 57 95
131 147 46
60 100 90
68 58 75
104 206 47
126 198 50
138 149 83
59 210 42
98 267 74
267 248 94
55 142 30
45 237 33
153 204 97
34 227 78
256 196 92
227 232 12
93 137 94
21 210 37
75 207 61
71 263 87
77 137 35
241 42 50
209 80 23
236 0 83
194 134 83
92 240 61
146 161 41
165 38 30
242 106 28
134 36 26
79 226 66
29 84 26
98 48 11
34 256 44
246 85 52
248 134 86
258 121 78
166 206 88
256 168 36
102 234 53
40 57 16
105 157 25
148 91 74
76 87 64
138 199 64
62 143 52
43 45 80
231 241 30
236 157 96
24 102 63
37 45 46
207 206 50
191 175 54
49 55 74
145 202 85
117 6 79
22 119 63
244 59 11
159 233 70
101 167 44
192 127 57
165 215 48
259 189 92
208 258 78
109 54 42
28 173 64
47 237 80
259 112 53
225 153 49
98 136 88
242 120 18
29 38 68
114 9 34
158 224 94
245 43 21
270 61 45
61 100 34
180 167 49
85 265 29
18 255 98
206 273 61
7 11 79
239 262 85
206 19 75
25 74 24
36 55 29
71 128 25
30 261 89
10 261 68
64 156 69
264 221 13
22 17 16
29 177 79
171 68 59
249 99 75
201 137 25
52 113 73
240 120 83
254 52 68
31 247 11
184 87 98
4 65 86
170 112 65
113 82 93
176 185 85
149 219 83
123 80 29
93 222 27
236 33 48
156 222 81
114 219 58
244 134 28
210 123 75
107 200 47
90 210 47
10 0 88
123 176 50
67 38 61
19 52 36
222 132 10
273 134 80
145 35 31
185 20 33
54 255 26
58 104 54
137 178 87
237 222 23
273 195 66
210 122 50
118 154 70
176 187 29
115 64 25
82 89 72
256 126 55
168 0 99
125 82 43
97 239 49
202 188 77
208 77 85
216 125 54
252 25 39
202 222 94
50 156 61
77 233 30
80 6 24
89 78 38
127 196 20
46 252 97
223 158 85
186 270 63
16 236 100
242 270 42
218 241 83
53 165 44
85 171 64
105 191 38
15 100 13
31 149 15
154 116 21
23 32 85
89 19 49
6 17 49
190 220 71
187 74 54
48 204 52
255 12 53
7 198 65
235 109 36
130 115 75
127 215 45
75 104 99
167 133 64
241 176 20
245 99 69
54 264 17
3 273 40
154 179 33
164 167 76
166 197 33
247 172 65
29 233 25
20 181 84
246 56 70
60 146 32
268 130 33
155 104 54
193 141 84
180 234 50
197 264 91
3 127 10
41 10 23
267 232 21
28 131 21
62 193 46
52 198 100
246 65 56
156 25 76
96 12 84
207 248 19
117 76 13
122 222 58
36 112 75
262 49 81
6 241 18
170 184 83
273 216 70
272 36 28
231 272 84
75 271 17
110 258 10
165 207 19
30 54 21
191 156 45
221 147 89
184 130 12
17 186 10
239 3 81
77 2 38
216 253 82
26 63 74
241 172 66
155 83 60
31 206 82
62 17 96
109 272 61
12 17 80
236 127 99
24 208 58
213 75 51
193 54 79
111 30 25
37 273 99
199 20 20
97 57 45
79 223 22
183 88 48
177 123 71
75 141 77
19 179 78
228 94 56
94 262 13
56 119 97
80 46 46
163 24 16
201 262 62
248 96 18
14 235 92
106 180 18
183 244 62
5 217 48
20 247 62
123 241 79
168 117 34
223 17 58
248 263 32
32 198 10
235 142 51
57 91 11
108 231 59
7 28 44
245 80 37
219 220 86
17 262 69
238 90 37
197 107 16
185 33 68
144 29 65
51 194 75
242 91 59
32 136 90
4 119 89
41 135 52
191 44 71
225 68 84
224 53 58
26 245 12
169 97 91
204 97 79
49 20 28
104 139 90
77 251 79
13 109 90
169 112 68
104 57 99
152 228 94
44 125 91
197 117 58
160 30 83
40 215 77
204 37 51
236 155 69
111 110 42
271 245 65
15 179 12
87 82 17
194 182 71
265 134 91
29 148 87
85 217 13
28 111 56
69 152 51
179 57 88
35 171 85
211 68 16
169 105 42
63 22 28
74 143 87
11 195 73
247 200 100
2 245 51
227 187 22
40 256 47
226 68 15
6 267 96
6 148 52
270 244 66
168 181 70
10 77 31
145 87 20
253 40 78
93 27 10
101 110 92
68 231 20
123 127 22
96 231 17
35 267 85
109 88 71
109 207 60
51 229 42
273 18 91
21 17 58
40 210 36
191 52 53
43 29 47
172 80 21
180 178 56
213 124 76
159 86 43
41 155 76
150 247 62
159 182 34
85 172 32
48 228 88
121 220 36
142 226 65
268 163 58
179 224 68
106 21 47
210 250 77
238 61 36
182 133 96
162 247 87
260 230 100
80 125 20
206 45 81
19 166 18
46 218 45
264 191 16
114 164 11
157 181 23
234 81 92
112 110 57
18 38 92
244 124 46
34 235 70
126 233 18
106 202 69
27 252 28
176 140 17
119 167 14
221 38 97
104 24 71
72 255 88
142 186 94
2 141 28
101 124 76
121 122 37
133 152 98
248 31 77
120 172 35
31 224 28
37 168 51
232 149 79
20 144 84
240 147 25
263 110 33
107 181 57
243 88 96
181 19 25
163 17 62
242 236 69
32 8 95
268 52 61
151 156 21
230 103 10
197 11 92
154 251 44
131 88 86
47 114 59
166 253 85
80 178 92
255 28 16
59 41 79
102 169 33
246 51 75
6 137 60
94 99 87
172 259 32
260 66 45
220 249 42
86 99 63
37 140 29
236 223 100
124 82 80
82 94 77
65 198 98
19 231 44
205 48 49
262 81 36
158 140 92
112 256 54
184 270 85
240 104 91
30 223 76
21 173 92
21 249 76
207 34 11
232 87 80
96 164 40
140 26 77
66 144 35
254 90 27
273 229 77
55 93 56
267 133 42
262 87 88
258 203 75
70 160 48
161 226 37
216 25 36
250 153 62
220 241 30
159 115 83
70 93 30
150 63 69
89 61 75
243 60 96
72 81 48
196 21 20
126 47 81
102 216 51
248 21 20
109 221 92
126 224 99
70 66 76
99 196 16
82 61 52
99 65 60
195 207 33
172 79 11
208 256 19
248 221 98
249 246 49
14 234 24
203 59 25
15 177 52
182 185 62
81 49 23
52 84 42
239 145 32
93 72 63
68 40 79
236 108 48
99 159 37
206 122 73
108 31 79
233 85 37
149 270 75
66 103 25
69 185 16
264 84 65
135 134 41
36 207 86
197 131 32
168 239 14
97 67 20
116 44 88
124 70 34
183 192 37
247 180 55
170 262 90
143 151 57
232 207 70
42 102 68
132 127 100
123 265 94
114 19 10
262 84 56
232 47 16
44 97 87
54 105 26
209 180 18
207 28 81
253 156 41
244 144 25
58 203 50
245 118 77
181 140 82
52 30 30
101 262 80
113 118 75
226 79 71
99 153 50
89 154 77
35 256 98
36 19 10
102 90 68
21 34 15
93 195 29
94 157 41
41 5 26
38 127 23
175 186 75
65 204 78
130 42 78
268 203 82
249 101 73
223 167 67
100 131 82
23 273 43
131 124 58
66 162 28
249 144 51
259 211 12
162 48 100
76 151 14
133 248 34
77 47 78
270 264 81
36 221 31
97 83 51
87 48 49
27 196 22
147 102 88
108 68 91
192 128 43
60 41 35
201 106 91
50 62 53
116 67 52
266 165 89
221 115 70
127 158 25
20 61 48
27 51 37
96 272 95
204 112 44
21 13 56
189 236 79
79 220 74
113 270 55
82 68 56
6 15 79
129 28 45
31 104 17
179 239 73
256 60 34
62 97 21
104 228 71
129 136 40
231 35 17
0 44 55
149 1 63
122 242 45
132 138 60
64 252 47
220 153 30
231 188 28
247 43 52
66 164 40
239 68 14
199 150 53
8 205 100
197 141 34
48 247 92
126 139 83
233 172 19
242 182 74
263 203 22
118 258 48
261 158 38
246 210 36
90 138 55
101 191 35
203 272 57
217 101 63
238 252 87
206 56 76
81 130 37
9 188 25
70 39 55
60 8 75
8 80 77
246 72 56
210 149 91
247 201 36
56 194 44
25 44 10
0 207 100
270 74 24
72 263 15
113 134 41
103 80 86
157 187 77
254 168 71
72 201 89
50 48 26
74 189 19
7 204 66
180 215 20
105 268 16
270 268 89
67 27 75
67 74 90
115 41 72
29 215 35
1 202 52
81 226 82
138 161 94
93 210 80
240 125 64
255 110 73
252 268 56
92 171 98
52 79 98
247 269 39
166 139 48
257 244 77
254 108 13
242 118 88
68 270 18
12 237 64
190 124 43
9 53 94
40 214 77
198 5 91
54 76 17
240 267 38
115 8 100
50 128 93
212 154 38
267 234 88
247 187 41
19 94 12
92 163 61
131 206 26
181 55 93
234 204 25
68 189 65
80 168 36
144 188 94
5 221 31
35 41 27
254 193 89
58 128 75
10 196 94
20 101 54
127 126 25
178 61 13
267 260 37
138 230 47
194 143 61
136 247 39
99 114 28
43 270 59
152 190 69
0 3 61
28 157 32
143 31 32
177 101 77
70 108 82
215 81 26
105 11 57
178 109 71
165 228 23
152 155 68
126 227 85
135 197 25
197 133 20
181 162 60
207 36 83
15 102 67
170 115 52
61 77 72
107 124 66
43 39 75
216 110 100
107 126 48
60 70 30
150 197 95
263 106 94
162 11 30
67 33 67
167 70 70
123 175 90
95 227 59
86 140 34
46 210 12
221 179 60
212 179 98
173 183 14
166 211 69
70 59 92
29 186 38
86 196 60
66 95 72
37 272 81
139 245 84
87 125 79
94 166 22
25 131 33
219 104 80
139 270 53
230 40 89
178 38 28
154 138 82
21 256 59
232 236 21
216 38 89
207 215 32
19 107 29
151 193 28
179 190 76
179 271 33
235 147 28
65 57 27
72 36 14
94 28 94
9 266 37
53 216 86
222 104 19
190 207 13
200 33 48
99 74 76
186 7 24
261 122 57
29 197 35
58 192 49
11 94 27
178 124 12
75 231 13
263 70 95
237 140 55
29 245 42
23 68 42
214 197 43
163 59 14
243 114 40
209 82 83
178 87 86
116 85 14
199 185 21
96 198 43
185 158 46
257 231 44
106 128 76
56 257 63
132 46 30
179 136 39
222 197 99
110 247 98
255 189 55
185 61 57
142 147 64
166 113 39
62 80 97
169 214 96
2 232 50
53 59 35
19 163 52
215 18 39
45 76 64
231 92 50
128 152 35
77 264 50
15 244 27
188 139 34
89 128 26
268 259 100
159 126 39
37 111 11
120 229 43
21 49 57
223 122 65
157 121 58
272 112 32
127 256 89
201 2 13
180 165 57
209 2 65
133 263 63
85 213 65
52 126 44
25 220 12
194 160 81
269 97 43
73 52 97
230 18 83
198 171 95
168 51 55
208 108 70
176 254 80
13 152 100
123 91 96
13 174 70
51 219 26
36 113 96
130 222 55
60 144 25
14 40 52
92 165 90
6 220 15
224 269 93
171 8 53
199 33 66
51 70 55
171 148 52
93 186 80
133 227 62
79 181 17
43 44 82
138 110 67
107 79 57
175 54 11
16 270 95
53 2 70
183 176 39
33 83 58
107 4 97
168 35 57
212 109 79
159 192 10
272 44 91
158 85 99
175 107 70
6 271 53
249 247 12
210 272 75
103 175 77
127 173 49
66 149 69
118 37 10
4 34 56
56 197 30
171 124 21
215 140 47
94 156 92
77 141 15
246 78 42
211 152 28
201 38 86
123 205 52
208 134 46
193 271 96
83 1 17
29 64 19
5 184 10
37 240 46
190 40 16
166 158 33
127 39 86
60 128 40
147 36 80
235 155 15
67 18 55
159 81 18
191 173 96
249 270 30
176 25 84
190 83 49
209 67 20
0 207 37
13 80 21
240 228 41
101 34 30
212 173 62
210 52 14
211 20 33
10 269 18
200 85 33
167 248 62
207 114 82
155 230 10
158 113 46
271 49 71
156 87 36
152 204 29
158 207 67
27 112 86
75 41 13
197 194 54
58 151 40
217 59 10
38 110 69
101 17 69
188 197 28
1 261 40
204 7 41
92 265 45
245 46 48
152 132 13
272 247 46
216 105 80
93 80 88
2 65 17
66 265 39
191 118 24
25 27 41
99 168 93
214 175 82
262 35 13
19 16 100
14 6 74
170 216 74
154 223 41
250 23 26
268 46 92
124 242 65
113 9 75
204 159 31
121 222 87
196 271 78
113 195 74
56 252 65
267 269 18
109 117 25
146 224 19
40 260 18
261 46 79
109 194 22
212 80 28
234 40 78
21 184 79
4 133 35
229 66 32
229 272 22
44 199 93
90 34 80
214 4 74
24 170 50
111 105 90
64 82 15
101 237 49
40 119 94
120 40 62
113 160 62
58 150 13
175 241 27
69 273 58
60 257 35
84 237 86
77 259 46
218 82 93
176 14 71
159 72 17
5 172 95
224 232 42
49 62 31
19 214 65
137 128 40
167 189 37
181 271 16
101 206 95
92 198 59
169 212 53
13 168 88
159 166 77
241 206 40
167 109 98
261 131 47
60 245 66
51 224 87
43 15 46
268 198 71
90 82 73
75 4 69
52 67 80
12 253 27
185 173 85
157 72 47
194 195 90
106 192 75
136 143 68
67 53 86
262 118 45
129 122 78
169 103 19
118 54 51
92 254 78
249 272 29
13 27 62
240 125 56
210 180 79
235 6 91
199 145 43
244 58 32
94 86 28
218 243 51
44 48 43
49 14 62
34 136 11
154 44 10
28 148 71
266 14 94
205 38 63
266 7 100
251 101 89
147 134 80
90 174 54
94 61 52
98 68 60
25 53 85
155 207 47
15 98 93
59 56 77
113 191 63
252 180 14
194 85 54
271 179 90
121 86 96
136 5 66
88 210 27
36 178 37
85 61 71
97 32 95
234 157 55
133 93 37
41 258 97
80 269 69
72 15 38
11 215 45
223 122 60
196 216 12
253 257 73
58 146 13
99 264 53
68 34 57
119 117 65
34 164 90
234 239 56
7 183 61
186 101 95
125 96 92
183 273 23
62 177 59
249 156 15
271 38 76
150 246 76
146 244 36
231 169 95
215 166 65
3 165 67
74 194 57
38 173 93
203 116 100
247 221 48
112 55 96
194 171 45
125 209 21
198 140 10
63 215 57
35 71 24
240 216 85
36 211 38
183 77 64
174 144 42
263 86 86
265 160 63
33 244 77
78 95 39
205 240 60
92 70 54
109 128 100
101 210 75
269 191 100
12 204 30
201 71 94
97 112 13
124 100 86
253 32 12
140 64 77
191 203 64
223 15 82
214 244 28
125 70 41
79 174 45
123 52 18
170 109 35
20 261 57
165 137 57
182 241 50
170 141 93
123 262 26
129 208 38
138 72 58
222 256 73
218 126 27
183 189 14
178 226 91
8 138 97
182 166 96
16 187 29
52 154 80
67 42 56
184 73 96
28 76 51
7 236 29
36 24 16
1 209 18
49 80 78
176 61 80
99 260 40
204 19 96
178 104 11
91 235 53
97 216 47
268 237 45
228 257 92
114 193 57
120 21 78
100 235 52
85 114 29
97 79 66
105 148 98
90 126 51
69 101 88
253 162 95
80 68 48
30 211 87
66 242 52
194 135 83
199 94 15
161 136 56
150 212 97
263 139 10
273 52 35
119 15 41
162 185 23
244 251 38
52 34 13
193 114 25
154 85 86
209 254 29
244 112 74
233 152 23
222 69 55
262 67 80
191 173 46
215 145 75
198 22 77
148 139 72
31 132 13
250 8 58
50 48 42
19 177 53
23 61 84
271 154 54
231 159 70
264 248 43
90 68 32
156 109 47
244 243 79
220 147 53
134 265 78
131 158 39
270 81 10
266 19 50
236 116 26
150 123 18
81 176 36
35 46 44
111 198 24
154 56 90
53 268 77
106 5 29
165 101 33
218 113 67
255 135 60
240 203 14
246 21 57
32 106 19
232 88 29
38 129 10
199 133 80
15 18 75
161 17 94
35 101 53
94 133 30
206 67 47
86 225 86
150 17 42
161 27 91
80 128 96
193 16 94
22 6 39
262 265 12
74 92 50
162 178 61
86 237 77
117 1 48
75 205 36
48 153 96
123 159 97
129 265 46
31 196 19
3 57 15
145 130 88
265 158 19
237 120 39
236 213 78
195 80 48
189 231 43
135 70 24
16 244 21
18 88 79
59 201 47
75 141 55
250 183 69
201 29 30
232 236 89
255 257 27
237 200 39
237 22 51
60 58 75
77 104 87
250 127 35
4 121 10
125 61 70
234 123 76
2 232 19
157 2 84
28 250 21
160 171 54
59 202 72
200 17 63
219 195 13
159 173 20
241 133 70
93 144 18
187 61 100
232 138 61
66 219 17
186 42 56
234 127 80
133 243 41
260 223 36
157 97 100
47 158 29
67 87 84
113 162 10
47 253 47
15 118 68
79 143 76
77 196 18
160 61 22
60 235 27
141 264 17
254 208 16
107 84 68
130 258 83
72 42 100
212 217 55
168 258 86
172 231 67
86 71 50
143 154 39
16 219 21
17 184 82
266 104 73
212 144 82
208 95 60
182 89 99
119 175 88
9 198 18
105 134 73
186 240 89
206 40 27
19 152 75
193 4 32
57 256 83
155 65 37
16 9 49
109 210 64
267 120 69
142 16 45
232 76 88
189 115 16
75 58 49
129 120 56
104 76 83
35 38 95
98 122 54
142 12 35
14 30 88
204 103 50
104 35 50
260 159 46
215 227 34
211 221 40
177 44 16
80 35 84
195 89 85
129 63 58
5 21 56
265 263 72
176 107 67
80 165 45
236 245 67
62 6 14
34 108 95
171 204 13
206 60 62
188 103 28
258 60 18
31 26 72
57 115 55
32 67 84
255 110 53
244 45 69
54 117 99
220 256 44
164 150 98
36 203 13
144 208 28
228 169 36
209 270 42
26 18 19
165 84 40
9 46 76
129 182 40
122 70 37
75 200 21
167 127 73
224 142 34
187 240 91
135 237 79
192 206 70
270 226 75
268 215 94
34 90 52
127 204 59
99 243 71
136 31 14
149 150 74
182 120 82
73 39 42
115 195 41
164 117 66
13 152 94
113 173 20
198 168 36
108 130 72
137 154 100
132 178 92
266 97 58
24 201 57
8 164 61
122 128 61
130 273 49
102 48 34
250 244 94
242 138 99
90 225 34
168 60 48
143 57 71
53 120 35
128 131 80
22 233 93
59 88 85
40 254 94
52 17 65
269 77 55
12 105 41
177 30 60
55 23 71
213 115 35
108 230 28
247 85 22
184 1 45
216 70 93
149 86 100
137 211 53
187 61 16
20 68 96
3 129 42
120 89 11
231 149 53
249 214 83
107 124 23
233 15 38
214 52 12
119 221 72
180 85 50
243 187 87
33 16 37
88 64 97
88 169 60
28 60 59
148 82 10
3 254 93
242 38 60
164 83 54
1 168 16
85 255 57
47 194 57
205 61 86
149 30 99
233 228 11
194 205 14
251 32 22
242 70 41
24 121 52
111 64 11
91 161 16
265 72 46
157 52 44
273 93 71
15 101 34
198 52 64
245 26 44
65 34 86
171 16 34
228 155 41
77 95 40
104 45 68
66 9 18
105 134 83
11 87 13
188 264 90
49 21 41
132 125 71
269 117 18
178 126 91
240 219 58
113 64 100
14 102 99
221 112 65
247 153 28
173 240 51
209 75 34
91 37 48
13 51 85
32 19 59
112 246 88
165 97 70
124 177 85
177 193 72
37 224 43
80 140 92
70 12 99
187 69 19
75 136 41
43 155 18
161 86 38
59 55 57
225 46 64
30 146 71
251 268 19
65 102 59
117 65 62
139 270 77
59 108 47
230 251 86
241 79 80
149 20 47
130 171 32
72 46 93
33 43 57
146 71 57
56 106 96
165 121 73
228 249 43
134 64 31
257 218 21
273 229 98
32 195 21
198 50 15
97 108 85
2 237 39
201 246 81
104 248 22
190 101 74
171 179 100
127 121 72
22 106 59
85 44 63
41 273 73
55 233 61
81 196 89
52 144 71
134 128 55
118 103 87
249 93 32
13 80 80
88 141 98
208 37 34
187 186 47
163 66 23
55 1 32
138 8 64
146 271 39
179 21 57
15 95 88
199 132 35
37 55 47
11 270 40
151 106 37
85 27 76
48 166 88
142 4 66
239 206 85
87 150 65
171 121 34
228 180 14
120 213 45
164 147 93
162 131 83
145 80 84
21 26 75
97 211 88
44 43 25
37 141 87
79 261 54
233 3 37
0 47 20
74 148 64
68 86 50
246 51 64
47 26 28
16 6 15
75 155 19
249 82 34
4 241 18
96 236 43
255 158 85
11 265 41
172 10 23
114 107 44
37 95 46
43 84 59
79 206 23
168 233 77
59 232 98
250 220 59
56 141 51
226 63 73
214 104 25
58 149 14
273 108 89
148 172 89
9 155 18
266 81 41
138 13 65
131 162 48
22 90 58
179 237 61
224 161 86
32 124 44
4 196 38
8 99 52
111 131 53
142 161 79
31 199 60
213 240 72
99 111 10
199 127 40
266 85 74
73 217 68
173 11 78
165 119 20
72 230 69
65 70 14
210 112 26
162 216 15
252 107 52
262 181 37
211 82 41
261 6 88
218 251 60
247 258 59
244 270 44
58 35 80
121 36 87
76 217 96
254 32 79
90 223 77
119 70 26
5 161 84
9 137 97
77 226 91
28 240 13
255 75 45
84 94 29
55 40 29
164 128 33
19 97 72
186 115 80
75 70 19
237 172 97
214 158 74
198 45 59
267 197 77
65 104 79
261 11 95
144 76 51
135 197 74
121 213 26
193 136 64
202 4 93
245 156 91
103 272 92
92 252 64
210 87 21
257 269 37
255 242 99
63 153 17
131 68 44
42 58 68
85 186 21
228 233 80
41 106 50
113 154 21
268 22 63
153 48 22
36 155 93
133 144 38
253 239 12
159 91 36
253 31 63
120 79 26
135 155 73
33 173 10
255 204 31
82 12 72
58 134 18
173 19 35
33 200 58
116 42 68
195 41 17
85 109 83
55 7 24
167 95 86
10 177 36
39 256 14
101 247 57
234 252 58
70 148 52
63 106 67
99 69 56
96 211 18
11 43 98
201 64 77
31 137 56
109 110 53
161 72 45
183 264 46
42 155 81
102 60 46
224 257 35
180 150 65
1 60 12
138 129 30
109 257 13
145 184 21
159 147 91
58 177 40
223 175 30
229 27 24
235 112 13
204 97 86
154 63 38
165 132 58
269 54 74
40 256 63
180 52 44
100 243 53
81 153 30
219 86 75
137 150 34
52 203 76
159 95 23
235 263 57
138 61 21
61 203 32
209 15 30
236 39 34
69 253 17
54 134 25
254 244 68
265 201 54
31 168 16
271 96 27
53 55 100
150 184 91
239 41 51
47 164 94
119 98 48
25 38 96
102 261 55
21 157 82
181 136 64
242 230 15
13 196 47
133 132 75
43 111 66
122 103 32
184 76 93
215 271 19
146 145 71
157 181 19
99 273 31
236 49 68
201 239 92
225 28 37
71 149 43
36 49 70
226 198 73
16 154 44
24 41 70
59 127 83
208 97 68
270 194 18
164 154 15
262 112 66
89 197 44
170 157 58
13 209 42
78 128 69
126 265 98
40 197 90
101 68 31
19 113 44
219 179 12
111 39 52
26 10 73
224 111 90
1 151 41
102 222 67
259 240 97
99 135 76
191 14 66
227 166 81
242 210 21
169 56 63
230 185 66
265 147 40
107 8 58
256 106 87
197 136 98
190 198 74
42 127 99
81 54 57
21 171 51
158 64 62
56 188 41
201 116 60
13 191 37
260 211 97
56 21 76
149 131 40
246 229 37
215 7 29
134 263 30
109 122 98
141 94 56
46 36 87
109 103 77
208 119 35
113 43 51
78 26 15
157 156 67
228 264 29
115 253 14
42 15 78
84 164 68
216 104 55
198 224 11
269 218 49
50 231 88
26 108 49
144 131 95
21 192 97
198 9 62
225 57 42
105 249 78
237 223 39
177 46 49
162 142 19
197 259 87
249 240 71
226 5 10
87 221 58
65 90 29
268 218 27
149 101 43
9 93 73
6 127 17
65 189 84
208 104 66
251 52 31
113 147 32
194 73 65
196 204 87
208 141 49
51 261 82
139 150 46
267 62 80
256 272 25
227 168 97
215 266 48
138 78 96
212 54 72
45 266 65
231 273 92
163 251 69
31 268 38
165 65 30
191 131 62
182 44 61
167 187 31
121 201 77
197 28 17
234 218 40
164 107 60
197 49 22
247 76 11
190 93 26
247 153 97
260 175 10
2 192 36
124 234 40
6 0 16
70 224 64
217 266 86
150 117 43
53 83 98
127 101 32
28 32 48
158 216 13
190 180 22
108 96 97
68 26 77
248 61 36
158 58 87
174 149 29
98 88 33
8 176 44
14 93 74
61 36 100
14 1 28
17 31 89
178 75 43
122 10 37
174 204 86
70 127 71
217 73 86
273 19 40
152 244 60
153 39 15
65 17 25
220 178 42
267 226 30
30 10 25
112 106 16
91 34 26
30 202 41
42 1 12
252 38 61
93 240 25
26 203 55
214 45 42
25 246 30
54 22 83
247 39 38
272 95 76
199 152 92
164 112 49
241 151 40
180 233 16
158 0 61
243 28 53
136 112 54
71 175 57
243 6 49
113 101 21
97 14 65
118 14 26
26 104 77
46 78 23
193 192 63
17 9 86
107 181 34
66 61 75
254 163 37
47 264 66
158 192 23
133 136 41
65 61 12
148 181 55
249 143 13
222 17 55
259 235 73
205 124 68
8 198 87
258 120 96
174 218 34
96 249 41
176 241 81
233 170 72
79 268 93
155 89 71
256 134 47
60 68 53
167 57 74
197 111 40
83 41 26
45 261 40
210 22 63
0 87 58
192 247 13
237 119 71
32 84 74
186 129 64
17 176 49
15 176 12
24 81 70
228 252 31
259 254 48
150 166 81
67 66 64
188 191 87
53 87 15
56 37 94
147 205 27
140 179 100
218 232 88
14 188 55
243 173 69
6 21 42
187 181 77
253 78 15
254 255 10
256 140 83
154 21 43
128 36 64
152 91 25
48 52 58
250 152 58
167 262 39
88 215 67
143 151 43
117 169 26
236 95 61
98 249 66
88 58 17
272 127 70
20 152 72
179 138 50
251 7 83
107 170 60
62 131 37
50 132 71
185 257 37
0 91 58
105 227 74
171 47 81
190 168 37
120 26 38
167 120 92
122 34 64
128 213 43
11 150 18
77 47 21
117 269 17
242 27 96
243 259 53
211 129 41
84 266 51
216 122 90
30 135 58
99 269 59
246 191 16
51 167 85
7 252 16
154 151 89
150 7 81
169 143 58
48 96 81
149 263 76
103 17 62
42 186 52
84 36 79
204 157 18
165 23 100
170 134 80
158 116 27
174 15 77
265 36 55
62 246 41
74 256 81
8 19 98
42 168 78
46 259 71
157 272 29
160 210 66
247 11 46
58 68 78
39 148 40
6 95 46
90 81 14
163 40 45
45 144 58
103 93 81
256 270 91
199 86 16
37 20 32
188 79 32
18 9 47
68 30 78
234 0 60
156 248 87
71 189 11
69 179 10
208 176 45
67 218 36
192 39 11
2 167 69
48 192 31
177 97 80
117 193 95
246 88 72
87 92 13
72 135 67
20 142 33
250 65 55
228 86 28
77 34 41
20 174 27
168 51 50
218 0 39
219 62 100
240 10 33
83 147 40
162 132 18
155 112 33
243 60 90
100 180 89
38 241 59
63 176 95
18 102 36
241 256 44
135 58 82
235 181 31
155 150 32
136 21 75
102 1 26
9 46 97
88 7 91
0 43 58
46 183 46
231 65 23
250 103 24
246 213 54
251 139 54
220 33 48
91 52 72
271 214 52
143 123 64
167 199 57
50 200 21
131 188 50
254 45 43
117 157 97
41 80 55
123 190 56
124 223 41
269 210 68
150 5 40
53 86 22
224 235 88
245 175 11
266 184 34
83 98 46
8 60 34
233 181 18
135 83 92
229 191 81
129 113 92
159 16 53
117 121 84
76 188 64
31 111 26
51 241 33
112 108 31
166 100 88
192 140 28
34 104 64
185 144 79
162 224 41
46 186 67
96 153 52
269 130 89
190 226 47
164 101 85
253 239 52
196 44 99
196 243 14
99 155 98
213 161 98
222 145 97
20 173 49
257 69 89
126 87 79
188 26 83
201 26 83
133 143 16
85 147 15
125 164 36
146 189 12
29 211 80
249 54 52
44 62 70
260 215 61
272 251 64
24 251 37
183 182 22
71 122 90
54 135 26
14 140 22
273 59 81
48 11 20
206 101 75
43 206 35
21 138 77
195 256 43
34 21 89
125 231 77
204 28 50
206 260 26
101 12 37
43 231 59
216 245 10
271 229 60
220 213 59
189 44 76
216 105 95
28 143 41
92 48 16
181 65 71
104 4 96
234 8 54
247 146 89
207 59 48
185 216 91
225 210 22
122 118 85
195 152 56
8 146 66
171 112 40
62 72 45
124 240 78
224 34 21
88 260 70
15 28 92
252 95 70
193 82 64
180 238 41
78 123 52
16 273 86
201 39 94
239 64 20
48 56 49
88 54 43
18 191 61
94 8 17
174 36 67
130 67 81
212 123 49
203 183 84
93 71 79
20 219 92
237 177 85
83 29 69
243 170 72
93 221 35
39 50 99
95 197 95
48 252 16
47 96 12
272 124 42
248 226 25
56 19 17
121 245 21
168 23 27
113 229 40
129 215 12
264 58 46
35 72 66
115 73 51
157 225 81
243 108 87
215 80 22
148 141 21
168 113 64
213 181 23
6 41 36
167 135 93
177 266 34
226 209 63
201 92 94
249 2 75
181 68 84
79 118 73
208 31 40
125 215 72
144 69 14
140 235 81
115 108 16
149 36 93
33 52 14
208 258 62
75 18 36
254 124 42
266 88 45
162 194 72
75 202 22
268 171 99
107 64 41
148 82 98
72 233 68
182 240 76
190 225 50
144 200 25
181 227 33
100 63 67
6 266 30
73 259 62
36 12 92
268 261 71
25 10 14
98 47 49
256 48 58
270 96 67
256 158 76
58 238 12
83 204 89
48 3 40
113 155 22
226 229 52
258 198 95
92 249 84
90 147 49
72 112 95
9 74 77
246 60 10
236 247 76
150 102 50
268 219 99
37 266 33
8 30 90
194 249 12
236 226 45
178 212 25
240 247 68
256 184 43
21 62 56
251 44 79
3 229 28
64 62 22
5 49 36
223 78 44
59 152 37
71 96 77
152 179 11
125 81 97
178 273 85
65 73 35
264 193 54
185 264 97
18 38 63
247 34 18
211 88 72
75 250 33
92 238 36
29 40 83
29 37 48
173 25 11
218 260 65
187 167 99
69 128 66
145 20 61
148 243 64
142 159 70
140 60 98
248 108 92
263 137 93
4 18 90
54 261 73
258 2 47
167 85 46
246 28 27
184 10 49
74 122 33
182 114 70
62 52 68
236 27 17
80 245 61
233 255 35
55 68 85
151 136 48
221 53 32
217 213 80
262 55 58
145 146 17
176 265 14
71 251 37
173 200 70
115 202 40
43 102 35
51 50 48
174 125 63
253 97 22
6 201 55
223 217 37
40 209 66
43 38 77
188 179 49
1 186 48
267 120 14
82 225 16
189 130 11
51 115 32
5 6 77
163 238 64
249 94 83
252 257 85
130 75 25
266 156 82
199 246 11
183 149 18
139 81 52
16 263 58
22 63 59
187 44 43
267 202 87
85 108 49
93 60 93
40 29 14
266 85 75
256 187 46
95 204 93
211 243 34
62 227 94
28 74 41
244 239 99
211 53 25
7 234 54
103 87 45
192 231 86
241 182 84
132 255 21
270 6 63
66 233 51
151 179 80
246 185 52
247 82 33
27 266 42
125 195 10
3 196 50
104 241 21
0 134 43
230 262 60
35 256 64
99 237 20
205 85 56
10 241 48
170 180 49
178 209 61
9 155 36
66 37 25
125 18 51
155 33 15
95 108 47
76 77 46
20 140 94
79 0 94
80 18 35
102 15 45
133 14 13
150 259 60
45 237 48
112 261 82
207 70 18
214 248 61
58 177 68
53 124 31
175 177 19
69 17 58
32 89 28
205 104 90
170 94 82
37 141 11
94 77 24
272 46 22
128 249 59
226 83 67
27 226 51
242 268 84
115 123 80
45 209 29
55 191 95
217 82 24
138 149 67
130 114 56
78 173 72
33 140 57
255 194 77
109 139 59
236 248 33
194 27 67
232 259 28
217 209 91
68 141 54
58 198 93
7 132 53
13 29 58
113 79 35
147 61 98
51 248 86
243 218 86
122 145 26
149 142 23
262 152 69
158 18 10
58 221 10
251 204 43
240 152 20
93 165 37
264 175 28
264 10 32
163 273 14
158 104 79
122 136 51
125 216 10
207 0 56
197 38 67
57 144 83
267 200 66
100 245 90
173 62 70
14 123 89
232 101 72
256 104 29
185 142 31
214 7 21
29 239 100
39 2 34
270 215 53
163 249 79
121 222 29
136 57 52
175 199 69
56 272 74
106 96 81
86 258 99
228 135 90
231 228 27
27 101 11
140 143 62
208 251 16
137 69 87
169 186 30
28 68 74
138 143 51
45 59 55
47 95 75
98 88 81
230 238 25
158 11 61
152 238 56
263 22 79
112 30 13
19 272 15
43 271 34
61 187 66
168 165 39
46 2 39
182 160 29
94 185 73
64 124 92
186 36 40
47 206 99
214 262 27
115 185 38
265 183 18
242 98 64
51 250 70
169 65 28
143 251 77
205 256 100
6 228 70
245 249 16
197 144 24
221 173 22
9 22 97
235 204 70
103 254 88
240 183 18
233 244 88
57 19 32
150 97 12
266 45 63
51 226 76
5 218 16
203 149 77
165 243 11
244 172 77
24 213 44
102 142 10
107 64 61
127 168 75
140 218 15
231 2 28
60 194 22
26 33 90
23 97 38
261 78 77
126 172 62
136 173 54
162 14 11
99 8 30
233 7 83
249 1 43
181 54 13
18 114 41
252 183 44
245 189 12
100 42 28
25 150 42
22 165 58
208 108 11
118 3 78
198 196 75
201 57 86
91 13 86
157 80 19
208 91 22
136 143 89
197 254 80
85 92 98
252 17 67
211 243 38
134 124 23
217 226 69
2 256 15
119 37 43
53 113 26
175 6 25
111 7 12
26 191 82
118 56 54
167 115 39
40 156 48
98 11 80
26 156 95
210 169 98
51 90 88
95 32 68
95 184 28
67 12 53
177 25 37
184 135 76
30 122 29
21 173 89
59 161 65
260 104 26
36 178 88
121 83 69
3 88 50
249 58 31
168 4 10
254 101 68
63 154 92
202 65 91
260 231 71
58 184 66
77 270 19
126 267 99
237 37 89
159 165 36
54 109 79
118 155 57
53 260 89
71 139 80
222 31 50
85 65 72
7 243 79
195 202 66
111 60 79
196 262 27
238 128 84
143 228 57
165 21 50
129 149 42
27 234 24
41 132 93
157 102 11
100 248 69
51 130 23
218 207 54
80 203 87
77 241 19
205 248 51
145 117 71
75 90 56
26 147 51
168 124 28
34 184 67
5 66 55
43 67 73
183 177 74
262 94 57
109 151 73
3 101 45
224 23 86
266 136 40
115 252 29
240 245 15
198 40 60
84 209 46
181 182 18
238 246 57
189 69 63
244 22 31
84 18 100
135 86 58
213 3 40
237 73 20
35 88 96
93 19 23
194 79 21
241 133 45
35 190 14
109 19 81
72 232 63
135 91 95
140 20 93
122 161 87
155 115 80
178 103 90
42 154 37
72 18 73
29 85 50
129 246 47
40 219 17
77 11 58
82 261 96
49 50 43
58 17 73
273 158 76
96 116 71
220 121 50
237 8 50
167 259 35
92 105 82
174 219 74
126 34 48
160 257 82
134 68 99
11 227 23
150 267 90
44 64 77
158 114 18
143 252 10
226 134 56
117 195 100
124 103 72
216 270 62
218 35 46
20 245 70
104 111 87
136 98 67
236 156 86
5 168 29
18 142 16
32 217 30
60 61 37
83 17 10
53 92 46
87 143 89
190 89 82
3 117 38
238 131 98
221 272 16
260 243 76
141 168 16
76 128 32
18 113 63
18 11 73
101 37 32
14 217 100
42 217 17
60 176 44
225 187 63
118 271 81
86 98 78
110 114 35
5 197 21
127 62 77
167 140 54
48 57 52
169 160 90
267 217 87
207 209 78
8 0 40
232 172 19
100 208 94
232 19 93
138 56 87
43 269 18
62 87 58
25 199 72
148 77 79
207 41 35
210 155 53
36 37 47
203 257 58
83 13 83
178 40 44
22 264 31
144 177 92
21 93 70
18 242 23
117 229 39
178 163 13
214 102 69
115 22 89
105 186 83
9 90 41
210 241 78
89 35 93
132 166 38
177 271 33
136 152 66
147 109 97
155 81 49
220 74 48
50 5 13
244 113 22
32 202 93
36 234 13
19 145 95
210 197 21
112 273 68
25 113 99
179 114 71
21 145 59
116 31 13
34 246 35
20 198 29
150 21 15
210 158 86
182 264 20
138 221 24
204 258 99
270 22 90
251 101 29
78 62 42
10 133 74
272 59 42
235 14 35
81 61 66
74 194 61
229 189 46
26 3 15
162 271 17
109 92 26
167 232 45
114 44 54
119 149 58
237 88 99
0 60 44
21 179 37
124 172 51
114 201 56
195 157 12
110 267 15
216 174 33
34 178 40
17 12 66
128 249 100
42 161 85
175 34 39
45 41 22
221 4 25
47 123 47
192 41 82
232 1 28
267 81 25
183 177 70
152 102 14
26 213 22
191 64 68
78 123 70
52 14 88
128 200 85
