933 7781
35 496 30
639 866 60
681 170 24
732 603 65
327 468 95
304 440 88
670 596 84
638 572 72
547 865 86
585 744 36
473 390 11
37 453 26
683 231 48
210 253 53
422 487 14
45 90 44
203 329 22
106 849 10
389 566 97
659 580 29
1 681 70
90 68 27
653 51 49
129 912 77
464 354 46
633 63 92
857 328 64
78 247 92
230 74 74
384 444 73
404 408 37
860 581 64
435 776 83
301 451 99
192 437 31
39 384 36
79 557 93
125 734 56
116 563 48
371 889 33
601 684 32
296 240 76
734 779 66
748 770 27
391 637 78
222 834 23
678 469 84
142 19 66
583 770 70
81 628 80
783 752 59
225 583 93
261 867 32
333 281 48
331 106 99
303 147 28
917 467 15
48 517 63
873 907 48
191 522 30
527 820 43
63 554 43
426 671 43
73 422 42
133 763 59
769 667 10
929 847 22
320 653 83
256 34 13
289 874 63
873 931 52
205 771 21
292 617 46
648 285 68
664 630 21
309 50 41
423 902 41
273 658 62
352 134 97
345 581 27
326 3 43
54 122 82
679 837 89
296 425 76
646 533 79
785 270 83
691 215 24
718 38 60
854 710 84
524 4 35
907 760 66
889 361 16
265 92 40
514 825 77
659 351 89
102 770 62
549 808 84
137 660 98
240 814 57
190 597 59
18 82 25
53 245 16
364 299 45
837 802 83
371 901 64
610 458 77
207 218 99
24 270 90
811 64 95
300 543 81
8 533 48
21 407 33
197 259 48
429 132 44
743 65 67
0 765 52
118 326 48
76 208 61
649 620 30
155 866 84
913 640 51
618 624 79
505 880 80
832 566 29
704 754 81
535 284 26
710 513 96
280 337 48
836 578 67
277 335 60
165 87 98
754 283 41
587 819 71
157 216 46
540 820 32
724 278 60
219 881 40
782 162 20
214 169 35
822 727 52
379 761 65
28 70 82
104 692 22
299 495 14
709 322 70
748 341 75
42 281 33
432 737 77
76 250 11
695 128 36
22 585 70
694 213 64
926 834 64
348 308 22
892 389 16
37 399 19
819 443 70
863 74 94
465 53 65
928 72 66
206 318 29
373 70 44
286 296 45
830 852 74
36 498 42
917 112 98
231 221 72
102 384 56
272 333 10
40 194 59
68 335 93
353 35 86
218 725 77
221 860 53
176 285 92
567 362 33
317 241 46
58 243 91
31 385 87
46 733 91
35 203 72
612 55 62
427 510 82
355 378 53
56 171 36
409 476 90
324 187 50
605 483 18
309 380 90
749 679 74
539 532 47
358 129 30
327 579 44
147 559 13
594 721 78
339 837 92
643 263 37
59 766 16
591 119 53
808 416 67
658 711 92
856 567 15
548 689 92
826 669 98
572 38 17
79 634 13
787 777 18
351 29 79
447 676 57
699 33 62
89 182 28
729 208 99
713 126 85
137 815 12
488 317 97
367 455 62
359 342 36
530 166 83
773 543 15
799 477 24
858 141 35
767 503 90
113 804 58
376 433 12
845 367 18
553 11 17
812 91 45
877 875 33
887 376 49
257 572 81
149 770 82
37 613 89
656 621 81
493 229 48
36 399 75
545 879 43
214 153 85
449 536 59
73 355 46
162 261 100
922 635 65
918 576 38
420 182 96
792 602 86
16 703 66
829 663 50
409 390 45
432 258 36
203 388 78
564 789 62
290 538 42
103 518 45
796 690 56
143 343 20
325 901 41
363 3 38
833 904 54
297 821 45
872 110 81
280 27 13
866 826 99
412 394 25
199 297 81
268 430 66
495 371 96
681 9 46
817 138 53
918 169 32
696 439 83
335 154 96
538 905 91
156 745 58
289 393 50
34 278 25
718 914 64
88 32 36
88 302 96
484 479 71
194 396 28
361 495 37
866 90 49
871 612 28
909 606 81
765 451 32
678 133 50
479 727 84
53 485 34
900 685 95
527 9 97
7 646 66
929 499 63
72 807 53
744 367 23
189 600 25
716 55 74
386 246 75
598 870 50
489 854 54
489 801 55
259 903 60
531 450 11
721 212 25
242 160 24
82 371 64
777 854 63
113 705 77
648 895 41
29 16 18
100 757 69
63 647 81
89 814 13
154 744 12
19 783 22
617 312 33
680 558 12
616 451 58
817 702 91
455 475 82
553 441 32
597 814 72
505 192 99
495 887 81
23 350 58
112 42 46
841 177 37
536 763 60
363 408 76
797 192 36
227 404 41
550 320 54
896 740 81
198 643 12
664 368 87
184 71 74
73 419 100
861 545 45
392 589 99
607 650 12
22 374 72
340 696 28
825 202 21
524 488 73
707 587 12
746 480 95
851 463 18
372 411 26
181 167 97
415 116 59
683 410 63
688 462 57
384 309 40
394 66 55
144 832 65
294 397 90
537 902 19
675 448 78
233 348 26
171 86 61
320 557 65
498 440 84
109 215 63
46 702 52
634 273 73
557 555 21
808 188 94
163 256 75
76 309 39
255 234 68
693 513 11
788 255 21
398 329 82
398 42 50
456 340 59
380 464 50
7 266 61
69 670 75
690 51 17
497 808 24
253 586 15
117 603 59
172 179 84
872 175 17
928 361 37
353 287 67
473 679 87
814 871 53
464 193 13
922 208 75
141 434 89
564 161 68
769 909 78
446 568 29
122 165 97
381 156 20
888 632 42
867 477 73
462 97 80
879 350 94
675 901 31
427 888 93
642 533 35
614 549 47
218 141 66
472 590 13
429 619 39
405 306 24
2 634 19
847 294 23
507 696 25
666 233 41
594 858 46
436 199 72
424 9 15
85 775 75
452 483 47
659 241 49
148 652 14
126 386 19
363 884 19
369 153 77
457 32 20
684 749 24
882 757 80
721 877 18
873 138 75
446 671 100
810 729 100
740 374 63
68 650 93
775 406 51
298 35 84
467 93 44
331 661 12
790 359 20
689 545 14
165 319 46
393 119 36
828 814 94
157 118 19
879 68 19
39 345 49
338 227 64
870 74 84
12 404 96
413 732 94
681 592 63
294 771 63
21 592 93
380 64 41
582 391 64
422 408 52
41 207 92
856 884 70
490 224 27
284 715 65
298 905 69
796 59 12
331 570 93
607 269 89
576 574 62
1 151 86
897 55 97
118 611 90
611 587 38
684 900 19
883 400 26
70 358 63
169 270 93
531 224 54
26 779 14
765 524 77
423 160 33
908 707 10
238 332 93
590 419 26
549 211 21
581 911 42
295 393 28
735 185 42
231 591 53
159 120 17
853 684 43
803 16 35
295 541 41
494 245 44
5 248 47
775 670 45
145 19 11
49 536 12
352 719 45
701 902 59
666 468 28
625 273 76
211 669 48
527 337 100
724 745 22
313 208 50
156 888 18
825 930 90
54 168 24
577 489 64
895 169 88
233 376 77
461 795 42
628 417 90
226 836 76
560 591 19
531 537 47
380 310 77
513 736 32
490 695 76
710 638 82
914 739 17
752 529 66
243 926 23
200 820 49
210 353 85
26 159 63
454 899 12
182 803 15
165 460 92
6 498 53
793 547 31
34 426 57
647 440 23
339 915 98
277 352 90
358 684 29
621 153 38
175 158 39
711 884 20
862 509 66
9 257 74
411 487 29
828 663 62
112 922 47
98 469 26
758 67 23
86 628 29
209 237 31
17 295 36
36 123 87
255 375 81
808 425 14
536 677 69
860 6 92
501 794 40
595 197 96
272 791 32
53 264 43
640 428 95
57 853 72
374 592 16
768 372 75
269 444 36
810 652 90
630 363 44
467 113 33
205 768 50
56 339 61
924 255 39
88 210 96
247 201 53
153 588 55
681 321 67
517 698 19
652 268 23
544 19 28
207 162 55
393 924 53
881 821 96
867 628 35
709 303 80
55 504 37
379 17 18
10 188 17
803 543 83
108 135 89
696 546 71
888 909 25
393 722 15
401 588 53
820 531 42
287 236 47
852 51 60
68 287 56
911 154 47
898 701 98
224 429 26
746 729 19
655 421 10
616 187 78
648 167 93
830 211 27
916 545 43
689 900 19
908 177 66
655 708 97
243 437 74
686 754 89
184 407 88
226 513 76
157 150 75
417 921 80
722 920 23
458 632 45
412 573 25
119 396 83
309 133 38
895 201 61
601 664 91
344 913 85
912 743 75
404 85 49
655 248 93
585 245 100
76 285 37
283 347 60
132 599 42
324 806 11
133 305 52
500 250 81
63 293 95
802 725 29
439 810 22
580 174 81
793 131 27
857 175 49
527 605 81
98 272 57
299 337 79
856 789 65
897 589 49
578 671 43
393 96 63
455 156 44
736 462 58
157 171 76
931 239 87
165 732 27
340 176 71
29 402 71
251 112 59
334 667 87
272 17 49
297 212 35
53 909 98
212 575 66
772 557 57
139 352 12
644 287 77
60 571 96
800 568 42
828 299 92
341 174 10
635 491 14
561 838 100
531 683 74
676 360 62
310 277 70
55 789 38
226 883 42
810 74 51
720 17 79
343 242 32
85 403 41
305 851 21
747 150 59
598 525 22
371 473 12
534 408 11
625 437 41
671 379 100
246 362 58
848 721 90
865 545 93
95 362 38
536 245 73
226 927 39
138 247 22
686 82 95
922 127 32
664 528 21
312 806 51
798 626 14
506 407 47
133 826 73
401 533 36
166 278 20
751 312 65
99 757 97
779 464 49
891 10 100
788 878 31
442 385 10
544 182 15
341 42 26
257 96 28
787 581 79
833 233 21
298 590 36
26 235 16
270 856 31
117 642 91
475 516 89
306 443 79
584 920 11
511 641 94
360 47 71
451 182 83
185 843 84
345 395 77
365 234 15
167 816 37
563 428 91
895 794 60
920 373 72
744 876 51
505 93 70
192 504 65
840 196 38
917 427 63
136 590 66
13 277 77
146 176 64
774 822 38
592 797 87
563 505 28
221 287 89
27 78 26
601 454 73
769 77 90
678 84 63
111 740 65
613 82 97
818 502 48
198 680 90
878 298 69
736 458 36
856 336 51
136 380 21
383 67 10
478 720 79
733 734 10
869 890 43
442 297 22
471 704 87
868 860 99
16 707 87
369 449 92
510 174 81
520 2 26
551 121 51
585 835 49
154 920 76
686 802 64
469 293 52
450 737 64
241 217 82
363 620 86
103 824 10
841 339 66
452 10 73
819 226 63
902 132 90
219 53 34
249 124 95
912 1 40
830 580 89
366 617 54
605 603 37
200 301 75
679 664 52
786 878 22
503 123 41
242 113 21
479 232 18
329 703 92
549 699 89
505 431 79
587 189 87
846 913 66
471 309 42
727 25 56
204 839 88
545 370 31
771 677 41
527 389 62
490 308 62
825 611 55
620 481 99
195 413 75
337 139 32
915 688 99
558 926 10
354 620 57
743 558 69
345 335 57
385 722 44
928 53 94
395 924 43
460 534 65
604 824 18
447 212 29
677 905 27
745 735 41
148 582 97
494 928 69
900 930 59
747 465 61
409 474 36
200 548 25
740 285 32
596 33 80
206 251 10
32 232 56
739 781 82
700 599 40
381 137 35
165 402 77
126 694 48
705 343 23
125 425 69
783 300 47
492 708 91
7 612 34
500 828 61
363 496 18
182 452 16
728 883 27
423 233 30
838 104 52
62 639 44
886 234 13
645 272 68
722 667 18
701 625 30
913 605 98
732 901 10
222 223 14
32 395 79
689 83 79
860 690 50
931 522 72
339 700 97
313 827 41
919 778 59
305 151 53
271 327 80
307 384 26
272 467 71
399 509 65
184 198 28
191 807 34
177 328 21
440 121 27
820 644 40
151 759 47
806 494 65
620 298 84
196 15 16
625 310 66
649 198 50
459 371 29
195 386 76
151 400 55
429 304 44
285 759 69
36 497 30
209 781 49
799 710 46
411 638 75
81 376 60
622 348 64
852 788 64
696 49 35
108 903 91
692 404 44
838 720 75
515 377 70
217 441 47
462 641 22
396 909 56
221 722 68
588 675 27
571 237 92
440 857 83
199 639 92
763 857 47
253 692 35
486 529 96
503 77 58
929 522 27
57 167 68
917 153 87
909 437 75
197 617 19
379 774 10
899 453 23
737 735 54
87 689 95
14 401 62
786 654 69
223 11 24
68 291 95
766 5 70
923 851 13
803 16 72
701 378 27
397 751 42
152 625 96
216 546 64
329 402 46
378 503 80
752 711 78
741 40 13
163 36 27
238 806 100
782 198 71
595 534 66
911 516 87
217 710 96
848 712 40
648 711 95
701 100 96
725 662 82
507 81 36
457 631 99
689 58 26
284 790 76
628 111 42
71 181 73
170 669 21
81 555 49
336 680 30
732 214 48
152 778 85
238 804 12
465 408 82
199 834 15
661 344 88
762 288 99
317 37 29
319 84 41
731 683 50
811 286 60
890 319 55
679 8 66
510 878 29
326 507 54
897 419 23
324 35 14
232 462 63
809 166 97
737 364 47
467 781 72
93 209 70
460 846 30
645 85 67
472 134 13
922 418 48
763 854 23
821 797 10
785 703 99
192 253 92
844 287 76
190 716 50
732 809 31
741 318 91
460 782 22
659 630 46
388 733 38
422 72 58
358 813 31
276 747 13
876 411 55
876 401 77
779 204 31
349 889 29
226 290 55
720 592 14
630 361 88
791 796 47
421 413 20
719 736 88
588 371 33
695 657 94
191 369 64
335 357 28
924 5 33
249 229 10
750 416 55
554 453 63
726 791 16
578 336 47
758 908 43
67 221 70
677 151 10
775 331 84
318 782 88
16 587 92
51 883 53
80 341 19
789 112 12
521 741 69
254 814 72
344 108 29
811 914 32
775 477 25
406 622 36
696 265 15
860 916 82
366 299 49
695 777 46
589 28 64
747 93 11
454 240 55
799 912 63
221 517 85
427 629 48
379 597 23
119 851 32
770 179 24
668 617 21
17 664 22
412 904 35
424 708 82
635 153 88
896 251 13
931 74 57
17 351 53
783 467 33
454 304 11
880 746 67
275 699 34
511 848 18
382 895 78
897 331 100
104 28 26
635 247 13
57 931 86
106 150 93
733 713 32
849 523 93
456 511 78
659 519 65
403 371 76
837 599 57
471 406 59
821 556 34
680 629 58
445 247 99
268 438 33
608 816 36
40 886 45
871 364 85
453 884 14
296 927 12
905 128 73
46 557 22
277 482 64
266 671 81
582 530 20
375 234 13
130 17 55
487 625 17
269 852 28
493 301 45
66 546 79
609 234 42
696 906 99
668 27 73
211 718 27
829 179 41
400 32 21
118 913 60
661 21 17
237 447 15
881 666 60
268 392 25
50 523 69
873 10 44
581 698 76
919 713 44
152 44 15
303 803 37
813 107 84
757 725 10
880 641 33
37 305 17
567 508 63
62 190 29
842 629 51
662 624 82
684 462 77
811 545 90
469 199 89
312 351 49
139 867 54
255 742 58
358 900 29
229 102 58
63 721 30
861 78 32
494 555 11
103 501 54
725 362 29
99 255 43
904 6 84
404 671 48
465 58 69
503 627 57
910 350 69
845 482 97
724 832 82
761 117 86
377 299 99
372 878 11
534 230 50
147 91 64
492 254 74
462 772 95
544 453 77
792 465 28
546 172 96
188 795 78
866 749 51
245 396 42
900 119 77
653 154 86
610 219 89
392 617 87
461 108 50
909 77 77
621 199 75
199 876 43
519 263 29
207 907 22
391 635 44
807 648 80
743 204 49
523 256 96
677 786 16
44 800 42
428 623 94
24 248 44
88 39 79
401 890 48
334 499 64
860 915 53
649 738 76
218 0 65
304 157 34
475 601 74
249 147 46
429 422 38
750 149 72
33 530 21
316 753 73
809 516 80
608 34 32
110 45 64
172 838 21
373 292 33
211 834 54
815 611 99
615 287 83
616 440 39
555 478 76
362 612 47
1 868 49
268 606 80
77 309 44
836 590 40
173 506 88
175 688 57
622 191 31
724 570 26
548 600 93
769 670 90
518 31 50
109 681 44
102 634 11
571 516 78
704 357 43
492 140 62
274 142 17
165 780 51
107 118 96
701 468 93
591 119 11
44 53 19
597 919 45
309 454 87
6 464 24
699 876 78
12 125 77
587 744 16
53 932 83
485 182 30
34 303 24
117 759 72
134 484 80
828 723 77
234 51 58
564 819 42
668 849 31
525 609 42
323 816 27
786 740 49
655 320 92
930 754 27
178 492 65
918 323 27
295 882 22
840 182 29
826 810 44
683 267 95
927 71 97
184 456 28
667 906 83
732 466 90
670 5 77
551 455 31
50 59 72
639 724 53
594 505 17
236 910 68
299 165 51
610 643 83
130 804 11
276 894 82
518 463 60
152 910 25
10 191 15
809 228 62
63 438 52
381 330 24
832 500 45
56 155 30
803 169 21
60 393 78
508 612 52
859 592 81
35 932 100
797 758 20
184 770 48
865 217 59
99 886 100
268 621 58
631 196 62
689 432 99
29 164 21
772 189 53
354 426 28
930 766 83
99 814 60
266 868 76
905 87 53
458 621 19
667 178 20
616 253 100
125 162 74
166 676 42
328 89 62
430 450 74
556 818 52
374 415 52
453 888 98
416 531 83
763 86 70
253 689 74
181 131 52
382 19 75
570 782 61
876 767 95
380 90 22
138 143 25
198 755 83
152 18 61
683 446 57
833 185 64
692 339 27
684 426 24
560 507 34
145 504 94
541 405 52
166 895 59
818 86 45
662 830 68
551 781 39
124 94 24
641 687 92
89 99 66
236 509 82
928 859 97
661 768 20
291 195 44
504 913 64
339 228 89
502 430 100
421 129 69
363 784 71
231 772 60
564 805 31
286 13 90
723 340 48
646 44 51
836 255 91
561 870 60
98 543 60
926 259 15
458 467 95
644 660 95
838 25 100
256 334 20
183 553 59
532 88 11
469 229 72
224 187 90
647 818 24
915 295 21
457 429 60
95 654 41
482 492 32
780 522 82
257 700 86
491 230 80
668 796 75
96 33 53
711 868 10
608 602 63
787 497 57
94 456 42
872 157 95
659 920 27
720 625 69
398 494 96
628 15 49
302 351 98
661 23 89
56 752 42
520 639 17
790 333 62
731 530 21
487 329 36
419 285 98
359 331 38
636 268 30
264 553 28
330 306 31
632 447 99
576 161 21
586 2 35
88 910 50
578 311 13
696 276 52
190 768 52
118 360 56
117 736 82
44 466 42
491 24 47
385 311 73
623 385 93
426 615 27
894 926 95
259 393 52
183 120 26
98 132 22
613 567 34
540 530 25
200 461 26
908 272 96
481 309 52
252 254 28
46 493 18
318 705 52
360 380 27
284 416 96
898 126 56
254 416 53
189 226 34
613 256 62
129 402 33
133 277 33
706 450 55
406 115 62
5 573 67
758 309 22
13 782 46
585 453 12
857 449 85
162 362 52
909 594 85
811 191 63
313 196 91
511 222 53
316 68 90
408 341 49
473 770 31
370 436 86
592 266 96
300 48 80
26 382 71
618 746 92
505 104 41
783 112 51
494 61 99
157 917 95
819 528 91
324 115 39
245 158 93
251 345 10
703 895 54
297 819 24
326 724 68
12 623 30
755 575 62
477 417 95
901 322 37
650 386 55
431 323 34
914 880 67
872 926 22
360 150 64
118 674 62
37 315 95
100 748 55
765 23 12
248 128 19
147 423 91
928 211 77
250 662 99
261 858 82
760 832 52
563 294 45
360 756 42
128 519 92
398 793 90
583 126 95
341 43 47
774 358 17
787 409 15
271 174 65
35 29 35
560 177 36
47 479 57
932 697 95
110 607 59
677 130 92
858 305 45
378 246 83
776 741 46
837 774 14
168 624 89
312 540 64
434 796 64
532 667 71
456 186 39
823 751 22
119 745 40
779 916 34
279 551 34
379 407 33
429 687 35
789 115 16
910 589 100
196 400 61
25 96 34
192 545 69
701 252 55
592 893 41
223 166 61
280 587 61
697 174 64
862 105 44
152 76 73
66 227 94
412 391 21
256 68 22
720 889 56
752 301 13
169 309 70
192 154 99
481 474 62
748 875 51
514 372 50
283 931 64
553 281 54
252 335 85
686 548 75
740 9 33
297 828 81
295 16 87
504 545 57
724 907 100
858 221 71
196 345 19
494 714 34
711 575 88
469 289 17
754 915 65
790 536 19
297 732 82
35 667 26
271 802 73
636 672 97
585 690 72
607 290 26
173 560 40
828 319 26
336 723 19
53 824 22
423 521 50
317 350 34
53 680 23
103 638 51
56 73 85
166 9 58
397 708 56
460 170 40
405 198 56
918 772 31
43 648 75
287 391 49
611 680 31
575 208 63
144 638 60
111 568 31
447 383 45
96 498 54
692 568 29
798 599 23
874 869 13
733 11 75
262 240 57
5 146 99
22 60 100
380 750 65
735 863 34
878 518 51
481 331 70
51 753 90
540 850 74
861 149 15
227 912 66
558 659 51
220 201 27
579 512 88
145 915 70
225 571 30
205 748 57
882 591 26
208 693 15
734 546 59
805 884 97
79 284 98
883 56 75
415 139 38
186 861 17
828 63 67
507 233 30
607 874 87
584 123 48
350 445 67
59 636 59
272 623 99
516 107 33
843 789 42
330 246 72
908 666 55
35 289 27
365 736 10
285 3 13
518 699 69
126 674 43
340 57 83
125 673 46
136 895 20
745 83 42
612 110 93
42 511 85
925 3 75
732 853 27
386 554 88
926 504 58
500 332 81
337 429 75
465 875 80
434 628 44
768 243 12
295 930 27
589 5 100
653 655 15
532 480 13
99 353 21
375 403 58
306 42 66
513 692 81
59 704 18
675 831 96
330 297 13
701 201 92
533 635 50
608 522 51
378 457 16
378 34 69
222 926 31
799 736 51
594 680 18
122 362 29
347 522 19
276 259 30
795 299 93
689 502 62
794 733 11
267 586 98
340 468 74
790 425 88
129 519 41
512 841 81
834 470 79
457 119 23
160 583 37
745 768 90
224 95 67
152 608 92
438 255 86
609 411 35
813 242 98
755 265 15
506 478 10
485 562 100
12 511 51
602 688 77
398 786 71
247 674 97
187 809 91
220 329 65
896 531 67
197 137 76
672 429 96
290 63 62
220 597 37
789 258 40
65 657 66
812 574 50
417 893 40
128 73 23
445 720 77
40 388 63
652 792 97
581 200 20
443 417 41
712 418 95
254 93 78
112 494 19
449 804 27
18 881 98
478 188 67
708 181 76
78 879 45
153 52 75
306 649 52
381 638 51
616 535 40
748 88 83
834 734 41
621 610 43
705 642 92
115 67 100
680 190 37
331 746 44
419 686 16
931 823 56
917 236 90
893 98 84
350 426 83
338 772 10
200 841 53
394 523 96
33 710 40
388 249 47
769 108 15
919 613 78
130 894 83
531 859 91
596 853 26
786 252 23
1 297 59
0 426 96
550 150 32
519 766 42
779 728 40
118 684 37
680 195 47
655 260 56
76 443 82
685 19 13
380 773 67
856 211 65
758 724 90
268 726 53
148 539 83
251 467 26
814 616 48
497 688 18
787 927 43
865 135 87
522 634 91
923 312 74
209 454 20
338 198 66
641 396 39
534 452 48
251 409 72
860 77 74
518 372 96
682 802 56
764 671 56
316 258 11
871 137 17
600 836 75
346 100 87
554 420 80
610 284 98
481 806 24
147 253 82
769 504 44
458 23 63
322 98 86
853 430 16
770 56 24
240 223 45
656 355 24
35 4 44
895 474 65
913 239 57
419 761 94
921 39 24
565 227 52
63 768 75
909 399 56
287 897 17
697 101 83
427 14 61
293 53 75
530 497 88
641 755 14
456 61 82
453 819 92
451 478 92
822 705 44
118 321 40
501 79 98
756 232 53
584 474 65
344 507 61
238 21 91
769 828 38
120 406 37
911 469 19
810 68 55
236 16 44
275 264 94
177 542 89
165 120 82
483 632 77
553 207 55
166 783 92
490 853 27
792 588 87
197 615 65
501 517 26
583 53 34
129 285 98
150 545 85
793 767 81
781 440 88
456 133 24
545 505 39
467 192 85
76 183 36
452 242 26
814 626 87
767 596 89
713 536 86
322 255 86
208 109 76
539 568 26
803 462 19
68 157 85
84 304 37
127 90 59
513 415 96
796 873 92
656 472 40
555 189 40
414 318 21
449 716 77
867 467 72
564 73 70
503 317 25
635 248 91
728 55 34
407 735 64
834 723 86
778 702 61
863 79 38
617 241 40
334 898 49
122 75 31
663 885 53
667 797 13
668 584 35
827 147 33
604 228 25
556 205 39
505 649 19
71 492 87
351 615 80
786 762 95
428 472 82
508 104 57
863 246 70
203 344 92
17 619 46
784 677 59
818 711 49
800 467 94
723 156 96
882 140 17
387 551 96
860 51 79
26 826 99
582 26 51
828 472 43
786 887 15
623 873 96
175 611 88
381 281 71
887 185 26
763 369 100
44 200 11
218 396 31
220 468 73
96 876 84
649 399 54
546 64 78
765 605 80
277 918 85
588 809 93
155 258 36
166 442 47
818 124 21
893 244 15
323 658 86
162 398 92
42 688 36
80 693 56
85 703 84
469 451 33
896 661 98
854 686 69
42 208 14
920 138 97
470 100 89
494 569 21
567 8 97
400 465 51
8 45 14
262 22 17
900 216 51
329 855 41
228 650 72
814 236 50
898 571 18
312 673 80
786 495 57
43 693 29
46 196 30
222 895 66
558 761 41
389 906 62
791 626 24
872 295 70
609 110 85
792 902 24
305 515 12
698 869 70
764 100 38
730 678 48
496 615 18
507 436 27
479 572 87
517 654 91
291 549 16
558 481 30
273 532 74
603 44 62
33 192 44
669 801 79
201 92 67
680 48 79
670 676 94
612 582 73
405 136 23
903 65 21
496 12 26
920 277 17
644 204 16
16 792 63
840 51 72
201 773 91
120 145 20
645 80 53
824 198 61
307 928 85
540 453 16
767 682 56
739 234 38
82 268 15
824 586 84
437 902 46
640 149 84
725 162 12
177 83 29
812 282 63
588 303 79
699 405 39
666 577 71
418 85 42
145 520 50
283 292 81
454 879 61
653 155 89
448 119 86
465 484 65
872 445 15
558 76 19
269 537 29
651 919 43
806 561 72
88 496 60
291 335 29
90 381 76
707 482 64
105 647 32
904 915 31
210 803 42
879 897 77
573 58 41
752 550 90
353 526 36
217 282 69
289 121 88
166 720 100
909 503 97
422 114 92
9 447 12
800 498 37
577 885 42
593 725 37
307 932 69
816 911 92
668 187 16
833 37 91
511 776 14
38 142 61
412 852 47
455 784 71
685 296 77
409 131 86
52 170 52
246 260 79
610 29 70
399 314 10
908 248 100
724 834 56
926 268 66
385 695 96
94 364 10
55 848 15
625 41 15
515 512 15
600 666 53
628 218 53
340 95 99
248 481 61
228 54 57
567 324 38
519 722 98
747 62 98
235 836 89
685 20 73
738 333 81
401 753 78
797 311 46
194 454 37
329 347 82
46 759 18
259 562 64
445 528 23
118 256 94
443 576 50
287 723 95
555 11 77
459 542 93
533 406 30
296 761 11
361 284 88
295 279 23
137 676 91
920 155 15
904 210 27
45 818 20
528 900 75
632 266 76
778 90 57
431 545 86
763 238 40
508 50 48
839 365 12
755 522 12
416 510 89
26 830 56
120 520 87
272 884 10
545 12 100
84 772 49
844 843 90
287 45 88
154 4 49
560 809 100
816 740 46
378 519 82
10 352 34
405 290 79
842 250 72
216 707 29
626 699 53
251 262 74
76 867 61
268 454 33
48 648 82
673 488 93
665 929 76
536 38 29
481 366 77
632 487 73
669 410 37
857 232 61
58 139 74
453 600 72
383 229 38
885 656 67
617 548 23
407 829 62
919 464 71
621 461 97
755 892 21
291 267 27
734 924 31
278 136 38
283 114 97
568 278 56
640 607 48
871 919 63
23 708 93
449 737 36
723 290 30
140 43 99
436 377 11
530 461 98
596 436 59
43 466 47
74 684 68
769 307 58
232 432 91
178 161 10
219 490 42
552 930 79
718 231 16
265 787 70
737 351 25
52 805 29
40 789 39
165 148 42
239 442 43
357 107 52
908 828 59
574 457 35
581 831 93
9 131 38
725 424 86
281 307 32
596 771 12
746 1 23
116 170 61
296 777 61
116 520 94
366 246 20
521 145 23
583 470 67
207 887 20
560 666 69
388 908 35
28 265 15
266 286 88
18 105 83
757 30 70
84 188 94
377 165 80
392 462 76
320 246 21
136 375 52
816 796 67
458 106 64
39 878 65
335 103 37
470 23 80
749 527 89
90 369 14
2 126 100
653 489 40
496 217 26
882 300 61
564 244 59
316 925 30
14 621 88
631 520 81
734 254 77
573 902 11
566 18 29
604 700 14
478 722 98
54 184 64
679 74 35
691 739 79
354 254 56
270 584 89
154 493 100
426 73 75
707 154 51
843 323 83
609 154 88
437 225 77
784 720 86
87 688 59
410 614 17
453 745 82
505 291 91
848 643 71
274 811 42
211 555 12
538 799 24
918 291 66
727 31 53
92 841 38
92 664 59
170 15 17
243 556 70
17 521 17
585 567 86
519 502 80
144 351 54
7 431 81
622 724 94
279 561 81
706 497 67
668 197 96
349 631 35
157 692 49
421 181 36
13 261 95
275 288 99
377 512 44
682 534 29
328 578 13
932 899 77
126 148 82
278 613 79
62 52 39
885 924 76
527 302 42
773 688 19
127 629 15
868 647 33
640 91 63
894 821 85
903 127 69
475 551 35
358 102 79
571 574 77
660 297 47
778 860 13
35 419 99
464 729 57
724 888 62
91 857 96
782 62 35
17 604 98
483 320 47
469 622 83
690 457 93
908 909 36
79 378 25
302 469 91
716 380 90
39 220 57
185 740 54
312 99 30
413 448 74
523 34 42
666 405 74
452 490 67
212 420 16
100 920 17
240 678 87
654 704 39
649 281 14
107 769 31
777 301 24
681 876 87
539 610 70
611 557 33
887 88 27
541 628 22
499 387 10
619 722 64
114 92 38
731 305 79
217 611 57
469 401 55
908 231 87
928 758 24
757 656 67
341 608 59
234 909 35
701 848 87
169 798 11
538 220 12
493 338 19
853 313 100
657 885 17
447 812 47
8 668 62
685 678 93
485 280 10
451 69 83
846 787 65
844 752 71
917 230 58
918 4 65
705 813 32
164 235 46
593 745 68
373 394 50
34 422 86
498 663 46
572 631 51
656 363 89
502 270 44
495 929 33
554 19 85
674 134 90
822 108 18
70 21 84
631 851 100
731 619 44
36 473 92
346 576 13
681 373 97
365 148 23
814 763 79
614 672 69
183 227 10
0 227 75
520 165 25
472 314 100
233 108 30
401 250 43
733 785 49
273 686 90
484 925 10
480 460 75
513 138 44
802 679 10
616 654 99
0 95 100
742 121 69
753 38 40
552 685 63
834 810 21
273 131 90
648 642 47
769 706 90
691 869 85
425 553 28
675 782 61
243 431 13
552 647 36
271 312 17
483 521 16
795 703 23
599 104 73
657 759 83
116 613 50
282 852 60
825 754 86
550 86 13
33 842 38
367 337 23
151 673 76
560 324 77
459 714 43
673 676 94
625 660 89
373 267 44
818 511 18
434 235 63
70 314 91
328 498 77
633 503 94
687 18 91
362 768 68
682 463 40
731 14 75
240 0 88
869 360 90
822 207 22
540 29 54
89 139 58
118 618 88
774 493 91
839 772 78
345 290 78
717 901 96
133 438 78
694 164 40
871 823 35
545 438 41
463 709 14
707 64 81
816 608 95
199 205 13
153 169 14
341 419 43
598 16 75
487 52 38
711 906 98
835 661 80
527 277 11
760 28 73
248 292 76
690 300 22
51 197 93
893 851 47
583 786 75
659 918 35
522 913 51
337 237 37
325 403 92
260 225 96
351 878 63
201 466 50
293 906 37
614 834 20
95 303 100
519 119 65
462 92 71
636 494 74
45 328 41
323 326 11
440 859 85
751 721 16
838 517 81
238 758 44
882 447 85
259 729 35
851 273 39
217 333 64
428 668 37
758 814 32
497 807 22
919 231 13
923 802 24
665 680 84
856 211 44
501 882 82
631 19 60
190 878 48
138 342 74
284 23 23
833 636 69
724 257 26
904 834 54
15 694 62
50 73 21
95 922 37
811 723 84
735 499 58
143 460 12
432 902 14
521 627 21
870 367 76
502 447 44
585 147 35
415 235 94
25 617 31
639 6 38
384 269 52
810 516 76
712 101 69
428 501 69
492 422 53
919 376 76
339 560 25
838 586 95
226 807 16
228 340 10
269 436 70
122 787 36
222 776 54
909 284 86
672 569 48
548 676 66
553 74 70
61 733 91
924 579 90
380 159 33
111 660 95
335 262 96
285 593 37
753 775 53
442 361 43
735 347 31
905 376 72
8 737 49
354 10 34
59 563 29
146 126 19
841 677 73
753 491 30
819 453 89
464 358 26
226 56 78
416 228 72
566 919 81
719 581 99
576 67 17
446 87 82
358 111 35
554 452 48
448 749 47
263 370 76
571 394 64
191 861 86
63 209 82
384 459 18
901 322 59
739 759 74
753 675 68
889 221 42
175 918 64
401 6 45
686 81 39
523 195 59
639 349 83
98 237 75
502 391 62
301 696 58
715 55 34
307 270 80
919 648 27
795 810 54
115 513 60
416 304 65
448 427 56
531 688 29
761 330 87
69 119 96
647 86 30
626 704 76
863 320 81
809 281 29
18 874 100
251 782 80
98 180 32
250 34 25
544 204 12
42 673 89
802 152 25
656 178 62
594 611 88
767 605 82
851 141 23
265 237 50
359 322 67
73 886 94
599 404 35
84 558 56
207 830 11
404 247 66
915 423 29
262 777 28
57 270 37
484 168 88
563 130 27
832 612 14
722 749 33
697 846 59
895 126 47
737 521 97
633 620 94
205 362 63
523 859 94
800 472 93
439 177 19
424 239 80
144 341 35
52 161 79
444 106 95
366 903 35
897 395 18
908 95 69
327 455 61
595 101 59
203 364 42
929 519 90
703 81 72
19 554 21
455 95 29
770 487 56
477 508 14
156 803 38
73 694 17
381 624 20
801 261 37
846 21 67
910 431 20
201 112 58
141 808 47
415 463 27
852 248 25
82 205 72
574 343 20
225 372 73
319 701 98
557 634 98
327 399 53
866 33 89
512 4 80
473 339 58
41 229 36
138 824 93
141 150 26
314 22 90
76 888 86
927 543 61
616 46 11
292 350 28
884 138 99
919 777 45
73 665 90
144 430 97
276 462 94
656 451 42
582 402 30
78 286 78
790 678 27
528 606 29
321 16 22
426 331 62
759 457 94
819 133 70
455 91 10
678 109 70
42 670 51
688 467 54
113 363 43
494 129 91
35 676 49
229 597 38
763 760 68
282 439 91
907 791 54
168 428 15
923 116 71
732 468 48
771 206 40
893 158 87
827 485 69
775 840 56
172 362 99
568 206 50
294 917 19
704 140 16
777 78 81
866 300 99
429 248 62
749 705 69
80 553 62
911 258 33
855 623 58
475 877 88
256 572 13
751 307 52
82 633 53
1 512 71
709 841 82
700 785 42
253 450 91
240 362 75
408 597 91
370 809 44
842 557 90
499 110 37
594 920 54
785 784 33
898 137 32
278 543 47
271 642 34
459 179 50
579 664 74
932 76 43
62 278 35
500 743 22
105 245 90
179 676 28
169 415 31
520 920 21
423 356 25
542 590 87
133 893 42
646 460 61
423 481 81
415 443 46
720 734 26
52 798 54
155 602 28
863 276 85
469 516 14
5 266 39
533 357 58
646 825 17
794 494 87
455 555 73
842 819 81
498 784 69
1 477 36
694 665 35
682 574 36
897 755 74
481 371 57
811 741 93
7 255 22
831 820 91
636 641 59
736 498 63
289 390 28
381 714 50
477 138 22
570 814 26
707 474 97
617 592 77
546 717 40
717 797 14
209 613 65
818 549 53
522 523 14
92 216 40
673 344 81
600 794 28
343 406 79
508 13 65
370 381 100
451 90 50
431 814 49
471 733 38
659 244 39
608 47 65
684 318 90
533 809 12
453 794 13
809 499 65
766 121 84
31 40 14
89 266 81
701 293 46
8 382 32
494 214 38
286 680 75
476 63 22
385 700 36
142 368 33
799 387 100
430 216 10
469 817 16
784 309 92
490 823 79
825 370 11
659 0 41
681 901 84
519 806 62
641 531 55
284 756 42
84 358 66
275 736 69
212 149 44
702 224 78
290 314 21
322 899 91
556 877 24
506 487 69
84 184 73
876 170 50
421 90 29
380 831 60
330 263 17
177 153 99
494 389 60
792 307 60
189 798 99
549 857 73
692 355 33
57 32 98
581 482 47
306 812 20
442 437 10
628 650 13
0 562 93
390 106 28
503 778 67
283 195 78
10 391 98
313 872 34
466 252 21
522 879 60
163 928 47
602 379 60
757 57 47
815 449 53
751 686 45
680 511 44
913 686 28
234 676 72
18 458 26
754 597 50
152 234 57
522 520 27
812 884 97
283 754 49
660 278 97
69 540 75
213 713 61
758 739 59
337 398 75
16 862 31
134 560 12
895 731 71
107 912 65
42 213 54
293 893 87
465 613 97
889 521 97
655 910 17
498 135 20
77 693 86
245 755 61
734 803 99
126 457 40
251 66 66
741 686 25
74 417 57
811 826 40
127 727 42
656 162 24
43 162 51
636 687 58
595 35 57
624 221 44
885 130 52
752 699 68
47 793 64
629 781 62
927 632 65
581 124 46
157 13 26
837 929 96
36 463 74
894 533 70
786 286 33
163 391 34
554 899 94
273 735 97
43 514 60
359 632 26
758 484 72
472 457 27
518 617 19
40 56 33
769 76 78
186 342 52
522 836 94
166 834 64
321 781 17
489 150 10
634 826 10
802 687 75
233 105 95
243 818 49
461 148 93
449 928 23
817 133 79
199 447 21
25 608 78
649 112 40
292 396 77
932 266 28
229 177 90
902 372 25
926 387 91
637 343 27
170 138 47
725 437 77
370 584 73
423 222 28
229 796 66
182 318 85
685 569 61
159 211 39
391 516 97
658 706 17
571 386 37
632 150 52
565 86 74
238 809 33
738 205 69
546 160 22
749 379 24
69 62 24
242 330 68
166 240 69
647 746 55
121 692 38
281 424 100
152 602 69
24 322 35
746 242 83
232 654 36
781 437 94
417 638 11
16 525 12
245 681 18
339 25 76
23 317 85
467 644 28
353 417 57
403 626 84
266 273 66
892 656 25
407 914 100
385 474 77
928 741 17
176 184 88
921 757 100
375 78 49
16 748 83
329 177 42
303 284 17
233 748 15
854 863 20
659 640 68
265 291 19
355 846 85
931 108 21
431 216 84
115 82 86
200 361 45
866 49 97
198 506 83
757 314 91
827 852 33
598 80 49
651 776 40
777 363 16
916 531 43
913 574 87
70 406 96
830 732 20
777 448 100
432 500 21
301 148 94
75 756 24
627 833 79
651 462 50
701 749 57
188 747 66
71 67 11
808 166 95
604 897 85
174 256 99
904 132 19
729 224 23
383 63 21
209 809 23
815 313 55
119 464 21
247 33 33
511 850 39
405 259 32
537 225 60
601 927 46
127 679 86
437 275 44
77 73 73
119 615 64
122 101 42
238 77 43
153 686 38
219 923 81
761 764 12
454 279 30
486 11 59
644 539 29
497 856 57
623 30 77
773 393 48
122 470 48
866 227 89
918 36 43
286 378 76
718 217 43
305 117 38
45 189 20
878 681 47
644 286 62
207 88 97
788 308 86
287 427 89
297 184 14
214 445 17
276 770 61
690 627 15
466 135 86
158 804 88
784 544 95
895 248 90
579 841 38
214 761 47
872 428 49
665 256 55
238 23 50
267 217 21
549 702 64
139 368 33
598 197 32
21 605 23
733 805 65
462 399 43
355 255 76
196 431 80
588 738 71
696 266 33
768 363 74
524 751 14
415 348 75
641 525 73
196 795 97
119 167 51
627 202 96
827 430 98
94 291 66
157 831 25
821 653 90
43 362 47
823 892 66
356 252 89
742 503 61
832 210 83
463 77 79
636 771 68
622 637 51
851 695 22
449 25 80
408 477 98
758 486 76
259 38 43
262 319 70
409 683 53
428 371 42
259 681 33
852 112 34
320 572 60
362 120 39
441 245 37
888 396 22
183 123 98
502 20 52
239 438 61
830 462 51
61 253 95
255 702 81
892 86 91
424 709 71
532 734 86
662 922 50
661 628 26
759 551 86
287 604 32
233 170 43
656 66 51
204 525 40
102 153 31
357 627 83
909 104 55
654 601 13
839 451 14
675 111 42
529 486 75
632 237 82
623 604 40
629 86 20
749 226 57
320 500 56
788 651 46
136 898 76
359 214 10
189 717 31
119 744 79
76 201 88
483 772 57
344 423 24
316 839 18
920 297 53
464 594 59
9 253 89
629 881 44
91 288 18
116 557 95
334 375 74
437 390 64
657 768 62
566 917 87
319 284 80
391 688 64
97 571 40
9 589 18
833 686 44
158 281 80
883 683 28
49 388 59
319 491 25
622 129 16
807 542 50
474 409 33
463 38 72
105 389 10
237 449 40
241 800 71
749 580 41
849 78 31
321 870 67
166 639 86
353 638 93
757 580 70
712 527 50
483 439 66
414 693 31
545 189 37
493 528 10
44 825 68
375 644 10
150 348 98
100 608 51
420 111 33
20 735 66
694 710 34
736 72 73
8 849 43
750 681 71
799 865 56
79 541 69
448 123 20
901 599 66
413 638 46
337 693 68
97 31 24
474 737 28
190 831 77
141 450 60
318 533 69
422 207 27
353 163 62
534 791 46
931 307 44
325 34 49
360 861 81
578 310 28
806 546 91
122 496 56
392 768 11
508 528 73
928 240 57
436 735 20
329 248 29
746 33 30
429 256 26
326 607 83
142 524 28
438 15 24
507 391 83
617 416 77
643 765 76
511 612 55
172 892 43
765 777 63
130 781 55
41 689 30
652 760 94
770 388 68
236 349 12
67 354 20
143 154 100
631 689 37
252 386 54
41 277 46
34 70 94
398 594 20
532 802 55
642 152 91
752 506 86
693 95 22
798 789 12
645 28 58
558 177 10
27 635 42
267 468 36
701 727 18
399 131 44
118 543 88
298 455 61
730 613 98
870 485 81
80 894 49
831 550 69
6 486 55
31 835 85
724 546 93
739 763 26
372 479 71
355 614 22
18 621 60
157 72 96
359 903 50
665 77 55
646 430 63
617 864 65
487 21 85
813 779 71
218 335 50
376 226 59
136 535 68
690 312 26
136 128 21
785 372 25
646 77 84
640 387 61
6 418 11
121 256 97
8 855 46
499 172 21
526 320 20
789 70 34
900 382 45
645 595 48
593 398 33
631 610 98
13 671 21
35 567 92
919 225 34
750 458 13
710 863 40
894 440 10
653 511 58
197 106 67
467 259 43
539 779 43
414 817 32
472 522 32
660 558 51
831 706 82
496 396 68
656 603 55
779 299 45
409 748 76
429 879 36
921 505 71
519 19 47
545 201 92
371 439 18
733 608 69
283 462 92
346 391 92
416 845 34
181 304 65
59 171 20
22 448 47
745 793 83
818 81 35
782 110 43
364 469 94
302 159 65
794 230 60
822 380 55
170 381 100
32 834 69
331 614 97
452 857 82
451 174 22
400 166 77
459 521 79
781 45 79
31 764 49
0 748 45
521 685 74
282 723 51
292 400 17
755 813 89
810 599 30
168 862 74
113 762 76
180 574 32
13 844 38
702 12 53
185 343 30
565 793 57
314 227 56
701 526 19
667 36 36
123 723 11
90 67 61
465 474 27
49 435 98
221 489 84
100 464 99
129 45 47
82 619 29
136 22 25
363 695 42
397 127 18
127 347 77
846 603 63
709 868 99
247 900 50
88 781 62
742 487 52
836 590 58
708 631 96
417 434 35
222 514 77
441 402 24
474 405 47
797 443 38
641 55 91
795 556 55
432 671 49
147 424 49
638 455 76
867 209 60
131 499 87
694 905 46
901 877 60
748 780 16
370 443 42
626 64 76
896 870 61
879 663 78
656 434 62
434 610 37
507 224 32
60 505 39
812 570 39
329 207 80
760 75 31
176 749 87
433 103 21
362 853 87
456 833 28
625 371 87
535 699 99
831 758 40
631 638 89
910 557 44
151 697 84
484 487 99
184 163 95
55 547 90
911 891 61
579 188 83
479 705 58
795 200 58
261 433 69
469 159 93
342 235 19
121 863 24
330 878 41
234 881 92
384 493 65
32 612 70
6 622 50
891 256 24
667 148 66
456 103 14
98 215 68
0 723 88
41 573 20
25 544 25
567 138 93
61 441 73
365 587 69
680 733 94
561 174 58
233 904 88
321 901 86
130 619 100
157 701 55
750 448 95
49 680 75
727 164 73
243 82 79
916 324 58
120 781 30
560 783 79
628 308 52
339 674 86
863 280 20
913 655 21
511 427 86
506 825 24
60 394 47
183 459 79
352 472 51
460 61 96
414 808 67
748 611 84
145 194 76
136 424 73
496 205 25
460 3 94
202 526 37
868 409 55
356 736 54
191 772 63
118 14 10
22 794 61
55 208 20
630 869 65
115 155 88
703 253 74
343 460 97
423 823 66
13 221 30
160 260 17
143 749 54
512 153 50
806 239 31
927 487 99
881 452 71
747 878 87
59 39 34
898 336 42
251 131 38
837 830 38
562 571 95
397 36 99
21 626 92
328 603 49
137 180 70
576 345 46
924 178 98
764 200 22
128 467 52
850 256 20
128 533 31
885 107 82
607 44 25
322 426 77
110 873 47
551 292 81
433 166 62
761 200 58
316 508 84
294 115 55
156 582 11
630 241 54
296 446 84
457 783 13
484 28 64
256 744 90
48 27 74
788 484 87
689 490 62
781 587 51
33 800 75
96 483 78
304 613 53
761 419 97
47 166 13
378 379 90
555 553 65
171 373 32
553 774 89
724 931 50
181 160 87
375 389 99
332 909 12
88 130 42
77 586 62
120 710 19
538 413 32
233 557 74
292 772 55
420 619 73
175 451 30
622 491 26
171 517 44
459 207 20
914 410 11
801 432 93
92 24 47
402 385 28
330 586 45
526 187 15
826 524 67
848 722 89
112 697 74
647 71 42
193 329 72
400 89 39
366 72 58
929 432 44
549 245 73
116 266 64
100 579 38
148 858 20
758 603 29
130 45 38
16 383 22
893 188 57
438 882 63
206 430 21
459 67 74
765 707 74
30 384 94
575 614 47
483 776 12
87 276 64
39 839 70
76 801 79
607 24 64
473 543 85
711 605 93
867 654 30
232 900 57
569 738 21
708 833 11
181 300 67
701 807 87
525 623 58
161 491 11
21 270 53
317 597 88
601 575 50
838 736 72
721 135 81
394 792 60
87 552 86
516 449 58
290 629 96
691 400 66
257 703 79
495 701 23
71 874 51
273 285 36
503 519 59
463 328 49
502 889 75
175 109 69
539 383 93
420 113 82
168 243 96
254 171 51
53 652 19
456 620 70
657 73 66
854 342 62
232 907 76
201 45 58
679 502 66
583 23 87
882 102 27
166 762 70
318 836 23
769 47 94
710 134 65
658 117 31
3 100 96
826 654 11
653 818 20
825 929 66
906 589 10
655 396 79
852 544 74
2 512 48
907 541 67
813 218 98
561 158 51
647 454 96
720 196 35
88 582 53
174 37 26
393 709 91
506 223 49
110 687 80
263 338 35
415 159 54
222 652 18
330 679 70
450 261 33
305 371 100
827 891 89
130 75 19
486 763 60
548 522 66
841 13 70
269 293 93
485 301 80
261 323 37
14 230 77
693 530 42
655 674 93
333 110 20
501 621 94
706 378 65
184 597 47
219 161 16
437 199 73
883 545 62
355 248 79
51 886 27
832 748 28
789 60 99
737 154 22
214 329 71
550 439 74
540 207 98
412 747 81
864 205 59
852 574 97
760 488 61
788 710 22
54 379 83
346 396 72
204 771 86
246 611 44
609 516 19
903 547 24
517 591 10
37 590 34
600 330 28
534 13 16
304 424 32
835 604 37
702 119 87
576 537 38
704 155 58
382 578 95
841 311 48
32 443 98
337 230 74
39 193 86
184 77 70
701 151 25
212 74 12
210 127 36
833 291 36
792 149 69
667 27 75
259 590 18
160 647 87
392 820 93
56 239 68
130 491 18
394 570 33
3 718 15
54 530 33
176 305 61
351 595 47
333 547 83
271 918 57
865 703 13
411 436 64
83 557 95
399 324 93
746 129 16
265 209 62
725 364 10
188 247 41
758 384 58
524 758 99
399 559 83
857 132 98
426 909 99
417 527 76
79 816 96
755 830 82
548 912 14
680 337 99
865 383 85
601 325 81
437 571 82
478 309 95
745 14 32
927 107 96
705 81 35
173 740 54
187 696 51
346 33 34
918 829 90
222 122 37
706 771 20
337 143 62
335 559 71
730 533 89
71 592 23
275 505 28
397 183 49
364 690 100
373 274 19
538 810 51
572 291 91
774 812 19
690 912 40
635 437 17
719 875 100
352 886 95
84 156 90
654 466 85
9 317 50
87 184 88
842 716 75
344 70 40
440 315 81
834 492 18
84 620 22
482 152 90
602 224 19
174 833 52
919 424 95
626 100 22
584 842 66
725 466 92
268 216 94
406 811 58
378 641 55
633 291 99
137 482 38
553 881 21
683 14 39
51 298 57
87 24 56
140 181 74
720 2 29
492 286 34
411 14 76
829 494 33
149 463 29
231 403 59
317 738 37
563 570 89
635 212 38
517 290 100
689 762 28
153 340 19
678 900 92
788 353 44
205 259 50
813 602 50
367 785 38
517 678 49
411 285 69
754 364 20
43 665 31
873 677 97
537 114 81
521 694 76
854 15 31
64 644 21
907 699 36
77 329 34
883 802 64
126 426 80
316 59 89
763 872 76
615 795 81
662 904 17
908 30 13
100 68 19
195 890 24
71 362 21
261 269 23
451 34 15
535 700 52
829 723 100
1 406 97
269 724 85
581 873 61
186 612 18
770 43 48
641 763 46
433 715 69
875 532 35
441 316 55
386 762 80
602 138 44
573 149 33
280 429 23
120 885 39
216 485 32
60 301 20
375 876 74
493 42 42
519 619 72
875 265 54
42 493 23
540 697 55
658 650 87
145 530 93
890 296 35
112 892 79
602 202 93
256 709 57
432 379 93
284 213 73
310 926 69
821 571 56
318 495 43
478 196 48
612 275 19
485 114 37
12 495 64
167 930 85
584 231 43
487 749 18
554 760 48
83 609 15
774 625 66
8 779 75
468 784 94
91 425 31
798 884 22
54 600 83
666 889 49
69 234 44
293 762 47
53 433 95
784 212 50
703 264 65
90 466 22
792 498 79
408 800 93
411 761 57
735 7 18
116 805 75
915 15 27
354 389 30
788 410 75
746 317 12
391 827 70
763 272 63
381 734 15
149 854 88
258 734 96
720 384 37
430 492 59
713 281 63
860 866 29
501 219 10
766 102 44
366 474 36
19 312 28
397 224 89
905 264 85
228 675 92
893 760 61
311 382 23
151 675 96
217 872 42
511 886 70
220 454 93
462 360 68
300 766 90
40 782 36
162 78 21
807 735 19
77 8 30
229 524 55
390 565 74
311 820 78
795 91 37
667 16 98
306 402 55
533 387 23
578 260 78
412 877 57
929 828 52
510 731 73
888 810 87
883 616 10
479 699 50
536 433 40
417 167 26
504 662 97
19 547 43
112 895 69
174 877 72
803 859 71
572 785 58
842 930 25
518 725 75
326 236 87
932 863 55
880 69 26
923 476 16
688 429 20
460 806 41
42 633 10
59 299 79
218 477 83
735 428 42
851 580 93
591 793 17
593 218 97
113 765 84
475 244 14
412 566 31
179 98 23
209 311 43
669 62 30
900 638 39
476 366 47
15 593 38
211 720 93
256 274 44
591 85 45
420 284 51
371 259 49
387 240 81
68 92 23
503 187 96
39 300 70
567 751 52
411 116 85
790 889 79
472 369 86
534 81 53
619 352 39
816 740 89
418 307 62
610 453 40
421 185 33
815 25 40
143 181 39
660 15 87
606 220 62
862 230 63
166 302 69
841 548 76
556 487 53
244 763 85
109 75 84
930 735 37
281 15 29
246 231 45
154 182 12
406 91 60
305 624 15
99 680 98
260 660 65
128 77 80
746 821 100
340 34 72
132 788 28
861 627 69
431 713 68
779 316 24
685 481 54
593 48 83
766 797 43
25 120 14
148 56 57
654 191 29
920 526 45
147 445 13
570 660 37
191 903 42
800 277 31
300 650 59
732 389 43
200 594 45
443 48 16
488 54 63
91 160 23
87 765 47
757 167 42
41 49 45
116 376 62
570 388 94
816 650 53
45 433 86
99 37 24
59 604 67
182 438 23
50 424 67
671 649 68
247 729 77
743 256 39
852 357 20
133 633 19
478 623 21
278 26 12
800 761 17
740 63 87
760 177 59
612 498 14
677 737 73
569 450 56
692 840 49
641 311 90
871 523 63
297 139 51
770 789 37
603 926 81
926 233 15
477 156 40
484 875 30
631 276 23
114 633 61
1 182 63
684 852 45
179 155 71
483 390 57
73 613 26
498 755 55
141 652 40
704 117 67
251 291 19
106 704 41
32 29 62
573 228 34
106 300 36
734 863 27
133 242 56
837 40 58
330 715 28
829 101 99
335 491 56
51 342 18
218 178 53
42 795 13
389 181 67
365 673 76
416 630 91
752 182 48
349 824 85
911 431 33
816 434 22
781 326 90
11 632 50
337 840 11
817 125 30
217 313 15
702 379 80
28 923 90
347 852 29
724 711 62
43 21 67
94 565 12
539 253 74
422 185 40
269 593 28
678 697 21
42 80 45
763 755 64
348 691 57
314 729 17
3 898 17
355 94 88
508 454 69
58 420 97
91 600 19
218 226 26
765 75 14
28 110 30
266 390 84
778 376 98
304 590 23
236 436 62
391 155 45
631 616 68
551 293 98
514 780 69
654 535 80
292 676 73
376 540 63
131 455 94
184 236 52
343 872 64
292 385 50
700 495 54
168 388 40
715 340 50
781 395 70
469 863 58
537 393 11
63 554 70
610 835 71
181 754 67
466 262 69
18 557 30
109 414 90
529 420 71
403 336 72
757 127 16
705 558 31
799 204 27
848 652 17
648 61 73
111 245 71
286 246 52
218 224 72
214 659 37
605 827 75
60 883 25
782 900 100
505 68 59
337 599 12
475 595 49
176 177 10
486 478 74
880 721 98
339 699 90
216 340 64
79 37 47
873 834 26
801 245 52
293 693 72
187 807 100
548 781 66
545 872 86
865 37 84
1 896 59
191 748 66
611 783 98
56 705 61
435 523 92
720 826 43
8 769 30
923 744 39
643 129 68
569 671 47
284 57 12
437 795 77
262 535 14
68 880 44
911 143 65
850 344 36
558 454 82
271 875 38
854 144 26
923 744 98
133 399 59
755 113 26
340 892 58
349 58 35
720 627 71
572 684 100
90 638 97
581 735 34
29 285 86
392 562 50
546 713 11
186 607 44
806 746 39
231 756 16
50 803 22
443 706 42
159 727 49
471 487 89
913 270 66
25 331 65
790 9 67
499 753 55
735 389 34
672 96 79
223 911 23
845 741 97
239 448 61
778 394 15
916 615 23
615 218 50
60 32 84
525 822 31
24 782 33
190 746 84
86 111 21
735 85 91
289 439 61
34 917 56
817 1 85
492 251 46
74 284 69
611 136 60
822 465 12
134 304 90
339 818 49
668 601 39
296 480 90
845 18 67
451 712 70
805 265 93
307 181 83
797 157 94
623 706 33
592 168 57
811 931 37
683 858 65
311 193 79
25 662 80
393 649 81
893 250 83
120 219 21
530 385 82
798 639 90
520 775 71
688 523 96
247 900 57
595 166 34
918 384 72
913 25 87
170 641 11
202 795 88
528 820 56
560 592 47
35 415 61
450 283 11
652 511 98
7 511 14
806 18 66
456 901 24
218 665 38
374 683 41
597 255 77
741 517 28
588 525 38
718 350 70
472 562 72
697 438 66
39 923 28
387 649 100
596 311 24
149 100 57
558 829 50
662 545 57
560 806 47
146 468 66
484 851 97
112 143 89
271 773 43
878 724 73
145 787 26
634 565 85
452 189 24
808 668 84
610 766 40
235 846 35
880 874 35
420 869 30
889 699 34
219 262 67
355 515 44
442 641 17
390 492 97
502 358 48
922 837 57
821 117 62
274 67 83
442 658 56
186 799 34
339 256 11
755 209 27
405 346 37
739 358 22
809 681 43
314 303 36
108 92 66
595 346 66
305 43 76
515 883 45
564 498 73
754 769 96
767 605 85
378 805 38
207 474 20
732 302 37
888 284 27
345 765 59
536 345 64
400 276 13
679 513 41
862 120 52
113 234 47
88 856 98
126 759 93
575 220 48
558 786 37
475 827 44
444 559 58
417 747 32
261 281 96
606 298 14
714 493 93
661 242 13
254 25 29
925 890 13
431 218 75
176 854 56
338 633 70
906 456 99
331 488 54
50 894 18
395 495 99
253 843 52
600 262 17
234 21 55
744 436 99
124 553 50
916 716 47
115 838 82
240 317 60
726 807 17
670 807 22
517 481 78
677 329 53
27 908 51
82 362 94
447 352 53
388 139 77
389 913 55
311 614 39
855 206 71
825 737 57
105 74 56
898 756 51
603 691 28
7 226 100
525 355 89
643 594 59
49 477 60
286 204 82
793 485 39
703 12 79
280 81 84
537 769 72
820 919 96
154 209 39
34 610 66
401 657 65
129 766 20
268 35 56
17 843 70
441 582 82
555 568 92
422 574 91
652 148 47
901 487 96
171 771 94
207 88 59
800 678 68
69 565 38
409 633 60
51 146 38
331 358 80
466 12 36
885 40 46
586 411 47
140 477 65
480 252 64
811 258 10
102 379 12
592 481 41
158 363 48
79 912 52
168 932 88
75 430 30
7 426 82
612 869 20
146 764 79
927 563 64
52 417 97
154 581 74
153 463 73
535 284 21
554 516 94
10 579 29
156 869 93
67 287 70
14 733 86
24 471 75
749 772 97
868 597 20
645 144 41
769 637 95
546 172 31
172 801 60
543 614 95
360 8 43
33 502 18
893 217 37
20 262 32
377 512 75
181 286 31
745 566 17
205 178 64
912 619 39
302 701 58
168 70 40
350 112 23
639 614 75
863 886 59
533 815 75
578 296 80
668 762 35
773 344 85
743 776 29
355 253 58
308 281 32
518 47 79
656 70 95
323 424 39
525 731 40
393 518 62
840 294 82
710 575 91
47 456 43
86 455 62
412 397 16
66 775 85
827 183 85
201 636 31
41 930 46
920 407 44
337 661 75
902 127 80
486 507 15
509 189 18
50 205 70
491 722 44
656 485 66
607 662 27
156 38 40
725 409 57
50 143 68
648 773 98
32 789 27
326 794 54
192 256 83
732 838 57
373 274 82
287 124 68
68 682 14
281 620 46
263 479 22
384 569 26
440 737 15
98 561 41
41 524 23
182 721 20
410 808 25
450 200 70
830 249 12
350 326 54
898 378 60
389 718 90
203 480 26
601 338 47
454 403 65
656 405 87
184 161 62
487 222 19
295 660 57
209 99 28
515 183 76
782 330 33
284 241 11
645 700 62
931 856 71
218 774 64
663 257 21
682 132 22
508 694 33
233 524 51
27 844 75
168 413 85
132 576 44
893 365 39
353 590 98
518 354 82
303 265 42
914 235 20
562 854 99
660 853 24
124 391 72
927 97 77
692 349 79
60 550 97
835 633 100
518 489 46
186 144 70
346 464 37
159 769 91
877 668 99
332 83 57
44 157 49
112 281 77
207 567 51
179 664 70
229 288 12
243 45 13
250 184 23
331 583 10
136 678 40
565 772 75
657 323 54
364 660 30
678 134 54
542 62 89
184 147 56
82 789 46
496 752 33
37 241 85
1 171 97
819 384 67
850 156 46
806 428 44
194 13 39
806 834 95
345 845 58
888 364 92
433 578 91
327 749 98
317 864 25
918 378 38
596 611 20
575 84 95
520 549 89
678 863 44
631 746 21
239 250 81
662 391 89
631 425 57
231 269 37
99 286 57
418 234 85
269 414 23
107 27 75
873 839 99
16 141 19
754 367 37
257 306 29
868 197 59
352 779 32
428 905 83
272 294 26
271 235 45
887 661 91
690 191 65
341 127 26
270 513 93
524 579 48
913 286 15
826 270 55
300 468 25
258 845 84
243 739 81
328 734 29
577 405 15
239 109 44
501 258 19
53 126 26
751 593 18
151 86 26
771 210 93
84 701 48
743 404 20
161 72 17
8 894 18
588 493 15
896 910 40
817 147 83
471 670 49
675 702 11
251 581 66
496 685 95
767 880 47
925 359 53
110 235 59
897 835 26
477 820 24
0 861 38
627 202 89
28 21 28
828 765 100
190 925 95
866 439 56
665 609 38
358 351 35
228 4 47
166 755 56
529 321 85
488 413 67
510 71 75
714 765 78
386 368 78
444 766 71
316 54 21
226 150 57
166 641 61
130 199 93
544 717 10
440 23 94
156 16 84
38 853 80
550 212 87
334 75 52
109 676 14
362 507 74
3 421 67
847 701 21
770 453 36
712 893 35
203 555 11
848 594 86
876 709 45
621 886 78
603 658 95
903 364 34
242 314 58
90 369 82
279 303 79
527 733 13
216 372 26
543 407 65
197 868 20
64 259 20
277 542 75
828 830 16
390 195 73
689 253 44
806 761 62
490 914 86
280 234 77
546 272 30
247 730 12
93 489 86
795 365 51
912 527 12
695 889 58
348 892 92
693 245 59
246 69 26
222 157 25
642 783 88
350 67 10
208 71 75
580 132 10
257 810 20
529 590 45
209 927 26
925 137 83
362 700 43
703 169 33
7 657 98
323 284 50
519 692 77
254 772 13
59 636 81
277 834 84
858 363 79
734 288 72
228 662 11
215 624 92
502 44 62
158 353 98
156 241 47
260 44 64
320 557 81
695 668 53
717 425 13
567 398 37
655 921 77
172 191 91
120 464 41
353 464 52
490 393 29
64 660 69
199 206 51
812 274 81
810 179 69
786 398 49
135 860 60
697 159 45
193 282 17
318 744 41
824 76 27
650 592 90
208 18 44
798 328 83
875 249 57
224 43 76
109 475 12
444 565 69
411 394 62
166 839 76
454 927 28
295 463 72
881 9 85
37 108 79
86 353 83
553 471 41
194 747 54
18 687 71
359 385 65
913 286 11
492 316 87
394 196 35
645 754 62
6 585 48
296 478 40
211 926 13
283 358 70
519 391 27
349 341 25
472 123 78
573 744 91
440 612 15
219 86 26
224 77 59
777 656 88
674 775 20
287 241 56
56 457 79
311 400 61
700 811 26
342 33 93
605 83 69
214 219 10
138 637 75
556 152 95
377 676 66
858 400 34
178 799 76
391 736 49
824 830 42
899 103 82
252 21 68
325 382 89
841 416 99
402 774 71
310 438 47
810 353 84
851 474 31
452 175 14
282 241 38
776 645 23
271 899 92
213 236 74
82 373 56
134 530 98
225 406 70
455 814 100
197 845 55
429 488 80
694 586 66
569 928 85
46 251 64
146 298 23
622 771 77
821 103 53
685 348 51
410 427 97
598 443 92
352 902 67
410 363 92
815 392 98
107 869 94
92 386 12
61 718 57
779 786 66
755 211 89
247 757 84
900 555 36
639 241 12
405 926 100
880 528 66
170 724 22
701 900 47
258 224 65
577 91 27
204 453 91
718 209 92
411 337 44
752 260 44
609 105 30
670 285 63
699 509 85
405 317 74
864 426 28
110 106 88
527 505 44
55 384 69
201 121 19
231 349 65
731 614 92
741 251 37
267 900 80
619 718 32
332 735 72
79 915 97
286 295 14
193 498 85
625 531 43
133 712 85
706 331 15
588 372 20
591 798 75
629 687 37
818 381 47
501 106 81
647 69 23
595 711 52
63 221 11
480 341 31
8 309 67
178 245 15
236 376 86
913 182 94
670 298 56
373 412 95
464 231 20
624 526 61
920 309 46
164 596 31
400 316 93
700 185 47
762 542 70
279 626 37
149 336 78
283 77 86
719 728 73
471 798 30
588 631 96
849 560 64
68 137 90
68 462 53
385 872 65
645 653 59
202 200 62
898 841 12
167 548 21
757 793 59
18 556 52
616 865 79
58 47 75
429 905 60
22 100 39
125 519 56
88 23 34
381 719 63
138 445 71
471 926 14
864 614 28
910 520 26
661 382 22
545 461 59
1 760 95
850 198 65
769 377 39
399 812 30
78 670 28
334 756 32
119 582 97
414 556 16
280 365 94
199 393 25
659 633 55
108 324 31
232 701 47
58 319 53
195 73 50
48 156 55
115 881 45
746 318 21
361 396 63
172 553 95
169 456 20
886 227 12
804 14 11
813 23 58
426 795 82
708 235 83
340 374 19
182 656 31
810 746 28
763 761 59
686 617 87
713 210 36
564 102 66
472 917 88
559 416 49
766 308 85
520 800 26
659 464 81
790 306 86
327 758 19
581 141 92
415 322 91
326 919 87
818 331 73
622 286 26
441 52 33
237 414 24
194 389 71
614 554 18
600 151 76
464 441 26
285 16 43
234 599 45
753 762 54
910 707 55
760 349 39
119 527 50
96 658 95
327 822 33
761 153 26
348 679 63
644 569 84
206 542 62
628 395 67
248 762 29
219 588 67
74 509 32
141 458 22
306 743 14
358 680 90
903 426 57
299 246 89
10 428 28
775 441 65
915 639 63
532 403 83
482 794 100
705 77 35
109 55 14
811 685 68
421 918 33
159 117 41
360 85 96
631 721 32
8 613 73
309 467 11
928 574 52
85 58 58
49 628 26
98 227 33
566 338 28
646 852 66
792 28 17
552 335 57
366 651 95
888 555 87
797 189 22
366 648 88
243 335 72
2 663 38
435 516 42
84 71 34
175 172 79
612 25 90
475 692 27
790 917 51
776 247 20
90 448 43
746 580 88
658 365 80
223 757 54
179 44 22
340 681 69
576 333 69
73 530 33
120 135 20
245 237 46
167 918 20
742 353 97
584 58 22
898 473 96
261 501 42
912 448 17
448 630 49
788 824 39
529 435 19
66 921 35
186 252 77
333 592 56
850 469 22
511 910 87
435 689 39
630 607 63
802 167 39
533 185 12
784 756 58
115 118 12
153 487 60
668 884 57
426 340 99
70 130 17
3 296 33
278 368 57
628 649 35
240 788 100
33 158 100
890 207 96
445 490 82
771 277 11
344 287 63
389 688 22
402 404 42
210 499 13
655 755 42
846 24 10
240 608 51
643 536 11
770 634 97
307 38 88
88 25 16
202 845 26
360 572 47
325 322 11
85 891 78
877 366 51
389 104 65
443 127 80
747 808 83
232 297 71
220 726 91
499 859 74
39 548 39
606 197 34
75 805 80
836 149 23
50 776 96
499 677 25
719 844 96
369 320 92
833 750 62
397 561 95
677 16 50
655 738 88
65 248 59
725 270 20
636 620 87
511 416 99
157 724 37
608 497 90
774 645 38
892 914 80
540 401 11
674 105 12
60 483 47
660 370 47
853 686 17
583 799 32
80 599 99
231 834 31
432 497 79
684 443 98
926 805 86
623 99 43
237 546 20
415 453 42
639 839 17
618 397 93
161 127 60
919 855 32
607 652 49
358 896 58
669 770 92
105 405 96
855 715 18
11 847 57
786 267 66
743 238 86
843 11 13
596 729 62
623 9 62
215 487 80
584 925 64
315 781 90
384 12 81
292 918 50
881 740 18
888 436 33
422 450 98
866 707 45
674 234 69
141 420 58
74 817 94
637 313 36
603 458 14
647 284 76
16 313 54
585 781 14
331 625 29
555 127 88
670 202 94
325 465 58
338 213 83
924 333 77
524 822 49
849 98 65
260 524 88
56 630 41
591 452 93
678 781 65
618 868 36
121 141 63
516 900 47
551 476 10
88 800 22
486 548 49
123 153 74
528 873 12
218 837 57
118 859 83
640 15 28
159 874 36
91 513 100
537 307 98
100 913 53
403 674 92
712 701 93
916 699 76
690 786 47
315 640 65
824 281 14
760 222 31
881 449 18
889 114 99
258 923 48
326 152 65
816 608 94
104 121 50
625 656 64
529 553 24
208 827 79
691 60 31
841 144 62
660 258 48
923 764 41
586 869 13
582 906 79
878 381 66
618 630 43
673 580 98
21 840 58
53 551 30
671 589 47
386 883 33
754 550 45
759 54 13
223 514 100
82 850 51
50 238 74
916 494 54
837 276 43
829 728 34
722 226 89
181 919 50
29 54 89
418 169 18
780 191 93
241 747 28
849 598 56
724 217 78
414 365 68
489 222 78
262 84 51
790 339 95
710 711 33
632 403 53
190 877 95
747 234 18
855 493 82
295 293 21
761 207 44
149 204 82
658 564 97
414 243 30
298 374 90
175 488 89
253 309 61
38 710 74
909 893 21
359 351 50
51 22 70
731 289 31
329 114 47
534 469 49
318 697 56
816 484 43
474 376 72
220 104 18
151 928 12
349 600 14
390 210 34
371 301 29
773 145 89
34 270 27
175 564 88
860 72 89
518 58 69
0 190 90
835 49 57
654 407 38
899 925 21
908 719 68
396 687 17
376 632 59
320 357 28
223 698 14
727 236 76
377 839 44
419 326 93
319 157 81
909 763 67
685 25 56
728 371 48
319 28 64
136 897 41
82 277 54
408 581 56
539 306 38
222 466 39
91 324 75
772 45 29
862 836 24
208 641 69
23 848 29
881 27 60
17 831 52
505 390 87
595 149 32
330 202 98
425 611 99
427 800 91
55 74 88
882 72 39
550 771 45
35 430 68
282 551 100
756 112 10
730 591 81
686 415 27
481 586 99
72 789 74
618 659 16
895 354 15
664 311 92
133 487 95
805 36 45
608 139 84
396 352 78
605 235 32
6 120 34
537 119 82
516 722 81
682 67 41
703 424 75
865 668 19
143 662 99
897 561 21
106 6 89
207 249 33
172 818 92
823 653 31
867 519 82
879 773 95
74 71 30
226 263 80
561 665 78
769 239 54
838 48 61
327 129 66
200 903 71
807 728 83
457 233 29
591 24 63
216 135 91
362 454 84
704 510 33
84 586 47
2 661 27
547 588 33
460 372 22
617 75 70
62 361 32
874 502 50
130 194 37
496 806 18
386 797 94
788 620 38
680 849 69
730 278 24
417 107 11
50 220 62
363 881 30
854 533 29
86 142 38
132 312 60
546 416 93
275 220 88
167 545 76
529 365 22
319 207 69
643 444 89
273 366 63
932 579 82
247 917 65
827 831 63
369 438 49
395 296 56
122 778 55
248 130 31
756 201 87
693 355 72
561 273 53
917 60 47
166 227 88
413 832 51
190 698 47
477 385 18
874 636 19
423 370 52
490 148 65
94 250 40
187 151 89
474 312 93
136 380 16
206 365 92
422 918 64
213 383 48
703 310 79
869 104 50
75 219 29
569 852 82
547 370 89
618 593 33
555 773 23
455 362 23
731 560 88
314 248 28
724 399 94
874 64 19
837 449 23
366 405 30
710 769 95
217 6 95
397 213 59
29 782 41
139 894 66
683 765 70
886 34 33
47 209 49
599 790 94
423 365 20
237 690 61
355 371 33
680 527 97
564 834 20
313 550 59
231 376 23
401 1 62
229 845 23
500 489 86
17 452 67
103 647 41
484 929 48
169 763 19
33 430 31
478 114 26
144 903 22
691 925 65
351 381 72
551 838 81
398 874 53
372 838 27
605 889 43
489 66 20
278 439 40
395 406 66
812 818 66
829 122 89
530 448 46
603 472 33
701 312 83
498 752 97
302 277 31
423 469 12
753 153 95
389 930 45
713 52 17
319 707 77
466 359 27
862 452 29
814 468 74
501 490 51
823 588 31
188 184 20
192 851 60
155 508 82
204 214 27
812 562 67
305 118 24
398 366 96
418 759 55
433 786 59
193 729 65
81 534 47
277 650 59
65 538 63
470 246 96
511 510 15
528 907 15
176 892 18
474 379 45
444 742 37
173 854 27
549 846 57
490 119 58
76 761 74
874 606 18
903 107 81
439 205 98
735 499 86
845 592 80
594 586 79
543 668 23
431 608 50
19 485 13
409 345 22
564 541 94
222 338 12
383 81 34
83 200 41
538 767 94
151 146 21
396 549 72
798 189 87
392 92 47
489 532 96
175 71 81
491 498 54
149 518 69
558 80 88
598 441 43
796 108 87
351 655 71
480 33 30
267 269 82
357 40 99
734 515 24
0 39 39
295 548 80
452 390 94
599 658 41
448 219 17
798 119 53
168 411 63
414 753 79
493 159 22
297 451 31
928 890 98
220 330 72
109 13 15
495 106 61
569 334 82
443 18 13
295 925 67
802 422 37
333 912 83
32 152 80
324 683 31
683 721 62
449 855 45
563 175 15
13 742 54
901 73 37
804 65 15
840 131 84
347 709 41
446 645 49
930 65 92
403 265 62
317 614 83
481 460 39
270 36 69
607 576 54
452 770 76
698 867 81
718 262 49
383 374 97
376 678 84
791 327 33
833 207 30
510 372 68
611 159 76
48 921 100
547 823 88
685 614 23
735 299 28
779 125 21
611 258 38
867 562 84
835 38 76
24 898 46
620 814 76
760 132 17
78 711 75
897 470 33
511 13 91
624 124 21
557 111 33
97 645 81
684 256 55
498 213 21
667 365 95
516 305 74
305 546 34
339 287 33
118 660 43
545 483 63
199 585 45
838 843 94
272 402 63
834 687 92
825 755 55
4 877 71
216 360 92
380 91 37
928 868 19
495 0 62
420 116 94
660 373 83
507 378 90
443 845 62
871 184 27
294 744 57
415 82 71
632 887 82
522 707 77
676 112 86
622 445 77
461 203 24
561 295 38
877 785 89
142 101 44
449 86 58
182 134 51
774 294 70
512 348 22
845 493 66
139 563 14
759 262 82
28 186 15
243 332 73
837 200 35
638 296 11
511 474 64
227 664 99
749 158 13
481 884 37
703 172 23
312 477 34
771 614 73
609 20 21
371 542 81
289 686 61
618 562 48
197 904 28
690 917 16
639 103 35
63 481 28
930 287 52
433 871 25
332 850 50
189 76 68
595 233 99
475 894 75
372 578 91
370 36 15
897 458 61
233 547 11
887 765 85
602 480 54
315 113 44
749 178 66
671 330 58
0 839 83
578 483 57
155 419 82
880 376 90
611 592 74
372 436 72
209 317 38
838 434 93
421 256 33
241 50 17
299 833 26
575 34 34
184 157 51
859 311 54
871 917 16
605 293 46
424 180 12
857 139 70
393 312 20
457 561 35
697 840 20
251 701 26
488 435 37
519 154 62
764 4 63
706 340 50
477 119 23
141 547 17
151 283 59
389 697 13
280 241 27
711 388 90
219 679 32
288 705 28
603 475 91
839 184 87
400 623 53
380 227 79
496 99 28
154 469 26
796 114 95
647 690 33
786 29 23
560 771 19
195 54 58
753 84 94
708 907 43
248 268 97
479 250 57
358 699 54
194 253 94
635 493 62
284 353 89
253 230 49
167 571 75
636 249 69
744 239 73
534 388 37
447 655 67
617 606 36
319 543 99
222 446 35
232 664 42
346 602 83
735 824 82
111 31 46
929 685 26
638 35 93
440 627 64
172 180 45
326 518 36
52 594 14
902 171 17
806 68 54
786 394 68
323 868 14
613 819 27
216 228 88
274 701 28
143 425 10
40 860 78
723 328 67
901 54 48
549 874 54
412 235 27
375 145 51
791 772 96
679 315 49
429 840 13
891 484 55
929 817 58
546 240 30
878 793 88
558 547 76
422 212 54
272 537 11
417 209 79
495 652 69
542 440 13
121 95 95
101 62 77
315 210 59
9 354 72
49 191 89
749 912 99
879 683 92
570 768 13
338 451 10
768 821 49
224 59 54
838 18 31
588 100 31
636 639 33
308 109 43
749 877 40
135 771 68
792 264 67
648 379 99
658 265 43
283 401 72
45 448 47
144 143 68
743 826 90
19 384 16
881 517 98
608 250 61
314 122 87
384 453 79
200 811 18
925 137 97
295 398 53
395 279 61
636 698 84
92 819 91
564 110 23
288 275 74
610 519 72
241 59 99
819 209 98
817 855 18
388 747 49
815 12 73
63 566 30
552 220 84
363 166 46
484 642 90
90 677 35
560 353 49
817 841 51
394 484 16
307 898 90
537 727 67
917 96 94
751 850 51
791 713 57
829 68 25
840 44 18
492 42 74
295 782 62
888 684 60
333 489 74
904 564 10
266 488 34
699 291 92
70 403 71
320 672 42
111 258 25
838 205 71
764 763 30
371 513 43
845 332 70
899 642 87
451 282 62
915 418 30
43 813 54
700 837 83
714 398 54
253 715 13
124 513 47
149 662 20
787 611 83
672 122 94
676 222 46
283 153 61
174 610 89
205 305 25
104 210 81
794 129 14
539 427 39
925 278 95
929 222 57
696 56 60
755 223 50
700 532 26
471 751 56
633 266 37
562 64 45
540 844 90
544 659 30
691 444 25
351 343 81
200 670 58
587 564 39
744 350 43
506 279 46
714 402 30
846 908 11
921 206 60
574 568 23
452 17 29
193 291 35
119 60 66
2 919 64
396 96 19
854 703 62
113 505 74
0 926 36
556 682 69
504 17 30
614 655 19
725 419 57
472 544 44
869 207 47
759 649 94
689 300 89
157 235 57
367 521 69
314 890 80
576 609 71
32 519 30
835 907 80
509 808 29
763 40 51
712 817 51
798 844 61
787 245 59
565 151 26
540 493 67
553 46 99
160 794 64
433 333 79
481 310 37
155 320 22
34 900 26
91 766 73
782 869 13
763 905 87
524 231 100
11 860 89
218 520 67
511 691 56
901 774 52
42 133 96
156 93 60
536 850 97
46 243 57
903 631 34
224 356 38
124 420 27
799 145 70
134 102 79
108 40 60
924 549 73
376 112 81
819 601 80
146 70 21
747 272 24
165 268 19
768 823 15
427 348 56
658 359 15
567 592 61
215 743 72
869 858 97
261 847 27
353 613 85
360 850 45
791 366 82
57 93 15
429 675 98
432 766 64
839 156 11
299 622 24
861 226 77
43 180 83
421 297 20
530 744 28
539 484 37
534 251 80
763 253 62
904 223 54
311 387 65
72 179 12
71 390 81
913 27 82
849 518 67
578 867 30
687 348 84
376 779 47
587 581 70
358 637 98
377 769 31
373 826 97
278 459 85
48 670 34
117 852 76
69 743 70
667 852 67
232 855 65
539 85 84
455 781 71
93 879 33
172 611 67
526 592 23
899 367 56
824 350 86
105 488 42
900 343 23
647 754 59
903 241 34
63 874 31
381 261 62
279 272 86
59 258 43
40 761 33
499 399 88
929 328 69
538 669 96
509 193 89
583 82 43
689 186 11
409 98 25
519 503 39
501 839 50
425 856 67
822 866 49
281 347 70
655 355 72
440 703 86
495 687 31
327 831 27
31 579 35
181 690 63
697 432 25
932 17 72
60 161 51
705 685 14
593 453 40
277 174 13
780 899 97
758 613 94
105 55 85
719 34 35
510 571 77
647 153 12
384 559 87
74 873 78
129 725 54
208 305 43
253 172 43
451 746 46
712 808 13
659 552 82
772 626 36
551 478 43
335 869 23
263 389 97
446 200 74
246 845 53
211 825 28
506 926 43
280 622 21
286 633 96
588 497 77
825 603 84
245 435 93
369 889 16
694 479 85
433 544 16
221 22 82
342 869 74
626 687 54
654 724 24
318 157 22
150 776 64
725 278 91
62 786 40
333 86 93
190 559 78
1 99 82
761 282 30
146 832 74
831 235 81
528 766 36
60 200 21
458 252 84
117 162 61
22 334 62
519 25 49
308 650 55
431 397 16
91 520 97
735 731 29
87 719 87
698 371 61
115 698 22
615 815 37
145 720 100
866 246 96
612 411 98
525 709 51
714 364 32
879 694 17
437 655 33
121 237 55
420 820 39
221 88 99
906 813 17
160 763 15
26 510 65
198 253 66
775 772 34
786 801 98
427 305 72
390 724 11
843 258 36
692 105 58
929 141 82
692 49 24
422 222 26
745 230 37
343 747 38
523 69 54
292 929 85
868 744 62
447 192 80
365 340 15
144 283 81
199 310 42
759 545 19
594 590 47
103 373 48
565 663 18
27 926 17
863 653 76
605 841 81
433 106 41
560 284 65
384 49 17
11 104 29
455 51 53
474 310 79
89 92 65
439 66 52
699 27 74
781 341 46
472 272 68
348 661 50
469 139 91
891 373 38
927 497 17
561 863 59
913 890 79
641 503 43
482 311 41
676 18 41
917 905 54
218 316 71
276 230 85
524 513 60
928 839 75
740 686 44
507 449 98
721 692 34
676 288 92
782 504 60
877 429 51
2 860 52
829 92 61
227 567 16
254 662 69
512 789 84
879 526 92
657 909 45
403 675 96
775 686 63
561 439 54
668 145 28
476 243 21
353 233 70
928 569 47
596 424 89
549 58 77
292 525 46
264 921 52
310 743 73
421 342 94
146 228 44
503 609 67
581 81 60
177 930 33
312 13 89
828 222 54
164 716 82
184 362 41
600 62 36
558 580 14
91 255 38
568 399 96
604 552 95
716 623 74
395 36 92
917 87 92
215 419 31
577 568 34
282 420 95
33 229 21
840 118 21
67 419 14
298 321 31
566 286 94
459 406 81
751 656 19
661 914 33
872 870 72
178 822 46
271 74 39
458 510 100
474 792 70
410 653 56
383 270 80
58 271 13
34 257 76
395 262 48
74 912 70
673 377 80
868 206 16
508 196 16
6 409 27
431 284 36
511 629 85
499 515 55
467 129 16
784 147 55
198 37 68
156 730 41
547 476 87
387 92 33
532 104 39
7 109 87
254 445 59
885 331 33
190 139 62
354 812 29
584 288 92
512 486 60
74 419 73
769 863 35
426 535 94
914 530 52
515 645 10
372 638 46
644 781 28
249 306 70
600 875 63
339 334 26
477 451 78
331 430 98
931 94 82
368 256 61
901 335 82
297 604 48
665 369 98
61 704 78
738 140 63
652 113 18
497 824 67
341 68 73
894 899 33
679 240 86
631 528 96
726 912 41
473 543 88
650 736 58
39 907 34
824 478 53
742 229 100
170 802 53
0 221 91
348 210 82
688 732 94
500 208 15
826 689 23
471 79 34
593 603 52
252 7 72
234 433 68
669 74 90
80 663 59
175 44 97
65 322 25
339 347 51
338 716 99
887 678 33
209 608 45
278 556 87
119 604 90
274 152 42
480 527 87
906 569 76
397 309 58
513 455 66
284 463 86
572 582 59
366 772 100
839 678 80
618 665 77
283 0 25
102 502 19
733 464 25
50 602 99
533 714 25
595 472 26
715 341 16
235 600 18
830 64 71
636 864 68
35 749 10
79 907 76
187 588 82
906 515 75
570 873 56
9 419 22
147 3 26
375 838 32
488 882 46
238 827 67
190 543 40
178 61 92
227 445 22
839 257 47
37 823 46
151 77 45
346 162 42
536 782 23
451 621 36
749 629 30
58 834 18
37 254 26
298 785 14
790 192 28
201 244 70
34 626 17
133 14 40
61 591 49
259 736 44
726 302 70
441 554 64
662 379 19
916 22 78
78 166 13
741 537 97
164 364 43
656 925 20
909 88 14
678 823 18
626 813 34
369 821 34
547 904 28
532 379 63
925 622 32
695 221 37
424 699 69
915 493 87
182 174 64
94 640 21
311 482 98
785 908 17
147 497 43
307 16 56
579 489 47
232 396 64
431 273 17
765 276 88
586 103 24
47 600 27
167 558 34
199 432 46
643 789 53
576 248 80
192 227 75
43 881 58
465 760 15
229 177 52
204 801 38
65 816 48
40 19 50
656 288 23
484 917 91
921 6 44
41 137 58
649 835 84
837 186 78
73 655 96
162 342 96
583 676 23
390 393 21
722 761 100
575 297 27
249 776 70
25 241 22
571 14 91
602 29 47
283 803 78
91 747 64
618 335 56
551 913 15
491 735 57
189 137 41
899 268 19
73 375 40
833 421 47
307 218 64
773 443 68
612 801 21
77 92 77
46 451 48
440 173 85
76 555 26
488 896 53
57 747 34
326 176 57
230 252 19
525 263 86
853 62 42
590 803 75
493 492 20
107 500 50
861 459 12
79 834 23
398 735 90
781 894 79
325 743 55
356 222 70
775 22 29
420 712 10
864 339 93
398 295 82
783 846 35
168 834 57
681 518 59
529 365 24
786 173 37
557 304 84
665 252 25
712 57 85
321 686 86
10 837 41
528 589 69
760 256 97
908 915 68
360 350 55
710 858 40
277 208 16
808 283 75
903 668 84
927 561 65
882 397 19
888 172 74
508 35 77
440 318 84
127 506 87
738 769 98
654 217 14
887 81 69
70 319 41
485 313 93
261 612 41
831 551 70
183 60 95
485 158 78
604 84 82
691 762 53
566 531 54
262 129 27
603 493 13
182 80 29
450 358 31
700 66 11
175 311 87
43 896 55
598 92 69
96 209 80
42 192 66
556 496 19
799 330 37
186 440 48
820 290 89
289 65 54
234 544 68
320 505 91
143 411 51
50 243 55
839 125 13
264 731 30
402 285 28
179 434 44
543 272 26
289 579 81
531 621 89
382 565 85
640 556 71
904 216 83
283 17 53
216 11 55
313 719 31
448 203 61
451 407 24
256 140 77
914 469 31
225 497 85
361 270 54
249 170 43
204 802 67
893 463 69
754 642 68
543 95 43
616 94 84
698 915 19
567 444 37
902 150 60
627 704 31
192 512 17
726 909 61
887 730 67
583 685 19
41 38 100
404 170 25
264 35 32
901 724 24
201 248 48
463 759 84
28 275 97
318 55 35
859 339 23
142 547 23
518 395 59
623 446 13
480 834 34
319 813 76
802 97 36
173 766 53
916 127 34
283 818 75
141 540 69
283 555 25
87 180 100
795 569 46
604 620 56
857 208 14
673 300 34
906 606 29
383 799 86
35 426 16
293 509 35
367 921 34
357 875 79
883 712 44
15 58 41
216 240 14
778 692 100
826 329 31
817 664 40
764 840 22
792 468 84
148 47 95
333 770 37
145 840 12
123 50 49
481 103 81
502 531 25
372 423 79
249 625 19
930 127 85
693 199 40
917 413 67
354 905 27
193 735 100
102 220 83
589 483 84
759 210 44
295 84 32
304 396 89
234 499 71
259 709 66
799 645 49
452 422 62
325 233 53
43 230 89
815 147 32
791 623 74
319 114 34
105 662 13
330 26 84
368 798 56
625 424 35
864 726 63
552 728 62
769 562 85
677 19 56
111 120 85
339 578 90
407 297 53
764 929 31
824 383 53
775 340 38
638 702 82
240 407 47
28 257 70
292 728 92
452 315 35
912 266 15
836 434 96
333 389 68
543 33 81
741 270 57
883 511 84
747 55 65
593 323 50
86 736 92
683 73 95
737 539 83
540 775 21
608 80 79
239 426 30
798 294 92
318 198 91
189 835 89
72 450 40
301 556 88
869 301 22
624 239 11
762 874 95
522 64 100
354 878 99
114 156 73
625 290 75
359 321 39
308 13 17
893 408 51
622 168 50
360 808 58
144 898 94
513 375 41
469 361 74
393 426 52
865 396 23
251 630 68
142 501 14
164 481 71
435 0 16
820 881 19
59 365 38
802 630 68
135 835 85
922 723 62
773 709 34
745 62 61
847 155 93
823 24 90
264 625 13
706 238 41
865 586 65
750 489 84
38 214 91
596 366 32
885 221 51
4 446 62
930 78 30
508 538 21
119 739 87
919 280 77
893 16 62
196 629 30
325 480 90
662 388 19
262 558 10
676 597 53
106 290 27
174 865 61
397 568 27
421 927 69
270 252 43
623 924 44
551 547 86
430 810 87
48 327 80
187 713 93
884 194 96
44 91 76
893 10 60
773 338 83
820 540 13
668 761 69
70 892 15
587 268 81
459 413 18
856 533 95
591 748 89
81 3 97
51 48 71
113 874 94
919 379 90
281 68 86
5 921 32
369 557 27
147 671 53
15 882 64
341 711 28
375 882 66
0 816 41
664 894 76
329 222 66
708 600 15
443 310 49
258 386 55
14 324 84
806 864 80
906 699 99
526 4 93
13 778 66
518 604 65
331 742 55
542 151 77
283 49 16
371 130 19
802 839 26
752 591 23
183 392 29
738 871 62
35 55 73
92 870 76
428 116 21
452 849 14
444 464 89
475 259 67
529 582 48
348 825 10
106 439 32
583 76 39
50 685 34
80 204 14
238 477 91
562 845 100
255 134 80
754 901 55
289 607 26
774 399 27
792 791 17
310 788 72
487 303 58
65 153 57
826 173 74
792 158 14
300 883 33
757 731 97
395 28 58
372 479 25
331 685 76
283 541 49
534 21 30
54 10 17
453 66 13
825 459 51
186 690 74
854 186 78
494 400 56
334 583 30
229 289 18
781 869 78
698 236 33
526 581 75
525 786 49
592 180 45
346 245 41
181 370 35
156 845 84
164 287 85
431 718 97
222 836 69
808 215 36
460 913 79
189 825 36
154 261 87
617 770 80
657 653 47
422 699 13
846 368 72
639 111 93
450 120 52
906 850 67
20 612 51
308 828 76
377 753 87
160 672 39
910 54 95
599 350 28
314 794 14
878 558 59
100 54 21
298 412 70
564 661 31
486 616 67
53 450 75
492 564 77
341 352 28
739 465 82
380 828 66
372 338 43
926 445 94
466 351 48
562 201 42
573 502 77
77 718 11
854 227 79
331 142 36
478 362 18
58 503 91
109 62 22
626 678 31
833 576 14
279 887 44
525 768 19
252 759 86
234 652 34
894 635 22
100 602 33
83 262 77
605 755 54
248 589 19
799 2 16
734 573 94
852 596 81
287 357 52
609 106 54
64 585 75
415 769 97
1 791 45
700 269 38
246 807 67
674 862 22
708 348 17
913 497 15
680 462 51
884 270 16
914 760 99
461 330 76
626 688 71
243 110 65
253 858 23
845 270 51
816 194 53
830 887 100
582 48 45
852 492 14
484 240 44
127 453 75
813 58 32
429 618 21
772 19 35
317 275 14
742 266 91
393 866 80
82 219 47
529 670 100
451 567 57
606 280 36
865 78 16
205 270 54
189 306 98
903 126 45
761 923 71
150 65 97
286 320 59
118 167 12
697 887 87
130 739 28
128 283 88
420 61 92
324 927 82
139 19 35
55 776 86
432 37 43
512 7 59
426 337 70
234 77 81
119 497 31
338 784 96
171 860 25
646 373 94
812 584 17
870 726 19
469 228 34
116 508 36
888 651 12
136 257 72
712 560 79
258 561 89
344 151 51
15 336 75
623 288 17
591 489 87
399 38 45
916 907 50
274 16 18
18 650 28
892 776 47
753 209 77
698 201 60
719 854 20
443 912 48
328 548 27
308 624 61
69 88 55
218 915 28
483 412 70
791 96 36
528 555 54
690 466 34
114 242 77
603 727 65
622 888 21
99 84 85
926 193 86
487 540 100
726 405 14
219 694 49
279 216 81
444 786 92
135 609 33
284 485 75
864 281 85
719 679 93
579 104 39
734 385 90
354 724 100
125 527 35
885 56 32
539 357 91
468 715 74
894 802 49
195 189 74
33 839 26
625 337 87
162 690 96
41 205 25
328 694 49
144 306 41
552 848 55
124 346 98
922 143 69
758 896 35
15 490 42
671 250 42
428 860 48
71 579 12
861 551 89
114 237 99
330 816 87
396 228 65
166 805 71
748 508 48
472 678 67
419 692 88
214 427 39
240 118 35
776 170 26
212 853 66
758 218 95
738 236 86
449 836 72
731 44 60
146 565 20
462 651 47
571 396 91
264 673 48
761 401 49
11 593 18
759 903 39
12 265 40
239 877 77
205 557 54
858 795 62
678 393 86
833 733 31
57 282 11
580 112 84
159 866 50
785 210 94
178 393 53
278 133 100
181 927 24
597 853 66
518 850 82
807 309 92
358 409 47
135 624 77
394 112 57
183 612 14
788 658 30
98 410 78
756 839 75
220 683 50
742 71 23
811 290 47
154 920 18
598 803 97
375 768 97
349 478 36
149 189 65
741 86 71
638 702 47
473 379 84
555 872 37
402 691 64
710 877 25
342 361 51
849 560 59
502 270 56
317 454 75
796 912 88
627 790 36
64 235 74
635 318 47
259 466 28
912 107 77
480 25 66
167 329 76
722 493 21
28 800 83
153 177 83
792 243 67
216 356 81
772 523 96
270 11 36
580 805 71
632 93 80
4 491 13
321 357 66
609 401 92
53 344 32
798 665 92
362 95 98
243 95 52
112 734 36
325 54 100
243 782 18
569 42 46
567 418 93
58 646 18
343 227 18
394 320 51
784 681 63
79 142 85
642 889 54
20 232 36
57 265 75
348 538 40
448 93 41
142 749 97
829 805 24
403 470 75
649 316 88
783 623 33
861 397 44
492 661 97
653 670 85
285 768 100
703 240 20
584 403 98
145 405 96
251 152 48
386 400 86
858 538 68
426 652 87
57 847 39
142 426 98
22 66 47
260 836 58
782 459 80
513 545 48
742 926 17
386 330 69
864 370 72
441 777 83
11 299 49
97 332 15
139 768 98
109 656 43
770 596 60
554 281 85
393 777 97
781 208 93
637 106 12
847 553 14
243 249 29
90 539 34
585 455 80
81 912 41
728 217 80
928 706 72
19 907 87
373 194 17
691 781 87
463 539 10
794 88 28
641 717 19
55 465 55
328 297 28
378 486 62
94 246 98
166 63 84
529 754 99
64 340 50
289 145 59
201 679 17
224 911 67
579 745 78
469 785 37
915 931 86
434 530 95
367 69 99
452 313 97
847 790 22
99 227 71
885 121 72
759 85 22
492 481 57
409 340 24
768 877 21
105 908 26
96 270 58
126 125 21
855 647 32
62 261 98
768 390 86
254 334 47
127 738 37
808 19 28
56 358 36
757 521 40
653 306 81
144 568 67
678 301 43
460 106 86
234 542 93
835 795 80
762 649 29
200 426 100
346 858 93
788 385 12
393 801 75
815 211 87
395 182 89
105 721 90
399 78 37
407 263 44
385 276 45
589 148 20
626 669 99
206 585 94
453 474 79
326 881 19
627 286 71
812 131 86
815 5 93
554 734 22
260 285 82
199 222 48
288 210 40
575 304 45
5 553 17
698 161 27
845 129 98
746 834 80
899 804 100
917 868 27
834 670 53
579 151 25
98 87 66
212 322 73
374 820 83
801 821 39
889 437 70
543 466 61
94 550 55
365 79 84
785 555 24
57 133 67
409 865 36
296 775 84
13 265 79
841 124 85
468 478 52
157 611 96
500 610 62
49 323 10
886 568 66
460 258 57
781 129 63
714 771 25
390 921 31
331 769 52
447 362 41
750 228 25
531 207 92
469 328 32
182 63 71
360 328 89
411 731 50
471 323 76
70 516 48
505 633 39
307 762 96
930 445 75
590 785 60
928 839 98
827 853 28
772 670 82
652 428 26
368 247 31
453 14 20
302 64 35
0 618 29
187 804 81
116 738 27
98 436 36
527 327 42
842 137 55
773 287 89
557 809 78
594 390 15
655 143 98
36 596 70
528 119 99
225 476 57
741 583 35
908 208 62
919 415 34
55 474 16
494 129 93
551 393 90
239 410 32
651 19 36
288 167 94
0 631 14
883 668 66
560 853 46
25 119 22
874 585 24
479 159 78
271 197 60
887 850 74
157 386 51
208 905 32
852 601 11
435 396 51
446 382 24
24 254 28
287 696 50
633 342 15
357 460 81
169 493 93
610 235 43
41 462 39
382 715 40
896 250 20
302 535 94
494 665 55
787 474 84
608 217 53
892 263 72
286 92 71
196 925 79
633 373 79
520 698 62
727 454 44
724 501 85
139 597 32
76 397 29
39 815 55
34 801 87
924 809 35
175 398 51
450 184 55
625 100 78
826 156 59
715 89 79
724 559 98
157 510 16
372 3 97
566 231 63
564 4 65
470 512 44
392 803 42
89 539 50
72 272 21
580 539 94
267 131 32
267 428 100
404 26 81
456 29 79
578 523 79
157 498 45
395 341 57
849 893 92
473 116 15
525 421 27
492 885 76
571 118 68
79 667 33
619 131 87
377 806 34
26 693 75
10 19 81
786 350 51
764 675 99
650 899 50
173 318 72
406 537 71
388 90 52
771 908 38
459 594 78
35 136 95
125 64 91
410 605 68
334 304 42
728 465 24
54 91 88
319 188 57
47 56 29
623 355 92
794 24 48
195 869 76
721 384 73
140 162 49
279 781 53
290 129 31
724 435 54
233 339 58
883 239 28
443 755 79
409 94 60
890 602 80
621 442 66
891 591 26
237 275 48
397 530 88
180 758 37
839 834 46
5 874 97
208 108 59
721 281 74
566 397 12
833 610 46
870 900 25
789 632 69
727 811 69
921 569 85
803 177 85
269 587 23
841 325 33
819 390 98
661 288 93
411 748 90
222 452 18
282 342 30
355 120 70
600 548 46
885 507 70
455 829 82
791 90 79
707 850 50
16 648 97
543 60 40
572 207 67
799 682 53
365 18 43
531 204 65
867 843 53
260 803 55
547 736 33
687 913 11
391 13 45
655 137 16
834 417 73
927 4 35
267 263 83
43 365 41
568 656 44
739 670 78
862 911 42
926 84 43
900 826 75
156 446 44
835 298 71
303 746 76
692 192 86
250 525 75
831 398 79
54 559 37
2 528 80
186 8 31
424 831 20
143 755 18
206 632 53
131 508 30
850 488 22
255 340 97
660 84 73
191 474 74
864 508 14
294 475 100
385 343 87
930 77 68
158 857 97
623 536 27
304 492 70
843 346 13
558 448 15
9 165 87
838 445 19
417 597 79
256 406 98
625 219 97
58 483 67
228 594 15
147 544 55
586 626 57
319 246 90
21 477 79
352 528 94
69 675 86
622 468 34
242 456 40
819 153 97
95 560 22
391 400 17
811 433 86
718 99 93
230 337 62
809 338 71
843 253 63
792 647 88
902 428 64
201 826 84
305 791 53
546 526 82
823 360 35
601 882 15
550 80 63
407 415 47
745 444 54
758 539 59
416 48 90
11 35 24
851 628 86
862 718 33
312 545 58
363 558 93
237 450 54
163 772 37
136 777 20
753 790 46
299 508 36
785 155 86
344 205 100
394 197 32
702 195 64
59 753 24
842 44 20
335 121 56
626 318 14
895 217 94
572 586 99
475 37 82
472 234 10
557 266 48
788 749 45
718 17 35
784 35 46
583 712 65
515 334 30
7 294 99
95 21 93
504 64 34
742 549 91
355 820 84
168 189 69
772 536 45
128 370 58
214 563 74
735 216 71
563 554 30
828 618 32
847 211 44
837 833 31
554 220 54
484 929 33
216 536 17
15 714 31
200 598 30
154 401 13
834 23 79
129 865 76
808 860 79
674 80 17
630 728 21
566 572 85
724 659 54
236 772 17
820 210 98
319 783 82
658 57 56
452 232 32
129 881 42
719 495 23
709 234 51
682 209 22
403 351 12
19 811 82
454 497 31
554 525 77
876 915 79
599 421 97
351 688 23
333 20 76
253 13 64
804 346 23
534 168 38
14 873 11
901 859 87
500 131 20
619 476 63
263 708 87
916 99 38
755 757 92
728 238 32
583 410 97
581 734 71
195 919 58
169 857 27
783 52 76
521 168 59
50 575 98
64 280 46
343 448 39
43 264 84
925 702 52
709 210 73
238 612 25
894 310 79
140 151 35
665 627 81
271 64 35
737 643 66
197 226 92
480 501 23
900 324 16
877 437 23
177 823 42
852 265 59
244 506 77
363 587 61
359 535 27
140 866 91
383 864 25
563 595 74
855 182 94
228 423 27
406 649 59
920 204 89
590 287 10
743 611 76
147 453 33
283 736 30
380 569 55
851 275 28
703 907 53
473 431 95
389 719 42
881 146 44
210 607 60
100 566 93
95 909 14
918 203 99
234 473 94
595 331 71
148 241 37
634 416 39
110 553 38
243 808 91
193 81 85
4 137 50
93 496 12
159 326 68
187 816 77
320 239 57
509 99 49
651 64 62
452 491 97
857 235 71
301 8 57
804 878 65
826 926 40
259 410 89
319 158 71
414 891 34
47 218 73
531 435 94
592 216 58
759 768 34
183 279 96
931 621 28
433 111 48
723 827 32
439 490 15
611 700 85
148 252 97
861 436 72
746 361 27
824 425 58
753 366 68
641 79 96
348 654 42
802 815 12
870 706 51
337 153 87
875 914 80
503 26 11
837 95 82
38 837 17
776 377 83
342 384 66
876 263 26
172 78 54
295 117 60
87 45 70
358 200 81
346 60 67
195 865 67
293 529 58
565 123 88
700 922 96
548 571 61
616 726 19
543 243 10
412 781 84
437 824 30
502 59 71
35 588 31
840 528 90
257 551 42
708 457 100
29 402 52
148 847 90
346 722 25
261 529 53
749 33 99
663 530 100
202 103 24
6 65 49
408 847 46
280 457 15
810 358 24
747 275 26
257 21 29
179 347 30
79 622 57
117 667 37
132 427 62
626 618 93
739 860 51
841 90 60
190 112 45
301 689 65
896 261 26
64 260 36
409 20 76
431 703 25
53 281 63
892 441 13
508 82 90
601 451 39
2 530 34
798 425 23
898 625 42
562 893 50
115 425 69
480 714 92
396 676 50
263 543 49
228 691 96
253 196 38
214 417 77
824 756 45
348 178 19
8 503 38
207 287 84
838 875 30
679 764 99
834 805 64
508 151 60
831 150 42
463 141 23
437 877 22
124 548 93
393 504 15
304 760 98
697 838 72
138 363 28
517 482 71
590 127 14
195 492 83
405 185 76
326 521 98
467 445 81
545 332 25
738 809 17
97 490 41
718 268 24
775 141 60
380 803 26
163 349 47
390 90 12
146 865 61
373 251 74
547 167 82
485 567 60
593 359 83
701 449 90
280 189 96
859 216 82
397 710 82
658 529 23
503 569 78
274 574 40
257 439 83
452 385 72
469 671 89
662 274 100
251 332 89
907 368 82
841 846 87
749 251 94
643 379 64
827 191 45
457 78 93
594 574 45
181 391 16
506 14 14
176 94 82
390 621 51
352 386 35
1 377 95
415 209 42
578 611 92
694 104 95
230 291 99
434 540 11
540 134 81
468 546 98
741 661 19
79 552 95
715 51 50
342 901 45
399 55 69
827 358 82
61 169 62
100 408 69
704 143 75
784 185 85
581 298 71
754 849 51
447 619 32
545 915 99
853 28 87
310 329 98
639 699 35
650 721 35
839 265 77
453 466 55
106 721 79
609 64 100
0 474 50
631 207 52
514 25 11
316 740 50
753 354 76
520 414 58
493 373 70
924 524 88
61 875 67
730 733 47
163 908 33
255 452 59
696 622 38
563 379 77
290 197 22
766 441 62
255 386 62
450 758 59
168 888 30
165 913 98
431 262 72
237 17 15
485 116 31
427 25 11
459 330 47
230 409 78
209 66 41
648 688 49
805 864 45
239 213 51
168 73 15
818 566 12
431 553 71
784 245 77
185 672 14
8 109 54
29 732 83
294 566 21
623 85 23
315 221 73
409 664 76
286 114 76
736 146 16
79 104 86
454 887 74
247 75 48
328 668 77
184 98 32
232 284 97
490 874 75
776 601 14
211 340 41
809 52 84
732 425 69
516 142 71
641 324 46
438 327 70
814 825 77
736 590 50
745 326 95
247 20 39
272 482 38
483 189 80
428 178 78
540 85 64
101 10 46
709 470 13
808 731 39
362 878 82
261 440 59
153 83 24
563 372 24
566 161 36
853 34 23
592 843 97
578 450 60
28 442 48
931 855 78
693 92 76
702 737 89
200 13 47
877 852 36
149 621 73
429 616 59
437 26 83
409 704 26
557 565 80
428 219 97
8 250 17
247 697 47
269 324 89
261 455 61
10 353 76
268 832 79
141 785 27
274 604 29
39 576 94
133 671 10
884 294 53
241 796 52
797 335 47
2 856 58
33 187 72
690 554 24
890 103 70
87 456 91
262 848 54
328 475 72
177 809 59
22 186 44
141 610 22
917 377 100
519 690 84
688 341 24
32 362 63
221 485 72
693 125 60
711 120 91
368 375 47
554 601 74
669 476 39
15 287 99
482 208 82
480 729 51
704 141 17
656 66 38
44 217 68
299 196 51
297 363 47
681 721 24
695 30 77
469 790 32
841 374 93
653 451 11
122 237 49
723 282 47
390 180 70
50 121 70
744 698 74
857 5 61
612 543 81
672 523 62
61 889 56
722 185 32
404 613 58
674 335 82
107 229 62
199 608 60
589 364 31
90 150 67
167 220 81
906 516 99
922 875 99
183 270 42
356 790 45
826 623 80
509 759 48
633 681 41
