719 4293
493 356 64
13 91 88
204 545 53
696 304 56
589 364 11
169 26 81
188 456 72
104 638 15
259 538 81
187 149 59
480 33 97
173 71 77
201 613 100
672 370 49
271 326 80
423 297 37
434 506 69
14 317 84
243 506 24
690 254 33
253 359 14
197 485 62
600 121 56
275 304 40
568 604 98
597 141 27
47 281 71
685 665 14
141 492 14
451 436 31
677 427 98
293 600 30
319 488 94
14 649 72
686 521 29
648 687 93
76 241 65
159 462 40
646 518 98
370 75 59
718 678 48
681 520 45
115 620 89
645 39 89
29 127 91
652 23 78
682 476 23
619 574 49
545 692 22
539 218 65
437 482 92
660 131 75
684 403 67
577 274 99
366 289 20
302 378 16
681 562 66
61 564 53
607 685 52
74 413 38
160 288 59
469 381 94
63 391 92
556 339 47
219 106 15
419 145 39
341 658 45
285 210 48
708 386 75
672 712 78
292 401 36
284 271 65
459 567 53
554 230 63
403 510 33
318 79 45
359 518 56
661 255 48
519 219 17
483 330 29
293 134 88
38 552 41
532 45 26
471 39 41
107 149 93
143 195 65
401 427 43
688 612 99
224 331 72
563 360 61
92 89 39
689 511 83
340 133 65
717 472 70
306 18 95
203 310 75
140 634 49
166 164 23
568 289 71
551 288 58
167 266 29
162 454 11
391 251 83
300 602 93
302 75 49
99 503 16
70 481 32
683 431 20
350 286 78
561 458 96
285 223 52
89 235 19
396 127 62
66 245 39
579 180 19
626 501 59
442 303 92
350 248 94
97 162 21
411 158 56
294 687 31
186 419 93
10 646 37
714 550 20
240 503 91
561 346 51
449 529 81
102 371 34
193 234 60
54 53 10
548 373 29
118 583 40
582 246 16
425 597 66
666 203 24
701 132 26
353 618 67
390 653 78
480 451 47
375 610 25
309 711 36
3 685 81
422 35 18
105 63 24
331 242 11
607 376 21
528 242 16
414 264 69
393 620 22
485 374 26
174 24 74
15 648 15
291 438 84
195 340 79
582 398 42
404 145 30
672 320 90
193 699 85
581 264 74
292 580 75
342 52 60
408 464 36
632 391 87
447 214 32
587 204 18
123 324 34
398 462 56
334 144 10
98 44 85
713 624 34
16 587 83
143 206 25
669 632 34
499 587 25
591 609 57
162 82 44
165 398 59
43 478 55
65 14 59
662 487 87
572 704 20
43 143 55
559 563 57
67 41 51
543 450 88
283 172 36
157 537 90
645 238 84
443 706 68
700 465 45
468 399 96
616 271 33
146 608 31
15 480 67
492 86 52
66 368 17
544 457 29
289 679 73
661 3 37
663 519 34
562 596 80
191 88 62
506 329 97
562 176 65
281 473 29
653 620 63
460 701 75
636 623 65
561 180 10
173 670 71
199 327 35
642 443 19
243 102 36
112 243 17
708 245 39
599 253 37
123 653 44
518 441 36
509 544 37
303 391 23
175 106 31
201 703 17
107 131 86
152 221 50
517 604 92
77 200 35
257 611 72
295 225 35
37 173 42
589 81 17
497 335 98
518 69 76
136 316 40
200 614 58
259 137 95
176 222 60
68 227 99
387 425 60
174 16 100
434 131 25
309 668 95
518 43 89
459 91 41
492 630 64
295 668 99
126 585 77
147 584 20
61 522 61
457 373 40
471 252 48
541 667 19
680 315 82
412 572 98
503 335 19
261 364 79
83 326 89
606 151 67
143 498 60
669 624 36
254 594 68
501 691 68
321 87 71
706 95 64
516 509 65
604 290 70
363 11 86
46 97 17
545 522 94
424 206 20
712 694 36
286 37 93
119 482 37
287 364 78
507 203 32
216 505 17
290 442 34
711 200 24
2 544 72
288 423 38
607 623 100
427 43 79
509 201 53
524 125 29
629 256 78
117 662 73
359 306 68
5 231 75
155 40 52
687 53 72
224 609 72
363 538 42
266 92 67
117 303 90
278 377 54
132 565 76
514 388 85
35 376 79
155 535 19
373 309 87
103 713 44
471 174 97
425 602 93
377 48 28
318 482 47
513 584 70
291 381 39
263 149 54
44 202 12
11 139 35
452 457 93
99 108 100
631 0 30
36 431 39
496 95 57
596 3 54
536 202 64
390 615 99
128 475 81
55 72 93
516 633 100
228 252 74
464 468 44
680 489 29
185 684 81
554 580 25
70 503 31
220 582 90
260 71 55
405 256 25
46 588 84
369 628 69
178 20 90
83 98 32
574 550 56
173 414 48
669 560 82
587 424 26
478 622 28
506 131 69
425 627 49
364 161 20
553 286 81
245 679 39
427 613 11
193 154 81
46 528 85
424 248 85
441 358 81
159 498 76
227 669 77
17 366 70
585 395 55
638 359 79
713 536 13
652 11 31
301 372 24
285 238 23
425 249 35
156 393 42
387 141 72
530 77 54
442 181 94
352 565 23
332 129 69
641 562 98
479 358 31
547 685 70
517 532 97
249 679 32
685 293 36
226 555 25
23 384 75
83 419 52
28 665 48
616 551 27
167 564 50
602 436 55
413 711 63
648 365 70
654 541 48
189 82 42
338 201 37
95 595 97
256 174 10
24 420 23
135 593 70
44 342 22
62 445 74
280 694 30
232 207 100
401 582 29
435 694 50
18 585 31
248 473 18
316 339 43
635 496 87
204 303 29
60 79 77
589 659 26
225 595 70
454 244 96
16 278 47
152 307 41
531 381 37
177 20 72
223 278 87
709 291 18
717 125 31
422 325 76
579 507 71
260 596 65
697 456 29
517 345 87
708 608 22
541 101 31
649 288 96
469 363 53
581 43 26
652 73 22
516 651 10
389 205 44
427 498 13
273 516 10
64 566 100
62 243 98
295 550 93
280 114 29
643 289 80
61 224 58
601 321 52
391 205 56
233 672 21
447 277 19
659 610 11
408 381 90
645 706 40
491 430 53
176 579 61
399 138 37
429 648 85
110 522 74
11 238 42
504 669 81
134 35 24
265 328 94
443 25 83
652 657 26
48 298 49
42 194 84
239 236 82
532 10 43
657 641 21
669 172 58
561 109 22
249 483 86
123 358 100
119 320 23
136 577 66
660 694 31
99 509 82
717 664 60
472 76 13
212 540 16
411 431 29
318 389 57
567 657 58
339 43 99
658 274 80
183 134 34
370 255 19
197 6 35
590 134 21
92 80 89
83 568 98
349 76 47
462 657 57
414 354 15
290 707 76
97 310 16
336 563 33
712 407 16
400 181 77
427 715 96
163 125 64
676 28 63
428 664 91
596 126 17
149 473 95
460 290 24
119 34 50
500 491 57
355 250 97
14 586 23
101 305 75
423 78 15
322 456 15
575 400 38
100 241 90
126 338 24
76 604 73
627 686 19
537 240 82
229 664 59
316 80 72
349 270 59
165 330 32
234 353 56
165 681 41
322 120 18
167 240 56
267 675 20
90 137 93
644 497 51
717 708 63
405 324 77
598 111 76
142 39 94
156 518 99
55 271 42
568 74 40
539 116 90
32 661 11
47 233 18
588 567 99
104 196 19
382 438 98
451 472 35
227 207 34
412 128 97
10 281 46
351 314 10
216 130 73
336 407 45
712 428 97
361 350 82
314 562 25
544 265 29
287 370 35
314 415 97
586 49 12
261 593 31
257 492 80
18 373 60
53 642 17
579 304 87
304 194 44
718 440 72
656 118 29
26 207 76
205 476 95
569 390 45
6 66 63
310 318 72
303 65 10
249 181 52
201 359 67
671 709 59
35 560 89
485 654 46
123 556 73
82 656 55
395 382 91
1 69 22
377 141 66
519 127 85
624 560 100
551 386 39
108 132 43
194 346 64
669 272 12
629 502 19
718 471 25
403 117 95
490 551 96
228 506 12
480 589 46
519 624 61
45 573 88
573 55 43
145 641 75
623 132 48
193 66 31
240 381 14
165 407 54
197 569 43
598 278 10
154 409 10
105 573 55
576 544 60
184 356 64
177 580 42
444 654 76
643 410 65
193 704 42
342 172 49
66 513 20
154 114 26
47 604 73
437 194 18
230 412 73
441 534 40
561 693 35
266 195 14
24 108 54
519 713 49
675 557 21
365 558 53
560 646 61
425 245 78
571 476 44
435 276 23
273 75 25
303 519 15
216 113 49
407 313 96
443 336 36
697 607 34
104 437 36
478 252 84
117 336 79
67 482 42
609 475 90
68 329 41
547 110 65
463 309 46
421 632 56
247 36 41
637 431 68
41 586 36
254 341 91
408 305 14
375 408 49
303 60 38
239 81 36
714 46 82
609 432 93
269 308 28
486 260 54
434 114 27
468 74 64
404 104 41
656 141 57
123 465 55
215 605 16
293 439 40
349 111 36
605 680 25
495 161 33
496 271 42
101 95 56
149 81 38
276 76 14
335 258 11
592 670 27
695 608 77
13 428 80
399 120 79
241 423 80
616 461 25
586 415 85
714 623 15
197 315 47
436 174 41
357 569 36
641 243 82
436 354 93
355 379 57
506 436 37
40 662 34
676 335 20
701 403 77
76 471 12
6 386 41
487 372 54
83 123 76
583 45 98
611 380 10
572 146 48
368 573 28
706 600 19
169 635 93
526 469 55
74 111 17
587 268 49
110 329 58
657 20 78
147 192 15
158 128 22
690 447 77
187 581 31
459 416 29
335 346 47
435 94 19
448 467 100
55 422 67
217 473 63
296 611 48
138 215 53
117 563 22
393 297 27
78 507 12
464 516 82
122 505 74
45 582 94
16 617 35
705 560 82
350 291 10
628 676 36
409 355 10
260 513 91
702 470 17
86 427 51
359 105 79
521 240 52
315 414 63
460 654 29
414 284 52
207 484 69
292 211 44
612 607 64
334 264 99
498 158 16
354 647 35
123 197 40
183 93 72
332 567 52
497 699 46
8 463 90
538 377 93
538 457 17
531 375 66
137 675 80
493 678 30
188 495 14
704 86 36
365 386 92
247 387 20
596 105 10
338 80 85
568 214 84
266 4 83
689 6 20
164 236 11
414 494 43
157 360 80
226 430 35
472 427 83
298 361 73
442 614 12
226 524 83
124 248 40
556 256 45
620 207 24
670 596 32
170 605 72
568 139 20
135 161 92
365 105 84
457 505 43
701 403 70
405 39 31
115 1 87
11 341 28
606 268 86
74 124 24
228 130 14
335 304 79
385 91 100
280 71 52
501 21 56
345 390 32
389 597 70
15 297 73
28 652 99
423 314 77
139 636 67
612 166 71
695 43 43
269 49 65
208 60 26
632 469 53
621 69 68
72 289 28
368 356 27
6 708 66
66 529 45
686 591 26
242 121 75
383 517 15
632 439 60
93 193 44
91 256 23
462 496 64
483 27 10
273 95 76
531 236 72
66 270 32
347 147 52
690 696 24
253 263 65
80 160 39
317 547 71
615 219 40
695 391 93
79 345 100
129 75 82
110 596 52
72 699 85
485 55 23
8 543 17
183 671 31
138 21 48
441 586 18
58 361 12
380 270 63
671 260 23
196 242 42
229 580 44
143 122 17
279 644 89
491 301 11
267 479 16
418 672 88
453 329 16
601 234 60
716 653 66
163 407 52
292 351 95
18 26 71
53 284 50
236 437 65
256 122 58
13 29 12
522 388 81
15 554 34
463 431 87
65 507 83
8 48 13
407 224 95
441 263 34
506 519 71
290 317 23
3 112 19
115 145 80
324 325 97
215 329 15
611 382 10
524 277 82
407 16 34
383 284 59
561 91 79
26 412 54
651 713 92
630 496 62
316 310 40
128 184 40
179 422 59
672 362 44
709 249 27
703 248 83
413 251 33
269 234 13
540 550 11
509 455 89
90 12 93
504 711 97
679 17 93
564 555 26
86 663 50
68 135 89
157 98 93
653 601 22
374 177 33
21 361 27
473 540 75
646 435 93
244 482 62
143 602 42
583 306 86
637 298 99
78 107 84
572 290 59
468 517 28
504 712 40
172 244 30
714 520 34
557 602 45
20 591 61
658 675 70
703 79 81
24 123 17
471 478 82
21 95 73
110 529 30
556 709 54
269 388 52
363 101 92
399 188 45
210 370 52
477 656 24
168 695 96
90 654 77
435 682 94
5 362 38
111 170 88
411 500 26
273 616 38
117 402 92
503 714 84
203 245 22
375 369 50
264 492 90
549 594 97
530 194 66
268 336 91
562 360 80
279 710 66
580 224 100
570 134 43
704 497 41
462 620 27
288 309 47
535 105 82
329 700 16
91 685 92
429 197 35
173 691 56
579 489 73
613 17 79
630 224 20
517 448 76
215 634 51
177 113 89
610 524 93
18 241 83
540 343 46
22 514 25
107 246 22
59 185 29
376 12 33
489 352 84
129 638 15
224 185 29
718 619 56
356 716 89
701 585 99
109 84 53
409 424 53
607 409 11
619 135 64
340 565 80
240 469 94
577 205 32
588 671 15
417 160 69
597 712 29
452 188 37
712 218 30
377 456 100
566 52 94
254 708 24
361 406 39
68 448 33
264 187 97
268 52 37
283 395 34
502 267 55
395 601 65
305 199 70
421 535 93
243 367 36
304 10 13
351 529 55
206 416 70
426 162 19
188 580 84
173 324 100
161 506 25
436 186 66
488 669 70
375 128 14
638 423 70
643 421 90
405 320 35
321 174 65
609 15 93
136 538 57
39 446 67
232 41 82
85 266 83
278 628 94
275 507 39
12 697 80
680 96 59
13 187 80
361 37 56
519 212 39
663 385 88
30 173 63
307 358 56
325 462 30
3 152 37
629 364 98
324 29 16
258 454 49
665 312 96
77 494 91
320 248 40
215 625 82
119 456 77
625 613 44
484 27 23
10 302 73
432 448 59
446 686 23
133 551 41
430 611 63
491 193 15
425 136 15
538 98 31
499 401 75
409 313 80
204 47 52
531 8 55
388 338 61
110 195 14
467 682 91
277 238 71
206 492 95
389 556 98
490 383 30
556 355 41
464 579 61
642 387 65
700 456 24
550 610 43
542 34 22
318 670 87
26 471 57
288 151 14
480 584 69
282 414 16
579 664 15
531 242 59
437 187 48
618 150 22
107 179 44
144 85 69
124 104 90
15 135 50
438 297 40
690 266 56
78 672 55
265 280 19
685 356 54
272 518 31
20 239 42
268 50 60
485 31 59
487 472 65
688 452 51
389 533 12
452 277 46
607 265 34
92 714 75
73 55 39
329 675 27
357 294 43
27 187 83
56 570 91
519 699 70
574 443 95
632 255 99
575 543 80
188 62 40
236 653 74
367 363 37
637 429 18
634 90 100
138 191 87
669 657 49
633 391 13
15 656 19
627 515 10
630 703 97
156 394 26
458 205 18
190 319 19
678 307 75
433 399 58
481 202 48
142 464 36
189 77 56
639 644 87
629 614 44
638 48 99
336 44 15
398 647 30
423 235 72
494 275 79
671 146 83
655 287 41
564 659 32
110 220 42
586 479 21
315 324 13
198 684 14
277 76 56
718 594 10
63 105 95
285 349 98
271 499 47
593 178 43
294 169 10
394 544 52
568 158 98
171 712 20
92 149 35
103 73 87
314 453 30
368 592 78
93 12 20
705 40 19
353 339 10
264 430 90
312 710 38
227 137 73
635 559 82
27 2 49
299 506 38
220 213 40
42 313 44
435 428 41
193 391 54
668 450 79
690 225 77
336 283 97
645 442 67
342 131 92
613 658 58
568 480 61
288 14 42
59 325 100
393 151 75
649 218 43
134 45 27
693 62 16
652 444 70
650 371 38
423 683 24
617 31 44
194 293 38
431 526 75
32 90 84
612 453 83
124 387 48
127 242 18
96 578 38
669 306 51
531 536 61
273 38 47
109 123 14
612 86 92
441 103 91
425 300 77
545 86 23
221 625 24
652 243 37
421 382 73
432 54 99
586 272 96
105 487 32
13 221 93
384 459 80
108 224 20
249 390 12
507 349 100
373 482 84
141 297 28
465 133 65
594 556 10
431 394 77
633 542 25
266 26 56
418 95 99
112 312 31
650 471 88
697 481 97
227 506 52
335 571 100
484 517 15
10 458 89
709 710 46
290 292 62
305 445 76
555 480 17
263 635 85
717 708 93
410 640 39
481 172 55
547 58 92
76 68 24
525 317 72
538 655 42
307 514 13
264 329 91
616 622 61
650 618 41
593 670 72
549 41 77
436 341 67
134 366 40
333 607 85
155 608 27
482 579 76
456 286 64
599 328 54
180 705 22
131 664 60
286 406 42
214 438 55
57 474 52
623 666 86
36 82 81
4 58 42
104 696 92
378 3 60
626 673 82
51 327 76
627 221 44
498 37 78
491 317 26
106 369 12
219 266 54
183 1 76
669 418 44
126 248 92
333 200 77
129 195 49
76 706 72
626 278 57
25 532 33
594 523 93
52 53 40
456 181 65
432 394 13
694 708 13
25 449 72
489 410 98
223 360 46
620 529 57
587 228 83
235 490 41
11 424 83
205 116 18
164 197 22
220 528 77
705 37 100
573 113 47
87 595 24
564 135 32
585 504 16
141 281 94
374 545 15
279 242 71
509 603 57
622 517 64
485 402 100
179 187 73
89 175 10
11 112 69
106 192 78
278 398 34
460 451 40
267 342 57
632 343 91
309 273 10
244 325 81
696 558 36
406 503 72
639 209 51
713 91 12
642 426 62
522 181 11
487 713 55
74 288 38
655 36 62
61 41 100
369 322 62
63 371 93
670 366 42
342 403 25
197 371 83
157 384 19
212 710 84
225 433 81
693 604 45
182 446 42
416 286 45
570 31 91
451 26 86
577 221 78
95 208 92
520 35 12
279 269 88
515 449 38
358 243 69
80 372 16
337 476 52
465 365 70
94 435 52
583 141 25
389 524 72
537 116 21
450 680 92
279 167 31
459 255 47
270 1 64
659 585 20
580 98 23
91 389 18
4 81 81
120 216 96
622 166 14
703 150 80
637 569 61
35 551 100
114 603 16
300 71 86
191 500 32
183 384 52
567 689 93
488 51 56
470 558 34
577 548 53
526 482 82
508 224 47
8 689 79
68 409 98
159 223 33
482 386 73
2 556 34
196 683 60
234 374 39
545 448 75
653 625 37
212 698 36
321 197 55
573 6 30
35 712 88
275 36 63
631 120 77
204 211 66
705 356 43
596 414 48
195 460 29
173 495 77
266 198 55
206 204 14
145 517 82
178 333 69
241 508 85
111 480 17
324 615 20
222 161 10
112 504 80
414 576 50
112 214 12
461 190 62
228 97 15
291 575 94
410 306 13
332 67 48
483 101 45
484 171 24
393 542 29
632 641 81
241 532 48
403 17 34
344 123 28
636 411 78
40 254 80
190 132 84
630 206 28
382 102 83
15 594 76
290 458 12
75 575 27
669 601 80
628 587 75
667 177 23
545 546 84
318 665 35
182 584 86
268 277 38
192 57 58
133 219 33
556 464 36
525 279 34
711 178 57
137 124 95
690 242 40
294 517 11
355 204 34
189 513 20
247 236 68
212 313 76
589 61 63
691 684 13
235 435 69
370 408 80
512 697 56
84 269 13
495 436 100
715 114 37
422 636 75
565 385 97
244 655 81
521 232 10
234 581 26
665 213 52
442 89 69
384 171 60
480 620 78
321 312 53
579 702 70
564 110 26
417 547 35
69 486 70
507 666 70
9 51 60
139 296 16
536 570 15
575 646 78
197 60 49
449 575 66
289 187 86
525 683 80
354 312 57
357 215 20
635 118 61
190 273 93
380 570 86
374 654 83
76 704 72
184 187 48
588 691 28
12 186 58
375 210 70
586 456 65
544 84 100
515 684 39
373 39 100
192 356 15
69 308 26
601 218 84
559 64 70
115 215 13
2 65 13
64 166 58
391 281 58
537 390 17
545 517 80
170 639 95
530 67 27
592 542 54
160 485 56
291 210 32
611 120 14
271 615 91
508 646 53
167 444 15
218 588 77
470 586 45
178 612 85
272 487 67
684 121 35
164 637 43
421 96 82
198 375 45
232 342 83
389 390 34
265 447 11
379 1 32
503 198 11
236 16 88
434 563 83
115 412 17
53 139 39
463 674 48
337 25 11
679 622 85
7 541 92
52 628 54
215 618 26
144 169 58
663 414 12
346 648 92
238 145 85
606 684 55
505 285 43
629 284 42
633 483 58
87 103 47
272 684 81
163 136 43
644 630 45
378 480 53
255 31 15
675 530 50
602 538 79
424 347 11
292 275 96
59 686 61
485 352 76
631 601 53
193 409 94
73 411 32
162 679 88
300 558 65
341 472 42
307 505 55
463 677 17
633 474 20
154 188 69
57 494 62
90 137 85
4 182 81
42 608 28
270 380 45
573 326 52
329 567 47
171 273 59
706 524 46
116 27 37
509 476 36
579 436 75
639 223 90
352 101 61
297 401 69
617 357 11
282 531 57
24 46 21
515 450 27
266 587 82
202 263 55
381 119 31
491 677 64
316 317 56
1 68 88
634 564 30
433 308 57
480 190 26
256 487 52
219 632 24
176 175 50
379 698 72
704 272 41
474 260 22
150 386 40
0 17 76
8 712 29
393 344 12
237 3 11
302 355 34
224 304 93
239 662 100
676 406 57
4 511 56
520 270 33
261 554 84
484 357 92
675 34 31
114 134 28
44 75 74
356 208 73
657 457 68
160 4 85
264 121 68
25 219 47
157 176 75
385 586 13
47 553 70
561 419 11
589 311 28
235 657 53
252 479 19
553 172 79
703 285 26
598 703 26
494 619 77
496 400 36
688 350 46
311 326 38
716 231 46
348 600 92
481 339 19
326 640 71
431 459 72
206 439 72
111 4 76
125 606 12
491 606 76
369 554 97
159 359 20
222 476 15
46 47 41
679 287 20
340 191 45
495 551 11
18 692 82
78 424 90
458 181 20
223 190 33
79 105 70
715 411 22
332 441 56
405 613 77
511 290 35
552 423 45
129 209 38
304 282 21
80 454 65
591 641 83
618 599 61
494 679 37
655 66 25
489 308 67
498 76 47
649 346 77
76 28 13
188 576 62
52 89 94
676 6 74
89 293 24
617 281 62
236 472 32
253 416 75
603 248 34
641 685 45
424 358 33
442 529 83
450 255 93
648 51 30
383 257 61
126 699 98
562 26 32
554 451 82
582 295 18
477 74 75
318 586 31
715 385 60
675 91 79
188 464 59
423 511 28
116 441 64
415 130 72
132 694 77
91 536 84
504 35 95
531 687 42
186 694 41
642 372 75
639 455 10
401 87 52
111 33 25
540 255 93
319 606 39
613 68 16
317 512 73
678 11 26
489 206 63
532 178 10
12 468 48
246 574 49
634 178 15
134 56 65
714 223 86
636 294 37
97 694 67
301 137 81
130 693 71
122 456 80
563 199 47
451 650 36
358 249 31
397 268 18
163 149 61
10 433 10
519 653 84
206 696 99
583 110 44
155 593 27
393 531 78
522 129 64
683 616 38
35 547 86
362 437 19
662 326 45
428 49 79
17 211 87
205 152 35
105 488 10
73 500 72
706 209 73
184 240 66
170 374 43
19 263 39
314 18 62
357 160 41
502 367 84
501 367 36
418 242 94
28 164 99
73 184 50
56 357 56
668 485 36
479 121 49
156 433 25
22 563 50
157 154 82
18 308 49
309 440 43
457 81 39
529 385 62
254 358 92
602 577 74
628 149 31
191 233 92
215 636 35
616 47 78
131 163 66
586 544 78
64 201 26
363 619 36
131 336 100
477 417 95
652 424 50
316 521 89
35 391 85
300 475 86
653 576 76
701 175 96
554 502 81
45 541 66
124 300 29
330 480 29
419 345 30
186 601 69
237 284 16
687 323 43
564 548 39
592 395 69
684 550 33
52 395 32
157 18 83
433 620 22
713 187 99
219 186 46
7 642 25
75 187 97
317 328 93
654 134 76
241 56 45
160 400 21
142 636 54
624 107 100
74 190 69
467 48 83
310 117 46
128 160 100
23 188 41
44 498 15
625 483 34
11 175 11
82 389 95
135 618 13
672 431 32
623 683 65
141 201 25
472 114 31
409 505 31
471 82 21
134 175 48
639 253 60
535 561 28
156 504 32
680 294 17
572 558 59
127 270 71
186 300 28
680 590 76
533 315 43
678 269 44
595 568 18
76 702 70
243 21 83
671 427 21
110 31 33
655 50 80
548 83 46
1 56 67
42 209 70
572 55 31
463 430 18
107 162 31
36 423 94
5 445 77
87 563 43
22 188 91
113 269 26
513 717 56
634 27 17
148 69 12
217 366 99
203 699 44
162 255 94
79 135 42
544 331 17
34 161 41
509 204 81
704 45 73
258 101 68
695 188 88
712 332 24
126 74 100
118 292 79
481 27 22
112 481 90
37 148 42
203 554 35
534 291 41
643 78 75
247 140 17
525 309 22
24 176 49
272 126 89
312 469 74
514 477 40
569 64 25
76 396 46
708 55 58
326 652 50
89 297 65
365 175 85
516 551 53
391 466 58
594 453 52
422 503 35
417 306 72
708 605 39
637 495 53
666 706 72
472 544 67
60 260 28
622 576 98
350 644 54
553 126 86
382 176 32
268 659 76
286 165 50
500 310 74
92 196 83
436 360 53
74 463 18
594 600 67
266 80 60
698 508 11
537 478 94
79 551 45
156 376 13
713 515 61
260 178 96
48 181 42
355 387 65
678 429 71
671 44 82
92 355 20
283 192 41
541 243 24
245 30 87
323 508 64
576 470 51
308 470 60
322 149 10
213 436 62
264 404 79
541 416 55
83 575 83
559 212 43
446 6 10
705 312 24
90 289 34
327 314 43
397 392 58
312 60 32
559 205 56
619 404 63
82 405 65
551 437 92
661 220 44
323 563 63
553 556 92
42 43 32
478 570 28
672 586 74
134 283 81
445 142 67
381 641 90
254 380 52
251 618 80
502 516 29
265 69 32
616 674 83
75 369 43
144 233 66
622 420 29
288 542 47
13 366 17
301 593 87
107 284 85
397 430 64
111 684 25
16 624 85
408 432 73
172 136 28
527 243 36
471 618 11
30 126 96
612 264 79
497 16 39
266 404 92
216 144 12
431 377 28
156 627 11
420 607 48
80 701 98
570 168 75
5 686 63
581 460 47
346 237 41
683 119 77
117 350 32
99 364 80
423 123 91
150 252 29
410 716 50
385 92 60
255 437 20
295 527 62
479 180 24
460 253 26
623 253 20
95 143 68
586 564 14
599 46 36
308 115 75
439 101 64
520 621 100
155 510 12
65 111 36
66 669 18
614 639 25
431 183 21
266 189 76
17 572 34
710 140 93
589 490 37
533 636 43
33 93 66
283 96 45
354 338 20
668 507 97
383 68 17
485 216 74
162 533 95
455 67 69
693 176 35
301 50 31
196 229 93
694 562 76
303 376 43
698 30 54
710 471 25
582 552 18
480 467 22
608 54 20
276 569 56
698 529 44
455 586 33
176 526 34
631 325 25
572 600 62
568 646 75
711 646 80
519 609 17
451 384 35
234 199 55
114 507 23
321 218 35
535 141 86
638 441 77
188 114 81
549 603 57
339 39 77
324 140 46
257 68 89
611 691 52
363 310 63
232 471 84
284 388 89
25 629 29
600 197 21
712 190 32
65 346 21
175 243 94
575 214 84
317 573 80
225 53 97
644 8 42
128 93 64
163 280 64
27 97 96
699 273 48
90 513 35
113 225 45
217 100 48
154 696 94
492 323 80
249 205 64
43 666 96
651 31 71
87 622 54
141 71 73
250 407 69
597 204 64
242 515 58
450 440 98
285 163 22
380 186 83
127 562 41
301 629 98
87 4 17
602 196 87
118 256 73
411 693 46
41 63 66
333 124 21
486 228 64
459 249 99
145 555 38
554 9 27
84 184 51
246 666 55
131 268 58
188 294 100
420 466 26
642 184 69
107 403 92
153 504 30
191 626 74
490 182 21
627 695 54
62 714 61
177 101 19
545 459 92
339 224 89
650 622 28
607 623 23
120 616 22
262 639 51
462 290 19
612 112 85
231 528 36
328 357 76
194 89 73
358 73 14
156 133 93
52 219 66
648 87 86
712 562 40
346 513 92
273 248 44
681 540 72
320 419 66
204 673 27
290 171 98
558 564 34
260 237 66
438 348 10
13 166 39
436 518 70
540 132 84
561 586 65
490 655 60
395 44 68
14 223 11
201 20 67
573 329 73
158 343 13
316 250 15
366 514 54
268 192 63
47 142 86
584 311 58
190 490 11
617 346 53
425 294 35
211 693 61
491 685 15
91 318 69
384 676 42
326 203 66
219 450 22
390 436 52
495 230 62
651 461 94
64 560 70
331 707 73
603 713 62
166 177 29
626 206 20
259 567 74
391 210 90
360 346 39
7 452 100
330 266 35
111 529 47
229 620 86
55 451 86
248 282 89
358 137 96
672 594 75
224 248 56
334 218 14
578 564 63
322 606 57
254 155 29
662 22 41
68 608 38
652 713 13
392 589 60
321 261 58
210 312 48
31 667 83
318 342 12
18 300 42
559 231 38
178 578 46
474 287 97
219 707 89
685 244 82
349 635 53
641 477 13
257 178 20
196 2 13
192 643 80
488 174 59
217 168 91
179 187 100
278 20 77
368 270 66
397 673 52
460 207 58
326 12 30
395 458 30
498 317 59
132 630 23
204 592 13
293 711 72
0 265 90
327 704 37
92 169 37
366 658 98
403 278 67
36 187 32
79 374 31
647 11 81
620 37 80
73 546 68
339 88 74
633 57 27
496 337 37
65 437 30
269 188 55
116 92 46
678 335 98
343 128 29
509 548 84
402 135 27
478 216 25
237 43 20
220 60 27
328 209 43
671 502 70
686 193 26
612 10 66
395 348 31
31 132 69
248 455 53
539 320 93
4 35 65
83 360 31
27 283 75
615 700 92
625 69 40
39 700 15
539 77 99
662 111 10
352 643 27
558 31 38
420 102 51
68 145 13
163 251 78
270 615 58
93 44 48
571 558 12
592 421 90
285 153 79
453 573 87
263 317 58
357 54 95
290 121 95
327 691 17
277 560 59
496 409 85
162 496 94
45 305 37
420 717 25
550 608 78
383 555 56
143 511 71
379 514 76
564 345 51
572 174 22
29 172 64
199 612 69
404 233 82
527 455 21
431 182 44
188 602 60
243 90 55
621 294 80
531 356 35
655 416 56
175 354 58
416 122 34
569 421 22
210 234 33
406 359 20
691 330 59
91 374 72
127 313 58
247 239 39
575 312 27
374 151 79
558 415 39
413 506 23
262 106 66
298 632 43
131 350 98
396 379 62
534 299 82
194 444 12
693 152 29
599 439 74
295 591 54
649 482 77
558 657 59
570 717 38
355 574 94
365 349 86
417 519 26
500 116 77
648 368 17
364 692 85
550 210 49
699 706 60
18 259 62
31 348 29
5 423 67
297 410 20
525 523 25
301 547 90
440 234 97
467 9 98
576 164 51
650 485 91
53 350 65
383 90 98
302 10 90
297 580 75
165 432 66
605 393 20
444 429 72
502 115 95
548 541 30
67 449 56
110 414 90
553 647 99
424 176 39
120 141 41
210 595 49
477 623 96
465 703 39
104 215 83
706 704 60
246 442 79
363 294 15
400 587 69
557 682 56
440 227 14
120 162 34
194 191 32
163 305 45
12 227 65
361 616 10
710 570 89
278 704 76
260 382 27
553 680 91
289 626 28
90 604 60
707 533 28
244 326 17
639 487 14
42 643 81
244 202 95
403 125 56
617 524 81
361 543 26
611 404 50
569 694 11
520 421 64
255 274 58
39 182 88
333 365 45
614 490 75
709 471 31
72 344 59
411 711 78
15 125 83
142 242 88
363 236 44
698 257 44
29 442 60
699 344 36
524 315 69
134 600 13
362 465 70
714 153 61
367 651 45
546 535 73
482 384 25
373 644 94
600 433 61
84 188 67
388 181 76
244 533 52
313 370 14
25 37 10
481 198 44
406 358 55
262 714 29
463 433 100
549 435 11
683 488 74
422 77 56
207 271 49
609 616 76
221 167 66
184 379 78
275 385 18
558 645 42
182 207 16
515 111 61
639 704 63
367 618 89
30 296 33
592 669 58
414 128 60
461 521 15
442 528 91
421 659 58
618 557 25
317 288 36
628 7 77
174 190 60
677 318 26
395 443 13
394 70 81
151 220 81
309 332 75
217 263 93
263 602 39
384 479 90
154 93 93
639 5 81
74 43 23
44 274 93
52 507 29
79 571 97
80 696 67
615 645 43
248 627 72
324 89 46
614 165 24
68 634 100
18 310 76
196 158 25
323 13 21
268 531 76
48 389 25
228 530 16
570 600 72
104 434 76
550 321 24
584 239 22
701 712 87
542 166 52
474 515 82
547 553 81
266 354 96
247 512 52
108 604 96
227 225 54
172 522 95
227 507 73
407 597 22
6 502 57
392 92 66
656 386 93
449 135 13
107 154 19
663 519 48
408 223 10
707 493 57
148 436 12
650 361 12
176 601 63
207 121 65
236 87 52
658 83 14
374 371 93
500 679 70
409 174 92
434 530 89
538 132 40
562 482 22
104 431 97
706 180 73
242 235 83
410 39 28
62 82 48
663 280 56
557 252 83
613 686 13
44 709 84
399 180 61
356 275 16
448 389 51
604 431 83
228 177 51
521 237 77
356 343 12
178 330 29
535 268 83
50 279 93
106 617 22
502 515 72
527 680 87
422 34 44
122 155 58
307 287 15
112 79 92
321 374 21
485 96 47
379 653 84
379 657 58
152 132 79
670 0 41
254 107 50
521 339 50
490 454 73
507 172 32
24 666 67
383 437 58
532 87 55
373 314 62
464 450 58
236 62 79
484 624 30
480 398 49
668 595 13
153 132 29
697 84 93
38 686 20
175 425 67
89 512 91
280 359 72
462 506 47
377 707 13
269 442 83
437 100 41
507 609 67
611 569 84
58 295 81
91 617 91
230 292 35
268 647 31
668 181 97
481 372 57
198 566 64
62 48 91
582 558 30
295 308 93
227 702 32
592 510 51
460 204 80
448 7 72
253 699 25
152 281 11
715 708 95
48 186 42
263 471 94
614 419 23
354 21 74
324 329 35
148 145 42
559 588 77
652 242 46
534 192 45
408 1 27
330 557 10
378 362 23
409 687 22
699 182 49
672 417 55
158 698 82
614 663 31
534 385 26
559 61 98
311 64 46
536 651 57
450 352 43
119 445 96
285 287 30
699 687 75
86 323 30
28 242 89
28 434 16
687 483 48
126 140 30
272 43 85
379 708 13
38 454 21
474 447 12
183 469 47
319 562 55
640 290 97
215 463 18
49 481 37
56 118 95
224 42 94
482 158 34
128 592 16
478 517 55
361 610 38
161 308 85
420 89 16
644 429 55
620 291 43
679 578 47
580 712 34
583 408 65
171 284 79
674 288 81
215 19 25
7 684 33
106 57 66
48 586 98
14 511 78
444 426 34
161 298 73
35 340 44
569 610 79
310 289 48
441 385 90
292 103 17
93 182 98
254 601 96
40 551 87
487 641 87
712 580 96
663 79 58
213 105 57
644 457 60
671 145 77
233 197 21
182 175 24
415 368 95
202 390 12
9 389 45
572 133 21
477 418 88
37 244 86
398 7 58
100 372 80
113 305 39
585 145 90
186 462 74
389 384 34
339 52 44
183 306 89
595 716 12
660 457 11
112 16 53
704 289 54
215 284 38
642 577 60
424 27 86
572 682 16
520 381 80
425 554 61
78 340 21
220 267 78
469 437 49
265 57 92
118 20 64
181 157 73
586 118 56
539 243 95
63 699 36
393 603 23
591 63 70
193 27 17
67 388 85
504 467 11
349 268 84
394 182 93
211 488 69
703 327 37
527 121 23
377 625 11
484 15 100
539 128 31
419 216 14
602 34 44
40 368 39
278 16 65
390 504 42
313 417 77
585 109 69
304 202 61
253 639 17
100 162 63
403 312 47
86 516 54
418 383 69
673 467 25
414 675 40
689 108 98
80 67 24
10 260 89
718 1 20
378 447 21
217 691 87
96 368 27
419 315 16
717 126 43
263 528 61
112 229 36
622 431 82
247 507 41
203 677 89
179 19 26
430 205 61
561 637 22
679 425 93
15 376 79
707 562 64
690 237 31
283 400 30
51 429 74
41 492 79
65 72 72
642 585 61
402 271 39
331 450 50
461 547 25
714 692 66
249 544 70
64 105 99
450 590 52
134 161 83
279 600 50
3 214 79
235 144 91
540 254 27
96 571 21
307 212 57
57 715 51
667 505 12
114 574 25
307 180 53
319 21 56
283 106 16
304 70 49
553 635 10
717 612 13
402 464 24
233 685 64
93 199 82
484 501 61
496 72 26
396 527 70
450 536 16
67 267 32
38 231 62
312 378 96
325 69 45
564 81 60
191 687 65
594 72 65
714 277 32
405 558 19
590 696 93
34 112 53
39 152 31
452 26 52
597 107 83
136 308 76
92 706 85
215 376 91
703 337 36
480 244 19
609 713 83
475 688 83
8 265 22
331 336 66
602 462 73
159 678 37
27 293 79
284 348 44
636 312 31
707 9 67
500 411 20
448 478 48
498 517 10
230 493 41
514 385 98
320 226 29
25 340 71
549 198 43
38 125 48
701 395 88
676 643 27
394 60 27
60 311 45
251 68 57
687 422 76
592 585 26
709 50 45
111 235 95
355 480 35
665 332 65
443 673 50
115 652 36
254 31 36
715 628 66
346 194 98
441 546 45
126 167 66
220 591 73
385 434 33
426 173 74
50 568 21
391 514 59
128 163 53
540 33 93
460 227 71
191 566 39
404 350 82
79 288 79
717 215 11
332 671 18
363 314 52
272 618 25
500 53 19
513 79 36
539 690 55
714 16 16
86 640 35
473 174 37
58 192 21
582 188 77
91 265 47
446 686 62
50 303 51
144 187 42
248 673 43
612 455 30
332 277 33
470 184 25
100 301 72
478 136 70
147 313 30
390 34 30
480 200 63
556 593 87
696 307 62
594 332 93
597 49 51
408 301 45
168 487 23
501 187 84
27 39 78
395 116 79
228 91 74
614 611 80
261 125 27
66 659 79
458 77 74
571 23 97
26 78 68
119 339 60
626 702 83
16 234 67
53 486 71
552 182 31
236 532 66
309 60 94
192 14 67
238 692 22
243 583 20
709 294 33
404 575 48
572 275 14
63 196 42
69 555 19
163 176 29
365 290 71
122 715 51
660 154 86
470 350 60
580 399 29
43 48 56
638 103 75
525 199 23
609 128 32
684 151 29
196 448 84
463 688 69
70 467 84
612 299 73
364 409 36
318 178 94
527 627 40
390 277 73
663 85 95
402 628 86
642 540 67
452 667 11
484 421 80
513 178 80
68 55 82
110 4 93
493 650 42
372 542 54
678 332 31
403 518 95
222 211 43
672 181 66
438 239 46
118 636 10
550 475 68
381 427 57
142 645 32
462 588 83
608 508 79
93 216 72
149 18 96
462 530 58
349 549 53
467 283 57
691 50 51
422 543 49
230 74 85
134 94 42
152 574 88
501 23 23
607 310 89
177 284 23
711 592 80
647 210 86
6 155 99
157 338 86
405 681 21
85 468 93
214 101 66
5 619 42
643 396 88
266 432 71
206 296 21
639 175 25
191 358 27
347 207 71
504 166 55
525 538 29
572 321 97
389 555 49
248 619 37
299 668 62
347 673 50
59 238 19
367 158 11
32 562 49
354 389 73
213 233 34
690 390 32
591 414 77
505 127 16
292 463 99
600 313 38
532 384 98
299 305 95
307 331 66
569 623 27
632 63 64
220 214 90
398 332 83
115 181 53
116 393 66
610 659 96
225 518 27
312 205 40
636 344 18
668 338 44
566 529 62
178 210 79
229 425 38
250 503 99
471 661 73
654 498 66
569 35 10
174 353 70
597 339 73
38 551 98
541 595 57
129 457 52
510 43 39
322 446 37
631 17 12
561 509 98
239 699 27
221 531 33
350 169 70
119 406 23
132 500 35
639 518 18
486 592 49
565 242 48
75 366 76
184 109 66
32 478 10
523 547 30
305 380 80
23 471 12
458 378 37
689 25 19
356 283 10
597 397 37
365 378 78
362 350 51
80 709 51
351 432 22
635 65 51
638 600 71
15 603 89
263 159 13
547 169 54
612 567 84
390 230 15
620 288 31
283 110 36
165 688 44
654 542 11
74 304 25
251 220 37
602 457 75
214 482 86
63 636 73
222 11 24
193 555 50
620 207 25
715 40 47
589 319 39
5 259 18
519 236 75
103 667 62
595 626 89
697 49 72
252 666 20
444 496 90
271 180 34
216 642 30
208 333 51
374 412 18
68 251 100
262 45 24
446 214 53
48 409 71
179 284 27
423 38 12
369 373 38
599 373 16
274 131 33
105 206 93
647 487 27
571 345 43
590 517 94
554 98 31
302 528 50
122 710 69
363 625 33
342 223 24
591 362 36
355 462 57
544 163 89
395 332 40
396 15 50
438 628 51
87 89 13
535 198 44
240 100 37
74 652 59
59 304 85
613 573 86
252 57 57
545 159 73
598 613 76
245 326 61
562 74 24
258 36 68
432 38 75
370 144 96
144 684 82
184 620 88
47 506 84
505 499 97
623 393 19
319 330 52
216 282 63
127 567 52
215 458 85
343 623 89
58 2 26
84 433 78
228 549 65
689 269 92
263 80 36
401 567 56
288 436 95
664 239 46
53 605 24
159 74 29
94 694 49
643 123 33
253 62 89
376 41 100
390 447 82
628 199 11
219 177 89
103 64 87
297 585 73
653 395 45
523 613 64
327 604 15
94 693 95
600 266 50
162 420 90
199 452 19
398 371 58
505 652 62
223 276 20
95 270 20
82 42 83
548 51 21
328 130 87
267 594 69
363 217 21
578 274 88
264 275 86
543 144 90
506 161 60
194 507 91
21 12 13
366 542 67
13 396 50
3 217 77
281 320 57
400 558 66
325 484 92
207 429 54
368 320 50
281 671 41
342 148 48
477 250 34
527 277 18
550 321 40
623 551 94
374 461 14
661 220 14
401 464 24
513 231 56
319 219 20
64 564 22
355 574 93
718 596 92
101 207 15
453 462 92
459 345 14
34 602 18
58 265 96
684 222 100
70 20 29
307 359 27
696 206 93
485 91 95
604 51 96
614 369 45
474 99 79
0 347 31
633 244 80
188 113 85
225 286 61
299 1 94
276 502 38
135 30 60
181 271 27
211 526 25
35 44 77
177 39 14
294 268 94
224 233 49
399 631 62
281 619 82
681 427 51
363 517 25
259 623 37
77 621 82
502 701 93
214 406 13
624 207 17
323 718 92
695 156 35
238 358 90
271 265 90
118 409 15
617 334 88
679 149 99
433 203 93
509 444 72
551 715 12
460 121 26
587 187 45
306 19 64
265 402 31
654 619 55
189 388 25
345 491 72
617 562 25
312 482 55
136 448 86
110 642 56
268 707 63
29 225 43
355 530 60
637 9 30
289 188 82
470 593 73
53 325 53
179 361 10
165 225 87
475 339 97
652 379 99
271 300 33
625 58 38
84 335 22
486 246 35
358 635 69
460 551 87
606 197 13
292 7 28
154 285 14
146 158 90
618 577 28
594 281 48
474 102 30
310 211 11
430 585 96
448 57 38
328 240 64
600 542 87
81 548 85
75 91 84
434 181 77
492 378 28
490 354 99
397 593 37
392 252 38
250 10 16
61 317 75
499 443 33
433 110 76
382 249 54
657 628 68
262 350 68
672 294 44
151 462 82
498 488 52
348 96 13
285 51 19
544 268 66
384 106 61
163 432 51
288 235 48
386 299 53
215 135 27
436 567 87
292 660 39
127 136 70
314 315 69
537 193 31
456 370 79
624 414 96
138 231 73
607 500 82
150 359 19
661 291 54
380 17 61
70 310 19
398 222 67
636 395 84
409 147 56
232 623 92
502 592 12
379 712 92
252 13 75
465 628 44
439 214 40
29 339 49
619 98 67
32 6 94
81 85 59
107 410 14
123 280 31
574 237 56
519 644 97
71 47 76
81 396 52
5 415 92
683 280 94
254 179 37
200 75 39
421 517 59
243 613 14
522 472 96
50 695 76
57 84 63
287 611 47
284 384 25
502 391 95
489 523 74
615 21 26
42 551 31
7 36 82
141 556 57
447 75 13
681 713 34
653 53 37
581 310 61
82 631 82
194 670 16
131 567 41
102 687 37
24 655 99
580 698 16
573 362 51
75 613 96
180 421 51
639 101 38
212 267 84
266 153 79
714 355 11
444 597 22
79 621 61
599 23 79
466 459 68
183 548 25
444 207 46
286 206 69
202 664 44
78 497 50
509 165 49
103 666 64
441 139 73
458 552 63
215 549 32
294 118 66
579 577 85
714 219 94
249 650 30
580 255 41
624 263 76
637 136 90
429 308 77
575 384 37
136 405 93
233 483 92
249 443 25
21 51 75
322 436 46
419 73 92
408 575 38
102 383 25
406 566 14
598 309 79
639 561 95
705 655 30
256 233 86
514 333 22
171 116 10
665 195 85
615 135 63
100 601 34
484 180 11
247 429 43
469 323 33
471 212 45
3 463 69
346 501 76
632 23 42
678 130 70
335 642 42
252 485 75
180 409 78
391 223 10
23 304 83
474 424 84
246 688 76
300 689 11
630 640 23
684 394 83
686 124 10
661 532 80
121 437 22
718 472 99
629 215 18
316 325 88
613 268 88
548 188 70
163 566 67
498 296 29
334 29 60
538 531 63
177 313 63
505 569 33
549 522 13
45 568 55
305 493 41
603 82 26
276 622 96
176 445 74
137 631 56
85 98 39
140 307 94
549 0 79
74 607 18
553 106 19
551 105 26
685 664 75
400 37 22
648 393 99
156 196 87
198 471 78
627 414 33
144 178 74
486 189 53
172 710 58
401 308 81
273 250 14
241 263 44
309 221 27
148 707 20
301 253 15
213 693 75
33 277 50
280 319 49
592 585 100
528 226 57
372 615 40
534 696 57
178 259 37
449 233 29
135 647 16
444 651 18
141 455 38
575 423 59
475 97 97
653 475 95
381 507 28
606 341 89
673 717 52
317 191 78
511 498 92
378 187 44
371 242 37
388 481 58
327 39 13
77 490 47
716 150 31
402 317 71
334 594 78
657 321 99
692 672 64
501 495 76
414 698 60
442 602 61
563 206 61
677 153 81
531 313 64
623 7 20
446 559 39
355 391 47
68 6 20
445 368 23
586 125 74
580 389 34
63 125 83
244 362 14
475 34 21
285 301 62
635 378 86
17 380 28
156 314 92
684 231 30
604 213 29
90 19 81
178 269 14
453 497 52
139 316 12
594 84 42
346 561 17
30 232 69
263 34 50
702 359 37
76 28 91
176 9 95
267 134 20
285 106 75
264 330 70
361 169 39
50 700 96
212 559 96
204 240 25
249 386 57
574 98 86
45 7 63
504 142 25
407 109 73
624 642 75
623 262 24
143 640 68
249 291 16
490 279 93
675 128 27
556 80 78
557 662 40
289 460 66
277 450 80
539 478 64
260 182 10
652 367 77
684 459 47
323 245 84
101 498 76
278 692 16
340 335 16
239 355 35
541 434 77
239 290 61
298 230 85
498 254 94
49 187 46
523 10 24
640 518 57
619 505 25
151 382 14
155 276 50
63 126 85
502 152 95
43 495 67
37 338 51
618 463 14
280 34 34
374 119 43
644 307 36
223 6 57
356 281 76
96 693 28
438 531 27
701 628 29
214 102 63
90 95 86
600 254 50
145 491 77
706 660 78
321 438 48
378 131 39
118 210 26
415 414 65
460 684 12
259 219 41
136 28 72
716 397 29
561 403 32
529 280 50
115 559 12
626 46 82
275 391 15
119 489 67
149 102 10
502 468 50
334 75 28
257 114 18
525 265 72
322 225 12
455 393 73
716 626 20
497 153 95
335 591 90
230 269 44
181 182 73
715 325 74
332 621 97
698 394 14
514 393 84
551 191 28
362 594 29
189 85 11
9 483 43
537 80 16
350 625 60
667 210 49
467 159 87
360 612 51
409 296 91
50 493 62
135 208 39
607 295 95
168 507 27
104 530 83
102 612 78
518 216 88
226 600 41
258 348 93
47 155 62
336 309 18
220 126 57
327 109 18
235 522 55
139 514 94
296 385 25
299 113 36
83 167 64
17 336 57
352 649 17
480 440 27
307 276 36
442 236 85
419 367 81
471 464 64
435 372 19
56 41 44
384 112 16
14 601 87
255 352 27
107 289 78
424 147 100
181 460 68
124 189 100
436 90 89
79 535 59
188 430 81
406 25 71
705 308 50
357 289 93
458 577 85
179 207 15
203 300 30
191 556 95
24 394 91
566 451 54
468 708 97
465 207 77
155 262 66
460 586 49
539 498 30
408 19 67
571 693 76
704 279 77
495 666 59
350 617 98
478 239 57
151 550 54
378 64 36
190 286 94
81 337 95
347 344 99
207 528 75
634 36 73
362 231 35
612 137 59
310 544 37
168 201 15
179 668 78
525 209 31
629 539 92
216 403 64
564 286 35
700 429 99
230 297 66
46 413 81
24 90 12
134 348 84
398 117 42
628 284 40
396 714 31
549 438 32
131 237 29
114 667 67
557 363 72
409 155 60
152 605 98
169 322 11
619 717 15
347 609 42
408 38 98
617 516 46
332 97 49
391 703 27
51 546 27
513 481 99
611 446 21
585 434 58
685 648 13
287 499 84
230 48 18
171 610 38
73 176 50
38 451 49
649 97 95
384 381 22
707 161 32
366 234 87
96 664 56
315 156 64
568 464 90
186 327 47
480 513 88
562 616 32
389 400 34
95 241 12
619 555 95
88 124 89
253 527 53
388 86 26
537 640 55
157 283 96
530 599 46
485 111 59
519 503 60
528 298 91
23 7 55
661 489 95
428 218 18
526 707 46
407 128 42
601 506 69
4 564 29
640 241 63
584 660 34
153 103 62
290 601 65
82 407 95
125 257 15
343 425 96
662 28 48
315 362 62
668 318 77
591 630 40
570 269 45
441 494 17
303 406 82
319 269 52
330 295 32
604 468 57
164 567 98
352 181 21
129 432 89
304 133 50
541 537 19
582 629 71
218 254 59
685 255 25
557 256 36
371 246 46
442 462 33
428 179 93
124 519 24
674 665 26
165 286 89
266 456 43
359 211 90
59 650 12
215 122 64
349 555 49
204 529 20
104 512 85
548 446 29
231 563 69
509 328 91
237 100 20
690 570 30
444 158 80
397 454 48
436 455 52
232 653 77
544 573 96
193 438 42
86 589 64
144 229 66
385 619 74
319 232 82
68 236 14
364 618 41
363 485 97
450 650 80
353 158 85
173 660 13
459 439 86
612 196 96
542 261 93
716 403 83
389 78 92
308 576 26
264 77 42
338 410 69
95 177 85
87 438 62
370 83 11
569 535 83
676 87 65
198 656 80
303 656 11
74 462 55
648 649 83
381 434 53
172 194 74
280 585 100
160 235 99
443 259 49
683 216 67
470 154 80
205 718 24
684 104 11
663 484 64
645 533 60
517 468 10
346 279 66
381 117 78
624 268 38
609 502 19
136 95 26
400 385 21
469 313 17
220 183 41
613 526 73
285 305 36
332 49 92
255 418 48
597 189 66
312 255 97
30 633 64
621 320 33
78 375 36
223 93 100
171 633 49
678 27 69
408 151 89
475 604 61
91 60 76
693 61 98
58 471 83
332 669 67
421 656 35
190 367 68
386 527 96
349 159 99
620 427 28
248 223 74
393 538 87
75 321 45
249 600 54
672 2 43
429 349 60
357 176 34
9 545 17
621 510 72
20 183 85
304 98 13
40 248 97
555 608 54
625 127 51
90 695 44
364 151 31
214 385 93
663 516 14
328 661 15
455 641 80
478 702 40
2 283 58
556 185 92
77 238 74
563 150 23
187 610 48
320 287 43
528 82 81
671 454 52
666 513 50
690 343 78
595 399 20
196 36 59
645 655 35
407 684 93
162 620 13
83 448 55
607 665 52
34 621 33
104 553 64
432 251 89
535 544 81
603 103 20
328 678 69
498 694 43
244 496 28
602 18 81
257 365 66
636 96 34
677 468 43
684 575 57
74 129 84
295 280 84
588 248 63
183 95 63
407 559 71
357 520 39
628 440 100
24 313 74
151 317 17
506 308 20
146 35 21
122 152 36
701 46 87
233 20 39
141 535 23
145 319 69
693 707 59
279 467 28
679 247 45
541 172 23
490 274 15
576 262 22
61 151 94
360 44 31
288 705 52
335 170 33
573 183 68
241 356 96
233 66 46
191 17 68
147 426 66
146 397 50
438 169 11
545 285 91
410 500 98
441 360 75
407 84 71
16 374 53
450 46 13
497 317 42
629 310 59
365 320 43
650 245 50
210 481 71
353 288 31
571 270 16
439 24 84
423 416 46
534 359 11
424 546 19
557 327 71
217 152 65
582 611 11
273 245 39
476 34 44
681 605 51
125 171 73
287 670 13
593 216 49
681 32 29
376 480 89
653 167 36
628 383 87
463 340 24
586 253 25
712 351 60
343 33 61
586 346 56
545 298 77
52 430 19
177 85 40
500 419 25
517 115 53
657 83 18
185 218 71
9 480 44
504 628 36
530 178 24
351 333 65
432 237 92
505 18 71
40 240 96
254 232 29
388 626 87
142 685 48
171 654 69
468 427 76
619 288 33
160 247 65
43 539 13
287 479 30
31 152 28
373 610 12
385 536 40
538 325 21
146 185 43
391 474 14
225 262 58
446 584 82
364 564 42
650 439 55
577 132 67
112 145 20
648 374 85
519 105 59
438 640 25
303 198 41
227 348 91
146 477 79
46 580 84
1 562 13
135 272 87
332 714 100
188 369 16
348 430 50
201 477 38
668 95 37
531 553 41
157 318 28
185 583 31
673 553 11
377 606 12
46 455 71
15 279 71
424 610 53
690 261 41
225 256 47
33 138 15
11 559 12
414 47 72
67 154 43
525 670 68
191 476 43
444 350 92
198 631 21
90 478 12
389 513 45
8 147 81
696 656 39
684 225 39
66 521 10
228 164 27
700 159 53
592 128 61
419 98 60
241 403 90
448 556 25
36 468 88
625 255 67
368 121 89
99 315 97
318 541 42
497 380 83
632 10 25
341 358 65
345 66 26
531 304 32
338 152 27
411 47 33
471 653 22
653 286 89
37 256 81
576 61 58
535 663 94
401 630 89
536 532 31
298 462 90
504 359 44
127 338 96
188 648 74
550 505 13
108 134 72
575 145 34
304 567 48
156 234 66
190 42 60
439 217 66
573 558 26
531 493 61
190 276 70
300 224 86
116 447 95
465 104 15
326 0 64
84 651 34
711 572 89
702 604 60
214 168 37
246 357 73
117 8 69
65 47 13
619 538 81
314 348 24
554 74 89
38 203 79
608 656 70
110 246 32
471 128 79
140 79 13
645 159 50
131 378 50
614 643 77
302 195 67
506 608 54
140 419 83
592 481 35
418 381 29
495 277 24
395 168 14
510 200 95
689 607 80
617 115 45
419 124 61
159 617 40
59 171 57
395 66 80
360 192 30
111 323 85
561 274 62
304 37 29
710 703 14
282 541 80
477 132 31
276 525 88
557 280 87
594 180 29
545 251 40
521 443 18
242 171 92
321 118 96
539 430 39
249 508 36
275 49 63
370 551 11
625 491 41
381 543 83
424 141 16
387 263 71
109 198 71
703 123 52
262 51 60
124 385 94
446 603 44
497 429 77
419 578 20
692 707 24
475 62 19
556 182 81
507 495 35
274 360 75
178 35 63
692 520 81
217 549 11
523 6 85
697 393 81
313 434 72
110 151 87
116 612 30
609 45 91
391 670 69
640 42 23
470 404 15
163 186 99
458 602 42
583 271 96
257 365 76
244 139 81
229 688 92
442 621 28
498 439 76
397 696 77
237 16 33
325 554 92
491 162 52
138 515 52
7 577 58
186 198 97
701 481 35
426 7 50
602 165 80
290 279 75
231 515 27
387 672 20
426 44 84
348 693 10
402 96 25
408 50 87
190 591 36
386 300 47
353 684 41
608 515 14
296 372 78
187 646 97
114 568 68
127 470 88
158 249 43
332 649 51
455 372 88
629 87 53
623 606 18
666 200 36
537 1 76
485 482 61
345 84 70
517 707 80
631 423 39
136 202 60
9 380 82
235 230 91
708 150 74
387 581 83
440 115 10
404 222 61
441 495 30
691 316 51
477 123 15
652 109 78
109 28 86
617 582 51
606 572 62
512 561 58
588 245 10
181 522 18
169 77 80
454 376 50
550 572 16
667 41 88
187 677 37
438 187 39
563 45 64
526 391 39
493 203 78
697 89 21
521 605 42
648 326 17
498 332 11
171 693 33
420 432 42
506 99 48
170 491 79
575 6 30
282 635 60
710 491 40
108 321 53
46 618 79
307 407 28
13 463 83
3 93 87
419 73 20
625 538 72
287 58 75
21 481 20
222 496 57
230 633 29
100 282 35
649 295 64
200 405 81
358 192 41
270 529 52
318 623 57
698 500 40
445 603 75
20 6 82
262 457 42
388 713 53
616 192 76
518 513 87
562 209 37
110 710 39
120 615 18
125 202 87
254 712 37
433 260 85
295 701 38
389 579 90
685 294 83
76 330 66
159 694 100
140 460 66
42 39 57
473 260 61
49 7 28
110 702 32
330 33 72
240 654 14
168 608 97
98 597 47
101 142 84
173 357 29
460 250 100
79 498 65
165 387 37
118 234 29
245 298 80
584 392 42
175 676 13
620 257 24
675 240 76
312 473 15
452 677 80
243 142 51
324 83 96
113 533 54
96 295 45
389 588 12
652 675 18
524 417 65
483 594 57
554 323 10
210 108 73
370 646 51
123 544 88
41 474 95
310 198 94
185 88 29
434 539 66
555 138 33
31 122 85
711 170 96
448 23 79
71 414 78
526 448 21
155 257 40
584 97 44
437 381 42
598 226 54
454 547 31
644 398 80
242 124 74
329 299 17
261 544 23
