5472 5865
2233 1898 97
3194 1120 18
3834 5373 84
1015 3938 89
5303 3149 27
4793 1467 34
3825 1271 77
5119 4393 55
3695 1407 43
3447 3041 45
839 4449 17
4749 806 89
3124 325 74
163 3271 99
4749 2234 31
3801 1784 21
1744 2233 42
3411 3789 39
1791 319 45
167 1741 34
4864 3686 54
4364 4501 59
4466 5431 46
3772 2926 60
513 3782 78
4948 246 49
2136 2148 20
4065 3074 74
3761 3516 20
1887 4278 100
3139 3599 31
2431 369 66
2011 762 56
2810 5373 35
398 311 92
4638 4625 80
4401 1272 38
3327 174 40
5185 1149 97
1219 1318 74
5190 534 11
1502 2744 15
4123 1207 29
2509 3467 46
3835 3192 30
141 3347 90
3987 1111 48
2003 1110 95
5374 4804 65
2292 2158 89
64 5344 69
3300 2432 77
3482 1249 39
1119 4460 40
4863 3405 44
1091 2858 79
2897 3543 25
4521 3574 41
4987 709 90
2182 1987 75
5134 1703 78
585 3283 44
47 614 54
4563 5359 74
5087 5006 72
4836 701 18
1327 5461 93
799 4683 66
3335 2274 64
4375 2677 76
4814 648 42
811 3508 36
2777 336 48
1127 1085 41
4033 3481 83
3652 3789 63
2377 1593 71
399 3886 81
4713 3056 79
3679 2119 53
2468 4112 35
4494 4903 88
629 2035 16
2647 1380 95
1607 922 27
786 4238 20
1230 2132 23
1612 4700 88
1620 1065 51
2605 1819 40
1654 511 98
1888 3337 87
2952 2782 10
1242 2167 30
208 2983 86
3959 5095 79
3474 1698 15
2996 4363 19
5228 3988 72
3732 1627 50
902 3144 96
3772 2012 72
3874 5203 58
2580 3677 60
2871 905 53
5389 3325 10
4931 3746 46
592 921 87
5162 2213 15
2118 324 63
3673 4159 29
4923 2200 68
2702 1306 82
2427 2694 37
203 5300 45
1469 5284 93
4370 843 87
897 646 38
4907 3721 53
1523 4337 40
4055 440 22
3484 5040 56
3411 5327 74
2956 991 98
5195 2781 57
4398 1516 97
3603 2988 96
1258 4132 60
1247 1585 14
3014 789 80
2510 4239 44
58 2767 47
1336 4677 57
2315 5297 24
1642 4826 35
3001 751 25
41 4381 17
5036 3970 89
1583 2063 13
4908 1083 15
746 5303 12
718 5411 88
3056 2849 14
5091 2964 74
2025 3614 55
2457 2262 86
2349 3745 78
1170 2317 72
2214 5235 100
4391 5249 79
1346 4041 44
5204 211 27
1797 2848 92
2066 2721 33
5153 5424 100
5158 4048 79
227 5249 37
3105 1630 40
129 466 46
4229 1202 39
3219 57 59
5335 3942 86
2051 2500 79
3245 3089 50
1194 1877 54
3168 765 84
4050 2521 92
3158 502 10
1406 4840 10
3296 1626 72
5425 2588 84
1939 3679 57
1301 2091 54
4066 4372 45
1305 3187 26
2865 2983 78
193 1688 69
4611 1763 60
488 2644 32
3634 2475 67
4049 5259 78
2785 2987 48
4958 1199 68
3436 3376 86
2250 3741 23
3755 1146 30
2441 383 55
3050 2345 33
3613 3525 29
1422 1626 34
3209 3542 37
70 3613 16
1625 5268 87
2785 778 91
822 3884 31
2537 1038 81
648 3829 14
4406 4047 49
5222 2093 43
3848 2492 95
2720 2982 27
5286 4335 31
467 4388 19
4035 3920 82
4695 3550 23
895 3622 54
1602 1040 66
1508 1438 56
3361 3652 42
3253 984 69
102 2825 43
1433 1770 16
4894 1393 11
4331 1871 20
3404 5303 53
3607 1427 24
1587 5131 71
4068 5415 18
4248 3416 97
820 3734 26
1315 262 25
2898 2124 99
309 2003 73
3497 1522 45
3198 3360 61
5090 1037 65
1747 1926 16
4618 4305 76
1695 2624 54
4362 2033 91
3985 240 18
1258 4399 32
5211 3699 77
377 5199 75
5347 1700 35
1206 2172 88
1372 652 74
3841 4514 72
3285 1012 32
5333 739 34
4886 4350 18
1707 3715 49
5333 1534 92
1475 2646 89
1625 5440 36
1824 2553 72
184 1149 76
3504 937 37
4748 5382 85
215 5204 18
2395 3670 43
4480 4899 77
1602 447 44
3240 2463 79
2322 4837 81
3528 4540 82
2253 1719 96
4245 3674 73
4871 2572 29
2507 5160 76
3417 2002 90
4664 655 76
1825 1056 10
3736 762 26
3452 2891 15
2132 452 87
2092 312 27
4938 4941 87
3185 2575 82
1827 2103 26
5375 5275 76
3650 836 74
267 482 89
1186 335 41
1185 397 29
1163 4666 96
621 1749 80
4541 4214 74
3789 5053 76
3603 4701 84
672 4105 49
3554 1037 34
5054 2966 98
3978 1083 47
6 684 35
2510 1408 67
1452 4040 25
2338 2471 19
2259 1270 43
2454 3999 42
2845 3995 90
1706 541 67
675 3176 66
1627 2966 85
96 4664 85
2767 4714 87
2958 905 10
4725 2364 69
3930 5243 19
3001 15 51
2208 838 18
3491 2063 19
4172 449 77
551 3405 25
2157 940 25
1140 40 41
1172 2482 36
367 2371 56
5288 331 49
4221 1746 63
537 3604 64
1181 1691 92
668 3826 49
4704 4094 85
2251 2420 57
1198 3403 34
3547 3818 41
4926 442 33
559 5305 35
5168 2208 36
2780 2970 92
161 2183 13
1697 4526 95
769 3421 73
4266 3838 90
5264 3601 67
3354 4564 10
427 3817 16
3262 5291 72
2263 4449 22
3386 5226 94
4928 5264 49
566 490 39
3450 5174 87
2695 1122 81
4734 5128 59
2023 1111 99
1087 4922 41
380 2826 55
4521 5181 71
3541 5439 47
2525 5272 94
2374 3004 60
3689 1295 57
4907 4603 64
2285 19 40
3824 3211 28
3079 4735 44
782 2677 24
2612 2681 64
3207 4082 73
3472 2353 22
1939 669 14
5362 606 32
2271 4674 15
4654 660 33
4568 3662 46
242 3853 45
2749 3024 33
1990 4581 74
2552 2507 98
1334 1537 68
2071 5185 33
1019 1146 78
479 1849 65
4230 1753 36
702 1115 71
5158 579 39
358 1537 29
254 3601 52
4836 849 42
535 1684 100
864 4908 18
89 1781 85
1825 4051 69
5075 3686 79
4602 3938 62
838 3736 77
3704 3736 67
563 2243 55
2281 2599 49
1741 395 87
1183 3985 13
4926 2984 63
2500 124 35
3206 5168 22
4100 1747 66
3403 3181 81
3067 1047 58
158 4917 44
3891 4904 50
2238 2954 73
807 1350 52
655 582 39
29 795 76
1030 26 57
2344 2703 72
4739 3460 65
3303 5039 89
1866 1879 67
1572 1607 67
5209 213 58
739 1866 49
3347 1715 94
718 958 93
2196 1031 13
52 132 93
3563 405 13
385 3271 14
1881 4752 80
119 3839 38
1570 598 79
2302 4767 78
2009 1981 38
2417 892 92
5201 3951 65
5170 4906 84
1929 4879 53
3068 2834 74
4438 5159 88
1810 2136 30
5174 4313 16
2201 4196 64
5122 2054 54
1337 2153 79
1502 5407 47
1013 2549 64
4540 542 56
454 4889 91
5153 1013 56
962 2015 85
2055 4792 85
4510 3264 59
2654 4763 26
987 4521 92
2471 3274 37
2946 4505 88
3010 1018 21
4539 1694 62
1002 2075 100
5205 939 82
5250 3717 96
2083 4513 13
970 3960 48
2550 2604 21
3986 1173 44
4782 2598 44
1878 3839 34
5405 5193 38
501 1097 43
4539 1412 91
3801 1518 66
93 2539 28
3100 1922 11
2845 1582 27
1659 2735 91
2718 3965 35
4148 5280 61
3659 3817 85
4236 1130 40
957 3665 90
1919 2724 49
2120 31 100
4552 3055 35
3081 136 55
3660 4073 31
4662 3417 54
1596 358 94
4771 1881 88
554 3368 21
612 659 91
2095 4670 93
346 881 42
2559 81 54
3001 1744 63
805 5110 78
3178 417 19
2175 1960 10
3268 3798 45
4869 3507 38
2232 126 85
768 4522 66
1417 4157 58
1123 3175 94
3891 5194 97
4178 133 38
3570 3177 63
2880 866 37
1746 1017 76
2035 4278 36
2424 2366 43
3702 1121 10
2637 3798 87
3208 2475 66
5397 3899 82
4632 311 28
1250 237 54
4623 4476 99
2416 3782 79
638 4036 59
174 4970 60
1977 1487 16
2123 302 32
4743 1657 81
2892 2374 73
5181 2160 17
3668 4344 21
1248 2957 44
694 1898 51
47 1234 36
655 5049 39
425 4647 15
703 4501 33
4694 2222 50
69 1162 99
1664 5424 36
2801 3361 97
3333 4382 83
1523 5121 89
254 4540 55
113 4618 72
1929 3326 73
4697 3011 37
1221 797 31
1044 2998 45
3561 4358 88
5157 4542 69
1219 205 68
5317 1369 38
4915 1615 50
3588 4061 100
3609 3711 16
1790 2296 54
4026 650 67
3661 1085 38
1501 1577 52
2023 2934 64
1158 287 62
3826 676 28
774 3191 92
4247 3348 76
1548 1423 20
1387 5145 66
1231 3670 78
1581 3865 83
420 2800 71
1673 982 56
155 1860 71
2258 4346 90
4288 649 39
4764 4865 78
5471 2521 21
2455 92 61
193 1874 87
3882 5026 74
1830 60 46
4334 3325 14
1101 3539 85
2901 5270 98
1974 4205 12
2062 4057 36
5221 1823 58
1711 4490 70
2296 5106 71
3023 4688 10
4090 4084 58
1381 1547 54
3293 969 23
5063 1645 58
3207 249 13
3661 3969 22
1989 1265 30
200 1194 74
930 4219 75
1109 4292 88
2082 4509 89
2911 2520 97
5268 3916 12
3345 4750 88
2785 191 37
5395 2179 100
623 226 26
2185 1239 25
4497 5140 57
607 506 50
4231 4369 27
3622 2152 20
2693 4025 70
3285 1941 100
1408 5421 60
4223 5070 57
3740 211 22
1977 4568 45
2287 3015 86
1932 1752 30
1288 3836 83
574 2941 11
901 586 29
3822 3396 47
756 1974 65
2696 2166 66
3149 4506 86
513 4763 82
4423 1144 20
3429 1912 20
3806 4626 94
968 3492 98
2030 1208 51
1778 316 90
1811 1951 12
1371 2621 35
3646 1917 76
1359 5223 43
2048 1893 11
599 4750 62
287 4682 17
679 4754 77
2279 2357 19
2282 5344 95
4589 2161 89
4456 1548 20
1232 1904 81
65 626 88
4769 3802 37
3938 5092 92
702 2276 92
4568 3860 72
3669 2966 14
2086 2731 42
2886 4009 27
4166 5300 52
1165 1996 65
4965 3134 21
1026 5119 69
3659 1244 95
4889 423 81
5355 394 17
4043 623 88
1344 1287 81
4095 66 50
160 849 49
909 4548 96
769 1872 99
1822 1818 39
2307 5074 84
3260 3917 60
4896 1714 19
3382 1559 15
1322 3982 69
428 4730 60
1585 1814 38
4140 4542 90
1440 3373 34
6 5015 47
4662 174 26
3249 5406 25
228 1223 55
4702 1073 15
4079 937 13
5067 1565 11
1316 4390 19
4393 1387 15
2728 3527 51
308 710 56
1692 4401 36
3859 900 49
487 5075 48
3815 122 45
3158 1773 65
5430 3056 11
3705 407 65
2114 3256 62
5382 3205 71
3630 440 90
5247 851 85
269 370 65
2089 2993 60
658 4728 34
5250 5263 32
4385 4726 15
3811 1915 76
5060 5212 100
3097 5144 64
1004 5310 97
795 3524 42
4785 2144 96
1274 3951 51
25 3004 64
1501 110 28
4956 4522 65
4493 2691 46
3189 2638 53
1363 5275 84
4987 2253 29
1617 553 87
2485 3682 63
4903 3451 61
3149 1891 26
3889 4778 66
28 13 76
2273 3372 80
2187 3663 76
2927 802 15
5218 4502 24
2080 514 90
5219 3158 12
5171 145 48
1558 3234 43
2944 5039 57
3691 4192 79
248 2865 21
3756 2020 90
3503 1220 19
4186 3480 59
4219 783 75
2394 395 46
2869 1950 25
122 4165 23
1962 4799 62
4324 944 16
3783 2468 19
162 4491 61
813 1712 26
4865 3107 30
2607 1621 45
2152 4523 31
667 1350 63
2941 5081 19
4612 4968 25
4058 475 37
4292 3085 13
5158 5020 95
1672 1075 21
4117 3753 53
4318 5330 85
3083 3799 63
3306 246 71
4502 2970 84
3383 3158 81
1958 805 93
1857 824 37
1014 4259 55
2622 1540 46
1635 637 84
2059 3927 70
3674 1994 77
3798 1673 76
1346 899 87
4233 1030 56
1616 1507 37
4192 4683 74
2559 3894 60
2560 1463 48
93 3282 34
4460 3577 83
4601 3034 54
3157 2145 60
5243 4417 34
900 3850 68
4663 2602 38
1005 1475 86
712 933 10
3005 3689 91
79 676 75
1703 5007 38
1312 699 24
3491 3605 95
4393 1464 22
2080 2154 76
788 769 49
775 2095 27
1417 3223 47
4138 1337 97
3356 2331 89
1456 2516 54
1235 1852 89
3889 5278 63
2128 1548 71
4740 4690 20
4399 5025 40
1523 3176 54
541 2199 83
4154 1887 29
3796 1705 50
962 113 57
346 2104 33
1637 4493 21
4522 2382 26
5088 2697 66
3552 2122 50
1095 1857 100
3055 5039 54
5023 2585 26
2945 4735 76
2263 714 72
3844 2560 59
2747 331 79
1178 2399 25
1976 1334 67
4905 181 15
2238 3501 27
4394 2246 96
3297 2504 24
875 820 70
2103 2908 82
2924 2981 23
2763 5069 30
5031 4862 84
542 1478 17
4296 2653 31
1314 2677 93
3022 3778 95
3280 752 76
3181 5147 36
5330 5287 67
4817 4038 33
2122 1919 46
1475 2523 85
5141 309 49
3071 731 82
3117 123 44
4964 2276 43
2048 1239 73
2386 1125 98
2870 2486 13
1107 5060 48
5295 5211 74
2705 3723 57
4704 2131 16
1996 5170 16
2235 3328 32
4374 5353 24
1567 2794 34
1794 998 48
2335 460 72
1944 4536 55
2755 4687 67
1296 446 80
4681 2779 87
2571 5150 54
4750 4635 60
398 3030 93
4779 1087 95
2412 192 48
2139 651 93
4813 716 38
1638 2767 85
4321 2889 23
3860 781 83
2693 342 19
3480 3200 52
3302 829 55
3543 66 15
1395 2058 16
3627 4664 41
2635 199 14
3886 4422 17
1448 5393 30
3329 520 98
5281 4291 93
2768 755 55
548 4816 70
5383 641 78
2204 977 45
4993 780 52
2762 3964 81
1213 1031 56
4795 863 60
1578 4286 58
276 1536 25
4488 3562 35
587 5434 62
4349 3273 49
3278 3509 30
4253 5372 22
5202 4729 60
4304 5444 48
1064 2341 33
2417 516 51
2385 1421 56
2140 1639 13
1517 3238 56
3338 4888 53
681 4081 28
1146 875 22
4728 1303 92
1572 4432 10
1894 1330 66
3331 5044 17
2190 769 14
2633 3007 42
4225 4611 21
3082 3896 35
4878 4085 21
2072 1988 53
3624 201 47
990 2784 100
1164 4676 63
4153 262 58
2945 3206 84
2345 3283 38
1221 40 94
3234 998 45
3380 4812 92
3911 1115 55
2100 2006 83
1585 2263 13
3215 391 32
76 4744 95
5195 1380 47
1904 2864 99
2699 3567 27
2206 2040 36
3621 2502 59
2438 5065 89
1525 1937 61
2771 4353 88
1408 393 46
4423 1003 37
1871 4290 68
3537 3118 96
2032 5201 40
2946 2505 80
4061 4136 67
4647 4717 29
1525 1372 43
1707 789 17
1925 236 95
3700 4562 73
4054 4507 17
4684 341 27
3574 1319 17
2523 4412 85
47 2449 11
3861 2268 73
113 400 54
39 4094 61
3981 1203 87
3366 4604 65
3469 4520 53
2826 2433 62
1250 2308 48
1405 5376 69
5309 1323 100
438 4462 81
3099 4275 100
712 2688 41
1974 5467 67
3262 5456 57
2102 890 37
3505 5173 53
1651 818 96
4979 3614 68
1273 3292 18
2281 5236 46
4449 2060 69
3845 3038 65
1862 323 52
26 32 24
3967 1207 40
3517 1261 40
1778 3516 70
5077 4575 54
1029 1696 52
2524 2180 40
1565 2617 46
4093 4758 50
3631 2851 19
603 3614 70
3203 4395 46
4726 5336 84
4730 1687 48
4199 4765 53
4504 289 19
662 5217 62
4979 5116 47
1120 3283 44
185 1000 16
4974 3272 60
5431 5226 57
2773 3300 88
4551 4999 99
4252 2971 37
2781 5119 87
3719 2321 72
2455 2718 38
2329 3052 59
697 941 54
3520 1688 31
1868 772 98
4163 401 89
4546 261 86
5206 2015 32
3534 3620 51
2382 1937 13
476 1676 84
5257 3672 97
2363 4827 98
4820 4481 78
2968 1345 10
2174 1191 93
2723 3191 95
1598 3254 85
2976 688 43
574 3495 33
3097 3542 20
3605 2909 48
2071 3391 14
1015 5203 42
429 5217 30
818 5454 16
837 2266 35
982 1898 20
5022 4012 72
2374 5383 66
2521 4357 19
4999 1522 83
949 52 90
1999 4220 39
2480 3909 41
914 4005 76
4660 2397 59
4385 2163 43
3867 564 36
1915 1778 43
3221 3438 18
2644 2390 47
2885 5063 57
4157 4323 50
3798 4114 44
2391 2473 77
474 5414 41
587 1764 81
4281 2517 33
57 3555 13
4715 943 68
4300 1740 68
1426 801 20
4248 4865 58
2391 3471 69
985 5116 36
4738 1755 63
5425 3582 22
1228 2087 66
2493 2349 69
2248 1157 28
4810 3526 20
3988 3199 19
2513 3311 83
5182 890 95
5127 3985 54
4051 3890 83
2010 2899 47
2858 456 17
431 3348 68
3989 3677 62
3880 2675 79
5106 2615 34
4547 1627 68
1869 4526 89
2133 4785 17
1786 1276 78
1635 2139 71
800 3469 98
639 4707 39
4274 4737 46
2308 5387 54
873 945 19
2732 2102 37
2223 892 95
3290 3642 92
5086 4489 88
1568 984 10
2851 3121 38
2854 5091 30
2040 3310 100
2021 3865 78
3473 1614 90
3877 2916 76
761 1994 63
3807 4018 72
256 5322 84
2748 406 12
2958 1999 23
3729 3854 27
4568 2659 57
4684 3391 74
4732 3039 68
2937 814 44
1619 3321 24
3030 2219 69
2208 2651 12
236 4782 11
3890 5171 15
2003 4289 26
2359 3507 49
1495 4654 71
4920 918 22
571 2457 62
3332 3536 84
890 4819 68
2747 1060 87
4951 2802 35
4153 2409 59
1066 2452 50
4158 1536 93
4014 1065 13
2453 1161 40
2634 4250 82
1124 4003 54
4369 4398 94
244 514 28
4750 4520 15
4166 1218 25
5131 1912 59
205 4344 55
2741 4032 54
2861 2536 63
4273 3040 48
317 4788 30
106 3374 21
227 4755 59
3274 5011 67
713 5164 73
735 5191 24
4267 4149 87
4483 1512 62
937 4275 96
3117 785 12
888 656 51
5113 3418 96
841 3178 45
787 847 32
931 2773 10
780 247 71
5170 3531 49
2321 1820 95
670 2242 10
2789 3454 61
1198 2006 53
41 1277 88
749 2848 22
1067 1230 21
2321 1186 79
2234 5212 73
1756 2174 62
1648 3523 15
2395 4042 86
2050 2487 29
5203 1172 81
1083 1667 71
2851 409 44
1687 289 15
5037 3134 27
122 2270 18
5366 3835 10
1576 3366 25
2064 1340 52
2447 349 38
4036 2154 46
2078 5082 15
447 555 85
3611 5241 67
5060 2874 48
1394 5172 74
1874 11 61
4723 2643 29
3927 4522 10
5298 1692 21
3215 5430 33
4902 5451 67
3473 3728 48
2621 4333 33
505 3520 60
3792 2130 50
413 4871 25
5023 3196 20
1262 185 13
775 4129 73
5446 1919 85
403 2079 60
3734 4675 97
2599 4308 29
3674 4873 83
1787 4497 68
927 3832 65
515 1337 28
401 2374 43
2822 2458 94
5198 2693 12
1523 1578 83
5204 2292 63
166 1619 38
183 2149 73
3773 2 66
2273 4764 44
1203 144 94
1493 1378 95
1354 3636 48
4659 195 65
3241 4992 22
3996 1110 23
2094 3038 88
2248 3283 83
1219 438 52
52 4289 14
1851 4772 12
3491 3533 32
3417 4338 77
4264 1391 84
3275 417 18
2072 1621 92
1444 1442 22
2659 4369 51
335 4416 76
5230 226 19
1940 234 32
1892 3293 85
513 3472 20
1511 4808 73
1587 76 58
1008 3020 16
1579 3101 32
4803 5228 17
2497 490 18
2413 4183 86
4730 2947 85
3435 396 90
4723 3918 87
3319 22 43
75 4101 48
3059 1329 35
2674 4211 47
1619 2782 43
5433 2691 35
831 3099 90
2037 1669 39
1993 4637 45
3496 818 67
1039 3631 11
2948 4555 53
5238 1148 21
3416 2957 12
3710 2215 28
2994 526 99
230 1082 40
305 3601 23
1868 4893 68
3260 3674 87
808 2376 35
2640 2254 16
2403 350 61
4363 1866 60
5059 4397 48
4916 1760 87
1727 3407 55
843 1769 58
2766 3295 35
5135 1957 42
2576 3047 44
1550 5211 98
4293 4867 11
5172 4529 20
3362 1169 42
553 1474 90
4415 1002 82
4802 2533 73
1540 804 42
914 3269 53
1604 2450 63
3731 2566 50
3821 2730 17
284 5107 32
2948 3838 75
2988 4145 93
1315 3473 42
440 1774 43
3242 1177 14
104 4308 22
991 4505 75
209 1644 41
2359 469 82
1291 2847 71
3187 3746 58
650 3679 68
594 2404 17
296 4161 49
4083 4985 94
1343 2204 50
1028 1816 31
2808 4855 76
3514 263 21
4287 1089 92
5418 3173 74
4417 3782 98
236 3775 27
4490 313 56
428 5207 56
1094 849 37
2881 2411 99
1684 3938 37
4818 1082 44
5304 5134 75
202 5049 39
4060 2838 14
318 3886 91
3841 1210 78
949 3247 85
530 2862 26
1532 2060 38
1489 4053 29
4019 304 36
1741 2443 74
1244 1665 96
559 3376 80
1345 4497 20
365 1207 15
5098 1772 74
549 3626 76
2668 1926 75
4635 2129 29
4157 4735 27
1136 5282 28
4118 586 39
1314 5166 65
5203 727 56
4716 2767 11
2941 1079 39
1713 1027 28
1574 5249 82
3009 2642 41
3907 5290 57
599 2376 11
1599 2706 35
852 3316 68
4625 986 21
738 447 77
5328 586 48
5171 3924 50
862 4861 16
2653 4187 24
5063 1294 64
2598 3520 83
3252 1311 58
4589 3268 26
5349 1927 95
2615 5325 100
4218 1736 50
5200 3903 82
246 163 98
1190 1641 68
4500 3793 70
57 402 77
707 2127 49
1588 21 27
5199 3211 57
4115 2926 27
4204 4407 40
4242 3639 54
2402 3668 33
1465 622 25
5081 4771 44
718 4117 11
502 4383 92
983 4292 79
3126 3094 97
2689 4198 16
5295 5062 96
3560 2843 66
4006 4269 61
3872 4266 57
2251 55 25
4212 2688 24
2839 3514 57
3652 5281 56
4047 5217 96
2285 4003 11
1213 4707 99
3968 5249 86
4138 2754 17
13 5153 58
2595 1252 74
999 3689 20
1753 1910 33
2839 3276 75
3876 772 12
2816 4154 60
4179 4262 15
3983 3211 58
544 3071 71
784 2956 79
2470 1010 80
4096 4388 94
1841 4473 50
2666 2918 34
5382 3941 67
2289 2657 42
1572 258 48
1117 1231 15
1294 92 69
2860 598 82
2700 5076 31
2434 2025 36
2824 282 28
3604 137 79
698 1645 86
392 4549 65
2735 5203 47
1033 435 27
304 946 62
3334 4633 77
5212 251 55
4066 524 62
477 4010 16
3653 2101 36
711 2259 51
3951 4843 62
299 155 30
2447 29 31
2508 5431 68
4050 4051 66
2107 172 31
2049 4953 32
2197 111 82
2432 1202 41
3130 5184 21
5456 5167 100
5407 440 64
257 4107 21
4564 1650 66
323 1626 69
1756 22 69
2216 2396 88
1454 4250 61
693 3196 68
4608 2529 80
2712 3330 17
2809 5156 25
4941 630 36
3681 4753 14
2813 4865 22
74 2320 67
3652 3616 52
1790 1071 49
5451 617 13
1551 2354 82
2042 4507 46
5256 4994 15
1214 3387 53
419 1488 78
5374 4587 93
583 4506 70
1911 2641 64
5002 3675 48
4000 4138 83
4155 4517 33
406 2308 21
5088 4659 55
2206 831 20
5260 1140 41
5057 1295 43
563 1474 89
1839 4245 54
2372 49 29
2329 2777 62
3896 5308 40
630 3343 62
1920 776 77
4189 600 60
1091 1561 96
5007 3073 34
47 854 33
965 5018 18
3927 3351 12
1239 4770 46
2970 3387 66
4547 4358 59
1125 1913 81
1092 2694 72
266 3295 97
704 2887 29
5434 1853 81
1897 4559 34
1039 1996 93
3546 4465 21
2361 4742 90
3851 1739 82
3781 625 66
927 2789 38
1391 430 59
685 4384 57
3162 150 51
5104 2167 85
1548 366 39
2941 779 14
3251 1321 56
5211 4152 38
1942 4724 78
3297 3728 29
2773 3115 46
2749 1078 90
1121 3305 69
2474 1171 76
4807 2527 31
348 2247 96
2563 2054 17
4379 3565 60
3549 729 25
3718 2510 15
1100 633 59
4126 737 66
4504 328 37
3505 1180 87
4667 2304 35
1707 4758 81
4882 3176 33
4407 2816 76
3251 1418 83
190 5095 53
2046 4686 17
2613 3906 36
2099 46 60
540 862 17
981 3768 90
3463 5330 77
3020 3377 85
5417 3975 94
1364 2489 82
1706 1510 51
5301 2849 27
4946 4392 32
392 1446 13
4311 1288 81
1410 3344 72
4026 4694 31
1684 1288 85
736 1847 27
443 4310 14
1004 5066 77
3635 3015 65
4721 4621 41
1552 3055 91
2116 2778 32
2815 4247 87
3821 1670 37
4561 4053 67
2081 4460 69
4986 745 99
4619 3849 10
5316 35 17
3347 3500 21
4499 5049 84
4341 4519 81
5080 4622 71
4805 902 84
3752 2488 63
5380 4969 44
4862 2921 45
3536 3287 81
2579 158 72
1090 2287 21
1887 477 34
1860 5286 33
2600 4245 54
485 635 37
3600 4938 83
3644 4216 84
995 4460 30
4811 629 44
3785 4645 13
4997 200 68
4711 4959 41
1631 335 49
4828 983 17
3122 5308 40
9 296 11
2576 3441 55
3178 1879 50
903 4604 58
2804 5037 84
2098 152 82
2073 1292 83
2567 805 17
110 3310 88
4859 4192 32
970 2539 81
4421 1220 53
1633 3121 53
4611 1994 25
4239 2768 32
4525 2534 66
5340 5235 26
2943 3487 28
1409 4772 88
5268 724 49
3296 181 37
1315 1786 71
3511 1426 86
4746 3 86
4479 1128 87
3163 2956 28
1530 5391 38
2178 976 77
2534 1599 42
653 4289 34
221 1581 89
1732 1075 73
484 5049 66
5046 1193 38
4561 4034 21
4216 3442 70
364 5263 40
679 3578 34
4190 2595 96
983 2590 32
2909 5416 54
4675 2681 28
1653 4672 13
5048 2179 51
4170 2111 94
2846 3712 29
2762 2596 81
3547 1184 68
4092 53 18
3037 3873 93
4456 4498 98
1982 1182 81
827 3809 88
1421 2481 87
2020 5446 89
1218 5061 56
1236 1912 88
138 1449 23
986 1518 37
5281 2417 40
156 3170 72
2582 2670 27
2334 2796 75
2230 3947 91
2811 1732 89
987 1913 88
3154 3027 87
4753 3835 63
1742 524 52
1766 1977 80
2430 1411 69
4702 2755 89
2283 2212 12
488 189 21
1222 2345 27
5049 4432 97
2352 2654 19
3380 5111 15
5052 1663 82
2040 3057 47
5373 1536 82
1591 3586 63
5438 1028 90
4605 4561 79
4838 2068 98
4192 2220 86
2306 3553 80
3583 1928 91
1166 503 68
309 5272 44
4373 832 13
2908 3477 97
1429 1413 17
3958 2467 28
1740 5170 75
3845 464 76
4923 1797 21
90 2190 20
2745 2757 75
1293 675 55
837 5438 23
2667 2468 38
4710 3847 89
280 3808 65
3589 1310 93
3496 2265 16
4199 2435 95
4869 22 57
4830 266 78
5118 5147 20
4049 3902 77
5247 4133 58
654 4879 33
1771 3214 83
3088 3254 23
814 2904 81
5325 2028 17
1527 568 71
2430 4062 45
2365 5082 12
3738 3426 57
3160 132 25
1848 1857 91
1167 1192 89
5469 834 55
1866 4234 29
4626 1018 48
4044 4622 26
5103 3770 59
689 1364 11
5362 2101 20
2954 2005 97
670 2435 65
340 4196 20
3809 4269 64
4001 1217 88
1814 1809 82
1214 761 27
5285 1481 51
375 5313 58
4610 1248 40
3514 2073 44
1396 1309 25
2957 2312 55
3832 607 94
2419 1233 14
1067 1538 36
3148 4384 17
4027 1221 79
3247 1920 35
1444 2075 71
3768 2949 60
4418 853 53
1903 2491 55
1037 4204 89
312 2839 72
3423 4087 100
1102 913 80
4157 2879 35
4870 3697 22
2595 1725 21
5402 5335 93
1897 4766 64
2945 2814 45
2277 117 11
4602 70 57
252 111 36
3701 4083 83
2026 1050 41
549 3305 66
3788 4248 66
2188 3455 89
806 4154 68
2788 1628 56
1201 2456 92
476 102 89
1833 3404 78
45 4631 64
2489 4262 25
3541 533 82
5278 2009 31
259 3856 75
959 2162 17
2476 247 60
4629 75 51
4278 1671 78
4769 1373 99
1137 2958 51
3592 2270 99
3068 1571 12
2328 5471 32
4689 1669 10
4963 586 79
3090 610 59
1098 4796 14
337 649 10
710 2578 40
2011 1047 13
2210 2474 55
5361 704 67
45 1941 36
698 3125 43
2057 331 74
512 153 78
183 438 30
2454 1649 73
3062 3659 70
2826 1707 76
5292 3730 96
1555 2283 21
2728 4030 22
3458 418 53
672 2949 20
4752 117 19
1019 1984 69
5174 2842 97
4700 2785 91
2921 4373 16
3457 3217 27
3798 408 68
1476 3989 40
2418 1613 24
1904 3316 36
3817 3190 43
2300 4446 35
3062 3971 83
65 3724 44
4916 5219 19
5260 2773 73
3026 4707 72
1152 2587 49
4943 1557 94
4459 2877 88
3578 232 11
3334 1663 88
2607 2366 46
2465 3759 29
335 610 10
1292 2610 94
5330 387 97
1389 2508 36
5218 826 73
3458 3685 31
3666 4851 14
974 4294 44
4881 2586 45
2470 865 14
4593 4348 52
453 1267 53
3044 2672 27
3095 2531 18
869 4801 96
2751 3703 90
3820 5402 73
5168 4923 13
1000 2000 42
153 3381 28
128 2788 32
4058 3305 62
2439 4695 65
3877 4443 10
4444 5236 85
1313 2268 17
4909 2622 59
2577 1967 45
511 1295 72
4433 2543 67
4852 855 15
3824 2721 79
2888 1533 96
2721 3912 55
304 1274 44
1433 4150 44
566 1264 20
3157 5047 89
1279 1013 88
1459 4183 55
4834 1515 12
873 4593 52
4376 168 15
3739 476 46
2563 3398 46
5040 1456 31
1176 1046 50
2021 2721 53
2757 886 41
4485 1136 23
3756 2815 93
2790 1835 52
2765 3857 18
1505 48 88
1638 5458 55
3899 5310 41
2068 5400 70
2962 3146 32
2470 1287 33
3147 2983 73
1990 5078 34
1428 3287 66
1739 4467 83
3343 2569 91
5439 1613 63
4097 1387 28
1152 1660 15
4090 2222 17
2123 5337 11
3403 2449 69
870 3700 18
2781 628 68
1152 2100 89
498 3468 44
9 3210 69
3690 4249 27
2145 2817 45
5049 1107 20
3851 1699 18
929 1997 88
2681 141 94
4378 4271 13
5103 1423 71
559 1595 27
3065 408 89
4802 1660 50
3084 1311 47
3035 3099 28
854 4250 75
1023 5153 85
534 1117 80
3907 2848 72
2571 4969 28
1341 116 40
626 1564 97
2955 1025 31
1616 4607 79
1655 1557 63
542 3893 78
4351 174 46
925 3744 78
2386 2094 99
354 4859 94
854 3417 51
806 1954 29
3469 3982 57
2176 2221 41
3871 102 29
540 3662 59
4252 1865 63
3483 5267 87
3936 1240 84
4548 4748 65
2556 2868 49
4111 716 69
3361 4514 36
1727 3651 24
5097 1513 89
821 5003 65
4144 4175 19
4191 3110 74
3411 2076 74
1465 3722 32
3079 5431 97
2634 4435 12
2870 3169 41
5187 3166 80
2160 4039 72
3862 5182 34
4240 4708 70
3334 4977 69
2705 2835 50
1800 4883 20
1716 2507 37
1712 2614 30
2091 5346 44
5457 4096 38
2757 755 29
2775 3935 78
2916 3902 13
3406 4697 98
3751 5036 28
36 4242 56
4142 5439 30
2596 1374 17
5303 3643 79
3751 1442 12
1511 5467 96
2077 800 27
1282 2452 83
4127 3810 45
1128 2773 65
3243 3785 41
1658 2681 21
4332 2747 52
1346 3143 91
767 225 87
2253 1594 11
4411 2406 82
5386 2965 41
2541 4310 52
1879 2546 12
1781 5117 21
2750 4632 16
359 1756 46
3039 3267 46
1900 1491 84
5032 4331 24
4732 3482 88
2087 4950 38
5003 1419 96
1896 4638 23
980 2606 84
324 3387 42
1538 3054 67
1590 1981 93
1714 5327 56
4406 192 85
691 4317 52
2926 4772 42
1614 2232 84
3001 1272 88
4580 2127 14
397 3945 76
276 3150 34
4961 2547 39
4105 892 86
4064 4141 91
2022 479 78
3916 3196 92
1461 2079 52
4965 5353 68
4882 2067 42
3577 4572 45
3685 3843 71
785 506 30
4728 4071 38
4350 2482 42
3346 4539 14
1752 4049 98
4099 893 98
4190 2069 83
4345 4221 13
1524 4609 43
330 4728 86
3969 463 20
1520 752 47
486 78 33
2764 363 43
4837 1343 59
1615 3242 30
288 3062 45
4653 4250 65
3962 3506 12
4385 1726 36
5324 871 87
1944 4641 49
4820 549 94
2510 1626 11
141 5253 19
2202 5145 21
1409 4867 19
4462 2166 77
4140 5278 21
4128 4993 10
481 4350 98
116 4208 47
2070 1845 76
5077 3010 47
2429 3317 36
4349 1341 97
3145 5231 34
4195 1427 40
1431 1707 91
3740 321 90
1590 3525 29
4588 2084 54
4649 2246 76
3883 2887 61
3560 5070 61
1293 223 87
3282 2771 37
1336 3571 17
1035 4336 64
2552 2545 24
466 1565 88
3505 3292 100
625 3755 85
5459 4110 60
2942 1549 77
1846 4607 98
1462 2475 72
4473 2043 100
4182 1897 48
5058 727 37
1964 1712 63
1139 45 46
3740 2036 86
2365 4528 49
4633 3972 42
1724 3831 55
487 839 60
3850 2562 80
1989 2817 85
1271 1803 44
286 211 65
3984 1827 68
3865 4132 48
2870 5310 93
1799 2044 26
719 860 34
4393 313 30
3474 3702 46
774 4474 82
1128 1285 97
890 1548 65
4777 3432 19
4715 2293 69
4401 565 24
3815 4210 89
1248 898 25
5356 965 91
2077 3353 80
4198 4538 29
3805 1904 47
1817 4781 81
3692 4141 32
4561 348 38
2792 483 11
2293 2170 63
2076 912 62
1223 5060 69
135 2164 27
170 165 98
5108 4793 90
825 4035 44
1788 3566 31
1821 5322 89
3889 367 14
3561 2714 98
260 5202 45
5001 3532 97
2903 2366 69
1429 908 29
598 3132 43
1711 4558 42
5341 3757 33
3770 3335 72
4989 3788 46
2258 1463 28
2909 3700 93
1564 2134 26
4091 5192 53
3177 4714 62
31 146 11
5226 4751 99
1028 4197 54
1461 1800 54
3465 1348 88
1094 3292 68
1659 3597 15
729 4940 34
750 4666 56
1035 1393 75
4243 3619 15
4049 3722 42
3672 1964 38
2225 81 82
813 1322 58
2371 3820 59
251 913 62
3411 1316 72
1202 4459 89
1754 3986 44
4608 4599 72
4631 2753 27
2037 1182 47
697 364 20
690 3253 84
1814 2044 15
3440 1321 62
5300 5022 29
4912 3429 16
2362 3477 50
2209 4780 72
1729 856 66
3000 1464 30
3373 2405 11
1128 4742 81
2773 2936 73
4373 4874 69
4249 1198 10
934 3993 11
4564 38 67
3373 2267 69
3954 3782 11
1340 3280 57
2568 2483 61
4402 3495 58
1080 2727 30
1894 2185 50
4698 4725 92
2986 3605 24
2625 4670 60
5212 1367 89
2885 4811 56
517 2163 91
797 3318 59
4684 1767 86
2063 4305 55
4131 2794 50
4314 4904 95
5214 3947 71
3739 7 80
1831 5462 87
4302 4074 54
3341 4827 39
610 5035 34
3269 3189 18
3674 1594 53
5446 2495 75
4967 2361 51
4331 1288 76
3540 5325 48
1351 3634 65
3409 356 43
2007 1152 68
2566 3072 15
30 3177 55
1595 4858 54
3613 3447 32
2043 1634 23
772 1434 80
398 897 66
3707 3719 44
289 3268 97
2846 3712 96
536 1522 80
2595 3519 78
4561 5414 97
4503 1187 75
5406 4119 90
3180 377 70
2258 1063 90
3907 3677 73
3924 4973 75
4734 112 93
2467 1745 94
4028 5120 81
309 2911 71
5280 2743 59
3872 4967 15
2010 4251 66
598 2949 76
488 1196 50
5060 2837 92
3450 3396 84
2844 1953 93
135 4403 32
2453 3386 14
5045 3320 90
4278 990 67
2998 2823 95
839 2876 83
5027 2790 22
3660 3628 88
297 19 37
959 1457 76
339 2739 96
3742 835 81
246 2630 20
5152 5197 20
2128 2494 82
4721 699 97
330 844 39
3754 2613 91
3931 4300 27
3212 4428 81
4337 2305 50
1767 2630 46
4137 3847 79
3657 4560 10
295 3976 76
296 1163 55
1664 4008 76
1486 475 68
2952 4034 50
341 1058 60
1754 2396 97
4930 59 31
5273 258 55
4683 4210 93
1245 618 13
741 376 90
2265 1988 68
1541 4819 57
1149 3163 88
4288 3570 54
5168 4549 67
1829 4289 15
568 1947 59
2883 3611 18
4730 3061 25
4277 4039 94
1110 5 59
5397 4153 84
4599 2545 83
4879 5133 28
3554 36 21
493 3937 83
699 4789 92
932 1190 85
1936 4508 84
2535 4218 57
1621 2326 22
544 4736 25
1172 1232 88
4891 2484 28
4902 2325 43
2642 528 88
2563 740 44
4463 5228 10
1897 759 62
3762 1250 52
3154 5067 71
2260 2086 36
4609 2586 55
3268 3106 50
4208 2980 71
2261 4847 25
2860 3561 53
1377 18 79
1898 3366 98
3731 4053 100
1418 5400 83
4510 2001 23
354 3459 81
181 3244 57
1521 818 60
4108 236 75
404 2321 74
2629 4648 97
2552 4599 87
1159 3627 45
4238 2732 68
3358 5369 93
134 1004 66
851 4931 67
3026 4735 46
9 3982 89
799 4722 93
1289 5084 72
914 1867 36
2542 721 37
2131 2272 89
2424 1606 67
4271 3687 71
1295 2820 13
747 1364 76
974 4037 19
2680 2765 100
2488 4639 40
633 1995 98
3135 5406 92
5315 1950 99
1114 3822 92
2786 570 61
1221 4293 27
1138 4996 52
1310 2770 53
3987 4381 52
4238 3565 98
1292 1374 16
3838 123 73
3238 2772 27
5052 243 11
3582 1058 58
2296 3240 68
4983 4821 71
398 5263 75
661 1571 12
4995 805 64
4687 2692 64
2628 1696 89
226 4506 22
76 3942 77
307 647 27
3752 3067 97
2738 4713 51
674 461 87
4083 1726 94
2065 4281 38
5296 3427 41
3700 2077 74
1075 5240 38
5417 2818 45
3776 3280 64
420 1505 76
3648 519 69
1623 897 69
2721 4981 96
4156 4070 92
5209 221 98
3104 557 17
5224 3065 78
2150 4664 70
2943 791 63
4622 537 43
508 746 17
1825 5253 55
4514 3935 96
4955 1985 74
3867 4614 90
4759 3347 80
4401 5240 31
48 4762 75
4720 5311 78
3188 3432 79
2310 4762 76
846 1501 11
821 2014 58
1241 5341 92
1556 805 78
2519 3576 77
2100 3793 82
2037 4710 86
4759 5210 50
2605 2873 29
4573 2792 63
572 2475 48
4414 748 52
3712 3200 34
1612 5121 23
4474 4195 59
4319 2621 67
4590 3496 79
4546 3340 45
2535 27 10
4831 429 56
651 793 70
3749 5073 37
4550 3402 23
1573 885 55
1704 4149 13
4990 2198 37
1424 3159 33
674 858 44
441 4453 17
5367 4741 27
434 5457 89
2759 740 88
1335 392 70
3990 3474 87
4256 3185 94
2123 2389 12
588 2880 60
2849 4515 77
5385 1175 88
735 4958 40
5238 4416 90
3862 4625 86
2864 1255 64
2265 2165 49
4779 1726 100
4142 3092 86
1700 1223 89
2209 4011 93
4868 4505 36
2968 2500 13
2223 1215 20
5380 2914 35
2909 3311 29
4405 2625 26
4531 3764 38
1658 3011 94
2752 3558 90
1756 60 15
1050 2986 12
4190 3924 12
4362 4093 27
1619 1656 83
1012 2557 52
1330 2256 72
206 2231 29
4847 1489 51
2083 5284 60
980 2713 84
3038 5355 70
594 3781 40
4889 2858 67
521 1040 52
3152 3539 88
2215 5049 61
3307 3569 13
3724 429 79
2918 2679 18
4356 986 25
1223 4524 28
1916 4594 30
1518 4093 69
2500 3372 73
3753 4992 55
2535 3425 52
4273 1175 76
2023 169 51
2291 2400 14
1727 3349 66
2512 5394 88
4655 1031 49
961 2314 42
2432 3829 15
1648 5470 14
2881 2276 52
1187 5258 70
2435 4876 99
1087 4711 67
2173 1927 74
2862 946 47
2986 4894 79
279 2935 27
1763 4964 98
3668 2268 88
5360 1661 51
5000 941 28
5292 4234 75
5306 1638 31
2484 4353 55
635 2087 54
2473 4224 86
79 1935 44
1098 4029 69
5305 4176 98
4547 2962 47
4928 2843 28
3399 3958 97
3987 3566 66
4535 2770 84
3762 2056 51
3023 3510 24
835 3218 19
2516 3074 70
3473 5299 59
2149 1031 73
5431 1093 90
5468 3958 29
622 1203 31
4918 1827 31
2326 595 73
4828 639 80
5261 2616 56
2954 591 13
2660 1247 74
465 4939 17
35 3209 13
3248 2639 91
4393 3852 47
2753 4593 78
2055 2849 68
3213 60 43
1431 459 72
2457 1489 99
4167 237 37
2473 3258 74
3792 45 29
1745 3520 75
5410 2475 60
574 5166 58
2382 2095 99
3522 2442 43
4637 5321 23
2470 532 78
293 3813 64
2760 760 98
215 672 92
744 3510 34
3211 1804 22
1505 1689 32
4479 4788 66
5063 2401 24
1440 4377 60
5160 2054 74
4365 1682 74
3280 5017 87
1937 5407 94
2807 5415 47
3349 3309 28
3205 1876 91
3167 4297 18
3105 4761 26
1343 3518 36
5234 4331 45
3078 1565 99
3633 3577 19
4507 704 56
244 4276 88
4064 5169 80
3146 3363 93
3834 4396 85
2825 2869 87
3375 2165 13
2659 1564 86
5056 4767 26
97 4634 89
3682 1797 53
5445 5046 12
4829 5037 17
263 719 41
3864 273 64
1547 2266 90
4194 4136 28
691 5041 71
2600 466 31
157 4520 52
5176 3034 80
2007 4551 86
1738 500 26
3890 2178 55
1492 1636 13
3564 4374 25
5207 1091 86
3306 4624 62
3566 5082 26
4768 761 75
211 5083 81
1452 357 14
4120 1445 55
775 663 71
5459 1016 87
938 4423 20
756 3291 96
1380 4598 44
4994 3678 84
5142 3828 57
4262 4325 64
4090 4660 88
1799 1422 13
5320 3656 87
4048 4246 18
5083 1662 27
1449 47 30
4214 3555 68
4324 4045 11
3060 385 41
1467 2973 95
1207 305 43
1467 527 41
4700 1350 87
1018 5016 19
3677 106 62
2060 2730 68
2911 2978 58
4315 3828 84
470 3296 72
160 5457 53
755 691 20
107 2688 94
4263 3904 56
1162 407 26
2750 1679 55
2199 4605 46
525 5047 49
347 4820 15
1642 4285 50
467 325 99
2264 1694 61
3771 4793 95
2575 5294 49
5471 4446 92
1548 2650 51
3836 4793 15
4803 4238 37
5099 4994 34
4319 3490 21
624 1821 89
456 188 47
483 1492 78
1394 5228 10
674 1194 69
3866 3361 87
2478 4265 39
2869 3338 97
3434 1755 33
5340 1605 100
153 3832 43
1218 2614 44
2049 2621 79
2919 644 10
3962 3528 16
4413 1558 23
3548 692 35
854 711 43
856 3645 69
3150 4001 79
4029 1457 58
1400 1527 98
5454 4551 39
3076 5159 73
1389 1398 14
4251 1140 75
4854 1455 81
2735 343 21
4909 2255 74
953 3980 72
4778 390 63
2657 1507 44
1427 1653 94
970 3150 39
4142 2100 39
5257 1862 11
3226 3817 44
1455 2053 28
4051 162 14
2293 1007 59
3801 1586 23
2654 425 47
2781 1101 93
2219 3742 27
894 957 22
5111 4409 84
4076 2895 90
1002 755 64
5339 2679 97
3433 4493 32
4640 1108 37
2603 655 17
357 2129 61
1738 3856 28
3102 1182 25
2167 4090 71
4709 2999 11
1946 754 35
280 3261 77
3884 4140 97
4688 2486 35
2554 5123 91
3026 3928 100
5017 4880 91
3161 241 80
2230 3075 29
3783 3512 69
2362 5323 26
3117 1767 12
4308 4893 15
1842 4255 51
1209 4963 92
358 301 68
2849 4476 27
2385 3533 14
971 3683 85
1217 5034 87
1855 4350 83
1261 4946 53
4363 36 61
50 1308 97
5365 1292 16
1789 4061 55
126 3694 84
1503 1741 14
5339 2163 19
5232 3016 88
2348 4803 42
2642 346 67
5032 1044 88
4210 1606 15
2590 4325 14
2703 777 68
2466 5471 91
4686 1714 59
3746 471 13
3501 5293 47
4649 2247 18
2523 93 98
671 1447 35
3209 385 34
5288 3542 43
570 4764 59
4766 3572 61
1853 4902 62
2625 2441 93
1315 212 66
2431 4083 53
2039 5154 77
3101 2878 65
5384 5003 76
1819 2644 96
2222 3006 49
2389 3536 67
2746 4277 89
645 3209 97
1975 4355 62
1032 3117 25
1424 5119 95
95 2895 67
2845 5305 17
129 3494 68
5295 3012 86
3427 4590 55
5015 2821 70
4780 2830 42
1260 3250 46
536 4995 13
4347 3589 28
3805 1478 12
2260 4863 76
886 2374 38
2648 3954 43
2949 2268 15
2773 5269 85
287 269 70
1129 4602 29
955 4379 83
510 0 41
4035 3480 93
5420 5249 92
4554 1477 21
1354 1400 71
3639 143 53
2010 3931 19
4197 2021 24
4771 4247 61
5178 3118 75
3257 110 77
1452 4777 85
5162 2913 66
1069 201 14
2709 3537 90
66 2677 76
2043 147 97
4245 3794 35
4692 3781 61
116 5113 63
3606 3410 81
760 1440 88
3152 2965 34
1520 1036 96
3584 826 45
3353 4371 76
4263 631 11
1448 4058 87
16 4839 67
2681 1179 43
2070 3206 35
2921 352 45
1647 203 19
1138 4703 64
4621 1345 21
5413 2304 65
2175 5076 66
3866 3969 24
4547 4365 62
1601 119 96
37 5057 48
3802 775 84
4401 1259 71
3940 4340 61
1258 1673 21
1329 1789 52
1508 5471 96
4485 171 32
4003 5169 100
722 1759 59
2355 709 88
152 2031 12
953 560 39
5309 3259 54
4152 4473 23
1757 5413 21
3339 5385 26
5093 2939 22
5123 4715 48
5325 4828 90
215 3180 62
583 5385 20
3922 2756 63
4553 5443 54
2017 4433 99
778 2932 59
4772 2433 51
1032 4827 23
1907 4827 80
2177 3319 21
5172 689 97
806 3186 21
4011 3917 44
3201 2145 46
3787 1717 50
1836 3929 45
1595 5268 14
4040 5176 27
886 5277 17
4968 1653 73
4178 4344 50
116 191 39
94 1602 96
3698 633 90
928 3624 97
1316 4671 58
1566 4909 95
3135 3325 16
4863 2824 18
4822 522 19
1623 3754 51
5231 2895 27
5142 1890 31
1541 4323 19
4326 5361 63
3574 3759 71
2464 399 86
1414 2466 23
1055 1914 62
944 1313 73
1937 4329 38
3430 3772 37
2874 35 47
750 3298 66
4353 183 54
5259 3368 95
5203 4009 59
3872 4773 75
1994 1756 42
4589 2244 53
5432 2632 49
390 1151 11
884 2084 86
4152 2815 60
5347 2136 19
63 3078 64
4281 4916 43
2312 1368 65
4559 684 22
3637 1120 65
1578 3477 56
808 236 39
2382 1233 80
5258 95 19
4728 3428 95
5264 3093 100
3488 1705 97
1868 626 40
5112 3425 11
5409 3382 96
3272 5066 70
2649 2974 49
5447 3707 30
4488 476 14
1505 4159 99
4919 1236 56
3828 2780 39
1332 2407 80
2229 5378 74
5371 4835 47
3619 1918 43
221 943 23
597 828 55
2011 3125 39
1909 5170 34
954 2506 67
5260 5313 35
2490 4672 97
270 5137 60
2597 1235 18
1366 5364 95
2136 1050 56
3159 1258 88
4887 3244 85
886 5307 82
92 1655 93
3755 3566 82
4899 4428 20
5260 2408 51
3975 1271 98
2421 2403 82
3001 412 25
1485 4493 55
4478 1983 81
607 1035 86
5216 4708 32
84 2305 85
3323 4530 30
238 5048 95
2360 1676 14
5213 1884 23
506 3968 55
3985 919 100
1010 4773 74
4762 1940 85
5059 1700 18
4226 798 54
118 494 94
487 3580 54
1184 5299 67
844 1180 13
56 1466 55
3456 479 23
3685 119 49
4915 355 42
2975 3096 51
2361 3525 11
4703 2500 32
2425 3165 72
1115 659 88
2965 4233 53
1731 1834 55
2564 1584 10
2760 3648 66
2520 3198 72
4412 5200 22
4806 3959 67
1228 4895 21
3647 4549 80
56 9 78
189 4807 75
5075 2561 96
2775 1076 80
3768 4360 27
418 1186 70
5067 4016 13
2675 3086 23
4698 3126 87
2438 644 51
136 1557 14
1214 3746 90
1293 2636 49
5118 4176 51
1565 5019 10
1528 1098 72
5305 5188 25
5416 3038 79
2619 26 60
2437 1354 42
3760 2097 63
911 43 30
467 5302 59
3048 4426 99
1469 5366 67
2224 389 40
3372 430 37
4951 4921 67
2223 1116 77
1927 3802 35
3624 313 44
4047 1959 32
2858 3493 87
5357 2820 72
2528 1683 25
4336 3269 63
2898 2085 44
1536 1979 43
5217 3998 27
2315 3365 99
3165 2680 24
2925 2111 82
4555 3116 82
351 3377 95
2077 4342 85
2674 1384 96
1294 3458 10
1547 5298 52
1902 5419 17
5412 1205 32
2569 1374 31
3493 70 100
2890 3147 78
1848 54 29
4583 2082 37
3408 1894 87
1839 969 12
4070 3326 10
1023 1905 51
1140 2906 56
1394 1008 51
3600 3568 11
2095 2079 80
3152 66 57
3339 2066 90
5352 2636 43
4541 3886 24
594 2380 12
676 1286 51
4536 3838 40
979 2138 88
686 948 13
3911 4823 43
3812 2028 22
3101 3903 75
2164 1924 22
1099 2942 78
146 227 83
4329 4569 82
2628 3889 83
2850 4889 84
3218 68 60
2979 3666 45
4484 2934 100
5066 3293 53
1058 2680 55
2964 2050 37
4218 216 18
3095 3438 88
3441 886 65
958 3414 54
2493 4094 82
706 2679 93
3403 277 47
1597 5435 34
557 3828 83
4152 637 91
3196 5210 42
1028 3933 97
2346 4708 29
1577 309 100
2550 1511 71
3642 4913 56
4425 889 21
4884 3229 26
5302 3879 58
1721 1145 59
3435 1528 64
2547 2384 76
4619 5146 40
4042 4494 38
3120 5284 71
3024 1690 31
4095 4521 88
263 4512 48
1488 4629 60
1260 3412 69
3575 495 57
277 1762 10
594 5405 24
48 4113 18
509 4970 10
4517 2313 91
4412 2753 72
4506 3614 32
3173 4709 70
2351 3259 32
4530 4728 85
4110 4976 17
820 5099 17
3923 1453 47
36 4202 14
2654 3230 100
1413 2771 34
212 1678 51
3080 2030 58
3680 1336 87
2095 1131 76
3930 4744 85
2639 1448 79
3763 1847 15
2889 2730 91
2156 1900 62
378 199 86
2708 5147 77
4214 2142 99
3695 1654 35
5204 3264 99
4012 795 59
612 5174 85
647 238 92
2434 1106 53
3638 1310 91
3766 3509 50
3088 3318 76
4319 3102 83
3864 5040 99
3338 1820 94
4160 3819 50
4781 4169 46
5384 5208 11
925 315 59
4484 3850 58
4333 376 81
3039 3311 91
3731 156 99
3420 285 91
214 2896 73
4583 978 95
859 3349 34
2557 1366 13
5451 4273 54
5349 1247 35
1528 3024 46
4395 3200 81
2415 1718 55
4011 5030 94
2339 4511 52
1080 2782 17
3548 4018 100
2085 1599 19
1876 5161 24
2053 4627 31
3161 3281 35
2309 2209 93
4040 2388 46
4890 4713 88
3281 2257 25
3477 2650 73
5189 3351 93
3372 2101 41
3943 740 14
3362 4930 34
1570 1190 13
3732 2016 52
1999 109 97
4040 2769 69
5002 1312 22
431 490 100
2432 539 99
1605 4217 24
3303 5280 70
5151 4112 94
3501 4654 39
2149 4886 79
2659 3974 13
4132 1333 44
3131 3308 21
1295 3625 77
2514 3306 50
638 484 48
1588 1672 93
4659 1707 80
4277 4549 26
2219 4284 41
3073 4695 56
4186 326 61
2784 2915 89
3169 5069 18
3294 471 43
3152 3751 94
1796 2673 10
3120 1831 79
14 2821 12
1464 1752 30
4431 3655 92
1983 5307 34
919 1826 55
564 1842 25
759 1466 92
4008 1857 43
3249 5323 65
4759 5175 57
574 4521 70
1178 162 68
4320 699 82
3217 3077 58
4824 4010 22
1714 471 33
2185 4007 51
62 2446 82
656 953 75
3069 1782 84
3560 956 22
3796 3404 60
4913 4836 75
1110 1973 67
742 1856 95
2479 3833 83
2793 958 82
1728 4335 80
4465 1547 68
419 3620 15
2705 2822 93
5288 4876 31
2830 2344 85
230 2504 16
2128 2523 94
4225 2854 70
1522 1813 66
1247 4894 91
453 678 99
5156 1167 88
1686 2268 77
1271 346 29
4524 3116 36
1259 279 12
1584 1781 100
2595 3962 32
5409 3447 46
3633 3154 69
2213 738 76
2739 2498 85
488 5256 17
529 958 55
4036 5133 38
4610 3213 85
2549 1988 79
1121 5258 16
3413 4488 67
5314 3846 99
1200 1024 99
1010 827 50
3448 5161 85
5163 2045 70
889 4114 28
4814 2033 22
4243 1162 100
3208 668 100
977 2013 77
3606 431 18
2474 4994 25
4583 4032 38
290 4416 95
830 2719 35
1946 2378 96
3555 2764 96
2622 2820 46
4558 2748 82
4680 1399 31
3703 2145 11
3466 4713 42
2782 5138 39
4156 1368 64
3466 306 51
5126 277 45
4214 1449 79
3155 4084 74
1049 1659 54
5005 3008 77
3849 3944 86
5434 1771 27
5294 4505 53
5055 6 22
597 1917 21
2590 270 27
1571 3741 53
3367 2033 52
1409 5056 82
1575 4164 73
5371 2306 33
1183 3274 86
2650 2880 46
3949 260 29
838 4485 54
3800 3141 38
5234 4350 28
1258 2033 73
5014 3611 73
1790 975 34
5311 4509 16
566 3966 67
2795 3045 56
1313 4157 66
4053 4708 70
1754 2182 71
4671 2984 57
5207 4217 71
3112 195 42
963 4303 96
2967 802 44
421 3188 13
4713 3418 92
2176 4196 57
5103 1247 60
5284 2187 47
451 3008 36
4015 5045 28
4009 4112 35
4329 2303 97
2458 3495 95
4729 2005 67
985 3204 32
1254 350 62
4552 3621 15
4229 407 11
1208 2808 45
4180 3599 41
4797 4502 96
2609 4973 83
716 274 64
4026 4582 55
1369 550 36
4997 133 12
1305 3251 60
1104 1773 48
976 499 73
1578 2345 50
1646 3474 18
165 4947 99
643 1848 56
4767 3866 39
3318 4557 62
2888 4764 63
3165 2988 55
2068 3697 88
4897 1730 49
843 1292 65
2201 2225 54
3479 4091 77
214 2723 55
5321 2201 59
2359 3794 48
851 5368 99
4224 3600 39
3760 4852 37
862 4684 66
1952 2936 100
2363 4134 26
610 892 85
3514 4213 94
4700 4505 10
449 2236 57
2654 3848 47
954 387 49
2081 4392 46
1949 4726 53
2884 5399 52
3118 3692 31
3992 4795 59
5171 2107 54
2302 1917 29
1634 3795 13
4819 976 69
2098 3849 97
4387 4308 89
5346 107 22
2913 4109 87
1856 399 34
190 2021 26
3700 5404 100
1922 411 86
4809 2210 40
5364 2906 27
5235 4139 34
4001 3337 64
1579 4176 61
1515 2569 34
3350 2655 72
8 1762 27
3049 378 96
3790 4999 71
934 2823 25
3159 3539 69
2994 4839 88
3285 5039 77
1213 2719 23
758 164 27
885 1243 66
393 3445 41
3752 3322 59
3954 2265 67
2155 2126 77
142 2132 95
483 5409 23
3916 2317 73
681 3105 77
3970 2488 77
3988 5090 66
4691 5331 72
3593 3922 44
1963 3057 15
4558 845 95
412 370 56
2684 1912 20
5366 1853 82
4619 2368 30
4848 419 14
1846 4082 65
674 4505 52
1102 5131 59
4043 1841 21
5086 4001 32
4259 5228 88
3132 2294 60
1709 3125 89
953 958 31
5290 1016 95
541 871 74
4208 1684 57
4634 1678 14
203 485 100
860 584 54
4961 4191 83
817 2297 54
351 4916 44
4576 4622 15
1684 4686 17
565 1313 87
561 4517 39
2765 2557 99
3032 448 60
4406 4792 58
4861 461 64
4932 3952 27
1841 3899 73
2924 4306 66
4186 4897 71
1178 2460 31
5195 5188 40
1534 2145 85
2401 5119 39
64 2268 71
755 2690 44
3672 1702 21
3758 2919 55
1944 5072 86
4586 4156 91
1428 1805 75
5164 3678 41
4760 1159 30
3099 4533 63
2059 761 94
3061 2338 55
4901 4453 48
3507 5065 82
225 4391 39
4383 984 12
1398 4966 22
24 3854 42
2962 3510 39
2940 4470 98
4235 2697 19
89 3121 49
5 331 90
2176 1749 50
1681 432 80
1517 4306 66
4372 2683 61
3694 5023 62
2173 4908 76
2079 4582 56
1277 2856 87
2164 5016 67
1385 1566 100
1998 1136 81
3121 4598 74
4091 3924 75
3415 4384 75
2491 4933 72
3550 2431 80
1540 3134 49
1224 3531 66
2147 3458 14
2146 3019 56
341 1001 73
4320 3322 74
340 4787 80
535 4099 75
3354 4029 96
1953 1813 84
1380 4073 12
4446 620 87
3246 1511 51
1130 3472 61
1381 384 25
3441 920 42
289 2949 21
5075 3034 14
892 1556 25
3345 3295 27
5372 2740 57
3983 3898 23
1848 1894 28
3441 789 77
2504 928 99
4934 4060 52
2983 4056 49
5253 4733 12
4054 5392 14
52 3507 89
5356 1002 35
5395 2914 19
2880 5364 68
682 3454 99
4916 151 74
4892 5326 55
1109 2100 23
5224 1813 15
4080 3064 52
527 5243 71
826 862 25
3197 3718 72
1028 2716 49
1523 4142 90
532 5428 18
2469 1856 28
133 4202 99
1014 1452 41
2315 3736 39
3589 1626 69
4650 3196 19
3391 4236 25
5105 3900 42
3020 3924 65
2881 4960 49
405 2771 20
2280 1906 27
3569 99 76
746 213 87
1713 3430 45
3306 5430 12
3212 147 37
328 2696 28
687 1633 80
1195 4635 84
3386 2542 26
4538 1841 52
2485 2414 94
3170 257 79
1466 993 63
4305 4886 95
357 3450 57
4461 5176 43
2182 2790 22
2084 419 38
5197 2921 78
1562 2809 24
5432 3525 99
2216 3627 98
2321 2353 61
2250 1866 46
4066 1948 65
35 583 49
1273 523 25
1144 4468 19
3473 2086 35
2918 1296 87
1573 1198 13
4897 4555 57
5190 4863 59
578 2180 95
4337 733 43
516 1441 53
2810 5262 35
411 2939 99
4846 3240 93
593 4400 15
2772 2085 96
3745 1355 51
1128 216 57
167 5130 32
5297 2539 85
2630 2791 31
5206 1420 22
1822 2567 80
3160 1985 29
17 2488 41
4105 4680 58
3180 2962 89
4896 4809 37
312 4927 90
3004 4756 18
1770 1081 98
3496 4299 41
1523 1104 50
5404 3403 44
3263 2007 31
1209 3578 84
2389 3922 79
4573 1169 77
221 2727 45
4579 1372 87
829 864 38
2849 4623 98
1265 431 89
922 5103 88
1778 3838 49
2381 4131 86
3487 271 43
980 2672 59
5397 290 66
2034 312 15
1137 4461 41
73 2749 94
2137 2953 20
1340 4796 59
3609 4647 36
2415 2627 94
821 4986 24
3331 5112 97
3957 3388 81
728 3322 75
5025 2401 77
661 290 62
1816 1119 30
561 2612 76
1094 5459 60
196 3830 18
2992 2369 48
3009 2974 95
2167 2050 87
5081 1898 87
3850 1 55
5027 5350 51
3814 1061 18
1788 1416 91
3802 4347 38
5449 1443 77
4377 4559 46
295 702 24
5184 3347 39
4470 3066 33
2051 5233 11
334 3065 58
1165 5125 57
191 5317 43
3062 790 48
4181 24 24
5323 5267 54
1703 2103 36
3133 2114 61
3575 836 41
130 2162 11
4317 2787 94
3376 1455 11
5270 3717 55
3199 3864 86
1851 5347 88
424 2861 70
3084 4728 47
2456 1038 53
2820 1181 92
2938 4252 13
213 1700 93
4404 4662 61
3234 1960 93
2313 2576 57
1023 3315 11
5358 4642 62
1986 597 48
4283 1225 18
2839 2725 78
864 889 87
1334 2513 15
4533 1461 40
538 3656 65
2917 2990 32
2926 4590 48
3210 363 84
2204 3435 64
5407 4904 17
2107 3818 22
470 110 48
4064 3705 27
5343 3791 11
1929 2673 44
1680 2660 55
1917 3467 81
1132 1634 66
2016 2980 38
3174 1465 98
4689 350 73
1635 698 18
1374 4771 11
1642 348 29
334 3595 81
3685 66 85
2139 4367 86
530 4700 81
902 5181 27
2967 1086 74
3426 1201 92
5445 3143 84
4699 932 49
907 3901 90
3664 2143 42
3992 3753 57
719 1552 45
3013 741 76
915 1253 48
1888 5221 72
2925 4609 14
2017 2753 41
4617 4648 52
2026 473 83
507 3139 27
2712 657 35
2107 1166 47
1134 2395 84
773 4190 60
2601 759 94
2429 3907 72
4490 19 79
4143 5171 83
3165 770 36
4876 797 64
3122 1917 10
4383 1003 19
3179 4256 34
3628 647 10
2348 166 27
204 2065 88
995 2509 91
3780 1827 89
3170 3399 66
3983 5351 83
3918 4762 80
3103 4465 88
2744 5225 95
4236 61 36
4443 3652 100
1609 5045 54
3141 3678 23
2117 38 76
2525 2235 42
4875 2557 12
5190 3488 51
1316 3757 79
57 180 56
4301 4840 73
3190 3634 25
1131 3756 68
1892 5395 100
1134 3211 10
929 440 33
4353 5252 10
145 4096 16
1353 1494 52
4415 4317 38
67 4912 50
4113 3725 44
4367 3420 38
1221 617 80
4974 828 63
4988 2441 43
1668 2168 40
799 1283 40
3661 2458 76
5428 5261 53
5089 3827 88
770 658 13
139 2717 56
4913 457 91
461 1354 41
3333 4915 64
350 614 20
736 818 73
2751 3893 100
3127 2846 69
534 163 38
973 50 91
5019 2571 28
4979 2499 46
4553 4640 71
872 1044 41
2063 3337 76
88 5252 90
3908 157 86
3372 3666 35
850 1562 14
2364 2774 41
1400 1958 27
3107 997 26
1569 4025 19
3048 2369 69
135 4809 65
430 5168 96
1759 4603 46
679 1241 19
5362 2057 79
2666 1170 51
3792 4784 46
1696 3423 22
1161 2745 21
3028 1583 99
2329 752 56
5387 1343 13
2934 653 19
2293 3873 89
639 4251 70
1447 3312 27
4750 4978 52
2497 1000 29
1793 3457 91
5426 1195 37
2012 3781 91
1314 2324 71
3708 3273 69
4281 3890 26
820 297 97
2458 147 93
4034 5270 60
1174 3750 47
4410 3129 66
4046 2115 78
4799 2315 80
1441 43 56
404 3653 47
2471 2045 17
1169 4056 79
1159 3235 49
5275 3073 69
4826 1796 13
2793 1621 82
4383 300 76
3905 2080 99
2224 2098 64
2028 3092 67
3684 544 79
4328 2951 71
4168 3973 32
232 1756 84
1540 2225 53
71 3238 67
1633 3251 27
4700 600 86
1566 2214 22
4897 2953 27
732 4687 97
4465 1399 77
4881 4222 35
1164 5236 70
1831 5151 77
1910 4532 51
2297 2951 10
4771 1653 24
3741 2980 17
195 1151 37
5052 3394 72
3729 1883 71
465 3661 77
340 2747 81
618 2462 48
1635 5260 69
1106 480 80
1065 4847 54
492 3830 12
1232 1531 67
5265 4974 82
1951 673 43
1147 2897 31
5167 5280 35
3270 570 97
1622 3108 68
4024 4829 80
606 1002 37
1177 2030 34
1800 1819 98
739 4336 59
3347 311 100
1284 323 21
3721 5054 98
5325 3588 74
4009 3115 97
1470 3954 99
5064 2146 54
5264 4982 46
4881 2246 85
1980 3044 45
5418 2398 90
997 898 40
4890 440 88
3513 3194 41
1446 2353 42
1949 5254 86
1574 2743 98
2749 1954 57
202 1319 89
1361 1336 41
4306 1465 18
3682 1727 97
2864 131 16
2332 2286 92
2762 4580 89
90 4124 12
933 1919 100
3409 881 79
1423 2986 44
2388 2677 54
511 5366 91
1230 1797 86
1326 5370 69
454 4745 95
3234 4524 25
2935 2337 25
2151 442 18
781 5192 47
55 5132 17
4487 1519 49
638 568 74
4504 4446 21
3280 727 19
361 2984 37
1930 3559 18
2539 3649 62
1315 1925 23
2412 4983 53
1216 4398 33
4456 741 93
4201 2636 29
2428 1711 18
1923 3556 30
1552 2561 90
4187 3942 99
565 722 53
594 3807 56
4080 4230 68
1201 1720 43
2906 5064 20
4726 2515 35
2559 4388 95
3840 1302 38
2571 1633 74
3758 4992 32
172 2592 15
4310 3019 51
2013 3441 76
225 1644 41
1758 926 47
1180 284 99
2379 2062 25
1480 4055 17
3899 2671 19
1648 724 64
594 4784 49
2590 373 22
3539 3903 87
4806 3235 30
2882 1516 47
3405 3134 10
605 2662 43
4962 5161 39
1655 598 55
3422 4136 20
4167 1905 29
2043 2359 18
3855 5082 15
2276 766 68
4052 4148 48
2582 3165 61
1246 1215 37
2606 1585 99
3942 3607 54
2308 230 23
517 384 37
3599 1940 70
3172 2562 12
5187 2919 10
5001 5263 84
2100 2702 16
5182 2575 29
1717 1216 59
4935 4079 50
2826 2832 55
2643 1042 40
4872 4386 16
45 1141 17
4369 4621 96
4572 4623 11
5131 2808 80
5323 5379 23
553 2129 27
3082 2848 51
1328 5385 65
1968 2410 16
2431 2098 92
5459 4394 51
2444 1761 98
249 4995 24
2493 4235 42
467 100 88
431 152 11
2443 5201 65
2803 2255 32
277 1834 57
2025 5458 88
937 958 23
430 4514 92
3257 652 92
5251 4174 94
2025 2391 86
4604 171 90
728 3734 87
4350 3555 38
3432 4718 68
2624 3981 75
3148 420 39
1939 141 41
3142 435 26
1920 732 83
2899 461 23
3823 2255 67
2292 471 99
561 3700 66
1595 4145 28
1169 985 47
1969 1766 27
2308 1165 47
479 2824 80
1995 3089 23
3004 3975 63
3511 1971 84
24 5264 97
954 437 92
3084 1338 33
195 3514 76
2104 58 66
2635 4359 65
1762 2454 35
5381 4054 25
3704 3290 83
3827 2698 99
1447 4166 52
4436 591 15
2042 2385 43
370 3442 75
1498 3942 17
3206 4891 52
1584 1601 71
332 1409 32
1097 423 51
1031 78 28
3300 373 49
589 2644 79
1097 3875 80
1375 3124 16
4954 3027 64
2336 549 20
1000 5190 94
775 4966 26
2169 2567 81
2963 3121 56
4967 1443 48
1296 5346 73
3727 4756 32
977 578 17
2380 375 50
2136 5053 41
3898 290 57
3364 4368 21
2173 70 53
3506 1884 84
2347 5127 28
591 3689 30
4113 1175 94
3193 4360 80
1870 4699 55
3149 920 86
3784 5461 33
5241 5382 84
3437 4965 14
2737 4874 54
3554 3948 59
2273 814 48
1915 1251 65
3425 3379 96
1781 2021 85
3313 2523 15
3125 4834 28
2968 2584 80
3136 1511 88
3269 3529 12
1003 3715 23
4000 463 91
1956 3571 14
35 2053 39
3653 4590 92
4466 1449 70
921 963 83
5103 2789 64
1160 4862 19
19 633 74
4486 4520 29
1104 2208 56
1984 2416 36
1267 5013 94
4818 1350 20
870 703 55
2177 3505 11
620 3617 43
3327 853 49
3411 5371 73
1934 3627 56
4764 851 23
1886 2078 58
2444 360 67
1252 3444 41
3208 1625 53
1477 375 70
2690 2359 77
4471 1179 60
4631 2559 21
36 5284 42
1113 1985 11
194 2264 94
751 2518 47
1983 4051 88
1612 4454 82
804 568 84
311 376 76
2846 4379 39
3235 5085 31
3950 3626 68
1617 2030 28
2152 313 75
3227 2542 82
1187 1776 86
3099 3450 64
3285 304 18
1240 259 47
2719 1197 41
2826 4345 77
4618 3492 40
4306 324 45
5440 3952 13
3946 1865 64
5255 5370 38
1057 1801 12
746 1506 38
4158 1713 50
4612 1526 51
1358 4786 42
2253 3898 53
791 1767 17
2178 5050 65
320 2395 39
4617 867 16
2939 1651 13
2117 1983 36
4296 690 92
1435 302 17
4317 4377 68
4103 1114 78
209 2322 25
4600 2498 89
5372 2396 74
1583 2997 92
4752 2130 23
4958 4516 48
4931 3974 87
4008 2320 44
171 2110 70
1683 1901 85
419 77 19
4086 2652 28
4945 526 16
302 1103 65
5176 280 49
3114 4219 87
5471 1885 55
4858 3115 80
5117 3111 78
4798 3614 61
3090 58 74
5313 2971 13
1973 3354 25
4869 3780 19
1302 226 33
430 415 72
4097 4272 38
3233 3219 47
3921 4182 33
1491 590 57
2336 3704 27
3200 5212 58
3733 911 43
4850 4546 22
2256 4782 65
5416 3193 69
4905 5048 84
4735 2760 88
5031 2723 70
886 2723 49
2267 3708 48
1227 1452 39
1780 1255 86
942 3162 81
1740 1670 70
3876 1413 95
1760 4267 10
2996 2014 52
160 207 31
1184 4010 83
1091 3944 87
2561 3979 91
1192 3097 83
513 185 78
5390 4676 10
120 2622 90
4790 2626 57
3483 4007 42
476 1787 16
736 1546 91
1445 316 77
1722 1522 11
1244 4931 26
3572 382 88
4170 2561 11
2535 5031 37
1000 4560 43
5022 1407 19
5123 3020 48
3057 3000 70
4450 126 46
2794 4548 43
1411 3018 100
3185 4197 78
2809 3062 59
3775 1530 44
1183 1046 55
3630 2286 14
4959 144 45
2863 4734 25
4768 908 74
5448 2171 34
1196 4927 12
310 1145 90
2254 4829 33
4344 4881 49
860 1395 96
2601 101 92
1533 3752 92
5341 4377 63
937 2592 22
1966 706 89
1951 2482 43
5371 694 44
237 4964 11
145 2108 10
4269 4148 77
4996 4587 31
3296 846 94
5438 803 41
251 2202 19
4769 1391 90
1042 1699 45
210 4911 26
3008 2291 14
4274 2071 31
108 4675 67
4404 3768 32
3495 652 98
153 2565 14
5392 1233 61
713 1175 52
669 31 52
2493 3450 87
4051 4248 20
332 1988 64
2783 912 11
2355 1662 17
924 4401 86
931 2900 16
4391 3680 99
1664 2865 50
1219 3273 70
3382 5205 58
1115 2594 68
5410 2007 51
1679 2856 12
3906 4304 21
2938 3059 92
2037 812 46
3061 2485 50
2324 3203 74
2444 2318 48
825 106 41
5201 5022 67
25 4545 31
4973 4068 19
3353 2235 85
4939 1180 79
5146 1744 42
1630 1394 81
1903 584 21
4721 3899 79
1548 3654 89
3665 1013 48
3468 3620 85
500 3743 72
1805 2696 43
4663 3584 12
4957 445 21
3210 2699 26
2642 3143 43
1487 1013 51
399 3689 66
3878 1764 54
5284 193 22
1237 3610 62
3739 2129 59
5022 4475 25
1619 824 85
2700 1162 52
965 3493 46
5218 2064 53
4939 1242 18
850 3284 19
3463 68 98
5212 4474 91
4235 918 60
1159 3433 12
2612 654 82
2162 4428 82
2364 4862 88
5250 278 43
703 656 75
3933 90 58
1318 2822 37
5208 2105 56
1825 2931 66
2220 609 68
997 2273 13
82 2520 86
4962 1130 62
1377 2157 78
4258 2587 66
978 1556 32
2840 4158 88
5423 1532 96
2726 1152 68
1033 3972 13
3443 5056 10
4886 4841 41
5360 1040 71
1280 3430 10
2274 3634 53
99 1932 16
48 3940 48
553 5304 80
2966 1786 40
1072 4164 27
4820 4360 18
3626 5293 60
1741 4333 98
3004 3775 61
4103 30 88
3502 3490 29
306 4732 83
4367 985 73
1121 1940 56
5168 3672 83
1672 2373 65
4470 4105 68
1249 682 72
3308 1635 47
2222 2208 97
5119 4738 29
3135 652 47
4940 3432 100
2885 1197 52
1561 3038 66
325 2543 47
1491 1102 58
85 3359 96
2258 1533 27
4421 5395 45
4178 4211 50
4502 4336 55
1237 179 14
3054 3836 95
2702 3622 47
3091 4712 73
4135 2024 91
4480 4982 75
5394 5084 70
5265 2066 34
4517 4930 46
1414 2763 55
4670 4292 42
950 4102 31
933 4902 66
3947 3659 58
435 1181 85
5069 5269 71
4975 2179 40
4428 4993 95
2785 2255 61
942 605 84
4863 536 52
181 4757 10
1176 3838 87
131 4881 84
961 2868 60
495 1610 26
1744 4354 88
3725 4043 22
496 2244 91
4382 2205 16
4989 860 40
4366 2809 29
403 1011 76
785 4608 19
3835 1227 34
2569 777 56
3998 4018 98
4507 3705 62
282 5348 84
3468 347 48
1802 3231 82
3878 867 48
3662 3911 90
4278 42 90
1753 1099 14
3246 5160 13
5053 757 81
635 3359 78
690 5052 65
3859 3808 85
3886 2055 10
3149 2778 95
2780 4377 39
432 1746 98
1715 4002 75
3709 5222 17
4961 4396 79
4656 3245 39
123 3950 66
2376 1984 86
3882 3210 63
1256 1195 15
3038 717 27
4310 1451 73
2458 4503 93
3367 4106 19
4686 17 27
3524 2139 13
2577 3950 37
1937 2191 50
3487 1390 44
2281 5027 52
2630 4997 12
4179 128 18
4666 118 53
4222 38 42
4457 2517 25
568 422 43
1644 1323 54
1343 767 64
2395 3199 62
2402 4260 62
2734 3191 26
4887 2166 96
4980 1330 72
4508 864 38
3512 3039 33
3617 648 77
1240 3506 98
1459 1556 26
1648 1469 30
2641 537 20
3453 2811 10
4493 3512 44
2513 3284 42
1529 32 49
2053 4204 43
1465 5111 91
2594 4293 55
4112 151 22
1628 1735 10
334 2259 28
508 5384 58
2006 2534 98
4598 2365 40
1304 1088 76
1567 5151 81
3803 4564 75
4303 4943 52
4212 4577 89
3386 4716 65
1573 881 23
2535 5048 83
4932 4554 42
4445 3498 58
4984 971 37
3457 5007 81
3461 4954 50
1157 897 39
3897 4595 98
192 5072 100
3717 2683 71
3307 4538 94
1044 1715 63
933 2435 91
3450 96 61
2385 410 50
901 3350 58
4721 2332 65
2422 515 76
1746 5460 44
1658 5052 86
5466 3658 90
2718 5218 76
974 4030 45
3197 1633 27
2101 1653 89
4897 1021 34
5303 3885 19
1527 2129 100
2824 5383 16
2029 630 90
3875 3364 41
2489 3570 63
1905 2675 94
2917 4460 12
2391 5006 63
61 854 58
3968 2939 64
87 4028 68
4084 3925 21
1362 4099 11
277 3316 25
1105 2398 97
2248 851 42
5022 2569 78
3678 1517 41
1659 5120 39
3355 3694 95
3972 1768 73
3321 2933 16
1927 5386 86
1405 3784 70
4781 516 28
1865 771 48
1389 1463 12
1521 4027 76
2347 3694 67
4927 2680 21
2427 3764 90
4448 4267 91
3552 4344 77
4432 1447 10
2897 4000 16
1701 4158 20
3142 925 81
3318 861 85
4466 3239 36
4536 46 45
3121 2514 44
13 3907 80
734 3747 49
1729 1190 81
1496 3317 25
4403 4041 33
2564 4920 83
835 3315 39
1049 4760 13
2948 4518 42
2908 148 47
2891 2329 55
5251 2834 11
1561 611 72
1851 3400 94
2044 3022 48
1109 3435 86
1860 3262 83
4871 3759 39
1632 5420 34
3819 3467 79
2001 1266 88
530 2657 51
149 3527 90
66 1670 73
5347 3452 93
3147 27 80
570 2534 29
2554 2541 92
1169 1537 68
2007 2871 84
1820 4854 13
1921 4220 25
3492 2323 70
3526 5066 95
4233 897 47
1943 2596 46
887 5275 64
2825 4871 66
1785 518 50
2547 348 42
2483 2746 54
2058 950 12
1852 170 35
3021 2833 40
4142 4688 30
1724 2969 64
3148 1107 49
5214 335 98
2950 3782 45
4216 5349 91
2456 5468 51
5195 3027 53
5126 271 74
4593 4160 45
1522 5452 36
3048 87 94
3453 2898 15
2406 2276 17
2174 3625 31
2975 1792 12
894 2187 63
4447 4056 36
5376 2258 72
951 1008 61
5153 791 33
763 2478 69
1160 4754 52
2138 2379 79
3453 3223 19
2957 4805 93
324 2872 52
3896 849 35
295 3861 23
1679 2084 42
1867 5034 53
1104 1311 36
4403 1482 45
950 2201 57
2410 225 10
2037 2730 32
333 2056 10
908 3381 17
3733 1464 56
1525 1602 10
4891 2812 44
1285 2861 29
2387 5382 21
1661 390 21
3002 180 80
4656 2871 48
1646 1907 47
5026 1777 100
4186 1831 13
1399 1957 78
1214 3054 81
641 1993 83
32 1851 83
5257 4490 97
1114 1284 92
5134 2696 53
1312 3304 18
4316 1360 75
1826 5172 17
562 1458 36
1756 3362 61
600 3162 43
3316 1608 44
246 2042 43
4292 3996 77
4662 868 36
433 2118 14
421 3641 95
947 2288 31
1776 1884 11
274 2155 49
4150 1236 30
1355 164 48
2553 5060 55
3349 4609 98
3632 1104 19
2069 2480 58
2996 5166 62
742 2447 97
1262 4125 75
5120 1698 46
234 2332 13
3892 86 51
2634 1892 87
5437 2954 65
445 4218 71
3098 3940 44
1791 2935 97
1020 4474 49
1793 4418 85
3566 3816 27
79 4924 34
4941 3694 87
2610 3187 55
2514 2350 27
2572 4925 30
4734 4275 19
4839 277 69
1277 684 51
4122 1175 65
3349 810 78
1390 949 100
1068 5378 92
4442 4933 65
4146 4980 14
2137 1345 45
1522 489 71
2538 4016 37
5004 1296 11
4350 679 11
1538 489 49
2737 2878 52
1069 5223 91
3428 4343 42
2877 5334 53
4191 3421 21
4403 1842 49
4705 2619 87
2245 1341 10
1977 2770 78
237 2234 15
5192 152 93
2244 4063 95
3386 5258 44
3544 5413 89
2759 2763 59
2850 2664 84
2910 804 85
3421 1977 76
566 1098 35
4746 3649 43
33 5281 55
2287 1090 55
2739 765 22
1407 3305 66
1389 337 10
717 5238 56
1971 1247 66
1000 554 16
3673 2308 96
1049 2465 68
5114 3614 39
1405 2959 17
3669 1170 48
3676 1955 49
1139 3828 54
5301 4442 100
5163 2063 89
4992 5085 32
4834 3337 18
3926 1627 85
4231 3222 60
4145 563 81
2430 4398 74
993 165 51
1728 3737 57
471 2323 67
1956 4255 39
735 419 38
1335 939 34
4123 1500 58
4559 5405 82
2900 2415 41
3205 2066 82
253 2659 66
651 271 50
5126 587 51
4282 4309 91
791 4472 72
2864 380 100
4498 1488 48
3208 4326 12
922 2926 86
1172 4942 55
1396 2506 80
3783 3091 87
1834 2592 84
5440 4429 83
1433 5198 90
4026 55 21
2975 3255 84
3692 190 32
1066 5356 48
4279 3424 65
1057 4241 99
2895 0 93
3807 134 24
1356 3845 71
616 548 37
4566 3594 19
1862 4490 79
2533 1038 100
630 3240 77
3965 268 34
983 932 26
1490 2728 88
2619 986 53
835 2311 81
5246 5300 46
3406 2892 64
2253 4677 17
5023 4434 84
4044 2855 98
4067 1426 16
1225 677 63
3640 3411 24
2338 4521 22
4402 3743 18
1009 588 58
3962 2400 61
4739 574 49
824 1553 64
2923 1262 52
5292 2040 73
829 4057 25
5043 331 48
2587 3648 71
3430 2570 55
1372 4110 98
746 3017 30
3429 3267 89
3335 4745 44
1235 3818 20
914 4522 18
2282 1479 85
397 3089 90
4368 3691 75
949 3325 34
3269 2291 37
4485 5282 19
3747 2577 22
3349 4050 30
3274 4458 16
2858 4606 14
4754 2267 54
4151 1605 50
1315 3664 42
4146 2506 43
421 1365 18
1892 3569 58
1200 1298 31
1643 1319 75
849 4023 42
401 4504 99
3073 1548 63
1996 819 36
3691 3153 43
5063 3283 57
1914 109 41
4399 2120 26
1715 2985 74
1254 4290 53
1963 381 65
4773 855 55
1954 1967 88
4555 5081 63
4050 1319 13
1706 841 49
5273 2703 47
3448 4621 57
535 2746 67
926 1243 94
3504 5230 59
5275 2243 25
1642 5330 31
669 4541 62
1120 3352 83
4911 4603 83
68 700 16
558 4942 36
694 2109 65
1447 4582 19
1856 4927 56
1279 3327 43
1277 4675 94
594 3593 37
29 4382 87
3226 4458 14
4495 2045 57
2369 2196 62
4955 4675 71
3128 2965 89
3071 1571 54
2956 140 10
3670 2942 41
3482 2960 21
2926 3972 24
3675 921 74
970 1011 15
5216 3088 83
1104 5470 33
3049 214 47
684 4602 89
2619 1519 36
3810 4854 22
2443 3771 50
4522 553 48
645 4009 23
2803 5194 45
631 4368 79
3944 2293 69
2328 636 23
148 1354 42
872 3416 43
95 2462 52
707 5412 98
3333 271 41
2375 3647 61
1148 4464 28
320 4665 37
3206 4172 13
3915 5322 36
1369 3502 71
1738 2447 34
479 4680 17
3945 930 84
162 594 94
5332 5329 97
3700 3126 52
16 1317 59
4431 4312 94
3932 5346 32
1744 1859 37
4916 2898 24
2530 4833 48
3366 569 96
3509 5429 45
4179 5014 59
966 4987 57
813 1439 11
1990 1757 22
1436 1343 16
1355 2566 49
3292 4047 84
4793 811 96
147 4676 19
2345 1979 75
162 5170 36
2788 4871 92
2458 3096 68
2136 4878 80
555 4317 18
4907 3336 50
4115 3346 40
304 602 84
3443 5008 52
3148 261 77
3944 2593 80
5227 2116 10
4830 821 36
15 4880 77
5332 1817 15
4540 3840 74
3402 475 47
5397 4874 68
67 3677 89
5235 4345 77
621 2613 67
4996 3832 88
1821 4049 50
4984 4373 20
3714 5179 85
4020 3933 63
1641 3973 96
265 2941 23
2438 2979 87
66 170 37
116 3783 43
1817 2210 37
4361 676 13
311 2712 13
2361 1454 62
2189 2627 58
5384 4113 86
5019 5373 53
4387 3078 44
637 5364 77
4063 2358 78
675 4132 27
3158 4453 53
3661 1601 99
451 4249 23
1884 1310 94
2164 3762 70
5326 5209 49
4021 1686 59
1756 62 17
932 4564 65
2557 3311 12
4122 416 48
4140 3723 36
4182 806 31
3934 3298 85
1936 441 41
4955 438 35
3818 4286 35
4830 3364 39
386 501 24
1834 4947 76
5174 3580 42
5003 1920 50
4484 5304 96
3032 140 67
2543 1725 28
3673 2460 90
322 2353 29
1810 1592 23
4519 1028 81
3835 1671 78
2041 123 18
2913 370 99
5437 1898 27
899 3158 86
5361 5304 95
4279 1933 52
5212 2506 87
3296 302 11
4938 1553 82
1247 4493 69
5314 3283 13
3194 3438 78
1851 3061 14
8 3705 70
1417 3187 89
4788 3438 10
4802 4628 99
5015 1300 56
1547 3077 87
421 520 96
2844 3936 47
430 1043 52
1255 3359 62
2140 447 56
1694 4649 99
997 4560 16
2152 962 63
2839 5093 66
4164 3418 33
2475 4868 36
2381 4775 85
2535 4063 69
3662 4956 89
1472 763 38
2891 4555 100
107 1356 72
2931 590 75
4732 1449 90
184 735 72
3374 3404 64
3540 5255 69
1148 1570 60
2186 2454 44
1927 4612 16
5210 5009 37
1430 4943 69
1028 5235 38
2197 3813 89
644 4298 81
1954 4068 89
4505 791 26
828 2901 17
5057 2977 26
4394 3733 22
3601 2508 75
3047 3950 94
2083 4978 30
4280 2833 34
240 537 57
547 4426 44
1084 840 66
4579 4686 34
895 2411 82
700 2473 19
330 661 86
1918 107 87
716 4516 64
3455 1010 62
4340 1816 50
3814 925 83
4947 1419 79
5429 734 35
160 51 37
5293 1769 66
1510 728 50
1408 155 92
5221 4143 97
1616 1592 28
497 1538 66
669 5300 85
1315 2390 46
3769 1488 100
254 5263 14
2781 3670 42
2555 4307 66
1946 4870 59
448 3839 85
552 758 93
1217 1969 80
143 3577 51
5332 1886 70
1336 375 68
3220 4821 58
950 1218 94
4138 4492 54
1367 4880 82
1239 2562 14
5174 3791 33
1162 3155 88
3645 1010 30
4514 2577 58
497 1750 65
58 4044 94
816 3824 39
954 4499 44
2512 3790 62
4708 214 44
4001 2144 27
5127 1963 56
4146 1441 40
4701 892 85
2185 1574 84
459 4659 19
2137 2085 27
4841 2410 80
2374 344 79
4823 594 100
313 2834 86
4770 4181 40
2140 2789 18
3201 2624 51
1221 2293 83
5375 5420 46
2420 1399 41
1722 416 32
1247 2187 26
4410 1031 56
4019 1536 53
2468 2303 67
2116 3377 13
3315 4338 81
5215 954 89
1832 790 81
3131 799 60
857 2365 55
2588 2798 33
1517 4417 61
3969 5149 49
4623 1451 20
5062 2303 76
4939 994 57
633 2037 52
4660 5118 29
4276 1575 77
3047 4031 12
957 1968 50
3651 1156 40
3889 5159 69
3937 1563 45
4579 1764 60
4673 1192 83
5375 4038 66
4561 3036 87
5270 2226 94
830 448 90
1105 4375 36
1625 4962 17
187 246 67
4987 2134 52
5100 5061 34
3291 4520 19
4773 2590 20
434 381 26
450 4627 24
3698 1474 15
5374 2245 17
4252 4474 78
788 4229 33
1509 4410 40
3930 642 63
5428 3573 41
5355 1379 42
5151 3471 81
2465 1512 66
3587 1331 66
2948 5022 56
84 1556 75
2491 181 55
504 3820 70
3855 4307 27
4842 4992 71
521 3445 32
3702 469 44
5189 3383 51
2913 1629 87
4442 3065 98
4725 3325 76
2531 4892 88
1497 4759 93
622 2666 36
1783 401 15
1196 4791 45
3321 1179 53
2115 901 54
1265 1718 83
5452 4270 61
4177 198 18
468 665 44
2592 1049 61
1760 1379 64
4314 5158 28
2921 1992 21
237 3528 33
1401 4163 68
1647 2528 14
753 5119 14
1222 3274 30
2440 4054 81
5455 5209 29
851 91 30
420 1715 10
764 1771 65
4153 2649 77
2924 4033 64
3610 1498 80
1647 3015 57
3436 4465 34
4475 1985 78
4808 77 66
775 274 77
1441 1030 25
2047 2000 86
677 2923 43
128 2471 82
1326 3535 71
2090 359 77
4426 5145 16
4208 606 79
3456 1312 64
4247 932 86
3241 1654 35
3883 4735 54
3645 3410 62
1726 2308 73
50 1777 68
653 685 66
2269 5410 79
5103 2499 23
2053 2402 45
3711 244 16
2476 158 77
4773 5081 89
705 3901 78
4089 1049 84
3270 1031 18
4089 3738 74
624 330 86
2254 741 13
3318 600 57
2080 881 90
693 505 97
1646 1589 63
2452 5037 63
502 193 13
4188 2267 96
3886 2538 59
1282 2696 50
1665 3456 63
5188 2484 42
458 3984 20
4171 822 27
2042 1849 70
4659 2356 36
82 1397 32
2143 1110 28
5357 3590 89
4318 12 50
939 176 83
4438 3554 31
3242 1232 96
1659 1893 87
4789 5139 16
1767 1806 85
955 844 12
2766 2644 49
1939 855 15
1261 5302 67
670 2778 35
2132 3793 13
3217 43 21
3038 1182 86
916 2180 59
3288 558 32
4070 4992 72
4369 4473 61
959 1337 55
56 3021 59
448 828 12
4787 3027 33
2610 3372 85
5210 2002 18
5415 2594 79
620 2034 89
3850 4468 36
4345 5311 23
3202 4034 69
988 3808 25
4386 4298 23
3790 3366 36
3839 1386 40
629 3500 78
3116 1986 18
837 576 95
1975 1552 52
1756 2583 97
2243 4815 80
4549 740 63
1494 3843 95
2889 819 64
1924 31 20
2147 1051 98
961 1621 75
1759 4238 11
2277 4919 100
4812 4696 58
2905 592 99
2449 2997 30
2789 5459 91
4181 2445 51
2436 5274 61
5435 988 88
1739 1414 12
1225 928 10
3859 2510 68
3137 3554 43
2578 369 89
343 2563 18
2726 929 73
2768 2234 15
1257 683 18
1213 3882 87
52 5078 27
4886 2669 18
1665 1205 73
637 1503 19
752 5031 72
903 5091 31
2215 1759 54
1315 1722 48
1486 2839 81
3030 2025 59
4442 5059 76
3671 2772 78
3788 545 53
2325 533 94
2493 3301 63
3182 4994 39
4084 3551 86
434 2125 46
1269 2029 60
1328 710 89
3237 448 67
5399 1294 89
1078 3754 92
2125 4169 43
3130 5394 98
4166 2353 50
3680 1324 72
3625 3500 72
11 4591 99
3926 3793 78
463 1893 55
3656 1797 82
2488 2032 46
406 1168 39
310 1860 78
5152 4815 43
4972 4243 12
3844 5343 21
117 3383 19
1443 5281 32
423 3921 66
4337 2148 69
3241 2211 49
3790 2473 95
3293 585 97
3643 3711 10
3498 3850 16
5017 4025 67
4770 3371 70
3600 4718 27
3802 2338 91
579 4230 53
2287 4970 84
4707 343 43
4097 2996 14
1601 4921 54
1095 4841 19
5334 2732 91
1501 5345 52
3051 1351 34
731 3496 30
5292 1360 81
4222 1748 82
2315 2915 19
1301 244 44
4464 193 69
3095 653 20
171 186 26
4664 369 73
3694 1175 25
4408 211 69
1474 3654 56
1228 3052 78
3541 401 20
2208 5179 62
3043 548 56
4800 714 90
943 1911 15
2391 2595 71
330 3528 41
2993 5102 41
4165 610 51
2145 2349 80
1900 4824 53
2383 1395 17
91 3585 53
5110 738 49
930 5470 80
2919 2447 27
3117 4605 64
2263 1803 21
1689 318 88
4420 4168 38
3756 3973 54
4451 1269 55
1282 1711 70
983 2590 67
3392 2316 74
4271 2186 83
2329 1326 53
5119 4412 21
4803 5430 82
2747 4464 26
956 2389 16
4970 5061 53
62 1243 20
3273 3528 69
4850 4818 28
3681 1599 85
3627 4907 83
2384 43 92
3453 1372 11
2315 2662 40
4336 1016 77
278 3531 22
998 4104 42
5072 184 26
3259 2041 58
291 1325 49
3915 2625 50
3238 1344 56
2760 402 64
1818 680 15
2960 1022 97
3441 3818 43
2452 2106 35
5002 1412 73
1160 725 89
3980 1995 95
5123 1310 85
4971 4344 33
4934 437 35
2733 2321 70
5149 2346 98
844 1801 37
972 3865 42
909 1622 47
521 3502 55
560 5027 25
887 3711 48
1741 3333 56
877 1797 96
2880 703 93
77 832 69
2237 206 66
1546 505 96
1060 2617 41
3757 2466 46
94 628 16
191 1899 33
5459 5427 53
4442 5201 46
3536 377 74
4386 471 93
1809 4914 24
5227 5460 95
3503 1227 22
4574 380 43
4256 124 80
1561 4578 53
5342 661 65
2676 3874 85
150 2388 24
2574 349 30
1870 4108 44
2842 1661 64
3030 2234 80
1551 1407 84
641 2461 88
1905 5302 19
5186 171 31
4078 856 35
2191 4055 87
4911 530 23
2485 1146 91
4183 769 51
2706 994 89
2961 1363 80
4759 3665 90
2333 690 63
4774 1125 26
931 2178 20
5330 4943 43
3528 2488 91
3121 3988 15
3799 4246 27
5289 1478 58
870 2090 52
4360 3878 98
1095 3863 52
2799 569 21
4755 1186 45
2202 3226 16
3184 5284 53
2845 5176 96
2509 2288 80
3311 2985 40
3316 3004 94
4388 5376 48
1953 4594 58
5393 3828 29
691 1600 90
1162 3259 35
1748 2887 37
3764 691 24
3662 5310 43
506 1016 46
1975 906 75
2616 3583 36
5217 1104 80
1948 1808 65
4627 1732 26
4371 2180 98
451 1131 85
5163 2462 56
2708 130 20
596 15 12
3716 5437 46
1517 2369 80
317 717 19
2122 2264 74
2475 759 62
1540 4664 50
48 5056 72
3308 1173 55
3538 5265 98
3147 4545 66
2720 2812 95
923 4995 90
1288 3539 83
1092 4567 45
2397 4030 71
1002 1849 71
2410 3127 10
341 4719 41
2948 3162 40
678 1683 78
5030 1940 45
411 5334 81
3017 4328 62
4281 927 16
3221 4159 58
94 2962 72
3497 292 11
2705 3920 56
5435 5139 96
3020 4539 56
5080 4476 80
1894 5093 54
4005 215 31
1290 189 99
268 810 13
993 3357 35
3782 2663 19
2796 3892 48
4045 265 33
1536 4738 81
1495 2292 71
2796 651 89
3362 1099 43
1630 4247 83
1874 3181 78
1473 1210 31
608 2864 48
1176 647 65
5331 1255 28
1167 2850 87
505 859 79
851 563 99
3987 1505 71
3396 272 83
168 2279 53
802 3104 55
2377 4649 56
3562 4339 92
4861 2782 94
3788 4707 44
2022 3555 24
4256 1314 37
3409 369 89
3219 4114 47
2548 5073 13
4043 3863 84
1583 4203 30
2775 3825 68
5076 4468 54
2161 4873 26
4997 2984 76
3777 829 27
5242 3545 11
878 4978 30
1102 1835 83
4677 1184 41
5422 1207 39
3239 549 50
3462 4244 50
3239 5210 82
3657 3613 83
5315 4114 82
5329 4824 70
3623 2769 24
2961 1681 67
4161 5248 40
1264 82 45
5119 285 54
2809 4636 74
5420 2735 73
3722 5150 27
5201 5146 13
513 842 97
2931 4752 58
3418 494 53
2215 1138 65
5167 950 62
1725 5259 41
1411 5118 97
410 3311 49
529 2090 16
4929 2900 95
1269 4522 94
2045 4643 51
4695 2348 17
3163 3505 69
3362 3750 50
3995 4891 54
4024 4157 84
4161 1140 97
3306 2485 88
3331 3374 51
3240 1924 15
1149 1689 64
935 1787 74
3884 4998 59
1851 3632 49
3998 2820 83
2335 3285 98
1692 3826 68
3043 3267 19
879 4449 20
5388 3569 58
4587 2160 31
1961 786 85
2993 2049 83
4081 735 39
3533 5282 60
4978 1874 63
2059 4148 51
4931 5261 81
3925 3987 70
1048 757 71
3302 3824 37
1433 1082 71
1822 1838 49
1387 4122 81
1727 4390 84
3513 2826 10
4620 4356 14
4972 331 81
1021 4132 69
2281 4096 22
599 1216 26
4621 2344 81
5131 1908 66
2968 5170 97
4784 369 48
2671 1194 22
1511 4760 85
2447 1277 50
4 3067 29
3168 2154 96
4640 3079 67
2911 4065 24
1510 4930 71
600 4329 33
741 3279 94
1999 1519 61
3218 4988 90
3832 3441 83
3842 2352 15
330 3558 77
2133 3579 57
999 4577 51
142 2234 25
3596 2501 96
5360 3644 50
49 622 22
2823 4780 12
3216 514 53
2116 3351 74
2725 557 79
2726 2545 77
1215 3360 70
560 843 20
1491 4565 29
4182 1568 65
3550 5127 64
5022 2060 91
3176 3914 35
3336 1655 20
1308 1334 72
5380 2996 87
2958 1022 13
4842 5276 21
2303 5019 42
4111 12 91
1195 3321 34
4317 4184 75
4851 842 97
226 3230 42
3101 3871 68
5133 4186 59
5366 2771 37
388 2145 97
2936 4889 68
1571 2445 38
4683 1942 56
321 3240 87
1414 884 29
446 3614 54
1281 4538 89
496 5071 100
5185 4302 14
4328 1270 16
3751 1314 11
2266 4266 29
1270 2232 97
5388 4983 57
1271 4808 18
3010 4820 90
5089 2142 21
4365 2205 80
5444 43 85
1224 2234 52
2024 1194 26
185 5243 21
1385 299 14
3920 970 62
3806 1454 89
3684 4888 46
3319 1278 61
585 2627 88
926 3305 50
1881 2573 57
707 4450 49
2352 4962 62
329 4618 38
4243 4070 29
5362 3770 65
1755 4206 11
3173 5049 91
3505 2170 84
5130 1885 55
1499 5416 87
3227 4699 79
5359 3471 23
4254 3954 14
737 859 99
659 572 45
409 2774 77
3677 4384 79
9 3525 71
375 4272 82
4290 2343 33
865 5097 78
1756 5383 50
523 2234 35
4059 1825 72
5367 4605 53
4632 3607 62
845 1078 56
2054 1194 38
1208 5172 66
2131 2311 23
2710 4506 24
3026 1479 11
299 4318 66
2213 3641 86
4372 3104 39
3368 2911 26
1180 4316 71
972 2250 67
4906 2023 96
3340 4090 10
3173 1209 64
4977 2016 71
5198 1216 75
2727 280 84
1760 3675 14
3440 5273 99
