2461 5200
1042 1647 73
1235 1071 89
1426 1312 15
1419 1388 18
461 683 70
2431 1035 18
2173 1264 100
1194 853 41
1215 1049 100
653 2072 11
1600 1485 68
1927 533 17
647 1072 42
2424 1772 80
513 1717 16
1528 515 64
2151 1546 56
2359 889 39
179 2010 54
2119 1251 14
857 2404 16
1231 1151 64
809 197 85
31 1253 15
28 525 59
1331 150 24
2379 1781 81
314 1462 41
2225 1639 80
1878 229 90
1045 2368 83
1258 1853 79
928 123 41
1329 410 25
759 2298 100
466 220 92
2014 1070 90
561 1429 89
2380 1129 70
276 1849 99
1617 924 53
1300 908 65
970 2350 71
1829 938 66
1303 1876 23
1165 1674 66
2331 2325 61
387 310 18
292 213 66
1015 245 94
540 216 15
836 1671 25
740 2017 91
2188 1087 10
656 1424 28
2196 1148 49
2448 1604 72
1815 727 15
2076 1540 96
1743 1401 60
2198 1248 19
1834 1372 39
1747 1763 62
1163 113 14
1183 272 23
1952 2377 80
1302 714 99
2196 935 51
2056 1903 41
2360 2147 75
310 1327 49
2361 547 71
1284 1798 49
836 1589 28
1680 1143 58
277 348 79
821 460 87
1825 2224 93
1225 1766 47
1848 1212 14
1522 2375 92
1496 1834 54
183 1994 67
1545 1246 31
1684 900 46
1757 2115 82
1585 648 23
1668 773 47
736 1375 23
535 2082 90
1935 2130 99
2356 1390 68
413 845 63
325 1344 20
1600 2217 10
1834 102 56
354 1510 46
1890 1929 14
2453 446 62
480 1659 36
2149 911 19
2341 386 31
750 853 73
984 466 45
1403 496 45
877 1171 28
377 2124 30
968 782 28
2285 117 79
1742 422 64
1777 2454 40
2335 1870 56
222 2291 17
1885 1121 36
1436 1099 49
615 2014 28
1544 1940 96
537 1567 14
742 765 30
1557 2436 42
353 605 41
2157 264 43
2385 271 33
1154 1298 60
1690 9 53
2198 1691 48
2298 1687 35
2090 173 31
1165 1969 63
969 1069 51
1086 614 35
2222 2123 39
797 1588 41
604 198 12
547 1588 49
971 350 84
1590 2006 93
11 2018 100
557 1216 74
1981 457 37
369 2018 65
1518 1234 16
2236 1927 90
422 750 19
656 1587 35
1552 2055 100
1803 681 29
1824 1519 31
1064 2013 66
961 877 58
1587 1446 94
2434 1308 69
897 1446 54
172 1490 52
882 2124 46
121 1108 78
651 695 40
109 31 12
445 971 77
647 1319 67
1004 1274 52
2078 2068 96
2321 1961 20
2458 840 68
778 71 28
2206 847 29
648 906 24
1808 894 90
2282 67 76
1448 670 93
1961 42 18
2231 2064 69
2413 1446 98
734 1289 28
2269 227 83
1964 654 14
2193 524 71
1290 789 64
181 30 82
1383 432 55
970 2373 25
1276 329 46
1235 1863 32
2021 1712 63
836 1813 80
2043 613 54
1658 2332 72
475 1661 38
1404 2187 78
1797 1109 28
703 1134 88
1918 1219 91
171 2403 28
1063 1746 32
1028 1377 99
852 1557 92
424 1551 82
2333 2204 48
1397 1083 25
580 809 71
573 1598 75
275 1557 67
1024 2281 89
1678 782 16
814 2455 78
1824 2344 86
20 45 48
1913 1665 97
774 1625 90
270 1133 81
2401 2030 44
1976 1959 43
450 791 90
2371 953 37
831 2176 60
994 2249 18
916 587 43
2191 552 18
544 185 65
1304 2007 71
1248 331 41
184 1039 37
1438 1400 52
684 1220 74
942 1062 29
1390 2392 33
1775 1627 80
554 888 79
2162 807 40
810 2376 12
2184 2179 55
1158 629 69
723 1448 58
620 1732 56
1021 2194 58
430 2248 31
1747 2182 81
905 1619 58
1844 689 45
328 2216 86
2048 628 32
528 2194 33
2095 1487 50
386 989 98
100 2340 12
584 47 77
893 830 17
1842 526 55
1047 2401 62
626 2368 66
635 1574 52
907 2032 34
353 2418 14
1473 2041 52
1481 1949 92
1379 1226 53
333 1856 98
1144 530 94
1994 790 45
367 2172 46
713 215 56
352 1969 87
2214 2365 25
1478 712 84
392 352 89
49 1358 23
772 331 44
1726 1331 27
489 1932 92
1613 441 36
1039 2407 28
1120 403 17
2296 1744 67
889 1368 45
195 513 21
1948 1811 90
139 132 81
926 1076 87
1119 1099 75
1051 401 16
1565 1257 71
286 519 45
208 1563 64
38 1411 74
835 1672 23
1399 1846 37
704 351 13
630 2333 72
1894 102 24
731 2178 93
2261 977 78
1837 171 59
1344 105 44
1109 2277 19
425 1484 21
982 236 39
2369 638 19
1487 1046 95
1278 1688 31
1585 1935 13
1882 1905 93
1899 1149 41
1877 2072 98
1251 410 12
1568 631 44
2003 2262 29
1246 1385 20
95 2217 34
1670 424 35
473 1107 54
1912 1972 30
566 505 47
1757 1974 19
2212 1288 50
937 62 60
958 1093 91
177 1570 15
1277 2070 43
408 585 35
402 1925 88
1787 1066 49
1180 904 83
815 550 71
10 155 32
560 859 31
2034 1589 57
1370 1367 73
1983 2412 25
1052 1329 94
2417 1660 69
123 2310 71
2228 176 33
1124 1688 19
28 996 44
1093 1884 62
931 532 29
980 1794 53
1878 308 88
450 40 27
513 411 64
627 173 100
971 1404 58
1494 679 36
1391 334 60
1019 779 27
802 1523 22
1368 2123 67
802 630 59
187 129 75
1175 2424 11
1305 914 87
1848 1588 62
1764 2080 36
2131 2064 84
1424 1057 11
920 439 70
992 2253 55
268 1045 25
1206 2210 64
384 86 83
391 528 92
2323 1740 57
1137 263 55
2322 1565 49
1956 975 42
1951 973 57
197 1846 76
96 585 52
308 1454 17
63 81 12
762 2393 85
1382 1492 69
785 1577 49
812 1255 47
1429 939 69
309 478 69
80 2114 11
2212 1173 41
637 1985 64
1493 1540 68
545 1232 44
2225 1947 67
1696 2225 40
2120 1085 69
1924 1762 18
1891 2168 89
419 620 55
614 27 10
1523 616 89
751 648 39
94 1546 93
2175 2156 88
1311 2191 92
1694 1118 86
2264 2276 70
2281 1091 47
1791 425 16
1966 1077 13
700 57 95
441 2382 88
413 1890 49
1117 1235 38
1173 783 55
1505 199 30
901 1490 63
966 1603 42
1895 2460 90
442 941 14
1979 637 81
1075 2147 20
1164 1648 93
538 192 77
1828 1805 58
1098 2388 41
1857 506 11
75 504 68
2364 241 91
186 789 52
216 912 20
942 2270 17
584 174 46
81 2379 32
2380 460 94
952 1422 53
1901 1916 14
1969 809 19
588 1256 99
309 2069 21
38 1551 77
1945 1776 61
827 1313 14
753 1391 17
1109 1090 90
990 131 64
197 1800 50
2064 1755 20
1969 1175 46
1461 1749 35
1844 1661 100
107 2195 93
521 690 10
1179 1388 89
697 141 49
628 1281 17
225 360 45
726 1452 78
484 1111 37
1167 1695 96
432 2153 30
818 89 91
682 1219 53
682 374 96
917 553 99
202 2330 96
1351 858 97
1744 268 10
1665 1802 93
1186 1230 19
1225 303 69
2167 2115 91
2044 783 74
543 224 35
405 549 54
2435 792 88
1965 1215 70
2226 2033 22
1706 170 14
893 2388 21
1265 396 56
1210 1147 43
2066 426 99
940 2337 91
2026 1047 52
1769 2400 90
917 1201 59
2011 1983 38
250 2324 72
1734 500 76
1217 1282 78
1046 1632 30
1508 512 96
1109 40 87
1095 1383 47
75 1051 40
237 1574 43
1835 1271 22
1542 776 40
795 490 10
1604 737 24
1200 2103 20
484 497 11
303 1149 41
1383 898 87
725 475 46
901 1874 51
1520 1095 52
1789 1529 80
1953 150 28
450 1843 51
912 977 31
178 481 28
128 1731 32
1332 2029 32
1966 2395 49
2427 1589 37
2151 1934 37
1527 1136 22
533 140 57
1344 325 73
1384 1763 69
723 1063 87
701 384 76
1915 835 11
384 1725 29
1884 58 55
665 278 73
984 1912 43
2076 1911 21
2360 1409 13
2241 2228 65
1039 113 64
2156 2297 66
815 172 36
2283 1426 47
2338 1514 23
1555 236 38
2100 2038 58
2407 343 91
1319 212 17
534 1099 88
1641 2281 33
1869 2245 31
1497 717 54
152 281 64
2042 2241 90
1766 2122 67
1660 839 54
889 895 95
2458 1235 46
708 545 86
1635 1631 87
1858 1800 31
2008 1878 85
1079 1662 41
884 1819 49
1650 279 46
1279 997 12
2246 352 76
1498 568 87
983 1665 71
125 1080 22
1069 437 24
1175 1078 79
1158 1718 49
1355 922 77
959 1178 41
2166 204 70
628 1392 14
1393 1336 49
1061 2237 21
238 2228 72
1010 1813 48
1108 1787 62
2310 642 95
381 123 25
690 1782 98
1287 1197 35
1561 560 53
1047 175 37
1835 2081 80
2181 1322 66
12 1533 56
1037 1409 21
99 1464 70
752 2000 61
838 2437 70
56 369 19
1567 1885 16
1665 1014 39
1568 233 14
1002 151 89
2409 1730 70
1490 362 65
1001 2213 16
2370 2445 92
1956 318 44
2183 2104 57
265 1022 17
692 228 45
2287 1422 31
1445 1862 52
1962 96 22
148 1704 66
2132 1969 33
2163 2321 86
732 2338 10
787 2408 24
919 186 12
2042 2299 95
1417 802 15
2456 35 74
1898 500 89
61 999 20
1079 2303 46
779 1887 74
789 1713 62
682 290 59
662 590 35
746 2121 62
2315 524 64
2336 184 18
1316 1436 85
980 386 82
424 48 17
298 312 75
152 98 82
2177 536 44
2318 1403 43
363 940 10
178 1819 37
827 2106 61
758 2137 91
2123 442 51
2421 97 28
730 1701 68
254 2043 97
1358 940 19
1282 2450 11
1526 642 41
1635 337 38
2458 1505 60
1734 118 80
1073 823 55
2294 2279 57
571 1721 28
597 2083 75
771 1946 15
37 1512 47
2327 2241 96
488 1277 32
1963 353 78
643 2248 68
42 1660 57
2269 7 33
1106 2148 28
2020 947 83
2169 2187 76
837 976 86
165 109 26
85 1374 18
1866 1444 14
1806 227 90
921 748 21
227 1120 29
1640 1962 41
433 1584 99
1100 2056 96
2042 807 36
1032 2408 80
780 1704 71
1522 1735 12
1442 1900 57
1974 1128 72
312 2275 14
762 2129 25
494 1783 93
2366 2271 12
835 824 81
952 540 24
504 915 57
186 38 81
1561 171 40
268 741 95
1763 578 100
560 2227 11
1025 671 16
1058 1799 75
1802 1277 97
493 176 89
1436 263 78
1329 909 37
680 1199 63
384 1246 66
2024 2022 79
1994 1088 86
759 1616 79
1374 1705 56
562 1614 45
1933 1811 44
1186 1935 68
2194 1355 43
1163 562 39
651 1320 23
649 2013 41
507 311 69
106 249 21
610 1952 16
936 1801 63
1025 1131 18
116 1945 37
593 164 22
0 824 40
697 2118 71
974 1088 56
728 1993 94
1920 193 97
2193 2077 52
2415 2080 55
2004 2025 37
1391 812 80
1849 1563 100
871 2116 98
1475 1343 15
1176 2288 43
2410 942 50
204 2453 65
152 468 60
980 2390 66
1061 1448 70
2089 1353 36
2180 97 76
947 936 40
2220 1397 91
161 718 63
86 2101 46
2250 1421 45
1465 1291 86
616 2163 58
758 631 97
2426 1145 87
2309 1524 98
1568 908 38
1940 868 91
1578 2164 50
439 810 59
2272 1692 47
1936 2076 93
237 1794 37
1057 116 94
1128 1336 25
2319 871 24
860 1538 75
1148 329 66
1599 840 88
1762 793 97
228 1243 84
1901 1477 85
60 450 26
1100 1329 15
2106 1668 98
1449 1668 47
727 916 97
1466 992 84
1185 1157 21
843 1912 78
1707 1922 20
2093 2207 20
709 1580 38
1421 285 65
2431 2142 80
783 1401 91
651 1638 17
445 1275 67
262 540 79
2265 1415 12
208 48 50
108 2339 32
1683 1844 47
1535 1312 96
1390 108 36
694 760 95
2272 928 42
912 1233 12
73 820 96
979 47 41
889 849 86
2414 888 70
1991 784 19
1849 1623 11
1161 137 69
1279 2131 44
1181 2349 12
1970 510 98
1644 1275 13
1157 1216 43
725 2166 12
2037 962 62
2390 1097 12
831 2138 44
810 511 45
354 2327 79
1582 1022 83
636 1172 24
1902 1911 90
1366 2230 30
1411 1009 78
564 1966 93
718 1262 67
1023 401 38
1517 768 72
17 279 75
1000 1494 61
2003 1968 78
1383 2096 12
2090 158 84
1589 1577 91
663 1398 96
1559 1210 16
559 652 43
1886 2133 90
2097 2040 65
515 1967 74
472 1261 52
1967 2059 100
474 780 49
627 1416 68
709 1708 39
477 1884 63
1558 880 59
1651 1704 68
1280 903 84
46 660 67
1586 256 95
1557 98 14
1026 159 69
229 674 86
1702 886 22
1144 767 62
2039 190 40
1702 809 27
1761 2253 23
593 767 89
1176 683 20
1584 547 79
522 1311 45
2247 2220 63
1816 417 31
624 1374 48
1951 1213 94
1025 1436 92
2179 1710 59
1656 1951 98
1998 730 55
1145 487 79
621 838 43
908 79 99
1318 1837 93
883 954 18
419 2098 61
1638 2030 98
2218 198 45
1599 2405 49
1333 348 18
1365 1373 97
197 1429 23
286 1542 10
29 1094 20
1520 2198 98
1201 354 60
596 1365 31
517 1766 10
283 691 23
2205 1117 65
661 28 60
2043 902 100
1321 1268 60
2267 223 58
1262 793 88
950 1967 95
752 410 15
1289 1644 34
579 1399 30
435 1884 97
1066 1188 54
1097 1397 83
2241 701 45
2319 870 83
41 1138 47
1408 1485 38
1565 1236 53
1560 793 79
649 1090 78
978 544 63
325 1875 60
1461 1060 24
1400 557 16
885 2409 75
2458 1567 87
1725 2192 41
2451 1948 99
2388 1281 46
1338 717 76
2446 838 65
527 1953 71
616 257 50
2085 1549 38
2274 1329 10
566 677 61
942 1950 90
2030 421 61
1223 2053 24
1416 1215 86
147 119 45
850 1743 49
2060 2232 53
1662 1755 42
1027 249 64
2277 2328 84
510 44 58
939 1840 32
2259 187 83
1692 1840 38
622 2135 64
182 1144 19
1309 1568 60
1143 6 77
1296 277 47
131 2063 62
1590 268 58
2441 582 78
1940 1003 57
1431 2067 72
1267 102 34
516 2460 17
1775 513 74
187 430 58
1998 597 38
817 460 25
190 512 72
308 679 25
849 800 35
205 1633 64
1964 287 97
2457 258 12
1628 122 70
1672 888 82
650 497 16
1376 615 59
2045 1055 12
1099 394 19
354 316 50
2129 1940 29
403 1086 64
1450 2099 81
975 1970 64
14 669 38
1443 1967 46
67 699 25
593 2128 78
720 1867 35
1555 1022 71
2101 679 50
2115 2138 15
9 1306 66
202 1075 86
728 774 55
2384 856 39
1761 58 67
1126 2042 80
595 335 73
1174 1083 65
312 934 10
2298 1017 13
545 1438 18
1996 1963 63
1761 2119 26
1378 368 86
2141 399 80
2452 2090 49
1477 747 50
845 269 95
2218 2379 17
1735 887 30
2434 1772 64
533 888 46
2297 136 54
770 2152 24
338 2334 18
1081 156 48
884 358 21
1307 1379 32
2096 1640 64
412 1454 59
1402 719 35
2250 1724 48
1617 2433 27
163 326 81
1264 909 48
173 420 75
1589 2458 76
2252 1666 99
1807 1930 32
1339 529 46
2342 1911 46
852 1715 25
1554 1596 20
1156 411 41
75 404 22
2177 860 16
75 2101 42
393 1083 23
287 2219 18
1872 819 29
163 259 68
2164 2249 78
1730 679 70
2202 876 26
18 1991 64
1578 2257 11
214 1766 63
1705 2090 50
1156 198 51
56 898 95
1197 475 53
602 2396 48
141 1936 43
36 42 48
124 2316 42
1737 2256 20
772 1526 29
1183 8 52
120 1365 79
2083 1736 55
381 1137 86
898 2356 98
773 686 40
60 1873 69
151 83 42
166 1101 80
838 419 30
2097 1898 12
452 1746 50
597 408 33
581 300 91
2268 621 44
2092 1132 93
1228 1099 76
822 601 87
1249 275 14
1403 1107 37
154 2036 57
104 316 64
1087 1293 33
1948 671 77
136 174 66
2282 1207 12
821 736 55
1150 1865 44
1900 2081 22
2168 614 11
1029 1416 25
1047 1777 35
785 1339 62
1599 581 44
366 1607 41
538 442 80
284 1473 73
997 309 28
2166 431 37
1203 1077 92
1451 2016 44
1086 855 86
76 1122 24
260 1769 90
450 19 24
1568 946 38
800 2228 12
606 1562 18
2346 651 66
1750 376 99
1618 1036 74
699 2294 33
298 1808 13
35 2171 73
818 654 85
1349 501 37
680 2207 16
1333 944 88
1874 369 79
2202 1259 63
1991 1776 49
196 2032 74
1501 1940 58
312 2202 65
2195 344 43
748 1960 42
2441 2315 42
1496 1677 23
1630 2293 61
2418 1984 51
273 1886 29
121 395 33
1861 1841 71
855 73 22
2063 394 35
2300 149 31
1936 1691 29
762 1411 75
2141 362 66
673 268 24
2150 1699 39
1165 762 83
207 739 70
830 1717 58
262 728 54
145 1217 44
5 308 13
1320 2237 50
1585 2357 31
1558 2374 82
2073 1596 18
75 1772 72
1191 2244 81
785 1119 60
181 840 98
2378 1455 60
912 1041 42
986 1736 67
1290 1946 62
1282 817 16
1711 272 12
1462 1474 41
1506 612 59
1032 1055 66
748 567 35
2034 1827 24
1686 646 74
1034 1302 16
757 1967 24
613 546 56
2040 997 98
1552 1281 39
1502 512 26
1162 2437 85
1740 1192 79
1009 1646 97
1860 659 50
2429 1759 90
733 759 95
791 1120 70
1476 1413 43
610 631 32
1316 1798 89
1387 264 21
1464 1359 69
819 2185 37
1537 553 49
899 1755 70
47 1045 44
2420 339 10
2403 1241 97
495 709 44
1512 683 34
1209 467 79
1360 2392 99
780 351 69
698 1341 42
832 1298 16
2200 1932 91
2031 1747 66
485 322 91
701 515 58
394 321 48
1035 1864 94
1876 1693 83
1001 1406 84
326 1150 62
2129 1282 27
1661 536 57
25 15 32
2078 583 39
2439 1976 16
1800 817 66
1678 1554 69
1821 1905 82
1229 1429 17
1977 523 42
1624 1787 52
2214 466 39
2061 116 26
1702 1514 31
1201 1276 86
1145 819 77
1043 381 83
81 1596 69
531 1538 29
1902 2311 48
847 793 54
1359 353 21
1693 2063 63
1581 2068 58
870 1597 18
795 1607 18
2141 1777 34
340 935 12
188 159 65
534 563 72
2368 1868 31
2091 864 69
1096 186 92
1792 2384 83
1939 800 48
1045 20 82
2264 85 38
1004 1860 27
1052 1034 69
232 882 22
1953 1375 28
1420 930 40
1266 2263 57
1190 1884 51
1412 675 51
2447 767 13
1452 449 16
1162 1458 54
955 954 21
2324 96 87
1407 299 53
224 280 24
633 1918 100
49 2107 61
196 1762 13
2073 744 62
281 185 98
2147 235 19
226 1016 24
1932 2229 20
241 2358 83
813 2367 89
82 479 77
705 307 59
75 1481 82
1891 1496 34
1795 1607 35
1377 1670 23
373 2314 43
1948 189 12
1061 99 37
1350 426 96
1459 227 69
2385 2138 71
355 344 62
823 338 13
760 632 61
1966 2207 57
405 1874 82
1269 151 70
1954 2345 80
413 2160 59
365 1931 24
1129 1478 39
15 1122 38
2105 1549 48
1907 1480 85
2374 619 42
1791 483 63
2212 552 62
1303 2029 42
1231 547 91
264 1996 41
662 793 15
1031 2268 80
2006 1570 92
2139 171 36
62 288 60
575 1179 85
607 1681 14
1673 839 17
609 729 79
2423 1053 64
2137 1479 62
472 930 70
1199 866 89
337 1201 57
2389 392 80
2397 2000 86
1121 1836 64
1066 622 92
1710 1808 59
604 2358 53
565 2399 63
850 2124 45
910 2176 95
2265 1106 69
1192 1214 85
926 122 32
68 2429 29
103 690 16
2410 1728 16
1376 1856 67
925 1572 55
211 123 50
1781 1920 22
1924 1130 36
1729 1418 42
1297 1252 26
436 1187 68
604 1421 17
115 1876 80
494 975 83
1449 506 71
1717 2246 48
1708 553 23
2084 2340 15
1052 1589 63
44 869 75
662 1993 25
1355 1121 93
306 1261 74
842 405 91
768 140 79
571 2383 78
2112 299 63
1494 492 63
779 1675 66
1283 2005 98
1551 2135 75
1769 2377 42
179 1631 49
1405 1792 79
922 1528 93
2093 1743 75
714 476 24
243 2433 91
317 568 54
1445 1261 88
1997 2218 90
1685 2129 58
121 125 33
581 486 86
643 2328 27
537 544 59
723 2278 73
342 1656 55
505 852 47
778 2151 29
2213 1055 71
2312 1016 72
688 798 79
1387 1735 74
1426 1338 43
390 2167 32
2107 782 19
1424 2422 42
1996 1369 39
1718 1185 75
387 1681 93
1173 1192 33
909 1772 20
1724 584 68
1695 1301 38
678 1918 47
1080 1877 26
769 1241 33
2446 1829 73
291 756 88
1183 1801 16
1324 213 32
1087 1214 58
681 1303 20
2246 1539 77
2135 290 17
722 1852 20
2390 150 85
2347 790 97
1289 1636 23
1909 1631 42
2237 2184 58
1544 572 68
1763 1646 75
1823 759 76
1986 1180 24
322 1769 96
851 2151 43
1907 1292 84
1185 2150 18
478 1994 57
1673 2229 61
1657 1339 24
1296 1883 97
1990 1281 96
2115 402 71
1473 815 98
2135 2047 31
478 1312 31
207 101 17
782 946 61
1948 1743 10
1275 317 54
250 2124 37
1791 2399 86
133 2034 50
1011 1429 67
206 2099 64
455 957 83
411 707 90
163 1939 54
1589 893 14
1138 942 42
556 1086 56
1309 646 38
236 1533 78
1012 1100 91
1182 135 94
1376 1439 72
940 2039 72
2410 1567 88
225 1911 74
844 1013 61
24 2297 94
1428 1080 38
520 1500 24
2402 2298 68
1080 771 55
714 511 22
2376 757 28
373 1457 23
1421 2302 61
926 1772 95
1731 1025 34
1593 633 63
1311 319 19
1768 2227 28
1476 1406 60
414 1684 89
489 1865 54
537 419 64
2019 2204 40
151 1483 98
968 1264 38
1743 1499 67
2024 1276 81
1970 2300 78
645 2050 81
735 1237 14
242 1398 95
14 1121 73
1253 1493 90
347 180 85
2314 1406 42
2106 1626 98
1613 1565 74
1240 1845 73
899 1914 44
1647 558 18
127 1792 13
1398 776 65
1217 244 53
1293 2072 82
1878 2352 77
780 2241 59
1875 1417 65
1893 1977 46
1385 1254 65
790 2070 46
1618 747 74
2322 204 72
1374 1464 84
1237 545 13
1799 1883 26
1860 469 91
2392 1170 100
1054 1258 40
936 2388 57
2022 1147 86
1410 1137 13
2022 79 88
385 1824 47
1140 1099 20
1535 1851 12
1489 886 100
1065 2019 45
1579 1987 47
1170 2132 38
431 1309 10
114 923 48
1015 936 29
861 1625 63
1573 1484 53
814 340 26
307 8 12
128 573 45
1093 1904 88
879 555 38
1252 975 79
1082 886 11
2166 2256 59
2242 46 66
866 1886 69
1741 1975 57
2012 2458 51
369 909 18
939 1565 45
2317 910 33
471 1873 98
1776 1009 18
384 803 28
467 2005 43
1365 2358 62
1394 369 70
1484 1764 31
1376 2222 72
2414 1742 93
2201 2200 16
30 2059 24
673 342 10
684 1730 96
1761 1108 95
129 1692 83
1347 2182 79
483 1846 55
1119 494 75
512 572 61
1109 879 80
1534 25 60
2439 439 35
365 2019 38
222 2113 47
1933 1123 55
1800 1898 22
1651 1821 31
957 474 23
1647 2416 43
2107 2139 72
476 1340 96
1701 324 56
1159 452 72
1094 755 74
693 2247 55
2308 1485 28
544 1477 30
487 1760 22
1052 1967 71
477 886 48
1915 1570 86
485 931 81
2131 1703 79
573 1382 37
1000 242 19
1455 2457 29
500 1066 21
1921 822 98
390 1256 81
2181 434 41
1653 2339 91
1529 407 42
1768 894 16
1744 683 99
957 76 81
790 1857 74
707 1942 57
158 2270 23
1099 324 81
906 2276 28
2347 103 36
268 6 30
1437 1973 97
2459 76 46
2165 336 67
2039 1294 72
81 565 28
217 1906 89
934 2312 67
1987 1807 62
2177 1740 47
375 2248 38
2122 2313 41
1830 1049 91
724 458 88
262 335 68
523 535 92
716 1473 40
616 1953 48
1840 675 49
511 2356 31
809 2259 76
781 1556 38
1106 458 38
924 1379 93
973 1571 18
2297 1116 92
1123 381 13
1122 1666 50
1755 1699 36
739 9 44
1048 1756 35
1477 1140 33
26 2016 86
657 2320 32
347 1988 44
1653 801 52
122 2337 70
1731 1949 22
2187 166 23
1737 266 47
2241 62 77
74 1575 78
2144 2308 63
668 1258 13
2245 133 64
688 1993 42
410 1675 20
1913 314 36
1779 1531 70
769 418 52
1509 1769 67
1206 2027 90
493 2070 47
1957 1990 37
1268 1831 22
2181 824 75
621 2361 25
2201 91 85
1927 982 58
575 904 32
2154 1965 71
2145 1313 80
2336 599 25
606 1235 54
137 991 60
2112 395 86
1452 817 58
2244 1918 85
225 2198 44
1498 753 98
1995 1938 40
692 2107 15
876 165 40
1900 175 19
2120 2316 82
2096 1501 16
1004 648 26
235 567 56
246 2197 76
431 278 54
2355 2237 34
1815 476 34
2243 1506 72
648 2117 86
835 675 28
2314 1118 32
2348 1083 77
698 493 55
265 1720 41
342 1382 69
19 499 35
2403 351 16
1310 1252 65
1744 1430 54
1704 1612 74
2002 2027 85
1083 2011 55
1767 943 12
256 1112 66
360 926 33
765 831 50
1904 276 26
1911 1892 96
1234 1238 16
1707 59 55
204 421 93
1807 544 77
1468 1030 43
523 1680 48
431 1402 91
1649 1981 33
150 691 65
857 2424 66
2279 612 54
757 1393 90
2308 1467 55
1576 1591 52
2213 1798 41
2173 924 93
1439 2356 95
1740 1569 56
285 1716 48
1559 848 90
2104 744 68
1004 817 11
1930 1262 99
1181 306 77
282 1255 34
1914 2408 36
266 809 84
2249 408 16
1740 2430 65
870 1672 12
1321 2413 66
1025 2417 97
1052 1842 49
192 2371 82
537 1034 45
273 897 95
294 686 11
1503 1704 55
345 74 25
1359 372 98
1041 354 50
1764 219 37
780 1453 41
474 619 84
1404 942 74
1545 2099 65
1673 1274 27
1163 157 13
491 1660 60
2057 1390 81
472 6 10
1627 400 48
434 922 57
11 1140 38
373 1782 97
1805 56 43
803 557 47
304 1430 98
1999 438 60
242 448 75
2196 139 27
1021 1209 88
1662 315 80
1600 42 68
1775 2113 99
406 1388 20
1001 791 46
2128 2117 13
2395 227 38
1889 160 80
1986 251 41
2013 2285 43
870 1160 48
672 1820 60
185 1823 24
2226 1168 34
601 2192 18
659 914 44
6 808 82
513 1138 84
144 1118 76
695 224 77
314 2441 99
1085 627 98
618 1966 68
1089 1349 18
284 1390 22
2313 1621 98
174 534 44
509 933 77
242 263 53
433 363 31
1847 1878 58
117 1407 33
2032 510 40
2137 2128 29
488 51 36
1827 2135 48
6 2089 44
2156 1150 79
2361 1611 26
280 2407 18
1231 1345 92
2030 733 45
1947 1130 42
2453 1902 90
57 353 63
1570 1670 66
1378 1213 39
1490 1866 79
927 584 77
2264 283 49
1187 2011 79
1625 672 99
2324 912 12
756 1093 61
726 1481 23
1486 2336 17
1412 114 44
2056 1198 77
118 2195 74
2309 1207 43
1893 297 64
204 1694 15
1819 293 98
1050 308 78
1311 1652 30
2057 296 11
1185 1867 93
1507 163 52
264 2243 55
935 1152 48
979 18 80
1550 561 10
564 2357 26
731 335 67
2021 1265 85
50 2333 45
2296 235 18
596 1382 97
786 248 69
1859 2275 14
126 1543 100
618 2082 14
203 1578 91
1577 889 22
2017 2154 13
45 1561 38
1597 223 28
113 1407 98
2282 2337 34
1365 2135 70
1452 2276 54
2283 572 58
2016 2064 10
977 1709 70
1948 449 67
2094 1679 83
550 2152 41
355 982 53
655 2418 46
232 413 48
1829 1842 88
55 2161 93
1593 1502 68
417 1656 61
341 1101 78
1223 2208 82
2050 315 57
296 1310 69
1075 685 98
894 1418 48
33 2392 10
2327 1871 91
596 1756 24
2424 2030 71
218 1214 10
821 2229 87
436 2198 91
1845 1375 57
1689 842 76
349 459 13
823 1851 36
1353 514 25
1039 2245 12
2015 361 99
920 1773 28
82 2151 81
1678 997 49
1167 2271 96
455 512 18
867 2326 94
1488 1764 79
1276 2390 74
1286 848 26
2381 1115 61
518 1947 31
2437 1378 12
1059 1105 10
524 1230 48
584 822 57
1580 357 46
653 1685 61
37 1057 38
950 210 78
1971 2175 47
1584 1984 97
22 1418 30
1948 2109 53
535 33 40
274 962 78
1433 1873 100
103 2220 83
2139 773 70
679 1128 85
485 1630 97
1414 14 82
1567 1655 50
1706 2423 68
1862 714 69
1408 39 97
305 1087 11
18 777 65
260 752 53
1062 2349 73
2044 668 70
1853 1417 10
1480 1613 10
222 523 37
1160 1620 73
1004 248 97
1939 1490 16
1214 1055 92
2443 657 57
2439 1402 60
165 1994 55
1688 705 98
541 487 41
2057 1073 47
970 1249 66
2437 728 35
1390 1169 77
1645 2457 15
1821 1794 82
812 2397 37
1198 2063 72
574 1263 55
132 974 67
1033 40 26
1002 89 19
292 1616 16
125 2390 74
1620 1039 69
2352 1941 67
1408 2173 74
1626 1700 45
1453 112 47
1227 1274 29
314 1971 28
140 664 51
263 675 74
586 317 92
2175 722 69
111 103 60
321 813 96
55 224 70
1373 627 62
2017 1624 54
2173 1625 84
1011 1883 97
1277 1644 63
1128 1501 35
2191 772 74
104 2079 70
934 503 100
797 775 18
2343 2209 39
1062 1484 10
419 123 66
776 548 27
2313 1631 46
817 1106 95
1323 1885 38
576 1521 88
482 182 93
683 2158 28
1606 774 52
1083 412 59
468 1924 85
461 1846 73
2160 175 62
47 596 39
1550 545 64
23 774 74
195 1848 45
2453 175 78
1031 2190 60
990 384 41
1337 1792 15
1215 1639 86
71 2427 46
1766 1014 57
343 993 56
1109 1879 22
234 293 91
2332 2088 36
1301 172 15
2314 2241 33
333 83 19
171 2382 50
436 244 43
1303 2275 64
23 1641 12
1709 1771 35
257 738 39
753 2277 45
1260 1690 87
1647 2132 85
1118 715 42
1189 965 25
1134 51 40
2170 2034 21
974 1654 69
521 123 80
2442 173 98
296 1304 37
699 1640 20
1819 286 42
1985 167 30
1065 1910 17
1286 246 78
97 1304 88
24 825 60
2048 1238 27
1316 1561 11
2252 804 60
197 1062 26
1265 425 17
1313 1422 60
338 550 46
2203 136 52
2293 380 47
720 616 11
2293 2209 27
894 2155 98
995 1545 38
420 1674 37
1634 2460 54
558 1249 50
2000 1660 55
69 1092 35
875 1651 14
1259 1327 68
985 311 22
1568 486 52
2368 1215 51
711 1079 26
2362 1242 69
1440 61 40
1578 335 97
1138 2333 10
1882 1395 88
1810 760 23
212 573 79
1090 718 25
67 1452 59
975 1124 44
2209 2223 84
1500 2448 28
1514 1425 40
1075 2277 59
1737 1133 47
2379 1223 31
1 423 35
364 1809 22
1158 1012 54
303 2185 10
1311 1280 17
304 1039 72
1916 763 46
1475 2219 10
1519 1528 14
1818 1979 88
1215 721 11
2223 580 56
401 2100 58
818 2278 22
2226 1185 85
408 1402 73
2390 1772 95
93 891 82
442 1334 90
2213 1236 27
1638 1975 59
977 276 92
443 1868 88
2458 784 35
1350 1907 94
1370 1229 58
2334 413 38
1654 1370 78
765 427 28
108 468 21
686 366 11
9 1832 76
893 2439 29
1370 951 92
138 1019 48
2281 333 21
840 1570 86
1068 221 16
1348 1446 48
1976 1653 88
215 785 92
287 880 76
2276 1125 95
1984 1585 63
856 754 51
1638 457 12
967 1134 37
1557 289 94
345 1894 29
2159 1462 29
2344 1954 56
402 1528 34
2027 1486 52
1049 242 12
765 2211 87
1482 504 68
63 913 88
1081 549 99
1262 1847 69
314 1293 70
2244 1130 78
1496 499 62
256 248 74
1068 1741 98
2054 1100 40
106 1949 30
1064 1716 47
1712 2359 82
254 3 84
1518 13 28
2252 71 44
302 873 23
2169 555 22
627 720 25
2094 2407 59
991 1745 63
457 1777 84
1529 2245 26
2370 1228 11
2181 1139 59
1160 863 64
1271 1376 38
2447 674 45
1095 381 17
2357 2155 28
966 316 86
96 977 43
720 2101 87
663 488 82
2347 1763 16
276 726 40
2071 1718 58
547 2460 75
2074 1951 67
1703 679 75
1844 956 94
370 2209 37
1335 1718 54
1616 1002 87
586 2433 99
184 2262 89
693 1956 88
697 980 60
1670 1749 59
1301 1777 27
1157 738 24
1215 2086 100
1874 2364 54
176 761 46
901 1030 58
2368 601 67
1307 906 69
741 986 59
664 209 30
741 540 22
1604 1595 85
1038 2363 90
191 1609 38
338 2225 86
1878 1505 34
1273 2328 26
1443 1257 17
642 862 96
1179 505 47
1033 1210 49
1191 1923 47
2057 1866 43
2397 70 57
1910 173 10
2003 1625 26
2375 1474 24
1204 1576 50
69 699 31
599 1140 42
480 1189 64
615 1229 26
1679 1241 55
912 961 41
1201 573 91
243 1567 52
471 2385 93
1024 600 23
1833 1308 67
383 46 96
2019 1342 86
1207 1707 63
1825 327 34
2269 973 51
803 1160 84
1746 2269 81
443 499 21
1581 694 50
1857 2313 89
695 2122 97
2042 1344 88
448 741 58
1050 1474 59
728 10 37
1511 2111 29
1523 1678 91
1076 2203 30
1680 786 77
2225 2454 25
2290 1194 75
1539 1198 40
783 1100 17
1980 2235 31
1456 53 93
279 2445 58
1093 2171 30
2378 1854 98
56 2395 96
1451 2141 75
2059 1590 48
1277 1010 80
1802 493 20
1007 581 92
1990 1673 48
717 34 21
953 548 24
2325 1291 28
1166 708 99
2083 1716 34
74 2442 57
1744 1282 30
1201 479 11
2041 2048 38
1951 2237 54
2254 2080 24
322 2451 88
852 36 44
101 2041 96
1432 1567 43
1947 1709 52
477 2237 50
464 2009 67
2200 1636 91
1434 2024 80
192 2436 71
2094 2340 54
768 356 24
616 1794 13
2085 851 49
2392 812 97
2403 961 54
2181 493 100
2074 126 37
357 233 27
1643 2115 21
512 1265 83
2177 1593 56
452 45 39
435 96 53
947 1778 78
1814 1088 100
1614 787 38
500 2107 84
2429 2130 81
942 292 59
1663 2005 60
1788 2276 22
959 56 18
171 633 74
1924 1606 32
1082 810 35
2350 1866 28
976 652 87
380 309 24
486 1191 89
2046 730 23
2131 641 92
125 591 98
437 2004 34
1744 1603 89
1518 1686 19
2111 1479 36
319 2460 36
1991 1156 98
860 527 50
556 1290 25
275 1093 98
429 1256 50
1443 1762 47
290 2152 59
656 1557 53
1255 580 62
68 986 92
2346 1712 78
889 327 39
389 1076 100
650 2327 77
1477 1235 36
838 2450 64
1019 846 80
1894 850 67
610 1890 96
1469 198 74
552 918 100
863 1913 76
139 777 53
1889 543 65
1020 291 36
971 91 40
2430 585 97
128 2211 50
1865 581 40
770 629 33
2436 1680 74
767 765 98
726 2202 85
1623 1040 27
1140 2288 51
1685 1340 99
779 869 32
377 1799 22
2130 1917 12
940 2079 65
48 2261 13
423 31 55
2140 1292 41
2236 389 73
1111 1025 46
2101 1722 15
2439 1282 39
1611 22 40
259 2228 16
1028 587 26
980 696 31
602 906 76
1153 124 48
80 1690 28
1743 614 88
755 1783 11
2282 1635 78
1542 561 61
1314 744 63
2432 288 63
1054 1500 94
214 645 20
865 1624 94
2184 457 73
2126 176 56
1843 459 100
1098 58 51
1515 1774 13
1043 584 14
922 827 75
898 3 40
1383 391 33
401 598 77
1091 1388 99
964 1456 48
1083 1748 57
1964 792 82
1468 2126 30
1791 2278 38
1720 695 46
2170 732 56
2216 1543 27
1429 71 87
1834 1967 83
1351 1586 58
2425 1818 31
2105 167 45
1626 1189 20
900 1266 34
1151 1508 36
1173 2111 43
610 2168 92
1899 2165 91
1901 545 95
20 1249 56
1997 1002 48
75 1528 40
975 119 48
1571 1850 79
1569 832 74
1684 1363 35
566 1417 60
1982 919 67
154 844 36
2257 1572 16
253 1012 23
1637 141 79
884 1223 64
1304 1745 20
702 1633 44
2308 111 69
2165 2456 28
1273 1398 94
1954 727 53
1889 697 64
2160 2060 28
1086 1294 19
445 1283 36
1363 99 44
2013 749 16
2096 703 85
1878 1738 100
2425 1205 59
1421 1846 71
2039 2271 80
65 407 58
1936 1527 46
1904 1431 55
1253 1583 14
487 1586 71
572 1650 21
1365 326 62
2326 1716 100
2311 945 81
2410 1220 95
1040 2314 14
66 1939 68
693 2265 10
698 993 76
1846 1562 100
491 2420 69
392 1919 62
349 800 69
211 1391 38
915 1021 55
1816 1070 21
1830 26 44
1737 119 31
1576 1690 80
803 932 70
1097 1864 95
1019 1096 43
51 2147 81
536 2123 81
310 1261 89
416 350 26
73 906 53
1953 1766 29
1544 2330 39
529 1133 12
2101 474 19
2 1808 63
1094 2116 45
1738 873 28
1499 1679 54
1264 1241 21
272 640 78
2268 1805 73
1277 2097 67
1996 288 56
1271 1340 85
445 558 89
1124 1390 42
1957 1125 73
2020 1162 61
912 1269 74
1674 14 33
907 1534 59
1427 2386 16
1732 1340 61
395 1096 34
1218 1872 70
1992 1265 90
320 689 83
729 1299 78
1118 2094 19
741 1626 61
1475 1081 15
1837 1792 82
641 683 16
1638 1356 50
1900 373 39
340 1474 67
2163 2438 87
225 2388 98
2284 2242 62
437 1321 48
159 767 75
2457 537 98
179 2279 63
562 171 26
2166 1531 77
2237 1313 15
1295 699 57
1250 2146 82
2078 2165 97
1092 672 92
1586 83 80
289 1845 33
414 83 59
1549 1243 88
1802 1347 57
1751 196 14
496 1595 16
833 1698 98
1957 1490 25
1531 106 97
832 1167 63
25 54 72
1473 1674 61
394 938 22
1371 1726 10
2067 1285 22
1253 2199 38
2435 2189 57
1651 23 44
239 989 13
939 1452 58
1072 2006 99
995 1704 96
78 583 29
1608 962 75
1487 787 29
28 461 49
2365 1375 39
439 292 77
993 1623 82
1107 208 41
2067 836 36
986 243 75
1168 1146 63
1868 1889 36
304 869 10
1151 422 35
1439 138 90
64 2260 46
790 1992 19
1228 2250 11
1063 257 45
510 1260 28
2179 591 45
834 977 50
2314 318 85
1771 11 71
1207 2096 58
1829 1692 97
135 994 99
631 978 40
1378 1875 90
823 868 26
1454 368 36
1847 1270 86
430 1399 77
204 1335 30
246 916 67
2265 1263 66
79 1873 97
1446 1327 12
348 2318 30
404 2453 78
1614 2149 60
1879 1504 58
1096 1171 86
68 469 52
1772 1086 22
1689 192 58
2305 2378 14
1413 1449 74
1628 474 67
796 1970 78
2280 87 12
2258 1251 79
2367 393 77
1568 1576 62
2279 2419 99
503 259 82
631 1485 68
1219 1502 36
495 1533 68
1829 2105 49
1080 907 12
382 1579 21
1257 1914 17
866 1803 24
493 1077 43
550 1181 94
26 2421 18
2347 590 78
1660 1607 18
1114 1685 84
2227 961 77
1633 298 51
1512 106 67
279 2288 64
718 655 59
504 193 84
1459 677 40
1767 493 79
1666 699 52
2411 294 75
1392 578 32
415 447 35
958 15 60
318 770 20
2088 1249 75
690 281 62
2004 919 34
222 1446 72
1233 1398 67
1787 1643 50
67 2084 46
1797 1169 68
1486 224 67
2177 42 18
1699 55 50
889 655 51
1064 35 78
1865 2215 30
2351 1679 70
724 2370 87
260 2011 33
2138 1226 30
97 1825 81
185 2351 28
1620 1435 58
435 1737 42
2307 2213 16
941 2449 22
1026 1638 39
848 849 95
1279 419 18
1000 318 65
2181 963 41
201 557 88
2011 619 93
249 940 14
406 123 80
577 1239 66
1051 1746 80
2321 2098 23
98 2117 69
213 254 66
1539 2394 18
1964 1346 23
112 81 55
1249 381 26
495 2046 14
2111 1583 51
1461 1246 72
2436 1370 55
1062 496 66
2320 543 21
1800 1639 41
380 72 46
878 2016 18
812 557 29
1854 2459 65
588 1372 29
1248 629 46
1214 1026 63
1712 1360 20
335 218 27
1008 2363 21
2183 999 60
772 2074 50
2326 454 14
578 1026 83
1146 2252 40
2369 1299 69
1556 340 60
2417 1169 61
354 1753 94
1540 1779 88
1963 1376 29
1476 2275 62
187 388 96
2074 1997 89
1420 1394 65
421 2357 77
1539 1880 83
269 928 26
1669 2429 74
1454 1121 31
667 484 41
385 1955 79
145 659 80
2137 1625 66
1936 2098 31
85 2250 78
608 1578 92
1506 2237 47
2158 946 52
2208 492 55
1970 1840 21
925 166 23
899 521 72
2375 1155 61
2320 1293 17
1383 132 36
765 2141 70
1937 1844 73
613 762 90
1480 1156 20
1108 432 62
468 1367 82
1160 651 30
1590 1212 54
2334 234 95
2002 2102 77
1808 2322 65
251 492 91
1420 2336 69
1961 1115 94
377 1638 30
484 1815 87
1142 1936 60
680 112 89
1617 2260 17
953 899 15
759 809 97
1009 2162 27
2052 1416 40
267 2258 92
2366 1079 18
819 420 98
1176 907 67
655 0 27
1027 2457 45
1729 1526 98
1031 1485 20
116 1653 80
1447 659 64
1136 380 86
373 859 49
404 830 59
1102 1592 57
114 2050 19
785 191 32
1734 1473 14
2281 1267 78
1914 211 30
942 825 13
997 898 44
1719 882 100
105 1311 42
360 685 85
11 2251 90
2086 741 77
1741 1350 55
751 405 48
807 1526 21
1858 1139 78
2234 2186 81
1921 1781 26
356 1243 88
181 2027 10
1303 193 11
497 449 18
915 258 22
988 1029 54
1895 677 49
2126 2123 13
1468 2040 27
550 645 66
1269 1442 90
446 888 37
2317 1413 60
1143 568 29
182 1472 15
2000 1078 43
598 850 72
2183 66 60
1718 1840 17
1119 655 95
4 27 47
2063 1199 17
59 208 72
2027 1128 43
872 127 49
819 532 60
458 2411 60
912 1695 59
447 367 31
2277 2171 96
973 1475 37
978 697 37
277 216 62
1749 872 27
363 350 77
944 1040 38
1518 1686 19
1775 2392 50
1713 1420 83
59 1468 50
2422 289 17
677 107 79
2026 1175 88
731 1475 11
370 1552 57
2051 1113 61
231 376 85
198 1556 47
1694 765 24
1724 859 78
664 949 25
620 1687 49
557 478 64
613 780 79
451 2421 23
878 1297 31
1787 334 80
220 1792 68
1965 414 85
1182 1948 62
2348 438 96
785 2184 79
950 1386 47
1680 110 91
1111 192 69
980 2109 90
41 1560 10
166 1014 79
2058 673 39
2387 377 41
714 1003 12
1272 1026 95
169 1233 99
1377 2368 64
2021 1116 36
2053 191 54
2312 1985 73
1449 2015 39
558 26 15
27 2036 23
1786 1151 13
11 853 90
1079 2367 76
84 1622 36
2042 1397 92
4 1130 57
1365 73 86
1014 861 33
690 1426 79
2164 469 97
1685 1356 80
490 1693 21
624 425 29
429 1041 98
1869 2080 90
1284 1037 53
1182 1689 11
789 1241 11
155 809 33
647 238 33
2094 1165 96
2362 358 97
2223 1111 58
490 2449 65
385 1153 24
1018 1485 24
490 1886 94
1330 1729 75
1018 11 58
763 998 28
524 1176 43
1205 809 64
795 271 42
1460 519 31
2108 621 29
545 2119 81
889 986 35
20 2422 27
198 669 92
1292 1060 73
1453 2319 86
755 1360 87
849 1627 70
637 730 50
1753 884 48
1292 2015 26
272 783 16
982 642 65
2089 1878 76
1323 180 75
1785 1601 64
195 185 20
1262 1677 38
230 1367 10
874 2448 22
1007 2030 26
1877 1316 16
2267 397 46
1553 1850 98
458 1786 53
2117 979 84
136 1749 69
1754 1215 82
1693 2058 55
1318 651 42
1493 1966 96
1434 917 41
364 1789 88
836 855 54
644 449 13
2277 848 98
523 10 39
1728 1809 66
1711 542 10
918 376 87
2066 1717 50
1477 433 62
469 1890 48
959 0 38
2423 582 73
2220 929 32
2197 2325 49
502 322 14
687 185 88
865 2166 28
1444 1727 83
1077 2037 80
966 73 30
233 2350 16
2168 921 48
628 710 92
84 240 22
599 252 10
2224 2069 98
1125 1940 48
2114 312 53
1346 2241 51
1109 1672 46
1479 1433 34
978 1760 64
1713 406 92
1678 1790 19
515 656 42
366 1183 94
1157 615 98
1682 2059 26
451 622 90
234 684 32
497 964 34
1731 250 33
1103 512 72
1831 343 84
2200 1919 59
320 147 63
844 51 27
921 1804 61
2007 1623 54
1010 130 97
1342 372 29
1685 464 40
111 1526 82
1566 89 75
1403 1324 14
627 1096 21
33 377 68
30 1900 42
1287 1216 85
305 467 45
164 2244 89
2120 1902 98
388 265 61
1500 1139 82
1328 734 96
724 1542 87
477 617 61
122 15 64
903 39 45
826 2246 14
2301 875 100
447 1062 90
456 1309 94
1180 2108 12
2241 1225 29
273 872 95
282 1941 48
1530 2088 16
2257 1385 47
991 1358 100
2253 2179 86
405 822 64
2162 587 15
973 30 56
341 122 50
1868 247 12
2104 2458 90
1844 1233 78
2353 154 25
978 1755 51
1539 1322 37
2240 1658 49
1030 2435 34
1170 578 92
859 1932 45
506 1528 63
1889 2067 20
603 645 20
2395 508 30
2084 1966 19
1600 117 68
974 1203 84
1194 2213 84
678 2138 70
962 901 75
1992 2106 34
1005 1880 30
911 1752 78
1283 2353 46
461 199 90
1776 1505 94
2223 1259 35
2271 887 79
245 1656 94
501 179 84
468 1138 48
1027 2090 30
1539 1458 30
1904 448 54
1400 1497 41
1161 628 87
1694 1901 60
1111 1189 61
1502 1658 53
734 1963 19
469 2379 58
2410 515 26
1587 796 53
2188 1439 21
2185 1104 48
748 625 35
2255 717 21
299 1287 83
502 2451 36
1037 2353 67
867 809 59
1221 112 90
1940 20 43
1884 1997 10
2274 608 42
2111 1399 11
1854 375 32
1923 1972 52
2454 1343 95
1361 1102 77
611 2060 23
1869 1405 39
1272 1982 95
675 1087 40
2293 1249 31
2362 2348 43
2397 1187 66
1633 125 42
2257 938 33
1719 1716 69
782 1556 35
68 1032 77
1230 628 52
2417 1090 28
1899 1473 96
2186 1415 42
1607 495 58
983 1723 89
1106 2011 38
949 1118 79
2063 1398 61
1073 2153 24
657 2293 23
823 552 73
1475 799 13
579 430 48
1396 2432 80
1174 2208 75
465 1834 84
1952 790 47
1155 510 66
1628 646 54
730 1615 12
2043 999 37
1867 143 17
924 1897 78
1100 1426 76
1300 851 32
1833 1094 29
2110 1381 83
1822 1673 74
1638 1047 77
39 217 73
525 1324 57
947 580 92
367 1623 47
1634 1776 12
1662 698 67
182 886 36
2048 628 32
625 1872 57
1571 2206 54
850 1096 88
2208 2137 45
1473 2238 82
2386 52 25
1256 895 37
915 2400 80
543 1813 46
1947 1918 82
1649 878 40
843 505 18
952 2120 76
2097 1536 92
1756 2099 68
32 2171 88
991 2436 23
1994 1822 39
1158 1144 54
419 154 96
966 2320 82
2368 1646 16
1715 1977 43
2266 1306 12
944 1407 58
689 193 38
1285 1761 35
952 1009 38
1129 985 45
1911 220 38
828 1636 52
491 1190 32
591 2316 19
1385 180 91
79 212 40
1658 2172 96
1180 1338 56
202 1820 56
1963 1957 99
100 1691 11
1385 132 79
986 1109 25
1378 492 55
1434 293 63
1478 1292 60
498 1270 75
2364 1747 16
930 985 59
616 1845 90
1457 2384 99
1595 189 58
918 1144 17
326 2181 56
1337 864 97
2210 253 29
1780 286 66
2104 1711 73
2331 38 37
901 2097 91
481 249 13
1176 1725 69
372 2282 12
675 1951 12
2423 2349 55
1027 1889 56
2412 1626 22
1722 2444 84
882 2259 43
394 136 96
360 2186 15
96 767 18
152 1271 56
2196 1198 74
1810 2213 81
330 1055 41
928 573 35
2283 570 11
164 343 39
1443 156 15
225 1844 21
2350 962 68
102 1731 89
148 1256 19
270 1932 74
2142 1922 88
1596 856 74
441 644 36
1283 655 24
730 870 54
1075 2166 91
1132 1721 64
1878 812 38
1803 1912 34
1543 305 33
1544 1616 73
234 2302 38
734 1553 56
1626 1664 93
616 1473 16
138 102 68
607 810 18
1887 1586 17
1665 754 16
1394 1033 29
1696 2350 72
220 121 27
2021 1256 25
1293 1161 74
1796 2005 79
563 319 11
1143 1101 65
405 1666 39
2403 541 45
150 983 29
1576 1632 70
2447 606 87
816 411 21
383 2241 64
1760 936 67
1906 886 72
1957 1704 27
1695 1478 20
2019 1580 40
1821 851 15
314 908 95
2103 709 63
150 1557 76
2317 43 59
794 810 21
2067 2429 45
1498 769 77
993 1941 73
1651 2368 57
1229 1932 52
1975 1101 30
728 1703 56
431 59 32
1597 1429 54
1834 1134 48
920 2119 45
1838 538 95
2086 1393 80
1819 1667 27
2201 911 84
717 1024 35
2420 552 35
802 451 38
1395 617 91
1454 978 76
91 1722 69
452 103 47
972 1439 96
228 2089 56
2279 254 27
1636 1156 78
1050 546 84
2427 472 41
909 2083 67
972 1806 32
889 1063 42
919 2196 42
1352 1234 25
1956 441 43
588 2319 95
1594 576 12
627 1641 21
124 969 99
1872 883 26
1621 490 76
2407 572 43
2210 1967 85
2375 2212 92
26 1394 47
1980 2327 10
991 1723 31
484 1086 41
631 1103 13
757 1408 34
542 2051 42
1794 2122 27
29 649 69
1558 1311 64
1235 278 35
1274 904 47
313 916 61
573 248 40
39 1595 60
1996 1789 13
1237 786 13
2256 1561 98
2147 2044 61
2244 1895 87
1061 886 100
1532 1374 99
107 1996 99
871 1800 24
979 1537 77
1872 805 47
817 630 67
2392 2023 19
1963 2317 45
1148 983 44
1718 2039 76
2101 2234 25
243 1026 30
470 1491 40
864 271 65
152 1261 25
160 1297 68
795 400 62
1908 2264 69
968 1455 81
799 1026 64
390 974 12
78 814 94
2451 2197 91
771 945 48
415 2432 98
670 937 88
1262 1183 84
292 361 28
833 1371 47
810 1643 90
804 2269 80
985 460 80
208 1887 86
1395 658 77
1802 1418 57
1539 1201 62
1776 154 20
2242 2115 46
1471 3 33
2145 1358 84
1134 1445 80
521 65 74
1295 834 13
1154 1345 60
1401 560 56
2000 888 13
1740 2088 61
1927 1345 33
1246 1480 15
956 908 99
1830 395 73
916 2136 10
808 2087 96
805 1814 53
1134 264 91
1298 1040 46
2025 2272 97
2261 712 48
553 789 49
1889 786 70
2420 2460 15
1271 1040 37
2446 1234 97
1396 628 13
622 108 10
335 1023 50
164 418 61
954 2285 81
293 1449 32
2199 310 53
2278 864 98
706 1076 83
1171 1089 46
168 621 64
545 1730 42
2019 446 29
1895 1933 86
783 1864 96
2361 2218 54
138 1276 62
1570 2083 97
1225 1370 100
1734 2178 47
482 1745 37
2237 2259 89
1133 1012 70
1029 1647 82
2451 419 48
327 1929 65
2390 1909 66
1500 514 28
1584 654 91
2013 938 70
1566 908 56
1267 1681 45
1820 2129 47
1802 1952 42
2009 98 65
1596 538 16
1362 995 15
600 45 43
622 1408 10
1465 2132 89
2402 683 27
1828 1655 77
672 1503 11
604 1323 86
191 1423 79
1987 579 43
1918 2330 78
1043 392 53
1353 1909 10
996 599 52
105 1077 67
625 1207 43
2217 1969 12
2205 1043 17
873 2173 14
1461 1302 69
386 1488 65
1303 2179 78
1586 2174 72
1501 591 40
1991 1938 49
1988 2350 28
713 204 40
626 1945 15
670 720 12
568 2225 66
1714 1047 33
1886 227 70
192 1806 45
151 956 27
465 2196 87
1300 595 94
2048 282 33
1866 1892 23
697 27 27
1480 1714 26
1265 285 50
1179 548 12
2175 948 26
1964 552 65
142 2293 94
1837 1515 47
958 1266 41
1204 783 29
1073 2026 99
2157 1500 52
1980 2002 88
1063 269 65
183 931 43
466 495 82
1094 459 69
435 670 80
1370 1176 91
485 642 81
369 1007 23
1620 1211 44
2416 1455 54
1878 2269 59
1254 1631 42
1165 1305 52
733 1547 93
8 2001 71
2443 1491 58
1145 2099 78
1426 275 47
1947 321 21
1492 946 56
768 1154 10
1521 405 68
603 1012 71
702 182 93
130 2373 73
474 438 68
2274 1068 73
1816 1181 21
1589 1539 85
2200 1992 25
1671 374 40
609 1431 97
2289 497 78
908 1036 78
382 1273 26
421 1285 58
1881 1973 86
162 2459 93
1690 125 21
2090 1342 100
824 233 29
1187 1520 11
2068 100 13
630 1705 18
721 427 58
1508 144 54
982 1293 56
2286 2157 34
2208 1845 43
823 864 56
193 135 93
1993 1198 18
988 1596 47
1277 220 58
982 1212 22
2446 192 49
2235 861 56
1649 1814 79
2140 1222 48
1957 598 42
2422 459 29
1080 168 72
2399 2242 76
409 68 65
758 1011 73
2378 699 89
724 1479 89
2376 1765 43
1421 2189 96
1724 1726 13
1403 323 96
689 1900 55
1932 522 91
323 1214 46
1813 1709 72
1745 643 70
525 1505 51
1508 2248 87
337 131 17
1536 322 54
75 1709 56
435 1868 37
1930 2415 12
410 667 96
65 1918 46
1517 518 63
1764 1719 96
820 2094 22
914 904 32
980 1399 44
1480 377 45
798 2025 20
1563 745 71
390 600 21
2384 895 31
2144 2438 65
32 335 43
1562 481 80
1919 1518 93
2365 472 12
1738 538 71
1971 2014 11
2380 454 31
1237 448 10
884 256 66
52 1655 81
1899 1053 69
2074 192 60
949 1111 89
1545 1301 35
410 302 38
328 1199 65
231 252 63
1012 1228 95
661 1688 60
1677 593 55
1356 364 87
1419 1843 77
412 1397 33
2138 1407 37
1406 671 33
323 567 59
1712 1410 52
1956 8 25
1888 2459 61
1118 1905 75
1085 1435 33
1401 908 67
1394 1739 68
1215 2314 88
1087 1809 14
227 1859 31
519 498 47
2254 1545 93
2135 208 71
245 709 10
147 1179 34
1429 730 79
157 619 76
2454 1611 98
1607 1170 13
75 2297 36
1121 1063 72
2094 1701 81
2011 1192 53
649 1206 49
865 2231 92
1358 1292 80
426 380 81
1981 676 82
328 1092 10
2021 155 40
2173 655 26
184 2164 30
1169 52 73
1315 1464 28
1389 784 68
882 1177 91
896 600 29
1299 288 41
978 1182 78
760 1962 32
1218 655 16
1243 1528 99
1062 337 58
2152 1595 69
272 1870 71
343 138 93
908 749 23
1395 946 22
1595 2298 63
763 1133 20
1658 893 73
1249 960 28
1174 937 26
1871 15 41
762 1099 87
2081 2377 33
638 1335 63
1931 1999 54
1916 1903 31
226 129 75
1619 1541 66
1024 917 31
1145 960 39
616 1899 43
144 1205 55
1928 1200 70
257 2453 87
1725 1057 87
1300 1123 55
665 1832 87
1553 1289 34
450 2346 18
336 537 16
1925 176 30
1763 88 56
2272 360 10
904 157 39
867 398 83
1718 2181 45
586 2163 56
1073 1697 57
1125 1025 40
1940 1798 42
1613 1417 10
298 890 49
2139 661 50
846 2371 52
225 1726 17
2373 143 11
1175 2206 84
1701 2014 25
1609 1915 53
1357 487 49
442 2387 40
209 1252 78
398 1852 20
2207 1671 91
1948 1820 39
1803 1432 28
10 1586 25
1267 1413 63
1559 353 84
803 1550 21
656 1074 12
1638 1295 27
0 1338 34
335 2364 42
186 2156 99
1199 2245 73
1701 2213 72
1268 2279 37
2186 2089 93
1459 1924 93
1262 2299 76
51 2094 18
2459 1455 63
1459 2115 26
1291 1930 14
1064 28 89
1602 2302 15
1636 362 63
1662 2092 92
1105 527 83
2383 1014 57
1568 1733 45
1267 2261 91
1085 2090 86
242 2105 78
912 1395 91
2293 277 14
1308 969 73
2187 1127 36
1096 2244 29
778 2267 89
511 1053 12
1356 1573 57
1938 2425 96
915 1451 53
404 2350 89
2076 1234 75
2170 970 27
1664 777 53
798 2357 94
1094 285 82
1938 1829 19
1222 2408 66
61 558 30
1895 1234 86
2376 1957 68
1203 2079 25
842 812 38
2066 2167 96
2185 2038 85
1164 100 42
2438 2077 76
1144 772 85
2101 1739 13
1034 784 60
1210 215 41
1548 1826 47
887 234 79
2392 1094 81
714 866 88
2106 1617 92
766 511 98
227 225 89
955 2126 62
745 1374 99
1282 2184 43
159 1487 26
1690 525 59
722 1604 38
1712 373 88
1632 475 59
1076 552 45
931 1135 24
1073 770 95
16 1032 59
2174 1330 44
1297 401 62
1774 921 40
1920 1547 68
428 1125 41
852 1717 66
177 1616 32
1417 1338 80
1439 1483 79
586 619 94
1231 1950 73
150 1580 68
2235 472 46
1044 335 79
2293 1095 14
899 310 91
1959 1303 29
957 944 25
2443 1973 60
341 1637 52
2370 765 81
1228 492 14
2200 1735 74
149 1330 51
498 763 69
622 288 25
39 1032 77
599 1561 64
1189 398 67
386 1493 86
1080 203 29
1895 1842 31
40 2444 20
1689 573 34
63 1685 63
1442 446 69
256 25 55
1332 2239 21
2402 2322 95
2432 2106 87
1956 1465 88
1519 339 35
1876 2384 39
1194 760 59
1590 1710 83
285 2014 91
141 1346 74
1993 1017 54
1826 2267 69
1825 844 45
66 1289 10
638 1073 94
1661 416 61
337 1716 59
1652 820 23
886 330 75
2217 863 80
1876 400 22
2143 1028 71
2163 12 58
2311 146 93
938 2 27
1758 2371 10
969 564 37
2114 2228 14
507 1444 62
633 909 92
2103 1554 81
1996 2411 23
757 1622 25
1677 852 63
1739 2201 69
1307 571 17
1305 1360 58
1019 1340 78
2089 456 33
1369 1867 47
1280 515 64
2367 1482 81
344 1796 21
2069 128 17
109 863 34
1088 1093 86
623 717 57
1883 510 23
2378 2030 83
2347 1006 98
438 2330 62
1794 1429 68
1871 1994 53
1779 1355 22
1437 689 17
2315 1748 77
1430 1709 72
564 1756 88
1486 664 50
2456 416 64
1286 1123 61
858 1549 96
971 1359 20
742 1864 27
1821 992 40
824 436 30
1686 1491 58
2312 793 76
1488 481 85
848 130 36
27 229 98
216 223 11
805 1620 41
189 531 43
715 1706 80
1646 1396 92
1938 734 20
264 745 28
1203 134 66
1508 2303 98
523 486 78
1017 1519 44
331 1619 59
2084 1848 58
1075 379 37
156 586 51
2073 1077 17
280 1901 61
1642 1455 95
1740 1260 81
1050 1609 60
1790 1512 80
1018 576 21
734 443 46
2434 934 72
625 1487 99
1865 468 100
555 849 56
2179 1913 60
1420 1001 75
1014 1153 60
1677 216 78
529 1854 53
911 2381 31
90 302 38
2093 2311 56
331 1722 26
81 1359 74
2301 568 26
1421 357 44
2319 2403 15
464 1574 56
1216 579 68
617 467 92
165 1002 81
1938 1944 29
2186 251 39
2087 1515 67
2384 1319 19
1194 505 35
1294 2223 62
1489 1098 30
1065 2316 24
640 566 43
2174 700 96
589 1535 87
1944 583 92
1522 127 65
115 443 30
994 2005 50
1485 1901 49
190 504 72
1388 808 43
1060 1091 49
1316 358 86
1521 631 20
678 1001 15
609 830 62
480 2193 14
2406 435 90
1290 2078 93
1195 797 48
1429 238 88
1846 1007 41
1874 29 53
1672 1234 61
1649 1788 14
2134 871 100
1767 1701 70
358 937 97
1890 2139 63
1521 1183 17
316 2349 86
849 1893 82
1776 591 89
1260 1292 52
1064 1385 85
1743 1140 22
948 388 25
2361 287 14
2324 1620 98
1570 1853 29
1964 382 97
2234 2148 74
73 2001 48
2038 2224 86
1922 2283 98
359 771 31
255 1945 77
896 870 56
1820 546 91
2402 1500 29
327 1835 62
140 2228 69
236 2240 35
589 2336 81
2314 2149 66
2298 2400 83
1780 163 98
1007 334 28
132 2044 18
1266 2089 61
1485 1214 54
129 1702 81
1357 1656 26
1144 1141 13
131 82 30
1320 1837 70
1425 1442 98
1431 1872 80
1001 2178 56
706 2164 38
1252 576 34
823 1114 18
2106 1354 54
1798 573 73
1685 661 35
996 349 63
987 2284 45
2213 1526 10
1805 55 99
122 2384 42
2206 1755 98
1592 1478 30
2323 2316 12
1332 523 85
176 822 23
1225 1296 63
2109 2024 83
1962 1835 14
1696 1183 30
2227 1470 87
1057 962 21
1173 2072 36
1612 1127 78
2383 1436 10
2184 1830 96
1113 2253 34
931 1840 67
381 1069 100
1810 1785 46
1498 2408 45
505 321 66
2319 1581 64
1591 51 10
913 705 58
1900 1534 93
411 1221 48
403 1520 72
1106 1990 47
1710 2360 72
1472 603 94
1347 2214 24
445 948 97
940 1407 29
2449 1390 86
246 2104 99
2100 1410 56
446 2194 13
927 1362 41
1292 1450 73
1552 1819 46
1525 555 25
1031 1698 34
682 998 54
1496 1303 67
1222 1848 27
2003 1453 21
1989 1327 20
1594 681 11
1905 19 51
2365 798 61
612 539 28
1962 1707 28
2412 928 70
290 269 55
2168 286 60
28 159 69
112 2137 13
411 190 91
1756 2436 95
1026 2076 51
906 510 47
1626 2205 90
2153 1646 69
1834 973 62
1875 2000 65
933 1873 52
18 1343 68
887 2130 26
132 497 81
1637 1049 56
1678 1640 24
2058 2115 88
2315 769 92
2286 2452 91
1276 2289 16
1570 320 67
1210 2131 11
1303 2180 47
1166 766 74
340 249 36
1563 1550 21
1200 1645 52
1687 2029 63
876 383 64
1090 71 16
987 1006 22
163 1975 15
1431 1961 17
255 1193 92
1150 797 13
381 2227 23
1725 1073 56
2395 528 33
1728 1965 32
164 593 11
1711 1233 80
1994 1914 41
83 486 20
2274 2316 27
823 368 14
902 1604 31
158 1673 77
999 567 89
1729 1943 41
502 2324 92
61 1835 89
1873 1456 21
1389 1400 31
206 118 95
1941 1993 76
1363 1157 52
2061 1714 60
170 2227 25
2118 2437 14
1461 750 23
1408 979 24
514 328 33
1286 531 28
1537 1319 68
1773 417 50
890 991 88
208 354 84
1229 1590 58
660 1285 77
1408 2395 32
599 693 80
527 782 11
853 1300 75
428 1721 86
1271 1284 13
2357 873 37
1003 1084 81
1285 1560 88
912 638 14
1777 1058 37
567 1992 98
1631 2320 69
1622 339 82
139 2156 49
662 192 69
388 694 11
2415 2298 97
1106 1370 59
237 735 74
221 40 86
754 1347 24
1883 20 44
213 970 86
808 1246 72
2223 1497 28
681 984 72
1731 776 44
2187 788 10
306 1552 35
1660 1803 10
495 954 70
1199 1501 14
2038 1020 59
691 600 63
662 2248 17
1670 1723 92
1258 799 94
1343 340 80
1293 2175 86
2128 128 79
2377 898 14
2406 386 60
2245 23 43
2415 1179 94
1954 844 68
565 614 76
1400 790 12
588 2433 48
529 2369 95
1332 2431 22
1315 458 29
1656 1563 52
2169 1528 37
1200 1480 43
450 1693 38
1913 1487 10
428 332 15
1633 355 12
556 1859 93
989 2380 26
976 668 22
1378 1916 38
1095 860 64
2085 1795 83
1839 589 14
1312 1046 79
850 61 28
898 1862 52
1289 974 13
842 1021 57
2353 2142 70
1465 1809 99
2046 1784 53
2121 811 51
368 2312 35
1408 1402 92
614 1063 21
1123 1949 15
2398 947 77
1680 212 22
1467 190 59
1017 1497 20
134 189 29
1857 338 69
222 156 69
1098 581 28
1934 1972 43
626 1322 82
729 1589 77
1271 571 97
82 144 26
157 1989 43
88 380 77
2023 340 38
295 285 26
1662 2254 33
1264 135 74
184 891 27
2203 95 82
1901 1010 18
969 2375 23
974 845 63
2310 2415 30
1687 1138 32
515 811 41
2374 1902 33
1248 2183 76
2062 57 43
1791 2219 59
2157 1559 62
134 1124 60
1222 2439 35
545 2374 50
811 1661 96
1451 220 81
2328 2097 80
937 380 64
654 1851 92
1530 656 63
481 154 26
1539 1528 45
1081 114 13
91 2019 98
1282 1430 75
1914 178 29
1191 692 71
929 2170 32
220 315 14
1272 443 13
2156 1173 59
2382 2105 30
369 1087 59
1799 596 95
944 2069 95
121 822 61
1976 521 20
1668 2306 62
1362 1144 44
438 965 78
660 2185 89
1017 1451 34
1305 2009 72
1871 708 19
1358 1162 47
745 1847 33
557 454 52
1369 1457 35
2437 123 29
2425 636 83
890 1069 50
1829 505 20
1639 2327 66
925 428 80
2195 1868 16
1175 1866 77
721 304 78
118 489 80
725 1996 68
1192 535 12
2286 1097 75
1824 1044 98
1457 1085 33
2007 61 45
2452 521 67
256 2242 89
1955 2055 92
785 1010 59
1702 602 14
1573 92 75
1347 807 85
2044 1160 83
241 1148 51
1567 2268 61
827 186 21
750 350 92
1984 1228 73
350 190 26
2366 1928 72
1629 2283 30
347 459 79
1220 2160 76
2193 356 24
248 2075 23
1870 1224 44
1972 881 96
450 1376 53
1901 2277 51
414 652 19
117 282 50
1287 308 43
1101 1702 58
438 1544 22
862 1303 27
474 2342 90
2363 1189 31
49 596 58
2428 1771 71
2039 912 49
1016 2325 35
1671 2436 89
1966 1173 20
2306 1084 98
1066 213 72
2305 1566 52
1529 16 90
472 1738 83
1893 393 23
264 1263 86
2229 407 72
1029 822 24
1518 1113 65
191 1629 34
1996 465 73
2196 2124 100
2234 1776 28
2289 2115 83
494 2387 30
175 359 12
398 1219 68
450 591 43
961 96 18
1830 2342 65
796 428 53
892 1875 31
1605 631 69
723 106 24
320 1229 59
2100 183 36
1327 77 75
2360 1887 35
739 1362 78
728 188 53
1187 203 90
2313 122 87
1986 2181 39
1869 1239 25
1729 2419 65
568 2172 22
587 1345 52
1158 171 28
314 1187 57
811 1760 33
1988 628 65
139 996 96
2309 1641 100
1029 242 81
767 864 46
1886 1904 48
2222 2327 32
278 1073 83
1471 534 87
2338 1735 10
2182 1635 81
695 1218 85
1512 1300 66
1537 534 62
376 1720 88
956 1432 37
1658 2257 31
2361 606 60
2264 868 85
933 1109 34
1450 2301 92
1952 2014 84
2039 2115 18
728 1353 49
1225 487 11
94 1385 88
343 165 12
915 813 72
1132 513 31
1742 2350 59
1078 2368 66
1428 1821 89
738 469 79
997 986 54
1941 2008 83
1531 1645 23
983 128 75
203 736 89
2011 275 96
963 2451 22
937 215 82
272 189 95
1018 1824 64
275 2254 89
1128 603 74
843 1322 75
834 329 15
860 2151 75
110 1715 50
434 2326 60
1704 611 40
1689 1025 29
1082 2357 60
1411 1974 60
2386 1808 87
1489 1411 27
2268 1204 98
160 2441 100
1751 192 73
2380 750 16
654 2079 14
174 44 16
1275 1424 47
2244 1890 86
840 2219 12
1657 1445 82
1907 2221 37
2143 876 30
615 1921 65
532 389 77
457 449 59
825 273 16
1799 103 96
61 1386 25
126 95 79
1754 2451 15
344 222 89
227 526 38
220 2130 58
910 349 46
52 1277 43
2244 1515 89
1233 102 66
58 2089 15
618 987 92
2320 421 50
1454 2145 26
2272 269 84
1468 1321 28
2075 1401 57
1541 312 86
1838 361 66
139 118 40
1524 1043 49
1641 1791 11
638 1833 75
1621 2362 71
1657 445 56
1408 842 39
516 1810 98
2275 552 16
172 1691 88
138 352 67
364 1795 76
95 2407 61
941 1825 65
757 1252 67
1248 1375 41
119 372 95
1409 1269 31
111 2054 60
1578 1531 59
2091 1208 92
515 1638 81
456 2202 51
1602 1812 32
2288 669 96
37 1802 37
708 1793 33
2390 1093 90
545 1012 96
347 1984 57
1859 1078 77
355 1213 51
1171 805 43
8 2150 87
1267 948 33
1045 331 81
337 764 98
789 281 12
690 1046 72
265 1018 44
1237 2248 99
972 468 68
853 475 66
241 2205 23
206 342 34
1678 984 94
639 1484 56
420 2375 100
2354 599 16
1667 961 42
2062 1611 93
1706 835 30
675 2459 93
1331 1653 43
687 1589 85
1367 1192 78
2295 1906 52
877 260 12
1297 1568 49
636 2287 51
950 691 33
2047 2088 70
2258 540 57
709 153 83
2419 551 79
565 193 26
1154 1250 67
1572 1681 18
149 716 64
1951 599 95
1218 393 42
536 2147 51
1405 1203 61
1360 1422 16
1346 749 38
1025 148 66
1531 1404 44
289 2292 69
599 1941 71
348 1741 13
1076 343 72
1876 571 80
1444 792 98
240 450 14
553 1709 10
405 1962 85
2054 993 88
1967 1832 99
1136 133 52
1439 506 31
1203 1560 44
1458 1491 62
868 4 95
1741 1953 92
1856 865 46
649 1569 64
1352 80 31
1704 1542 23
931 1152 80
1433 609 84
1060 2346 45
352 1652 53
2189 1526 73
455 1010 83
313 2137 70
520 377 83
606 555 95
2331 898 87
337 201 97
1874 1507 39
1140 249 71
1716 2089 76
545 2372 58
346 1474 93
1198 1079 87
1357 2119 30
478 2028 97
2408 691 11
492 2124 52
120 1577 30
710 1254 31
2036 1960 34
1622 1156 84
1510 2019 82
2291 1863 81
500 1624 83
1880 234 72
2286 1537 52
708 670 14
835 1590 52
489 1999 38
1479 548 16
375 1517 59
2263 163 10
770 1445 10
101 360 76
900 284 82
2119 1476 96
75 2423 79
1829 2114 20
1517 702 48
865 1709 62
1698 1942 10
2250 329 33
739 931 29
2184 1693 72
1425 77 25
1291 1443 51
1522 1701 20
122 343 69
1079 2067 43
1732 1733 68
1880 758 76
1864 361 34
102 605 89
1777 462 21
114 771 89
11 1691 23
1651 2372 85
1883 443 33
1625 552 100
732 1433 56
950 138 26
1789 2336 36
732 172 58
1080 2417 67
2441 1066 66
1245 1551 50
837 1630 67
81 850 23
1720 165 22
176 2066 67
723 2430 22
2127 2352 54
822 2226 82
1178 1685 11
696 1797 69
1657 173 69
2284 2362 21
2034 1637 69
845 380 25
1589 1960 84
877 2140 95
1343 973 34
272 661 100
2122 546 68
1512 1327 14
903 218 83
20 1419 30
744 1208 58
1369 1297 68
2037 1262 90
331 1586 30
2125 42 12
1913 1209 15
21 2060 48
1440 1058 71
1852 1206 32
1531 1589 72
609 304 83
2288 1422 59
1050 798 83
973 797 44
624 566 44
468 937 65
506 565 55
1221 2355 49
239 1546 95
577 1612 55
1965 1369 92
1764 371 57
1891 123 63
377 2234 58
1181 1783 89
781 1876 34
1657 1408 28
524 1418 34
151 1478 97
2239 2006 22
952 2306 40
1366 1199 69
322 8 70
431 579 48
1389 1720 85
1942 1333 97
1013 1639 82
1270 1399 46
1020 23 86
685 1956 36
1502 166 88
627 2310 27
883 829 27
839 957 14
1887 1979 56
613 518 99
1191 425 77
951 241 75
2039 1613 91
404 1264 32
1503 197 53
437 1568 42
2433 1851 45
667 561 53
1656 763 35
314 277 53
917 2291 78
2407 1479 36
2011 2 17
454 1920 72
2424 1013 61
1588 1642 26
2322 327 64
906 802 33
454 863 16
1995 1280 77
1363 526 27
622 2304 83
1283 1882 25
287 2334 89
412 508 50
377 437 16
1260 2460 98
294 1536 99
1115 166 52
1273 437 67
1683 95 29
1816 442 82
1192 569 92
805 1575 53
882 1943 74
1227 1639 84
989 71 70
2289 345 84
1329 2038 15
141 401 28
998 397 55
712 1233 40
1381 1538 54
2000 862 83
1812 2197 15
974 753 63
146 2184 27
2016 1704 47
2013 437 15
1818 2418 82
843 27 31
357 72 44
363 435 44
1111 1315 43
699 1390 97
88 1167 49
1585 19 20
1972 944 30
326 88 48
1529 2138 15
1634 2145 37
1751 1697 52
1008 804 29
1380 1365 14
2162 1207 24
1545 18 86
1890 524 65
1500 239 56
952 721 60
1124 2000 57
1686 2200 57
1002 785 93
1830 1240 18
2096 1832 24
2365 1581 67
800 541 90
1608 2330 51
2028 766 81
907 2437 83
2038 1245 46
245 1041 46
2423 1940 75
1944 2429 86
1209 334 10
1482 1122 21
2325 741 57
340 1194 43
655 949 36
1743 501 37
573 1459 92
2340 50 77
111 68 13
360 1551 50
2082 2319 61
1294 599 22
282 1369 19
12 1642 82
62 48 16
1243 272 46
486 801 81
1783 301 45
687 70 98
1167 112 51
810 1566 61
678 44 25
1376 7 36
261 2394 93
492 1085 25
576 1308 14
302 2459 86
2124 1824 98
2377 2080 95
872 1503 49
1175 1590 37
255 1978 58
2361 1156 71
973 2248 52
1508 2061 21
568 2317 18
1927 1596 58
1794 342 12
1081 1332 38
817 215 59
1623 32 30
1960 2195 31
173 329 100
1790 42 65
342 220 10
2150 926 59
717 452 60
925 8 89
540 1449 72
1702 1294 98
2309 686 73
2312 810 31
53 1642 29
2039 162 51
2021 1132 90
605 2405 97
1317 837 32
2239 1757 88
1084 30 50
284 831 46
341 2018 36
104 99 39
1682 587 91
2153 1919 92
516 2347 72
239 1262 53
2302 2369 84
1243 359 15
1073 176 58
828 1357 81
2401 246 93
675 146 24
2078 2103 64
1522 344 55
1319 1884 92
1567 1673 36
1045 989 99
1605 1003 63
350 2302 43
1124 69 54
2454 1078 39
659 1801 92
2329 2008 43
1259 1425 70
462 2324 96
2174 1643 91
147 652 40
1126 208 45
2007 139 28
2126 980 30
1241 1843 10
70 781 55
1889 1941 27
35 1667 71
1355 1965 39
316 234 58
350 702 67
2298 2447 36
395 2235 69
1974 1925 59
2000 631 20
596 1987 18
873 1662 92
2064 811 47
1517 361 87
686 1010 44
1380 2336 20
1356 1953 43
1134 1244 68
865 31 87
923 1468 30
337 622 32
299 1833 31
1908 1980 68
1170 2172 88
1788 1902 30
817 585 73
346 2355 99
1886 1827 49
78 1575 20
2181 1076 40
1250 2184 94
47 1090 100
71 1037 58
51 2066 90
1896 421 59
1955 1209 99
887 1447 12
2049 2350 28
616 308 81
2414 350 96
208 2240 94
1624 1027 79
1889 1076 72
2266 1564 16
1929 1967 76
1644 437 36
1318 1137 87
2373 324 76
2407 1695 96
1962 1076 42
1286 1425 96
1042 767 53
1818 2377 73
342 1598 41
279 609 89
1804 0 80
2411 1692 44
18 1890 40
1108 1314 31
2295 2080 67
1028 1813 95
915 1710 78
1653 21 44
544 822 51
1155 2020 16
1549 600 82
1759 1585 48
829 895 96
647 293 23
2315 1678 83
1158 1699 69
1025 80 78
1459 2409 84
2091 1621 60
1552 1773 11
470 407 12
557 453 57
1543 1970 42
1340 2121 46
736 1122 18
1470 834 20
1503 1820 12
531 1533 70
1962 661 35
2256 1422 88
1991 935 61
116 1946 68
269 171 14
2458 1804 60
2281 826 93
1640 2427 79
1973 2068 88
1646 866 32
680 316 33
1899 497 78
2120 786 70
156 2001 94
2408 1184 36
2035 41 43
728 614 85
2406 30 80
1541 1511 71
856 1834 71
1341 1198 56
304 846 84
1587 740 39
2372 2181 24
329 270 52
406 1572 85
785 1661 30
302 496 97
1675 212 43
712 1774 85
1791 1640 54
365 2323 87
1555 382 57
2413 1496 83
1118 799 85
2405 2104 12
789 1793 86
60 1818 57
1893 1862 83
1197 1117 21
2162 589 63
44 7 69
553 923 32
1427 1211 90
1899 1152 70
1575 837 83
2133 2279 24
531 1103 85
1929 1360 17
24 1754 57
627 1269 74
504 1008 59
1082 2393 18
22 1522 85
1316 506 50
1302 2379 80
1409 894 60
1485 1482 77
1955 325 18
1131 1056 90
2270 488 88
1528 295 49
1232 1296 98
1664 1929 72
1906 1305 51
1616 1465 57
2247 1264 91
1388 2037 24
1361 244 64
1526 162 73
1947 1485 91
969 244 39
551 1599 59
2286 2306 79
488 1299 13
1755 57 43
1622 245 77
952 784 58
1057 252 30
1915 566 83
1771 1092 59
599 1583 21
649 651 92
864 217 11
1991 1540 48
2436 1499 54
366 1901 17
2291 1344 52
1579 694 31
466 1031 73
871 1504 26
1667 1321 35
2397 40 97
1833 1008 83
1846 649 20
2192 1979 25
1847 1829 79
1403 1373 37
874 196 72
2262 586 49
365 1363 49
2093 804 65
2443 2119 28
518 1811 92
2284 446 97
1798 1240 63
1268 2138 23
1359 526 99
67 163 89
114 1871 54
737 643 99
126 744 12
1660 406 24
381 388 45
2291 546 58
268 171 71
1462 706 90
334 769 70
964 772 13
2405 2099 64
1180 1697 12
2173 2069 81
1689 798 10
1763 1741 18
309 2125 47
2057 896 79
2145 494 100
2049 939 40
1795 2108 62
621 1477 65
882 1839 23
1600 2204 65
1831 546 69
424 987 79
2394 1058 68
1008 904 61
1292 578 63
1017 126 99
1730 2281 14
1251 900 58
2419 2134 56
767 1538 51
2210 2414 21
2034 1686 92
1441 1001 73
2021 95 89
550 619 80
1266 1278 69
714 1888 64
2459 1796 34
851 1565 97
791 1342 94
1555 1258 52
707 2432 44
212 1617 50
1514 890 35
1620 1672 16
706 2034 31
2121 2241 12
428 794 40
1184 1193 61
241 1508 35
2360 1589 82
1235 1074 15
1584 2036 13
1004 785 61
2240 2379 85
731 2240 92
1722 952 62
1574 386 38
1300 1697 67
437 651 71
486 2203 87
1201 1899 24
850 218 60
2435 2233 33
2171 531 46
1630 229 91
1840 393 47
118 757 36
624 869 22
1660 693 99
45 16 73
2016 1436 48
373 1903 48
1066 2377 98
1724 425 45
1498 1632 32
576 2008 76
1928 1188 94
566 824 68
2223 1011 99
459 1219 45
467 575 72
199 1711 90
610 1559 89
1997 2058 56
1770 1573 95
1635 1704 46
656 1392 11
1457 274 87
2038 1357 55
862 1274 29
459 1838 33
2068 1637 34
812 535 51
1712 1993 100
1906 700 76
326 1995 84
238 918 91
778 1150 65
386 2191 26
549 2111 86
1422 1793 19
1978 515 65
144 338 62
151 285 93
1044 1659 42
1829 306 60
306 935 98
1227 661 61
1679 373 28
2236 2110 78
1457 2040 32
1800 204 34
2076 894 83
2025 1128 43
1651 1417 22
2281 2308 23
2264 1211 78
2249 59 48
1992 1510 15
197 917 42
1396 420 20
498 653 21
22 2038 37
1639 2410 53
1540 653 17
1377 1417 21
1665 846 56
1509 1567 19
1161 1299 26
1323 69 47
1141 619 32
1047 1265 36
1861 1623 51
1320 1090 100
147 96 45
1557 1009 95
1196 1122 83
677 1328 84
2041 1075 91
1683 2073 15
655 818 43
2309 1961 55
231 2430 65
683 2015 52
620 2230 77
870 1884 23
818 12 76
79 1211 36
527 227 73
2287 2170 10
905 1027 93
787 2031 64
1874 1750 37
1048 610 49
1525 76 56
2157 1636 70
2363 413 82
701 1353 99
859 1083 92
2273 1731 25
2309 2205 55
53 250 50
2163 1372 26
89 1706 45
1497 999 33
2227 2374 85
1694 2282 95
2237 444 70
102 1383 62
739 742 30
935 253 11
2310 1437 75
546 1304 64
2062 1337 42
2386 201 13
1556 190 60
677 241 61
1357 856 89
1827 1156 23
