1117 7111
343 302 62
605 236 11
185 412 14
289 380 90
314 472 38
164 283 48
43 576 13
79 1110 33
197 979 28
207 1096 31
1082 152 67
389 418 16
99 1050 95
754 734 47
318 592 18
496 725 15
90 466 52
217 745 12
541 829 96
1101 463 69
715 428 33
73 503 67
297 468 29
380 341 77
370 899 22
894 1052 56
357 213 12
813 697 95
698 293 50
534 207 46
288 845 90
819 376 56
830 74 77
103 692 38
284 1066 21
373 383 19
523 330 63
796 504 73
679 601 46
260 677 94
503 1069 25
168 300 47
618 568 16
533 708 76
787 213 32
773 266 66
626 1031 93
1090 559 58
7 459 64
171 92 83
504 639 99
1112 160 53
164 562 100
388 509 75
825 560 56
634 153 54
830 186 53
627 925 30
375 293 54
171 902 80
745 129 49
325 946 11
967 633 64
574 772 23
812 997 71
753 29 13
34 392 37
597 113 10
176 430 79
798 590 61
742 204 100
207 857 74
403 161 55
649 435 87
776 219 38
126 791 30
863 282 19
56 729 25
688 448 18
105 429 82
603 584 63
394 906 20
928 782 29
393 101 66
388 121 30
83 350 93
957 880 35
291 391 96
903 336 67
105 1043 67
1079 633 51
740 561 91
1083 144 48
57 937 55
861 842 37
285 906 81
754 790 71
267 752 95
18 1101 44
342 962 36
278 196 58
579 150 66
600 471 40
77 726 37
208 55 51
286 386 49
904 152 28
538 895 35
1089 1035 17
76 352 35
84 537 24
637 133 65
141 15 22
604 5 86
70 982 51
617 967 49
289 877 68
1102 672 32
259 832 25
244 192 21
66 620 46
160 986 45
754 16 47
891 199 76
1055 321 81
555 1027 95
872 1094 99
630 654 21
1038 453 97
222 357 15
488 676 86
269 330 69
314 198 76
1005 754 54
700 511 31
1091 457 73
765 225 61
358 646 72
650 278 19
347 563 35
1051 2 80
808 831 61
199 955 93
325 235 14
420 782 29
1057 727 85
326 236 77
404 196 39
695 42 21
481 818 86
235 80 55
249 359 47
878 638 29
791 868 14
627 41 40
1009 276 94
31 47 40
25 544 53
570 244 38
303 860 15
680 456 47
525 776 33
586 975 16
1095 950 91
651 778 50
780 399 74
929 374 94
95 692 43
362 959 37
48 809 30
797 355 42
767 599 45
82 487 99
1004 180 73
130 892 17
883 599 78
1085 443 81
8 713 63
963 622 97
845 468 61
861 1073 22
150 184 82
527 338 43
410 217 36
775 473 20
43 242 56
468 415 73
75 1038 27
323 1086 45
1112 931 75
271 573 13
953 232 20
594 174 31
24 535 71
1032 891 96
668 5 99
654 848 71
748 155 82
547 646 91
432 786 15
828 453 39
712 971 47
614 754 81
839 786 97
578 470 64
646 852 89
721 239 70
128 651 94
144 906 96
977 981 75
51 550 32
70 246 68
177 336 15
1041 437 71
142 15 48
714 101 55
168 108 87
862 222 55
791 970 97
47 1016 96
242 1091 76
738 539 14
66 887 38
439 56 69
956 202 45
530 156 69
456 401 48
204 57 92
667 803 59
401 89 86
817 564 12
65 1017 50
769 566 83
397 854 24
632 263 40
411 712 48
181 546 23
810 818 98
624 844 86
938 242 11
360 27 81
384 110 69
727 161 59
870 830 33
910 54 14
291 71 80
967 268 19
264 88 70
329 525 74
434 446 73
369 1099 92
562 1044 50
895 179 89
116 773 23
527 532 21
362 484 24
1109 228 22
692 689 23
384 143 97
832 54 89
153 945 82
368 1022 10
370 966 61
244 193 97
736 388 80
1028 38 87
1063 620 66
316 723 95
745 711 12
1104 933 18
594 373 84
591 807 12
931 1076 83
939 128 42
1035 379 43
337 266 74
728 387 18
606 50 75
400 452 22
896 413 85
667 46 37
195 780 39
186 986 49
113 531 68
999 685 10
396 319 85
749 39 46
966 813 18
475 842 70
1037 103 56
537 668 34
1048 558 70
216 38 23
671 973 25
930 1012 38
457 830 21
550 950 45
24 555 93
278 548 93
179 502 34
558 389 40
729 790 29
342 517 86
399 476 56
105 1064 57
188 793 36
485 74 11
537 367 94
917 396 91
124 177 46
893 682 42
152 740 19
640 392 39
159 1114 92
695 794 39
763 787 85
670 1031 30
645 600 48
680 666 82
549 349 81
372 131 38
837 594 94
532 864 38
497 208 95
915 758 31
804 233 11
803 1083 81
965 346 96
605 295 68
502 962 89
455 251 42
1016 289 31
1021 755 77
604 946 38
175 1041 47
175 174 13
706 275 95
442 289 84
720 668 64
750 741 48
61 710 51
46 986 35
848 202 51
589 704 36
1098 913 93
319 920 26
491 318 91
393 911 61
275 976 75
861 254 39
229 820 20
71 1099 41
1065 506 31
411 1091 91
792 145 24
785 347 100
778 909 93
1032 300 76
1033 221 50
545 389 49
1022 881 70
604 7 90
623 1064 87
1103 1045 82
840 496 85
583 864 12
601 779 63
797 361 64
271 869 92
624 725 63
894 984 41
962 1101 93
897 368 34
1002 1010 24
1016 159 22
778 1030 43
1107 351 53
997 1028 83
634 853 28
294 346 71
478 461 85
596 572 32
271 830 62
422 462 19
985 644 13
87 160 14
45 876 58
126 1103 72
1094 298 50
368 314 96
376 366 39
70 440 70
649 562 31
990 469 55
701 436 21
221 666 35
429 573 47
61 1070 50
445 520 70
854 45 75
517 1039 10
607 966 42
334 739 52
669 572 46
699 467 85
1062 565 42
739 328 93
1091 615 72
798 252 58
191 704 35
641 987 10
986 174 95
1025 1068 61
782 1073 70
492 639 95
41 1019 19
689 278 24
164 989 49
316 725 55
928 1075 51
614 913 92
704 1062 18
851 275 33
439 491 87
1046 484 79
16 623 54
401 166 69
38 3 100
134 63 25
1015 339 41
919 547 87
179 807 11
1092 582 66
242 1115 51
459 239 38
144 177 80
983 321 39
880 610 78
789 825 45
614 543 49
670 43 88
320 128 62
0 324 76
1069 179 14
259 265 46
1063 763 89
401 1106 76
296 11 13
663 1087 89
964 305 14
640 498 57
426 6 71
546 61 87
798 1091 32
394 658 95
922 94 21
776 842 29
459 259 24
1058 267 37
933 739 55
1023 739 21
481 196 82
1098 298 70
1047 663 17
711 975 38
198 317 55
1015 1079 88
851 553 74
422 506 33
247 790 79
528 43 75
938 1038 77
363 512 38
1101 1114 85
278 536 65
78 805 96
886 40 37
307 443 84
935 1063 11
788 616 18
195 586 43
410 925 61
686 230 77
389 1009 97
845 520 75
595 846 12
376 233 76
791 428 91
906 268 39
333 789 70
717 100 21
591 875 42
848 32 69
222 856 93
520 883 55
463 801 85
863 476 60
79 629 74
977 581 61
438 1089 14
729 346 21
946 960 26
773 843 47
886 296 72
301 489 45
468 136 17
486 627 11
141 1015 71
638 384 88
558 801 24
406 303 27
53 150 21
81 999 26
745 1002 25
506 891 12
550 1116 52
798 296 89
627 969 25
868 1014 80
25 47 46
456 422 28
555 579 54
143 187 76
171 729 39
578 498 66
1049 660 94
644 218 91
672 804 66
435 358 65
270 1094 72
644 540 18
863 752 43
995 915 50
27 370 93
620 346 52
723 873 61
283 760 87
1076 276 26
249 329 64
126 396 40
958 929 24
238 879 77
988 98 78
599 1109 55
35 1083 53
252 601 46
680 980 54
795 30 50
616 567 55
577 115 17
955 731 59
111 1104 50
25 571 58
626 639 41
870 822 58
416 329 73
94 541 27
785 178 85
816 471 100
648 55 52
854 520 43
733 301 27
411 634 96
1109 808 23
519 862 12
192 198 67
993 968 98
418 623 26
406 763 88
277 903 100
708 859 57
521 618 66
879 723 44
1018 211 12
605 487 39
352 156 48
483 988 15
292 874 38
983 800 100
484 1082 97
496 1003 46
869 37 72
850 325 38
640 483 99
394 847 12
535 668 25
875 6 24
868 926 34
231 1001 33
139 160 16
14 72 41
534 374 19
438 245 37
649 451 78
801 861 85
242 959 29
615 781 39
153 610 48
477 374 75
973 299 77
963 153 53
755 306 79
494 1085 67
86 23 18
481 470 18
1016 118 74
342 186 14
586 699 77
146 161 36
95 97 73
873 420 20
446 680 18
351 359 32
617 169 42
983 462 57
162 317 51
561 317 44
40 158 29
672 1082 60
57 626 32
1103 414 29
455 158 72
399 151 21
666 846 74
991 635 100
159 793 25
736 481 17
753 947 12
412 827 18
580 265 80
227 51 75
864 677 89
861 1070 52
721 741 95
854 424 35
593 702 92
313 559 91
486 328 67
454 634 67
266 668 62
936 213 31
380 149 55
267 137 59
206 941 22
386 1099 33
243 612 27
817 1096 99
865 238 10
1023 818 68
148 132 63
940 291 30
536 1030 59
197 895 92
335 977 91
904 171 74
598 158 37
318 879 98
336 439 54
1116 82 92
539 600 37
734 35 31
898 223 97
681 987 74
284 446 25
411 296 63
833 192 37
100 395 56
345 127 78
832 1043 28
414 688 52
909 869 13
1004 306 56
821 445 10
1114 230 62
995 1054 87
951 646 95
357 1111 93
568 849 67
953 836 42
301 719 87
817 560 90
130 579 64
136 374 61
661 952 22
414 61 94
351 79 22
436 428 23
772 402 23
440 221 23
855 982 27
847 12 65
381 534 66
723 675 67
941 484 89
232 250 62
761 256 46
289 69 77
423 41 24
498 201 71
867 125 91
1108 656 18
507 309 91
614 265 43
421 991 32
632 879 74
639 906 23
570 251 39
575 714 85
268 970 81
622 280 34
379 931 40
392 790 74
1089 435 93
903 985 73
93 749 61
56 885 15
423 487 61
543 459 83
1 58 78
548 828 75
1096 1058 22
716 561 62
23 129 62
19 214 72
726 338 49
146 672 70
173 165 25
760 705 23
102 213 39
690 343 80
641 662 43
1 740 56
92 412 35
650 666 31
216 696 76
57 507 15
985 991 12
9 87 98
211 756 18
1116 390 57
245 588 84
809 956 68
916 324 45
482 603 33
198 728 16
40 749 17
807 265 52
939 576 82
1107 496 98
913 1041 64
496 80 13
351 812 96
231 455 100
957 446 92
1062 40 43
1077 1093 93
904 243 84
491 665 81
787 701 86
700 354 93
133 738 23
396 510 43
364 873 43
319 922 51
753 838 53
616 832 53
179 15 28
660 887 96
481 469 55
279 686 21
949 214 54
807 447 75
907 44 21
717 599 47
748 314 74
664 8 20
941 702 98
966 464 83
388 546 16
170 873 39
47 751 13
602 68 80
2 503 90
979 910 43
723 426 42
947 352 76
140 290 22
350 668 26
929 878 28
969 881 22
14 1091 16
1103 690 25
816 556 55
986 1083 43
613 951 48
382 814 40
1110 436 88
1094 1070 87
570 739 40
389 551 65
908 316 92
260 646 34
240 554 93
1008 724 32
617 792 85
588 251 23
210 537 68
762 489 61
562 667 18
466 434 79
386 462 42
453 564 61
438 1006 62
716 690 16
722 469 51
150 367 15
830 2 48
238 377 93
1068 673 88
419 156 11
66 689 12
227 518 16
215 977 62
290 714 41
71 490 34
319 192 20
678 841 37
119 584 85
58 820 96
189 242 28
330 378 95
517 760 33
296 686 76
221 772 16
410 721 65
904 215 38
560 964 57
393 1031 25
524 202 27
636 324 67
448 969 45
325 740 97
889 344 71
888 951 11
214 1086 99
44 6 48
459 570 61
5 255 13
358 139 61
564 601 29
422 437 60
590 17 16
591 651 92
657 392 51
61 214 35
88 425 21
943 627 83
755 512 98
848 409 44
398 695 64
442 293 61
635 799 54
867 917 33
639 715 76
1037 129 17
111 779 87
905 720 38
420 324 68
247 640 54
7 108 38
926 612 22
146 1093 53
599 1058 49
145 171 52
751 672 29
788 794 93
835 967 91
1021 944 33
675 1070 13
834 709 55
240 147 23
462 235 86
62 73 97
259 1111 37
1068 1083 11
87 788 90
797 248 60
514 396 28
770 681 88
34 333 76
20 171 47
85 597 45
329 10 85
369 789 82
460 936 48
453 499 87
1072 37 41
616 122 76
1027 946 85
741 835 69
1022 878 83
798 122 16
603 988 94
1079 243 44
1035 817 79
1085 1066 79
764 44 14
422 1034 71
81 563 64
105 297 89
31 439 52
584 899 40
1038 156 29
36 1086 97
250 783 53
430 470 59
1011 478 39
40 925 55
805 387 85
581 432 95
932 809 39
282 578 48
1007 139 86
43 900 77
133 709 13
1007 192 87
441 772 98
264 899 90
452 914 77
210 318 99
986 1068 21
694 1114 26
507 393 69
189 660 37
850 400 69
38 759 21
732 156 55
1069 796 96
369 964 37
794 645 100
18 198 90
700 542 89
807 132 31
1009 642 11
11 687 88
162 982 54
338 811 41
205 444 68
346 78 54
759 476 24
1094 481 14
72 363 30
655 956 24
1027 776 64
470 779 50
1037 937 92
631 223 27
1066 741 31
842 143 37
887 1017 95
379 731 63
737 809 98
927 262 31
613 317 56
128 778 47
129 883 38
937 595 42
48 605 81
608 1100 36
722 786 44
1038 805 43
475 168 90
472 9 64
612 817 30
270 32 14
127 926 27
758 312 50
670 1102 95
400 213 89
518 131 64
1082 597 56
332 1112 84
1001 958 84
558 812 89
67 35 56
422 553 61
129 239 33
642 143 77
183 1050 45
520 388 39
879 1043 23
639 351 48
442 323 68
408 984 13
502 455 32
299 190 26
457 543 21
457 320 33
408 517 31
603 969 85
1107 1025 49
369 539 47
1058 573 81
173 413 41
325 700 12
386 1085 29
917 855 56
380 128 43
742 319 47
138 388 61
31 680 96
210 176 33
1090 454 92
119 233 67
479 444 23
1043 975 73
400 607 48
994 327 90
652 719 49
167 1058 82
799 326 47
861 576 51
305 631 27
829 474 61
854 955 26
733 549 40
470 1111 79
591 808 85
568 1047 27
542 574 42
574 545 97
845 409 23
897 441 19
12 794 44
280 687 93
984 795 36
450 927 84
844 114 14
28 87 64
857 729 36
762 494 87
601 912 49
25 797 98
522 557 26
1018 856 85
982 829 93
375 266 38
778 95 78
513 523 30
951 989 46
588 443 60
413 45 69
156 1021 40
851 359 26
483 980 28
122 672 92
425 276 45
1107 1055 47
794 138 71
724 263 91
921 961 27
981 210 15
1077 484 98
641 427 69
554 753 31
119 379 53
747 1024 67
941 714 53
111 550 36
209 868 56
386 712 26
355 499 89
395 646 33
115 388 90
1109 290 86
870 1037 52
718 157 22
223 1002 51
94 433 10
0 279 40
689 197 14
381 846 82
579 77 64
32 611 31
356 2 10
592 145 98
923 1002 78
380 579 72
122 1012 45
986 1023 74
54 737 35
484 460 87
322 209 20
222 198 63
541 811 97
90 23 57
504 1037 89
456 145 44
292 969 20
167 44 62
339 352 20
648 550 11
244 482 69
781 290 14
264 4 35
756 989 63
258 592 63
923 661 82
10 653 40
685 330 40
675 376 68
202 258 75
1088 762 12
467 901 100
478 624 49
1066 815 68
930 158 70
5 331 17
720 394 95
332 484 24
711 360 34
583 1102 81
409 691 31
686 995 26
1051 727 62
548 343 73
342 953 67
354 974 61
519 975 27
318 838 76
361 1107 93
970 252 99
261 103 12
64 338 51
575 261 26
862 470 50
144 864 60
130 970 58
826 228 40
776 739 66
587 127 40
560 819 72
144 337 18
434 84 96
308 109 16
128 976 61
586 776 55
691 263 22
105 557 88
1089 285 35
554 1067 58
1015 459 15
524 1062 43
341 699 60
594 871 33
249 72 72
481 595 29
747 408 61
232 10 48
376 892 34
779 1092 92
684 745 47
329 431 15
793 1041 23
1112 70 25
711 713 75
756 81 16
864 208 54
623 793 17
137 48 26
90 43 63
202 287 40
491 1009 54
420 825 88
853 753 40
380 756 58
836 493 55
386 252 82
673 441 92
366 903 79
141 1076 45
297 101 78
201 74 85
741 86 84
535 522 82
42 599 91
700 540 55
796 204 14
927 801 35
903 691 44
560 553 11
688 210 21
607 918 41
185 576 43
226 481 98
327 739 44
1005 180 27
300 273 69
472 1053 51
828 283 59
159 822 54
421 475 36
954 953 14
701 615 98
984 749 96
880 275 38
46 11 85
1105 555 68
784 932 83
504 811 45
937 248 51
530 476 22
463 3 68
698 276 29
946 878 45
845 435 100
1098 23 10
756 747 62
36 523 16
896 1081 70
391 323 60
283 647 83
405 421 12
1106 393 42
99 1102 35
939 778 72
433 1083 46
1071 504 99
878 987 64
624 209 58
1095 991 32
592 917 46
836 1074 90
548 645 15
373 1013 55
160 284 64
555 1045 51
808 668 96
521 824 42
753 1009 38
158 983 38
736 835 30
752 1073 17
196 1033 89
987 245 56
773 113 64
919 141 91
597 522 11
289 220 62
827 1026 10
425 583 29
8 210 46
893 200 45
355 778 63
1051 932 83
346 1050 62
990 510 18
486 362 26
190 997 67
466 1095 45
359 335 93
799 12 85
1023 221 90
929 306 85
1100 471 38
694 964 84
105 69 55
182 474 19
152 634 35
146 556 24
709 634 98
111 1051 38
294 124 44
793 864 24
876 995 84
795 789 92
522 552 88
657 274 31
341 963 12
141 888 15
366 733 85
60 324 58
299 377 66
1074 914 52
528 204 20
837 285 78
342 190 33
43 597 27
511 688 73
244 582 52
478 517 86
486 1001 30
574 599 10
910 947 96
409 650 35
504 887 35
3 899 91
822 621 84
704 251 92
335 892 44
155 1056 74
567 48 25
134 583 91
977 260 49
1020 119 38
676 360 69
937 927 10
542 729 63
1079 54 40
189 69 56
332 525 94
698 307 10
790 484 65
1062 407 91
1045 1076 63
41 265 19
743 37 34
289 871 92
427 1081 85
1115 288 66
73 889 68
709 957 42
790 707 22
910 67 72
180 565 34
672 163 63
147 612 56
1026 359 78
24 526 22
134 1089 23
269 577 44
474 192 51
851 406 94
412 966 100
630 674 84
64 1067 100
900 808 75
710 1038 32
118 87 69
720 136 11
496 643 26
923 652 52
1103 125 52
939 96 14
248 81 48
487 964 52
84 1048 24
37 263 100
1111 16 85
969 1004 62
23 51 21
654 1008 23
1064 770 33
766 662 18
682 452 33
343 297 61
150 181 100
446 406 45
318 260 58
161 379 100
581 646 29
607 347 20
1074 646 95
919 715 98
943 214 87
685 130 80
793 926 23
754 286 85
101 519 78
228 620 93
312 612 57
314 121 33
666 253 55
910 357 90
245 373 69
603 141 49
221 116 56
620 297 15
1031 1020 57
1063 603 33
751 748 54
828 804 85
616 384 65
247 867 85
653 465 77
569 33 77
379 321 10
747 0 88
672 701 78
802 297 56
116 319 41
795 427 15
174 134 50
790 418 36
897 730 43
132 738 94
333 1080 95
675 666 68
53 66 46
1103 780 53
752 27 29
567 405 27
481 197 56
129 533 40
1086 921 50
606 78 91
388 911 92
635 393 95
623 106 30
903 631 14
941 717 38
578 560 40
335 879 79
408 454 77
808 1048 82
34 688 62
932 461 31
638 973 45
351 83 60
551 379 39
561 190 41
434 575 49
250 807 39
557 991 98
914 842 81
706 344 16
163 531 95
878 633 91
996 233 18
998 147 33
679 555 83
690 858 63
50 320 25
446 575 66
412 813 88
157 413 12
540 470 45
365 131 13
728 644 15
232 918 79
926 986 28
300 442 99
287 692 11
120 233 97
873 426 30
117 347 96
793 40 26
836 1073 12
714 11 87
657 584 79
641 261 32
79 303 30
555 113 52
903 18 27
922 702 78
1091 339 10
1052 250 52
759 238 57
148 526 88
83 470 34
782 797 39
919 267 90
9 294 29
183 700 18
1022 308 15
392 477 97
798 563 35
130 1046 68
41 717 84
139 330 93
764 359 59
639 300 22
68 1075 67
283 41 29
541 799 91
767 1078 78
96 296 37
701 995 52
1027 805 69
713 753 83
210 238 26
255 1055 45
929 514 51
568 400 56
65 1051 69
347 504 32
4 804 23
807 948 68
1011 301 46
928 822 52
53 1046 92
100 650 53
1061 488 96
604 602 98
140 1005 71
531 508 78
1039 529 25
1033 822 77
257 213 97
268 218 15
790 367 67
44 852 18
639 226 33
317 695 34
1061 946 52
441 295 87
209 921 99
815 44 12
187 224 77
390 674 78
688 6 92
313 173 39
172 839 26
942 723 26
715 1002 93
153 450 38
391 279 97
234 761 76
371 736 20
705 365 70
283 955 56
864 175 36
494 1094 85
439 986 24
295 538 52
319 438 53
1066 868 11
502 802 16
464 498 82
442 1103 39
195 738 99
379 889 15
573 326 22
426 20 88
354 985 17
503 153 79
585 1115 43
582 370 54
336 813 11
115 343 64
465 641 80
591 592 27
722 999 85
870 607 16
96 597 23
980 1024 48
621 225 66
431 753 66
806 1092 74
23 656 26
966 535 48
310 533 93
549 816 34
1014 717 89
393 268 67
101 106 41
644 624 17
665 898 66
58 672 96
502 213 43
1096 344 14
1039 324 61
11 368 42
155 608 26
176 41 72
793 151 49
1064 942 57
169 213 16
854 1059 11
866 907 94
178 435 14
914 63 55
199 334 38
432 505 98
110 426 60
425 429 41
719 897 29
183 569 55
130 195 20
822 1021 30
1052 551 98
590 230 27
318 625 99
203 545 31
260 764 34
137 237 18
32 827 20
283 6 77
319 695 29
1116 624 52
67 870 49
793 763 68
1057 568 40
211 327 46
521 186 21
1009 919 67
637 435 98
18 406 41
876 63 69
225 533 27
586 1043 59
39 573 54
530 870 24
781 236 98
883 558 58
321 262 74
530 398 74
854 922 41
631 348 72
569 876 38
912 983 17
138 630 46
437 918 89
464 449 79
326 275 99
952 829 56
426 256 35
513 688 80
400 294 88
696 478 69
548 239 87
525 920 67
612 1023 97
646 709 77
614 9 17
168 947 21
859 436 50
455 622 70
112 965 54
993 182 96
659 205 53
634 581 34
397 493 42
800 646 27
549 341 29
157 1065 36
753 646 78
1096 129 32
794 1111 28
435 552 68
122 166 60
158 800 57
994 389 61
896 956 52
666 850 69
190 407 92
794 38 40
516 85 56
483 84 19
664 519 69
185 68 71
816 377 51
431 657 33
893 169 86
203 702 40
37 739 54
797 636 31
1048 743 30
751 922 28
93 206 54
567 1006 79
122 779 29
916 624 45
890 322 48
478 506 17
504 444 36
369 224 49
348 791 89
856 358 21
491 29 60
628 894 54
697 201 26
739 823 54
718 368 32
662 951 66
632 1095 28
1002 363 47
796 997 97
444 868 54
192 826 81
44 123 32
466 790 98
721 618 59
695 359 29
687 108 35
468 1008 42
970 441 61
1091 1044 84
633 1087 77
178 309 65
57 737 52
190 587 34
428 182 29
201 907 12
311 723 85
244 399 52
978 366 29
152 505 34
167 212 55
345 822 66
135 458 27
733 682 39
985 466 43
260 418 41
294 149 43
921 1114 76
538 626 71
462 908 11
1093 56 74
312 1114 75
446 479 59
959 3 80
626 1079 11
739 1005 50
882 472 46
619 923 27
365 240 24
410 656 69
602 1081 37
683 827 56
584 441 47
709 779 95
133 551 99
896 224 71
579 593 27
922 490 73
124 754 48
149 954 22
613 809 54
177 638 57
140 148 43
726 563 81
914 672 54
569 634 55
217 1075 92
576 1078 40
337 770 59
194 305 52
794 500 44
1055 663 59
868 305 80
695 726 79
599 72 83
292 40 97
1076 621 42
891 330 83
425 955 34
197 396 25
928 411 14
331 122 83
606 403 14
574 889 50
552 960 64
31 599 13
618 797 85
719 512 27
915 361 49
153 33 94
583 436 27
776 264 42
801 864 100
607 442 20
636 406 70
730 117 62
670 1015 57
1080 481 36
999 467 84
73 235 23
396 416 77
1006 998 24
167 215 46
100 173 22
492 176 71
446 859 77
907 136 73
661 526 48
45 937 92
751 79 23
287 801 22
330 855 23
289 416 30
819 284 53
763 1078 90
437 736 38
510 1083 67
829 439 12
342 403 76
102 48 69
805 562 31
656 385 87
1114 614 90
277 630 60
1085 662 30
765 608 74
476 961 25
289 532 89
45 361 72
600 791 13
295 684 36
450 79 84
563 1040 22
1059 743 90
446 743 12
807 589 96
506 68 85
893 353 70
605 145 20
841 1012 75
524 366 61
446 385 38
801 447 10
522 38 25
990 822 49
560 420 18
115 959 48
954 1094 34
335 1011 80
514 866 61
137 79 82
492 693 59
634 155 32
642 826 86
990 801 70
881 1042 57
720 758 53
642 668 94
813 1035 40
764 825 70
772 813 13
966 881 84
578 235 22
984 722 94
410 1082 45
459 577 33
71 493 24
464 1073 80
413 678 28
924 728 46
711 197 20
262 989 58
1045 574 99
695 961 61
129 595 48
630 637 74
669 426 46
477 892 40
541 828 18
537 280 83
614 646 38
757 979 90
727 84 55
134 321 95
785 196 10
951 287 38
842 1026 14
1007 1055 82
345 913 44
809 1024 48
820 410 97
752 318 49
478 825 62
121 1046 81
518 832 65
473 644 25
47 599 46
1085 321 13
651 995 67
571 3 83
323 1100 29
908 284 89
659 257 57
972 599 97
834 280 21
131 748 66
1078 32 25
402 76 76
418 429 55
935 57 53
1098 613 69
296 786 22
705 990 76
286 612 29
59 75 74
819 396 85
100 755 77
1005 250 45
162 376 97
794 324 93
771 218 76
842 397 18
452 355 56
410 920 17
955 592 21
379 64 63
313 954 98
335 69 20
791 114 99
196 998 21
34 256 83
71 232 14
868 783 24
430 488 57
653 742 30
548 904 32
494 645 36
349 771 39
80 941 18
3 235 71
1018 325 60
1023 497 66
245 239 38
216 596 44
233 689 92
850 329 46
358 6 52
592 613 54
1010 659 86
119 259 70
556 517 15
640 1113 36
103 555 62
505 888 44
383 821 15
1037 270 27
505 479 43
469 748 41
136 961 97
491 664 78
458 1046 93
629 958 87
393 192 47
344 765 10
303 795 71
1034 67 75
393 247 26
430 224 74
773 672 41
382 707 23
900 203 75
27 965 16
844 567 38
492 15 38
417 57 16
1012 629 57
633 791 90
313 882 92
27 1008 77
594 948 48
868 861 15
384 409 33
34 830 11
576 925 17
586 167 78
450 341 71
1022 79 73
695 161 84
220 85 42
367 880 58
129 890 66
112 296 87
142 808 26
595 1071 49
625 530 57
586 494 44
217 1003 62
422 41 38
104 969 82
784 277 81
928 459 59
737 957 47
110 935 50
494 331 74
513 948 72
833 896 48
19 269 44
459 172 33
682 1114 62
1047 146 22
988 611 34
93 291 48
285 348 62
1089 372 61
5 942 99
415 721 25
412 446 51
207 1098 54
466 786 50
555 645 15
102 809 12
291 321 28
1019 551 80
64 34 20
558 524 61
834 95 28
328 271 42
77 752 25
143 334 32
253 44 13
287 739 72
42 387 90
327 812 38
200 1021 51
987 908 77
642 190 28
37 634 45
831 679 90
233 929 39
473 52 63
1104 302 18
1039 0 88
447 297 56
1075 568 32
386 858 92
437 1109 94
421 701 86
902 932 51
121 129 52
1047 339 67
228 740 77
469 210 39
288 1104 15
38 252 35
1111 301 37
63 384 29
1049 19 48
1059 879 47
933 501 84
4 116 64
726 471 39
227 1107 67
544 456 71
188 139 15
838 402 72
563 1011 33
2 727 65
566 591 27
8 150 76
834 210 29
133 409 58
146 1024 46
329 254 23
117 794 38
807 631 81
253 364 82
890 957 79
14 1022 40
267 1010 75
132 491 94
828 1113 48
1071 576 43
155 2 51
203 910 78
243 10 91
365 968 32
790 537 87
114 203 62
102 305 90
492 87 82
495 1054 14
994 363 31
125 1098 57
820 396 81
13 1012 84
440 336 22
403 774 39
650 535 31
1084 71 78
663 750 53
48 975 19
108 556 17
608 734 12
981 494 56
906 369 91
652 601 94
75 74 91
908 932 26
1050 325 82
733 244 43
391 173 45
61 1018 23
661 633 59
50 619 19
996 649 37
837 330 27
47 651 96
756 901 56
986 803 22
180 646 67
461 463 74
722 64 88
579 943 40
1042 340 65
461 1008 53
888 924 27
282 96 47
201 461 65
26 838 38
436 958 29
245 48 70
40 817 97
951 241 62
487 785 46
306 674 54
810 326 81
38 623 90
395 691 89
220 553 40
8 1058 18
242 942 64
1019 715 45
14 675 41
587 766 81
357 113 82
87 1116 71
452 837 61
880 575 34
948 974 71
946 546 32
384 857 74
258 1096 88
760 64 48
1070 739 17
151 161 29
5 158 65
196 804 97
1113 922 40
372 480 28
229 277 34
436 899 24
523 323 100
863 312 49
558 355 26
1021 406 31
222 788 25
81 364 33
309 697 18
739 344 42
598 368 18
691 364 93
786 299 82
995 377 58
981 534 20
777 953 35
1097 92 71
258 248 24
739 843 73
523 957 48
94 738 54
1020 863 12
1074 1045 18
297 813 88
685 545 55
1043 1060 11
360 1092 49
1101 792 23
99 408 41
969 757 49
1074 384 30
751 1067 28
671 1032 16
398 774 13
305 589 58
960 305 25
182 26 34
632 158 59
832 786 37
58 608 51
840 286 80
777 591 20
212 816 32
178 406 75
831 198 69
457 596 13
410 555 34
101 546 46
196 976 49
508 193 31
1071 1105 51
451 170 62
783 799 24
299 755 35
232 553 44
1113 26 89
388 1064 98
29 454 61
517 587 41
532 246 47
547 774 28
367 915 24
571 480 57
1055 962 31
361 1106 95
858 687 62
1071 651 77
277 650 17
141 33 64
224 805 47
510 113 54
203 541 16
29 718 23
10 700 31
438 3 55
752 768 38
234 8 97
918 1005 62
954 205 51
83 460 48
225 131 50
200 1036 12
756 833 51
268 736 89
920 416 77
1047 140 84
818 13 57
61 1086 58
109 199 14
747 652 70
699 536 46
500 219 88
931 189 27
40 183 43
807 271 96
650 998 65
60 848 10
397 884 90
919 25 92
263 525 91
761 139 99
984 321 86
360 163 20
1029 271 54
883 71 71
716 19 59
285 766 67
264 457 27
54 544 90
258 735 72
705 840 12
1013 1098 86
947 797 66
183 539 89
937 962 10
460 1075 34
973 444 92
10 967 37
764 951 67
763 339 25
1063 105 63
975 207 65
276 484 83
290 1023 16
1115 507 50
737 718 93
13 593 52
335 934 26
182 93 91
1110 91 20
1076 254 30
346 635 79
278 372 35
271 926 42
350 900 10
1057 51 94
356 686 31
177 692 29
959 842 49
886 596 70
691 1083 63
219 1068 94
607 79 79
232 990 29
324 774 73
810 769 52
431 622 90
466 1037 45
674 1055 79
515 329 72
85 994 99
418 1102 37
98 1015 30
279 49 99
492 689 42
90 620 47
383 662 12
283 470 51
793 990 52
816 117 16
868 1103 59
377 106 93
673 820 42
474 1100 34
669 714 39
3 217 25
873 1064 84
1043 197 82
108 689 72
816 520 21
80 962 38
669 123 41
1081 1107 97
64 545 58
26 216 97
451 616 100
568 508 39
429 577 23
100 323 78
1006 721 94
269 692 76
269 11 84
840 388 34
772 216 88
1096 868 27
907 828 51
458 761 43
835 1040 94
1052 401 40
421 326 13
461 368 78
845 93 86
216 1014 18
171 995 51
175 167 72
39 509 73
709 613 46
915 1055 94
86 643 16
331 715 78
528 54 38
307 627 34
81 189 19
1014 15 75
929 26 59
299 501 92
582 138 67
581 853 88
174 925 45
438 500 11
1038 591 77
1067 271 42
818 44 57
397 663 19
1074 712 90
355 253 34
254 606 22
130 95 62
945 321 39
928 743 68
178 613 55
942 292 71
730 504 69
21 944 19
779 877 49
797 784 95
776 882 58
731 551 10
1098 457 18
1020 721 96
720 100 46
249 729 68
605 1081 55
822 330 57
731 1010 13
626 428 11
413 326 59
422 390 26
892 497 68
663 696 77
235 211 81
334 277 89
217 428 28
251 934 90
336 1031 88
314 603 94
613 953 15
626 631 17
585 764 81
593 516 29
504 649 48
539 467 42
545 837 17
452 927 33
403 865 56
549 663 94
869 29 67
459 387 93
519 887 100
66 419 40
937 590 79
1101 584 27
222 758 67
174 267 58
996 650 86
485 575 61
1022 630 36
1027 296 25
912 1002 97
166 792 31
157 259 72
206 300 68
186 220 10
496 893 91
895 574 34
889 614 44
155 581 39
128 567 49
298 426 49
1108 352 69
431 363 87
428 1102 76
118 488 52
738 303 56
525 361 93
328 417 83
239 1012 79
680 493 86
245 375 61
861 1017 79
996 636 24
503 137 73
1116 50 43
686 797 32
222 749 57
559 519 96
1010 937 67
1098 332 83
722 838 12
794 35 67
71 641 13
832 1094 55
997 657 15
130 210 63
125 103 53
434 587 49
594 464 12
1041 278 66
816 10 46
688 1091 53
883 949 47
224 518 34
497 1028 54
222 506 90
904 586 80
392 132 17
320 879 87
319 168 26
774 238 49
492 761 25
682 1018 43
375 444 67
1094 571 59
91 521 18
409 1032 67
962 389 40
668 171 44
35 727 70
931 694 97
232 235 55
134 669 91
1085 577 25
403 657 17
421 1026 42
901 925 79
1070 200 10
165 245 73
332 978 35
528 616 27
447 228 14
30 21 20
456 922 84
429 108 11
603 984 38
463 476 82
137 759 10
25 375 76
641 304 75
149 219 41
376 105 86
848 1036 71
135 587 41
546 29 12
22 459 70
1024 1088 62
929 17 98
302 976 72
962 765 30
641 808 38
601 480 85
269 63 43
1056 616 19
829 506 64
1095 161 55
828 927 34
961 484 75
298 246 27
763 1001 28
806 404 85
26 783 55
428 887 85
25 121 39
676 850 20
985 413 43
601 585 33
86 59 81
756 1074 69
18 956 93
932 85 75
738 901 87
367 462 37
1038 300 75
28 10 37
652 320 96
370 131 82
176 73 100
393 753 97
629 779 65
921 615 82
915 553 77
427 180 45
401 130 76
83 363 64
690 632 13
1069 1005 73
944 215 34
1089 314 21
100 1074 24
421 619 58
792 630 28
247 358 67
534 1006 23
1050 404 74
768 1022 92
847 380 14
972 166 71
84 667 57
541 628 20
139 826 53
865 384 87
153 470 56
303 849 14
693 1069 30
171 457 19
176 795 23
990 398 68
30 555 93
341 1100 80
260 146 91
413 1091 96
203 313 23
817 1070 64
170 571 84
1060 1090 73
742 267 84
448 797 45
247 1059 87
385 709 55
240 16 17
835 711 70
805 253 88
732 565 38
1091 312 75
848 1080 69
657 480 16
533 646 36
60 195 27
67 975 53
606 1080 39
102 1012 70
343 1061 58
708 409 39
181 892 48
608 599 95
880 443 50
16 408 58
295 243 29
478 831 69
0 1114 28
12 662 86
95 120 32
854 414 78
578 261 30
403 526 45
323 1063 83
371 546 90
111 675 22
360 773 29
1017 667 35
325 104 24
1071 295 35
388 200 25
763 167 58
469 363 18
722 143 47
489 654 90
165 525 86
686 812 75
1108 294 96
642 386 44
216 845 95
308 1114 85
316 1054 81
1116 522 74
655 598 17
695 877 33
639 202 85
856 667 43
374 728 73
30 454 87
241 555 11
1086 61 19
864 769 29
162 416 68
343 910 39
74 211 20
790 668 63
355 813 82
795 1032 86
994 537 21
312 1008 84
650 737 60
979 1107 88
286 339 93
760 73 62
729 708 18
1080 609 22
873 726 13
806 986 95
575 487 85
476 854 77
439 559 37
741 211 13
446 671 34
334 599 84
1012 660 58
677 303 39
974 743 56
445 794 81
823 63 95
652 45 93
399 1116 59
444 1072 93
520 279 49
492 611 21
440 134 68
82 539 72
656 1097 59
221 158 58
446 388 37
521 303 63
913 261 40
605 277 57
1112 738 34
103 1032 81
758 531 29
1068 214 55
998 151 85
1021 337 68
1074 722 48
487 7 21
887 1057 74
745 70 70
380 177 85
855 772 79
966 90 93
802 398 56
597 288 61
694 476 48
78 408 98
157 459 43
139 75 74
334 421 99
1103 655 20
427 279 58
367 737 80
574 714 13
1032 1110 83
714 393 35
815 838 73
881 701 30
76 449 14
1040 1049 96
740 569 87
341 192 40
74 792 50
363 365 26
931 1012 26
261 949 43
890 466 12
671 46 30
231 1042 41
791 946 69
758 843 94
1097 401 88
1034 413 91
674 675 16
334 198 57
321 155 40
1110 1097 57
124 480 23
902 742 53
945 1056 14
322 948 62
381 480 67
804 920 67
319 626 97
527 33 40
1107 883 69
1016 430 98
886 95 11
192 231 71
215 440 43
129 71 30
56 363 44
619 744 50
911 665 59
772 1070 45
722 1033 96
1092 659 25
550 429 27
896 1101 72
475 273 49
223 963 78
893 676 22
252 595 45
761 419 32
48 105 20
669 596 88
317 184 85
616 315 35
171 711 40
75 405 23
1069 639 11
797 950 94
68 516 72
454 616 19
9 518 83
929 1047 90
581 164 10
898 3 100
775 438 26
349 911 21
886 565 71
667 329 91
387 883 81
1078 1036 10
518 835 77
219 570 34
618 612 44
399 659 11
580 52 66
750 360 43
708 426 77
656 32 16
1107 721 53
18 735 52
810 288 85
176 840 65
808 137 89
992 96 57
48 321 24
925 624 36
545 889 83
735 105 84
589 955 64
1089 177 15
566 99 95
394 128 64
347 661 49
683 757 35
632 34 83
263 505 13
904 715 97
845 645 36
327 12 78
36 573 45
446 724 90
1086 618 77
348 773 46
420 432 79
956 570 68
13 58 45
274 769 66
560 1094 29
162 363 66
839 161 19
366 407 46
919 148 98
148 326 71
419 202 79
885 537 44
181 159 85
236 895 21
931 282 75
547 541 75
985 1051 23
872 902 47
153 1075 42
1012 984 45
829 191 69
397 342 32
640 1105 82
531 392 49
827 127 95
481 84 15
519 1035 87
417 416 64
502 441 94
730 1112 91
680 173 99
967 810 40
317 917 15
336 318 97
449 804 58
893 765 10
859 630 97
977 1005 60
1083 475 97
606 171 13
908 272 14
230 980 60
584 257 97
838 543 21
502 701 18
218 544 27
576 913 37
1050 917 29
212 452 16
126 363 87
910 491 90
917 699 25
744 474 14
745 659 77
752 1041 85
807 445 68
211 2 21
1037 571 30
128 365 42
189 214 92
289 444 39
683 1106 49
521 1036 48
21 1077 64
884 250 45
1061 1082 71
352 720 97
1048 501 14
406 70 23
302 724 70
609 308 69
75 62 87
429 553 21
511 698 10
283 317 59
616 1046 13
561 209 54
263 346 15
852 765 61
1005 828 71
511 303 76
224 653 64
198 1048 19
375 211 53
262 163 79
586 229 86
225 53 74
812 625 42
448 1057 82
874 766 93
484 47 68
324 96 46
843 536 38
648 55 30
224 338 89
1058 752 48
369 17 42
194 649 94
641 8 85
604 689 55
65 498 91
176 1018 33
762 355 100
695 1113 91
529 359 98
96 238 30
354 422 30
31 292 24
1028 328 78
905 257 18
316 981 58
49 915 42
338 223 73
0 336 65
939 915 75
710 325 95
865 1060 28
32 408 31
766 430 65
804 1088 37
707 456 66
278 305 63
811 305 17
995 1075 17
862 498 76
509 140 75
968 103 79
1087 833 12
295 719 48
949 374 39
358 1072 95
954 142 43
785 94 64
256 410 99
839 581 94
787 478 58
663 661 83
847 508 43
281 1100 32
467 716 59
30 1073 79
405 1055 58
429 910 71
848 1023 100
1072 60 54
270 596 73
706 350 28
99 561 61
1042 318 81
596 299 86
581 166 46
1116 186 96
170 562 72
824 984 87
627 888 70
69 497 17
553 478 60
144 102 32
829 426 54
111 683 56
1041 833 76
500 740 12
649 407 44
365 486 28
893 957 37
120 123 73
1038 1034 34
431 1042 99
186 982 85
844 635 38
337 969 58
740 872 70
485 511 82
475 117 61
569 372 33
65 622 99
847 802 92
386 485 94
826 340 83
139 89 57
270 65 84
353 807 91
835 249 68
51 614 97
254 556 68
529 128 15
669 1062 73
949 801 47
458 927 78
933 4 78
282 212 32
152 1068 58
209 84 79
627 1097 13
447 804 97
893 1074 85
705 750 29
121 569 27
689 672 82
988 504 58
82 773 62
725 735 30
391 741 19
811 601 35
818 354 19
846 1099 52
729 738 50
298 1031 68
773 500 57
1048 733 55
536 419 33
745 1089 94
64 802 19
487 416 66
638 414 37
1078 647 84
174 976 18
224 981 67
737 40 45
924 1039 98
29 413 71
194 989 26
260 938 34
911 273 41
745 409 85
199 885 62
1037 222 57
370 69 45
1046 947 61
934 448 22
948 895 83
1085 991 74
623 701 44
194 624 59
731 185 97
256 1066 25
789 847 83
853 579 45
429 305 38
812 1104 95
836 608 88
889 16 86
446 1056 31
853 120 27
724 554 17
692 1020 67
621 398 82
172 641 84
323 498 97
807 781 45
595 972 57
100 43 72
58 651 99
20 553 39
320 151 76
1036 628 71
891 258 75
378 926 39
791 636 76
834 377 88
333 471 38
313 952 72
367 694 52
114 140 19
183 78 25
190 113 57
72 852 81
946 382 85
516 291 86
575 948 31
605 491 44
662 308 91
1010 804 90
67 728 96
991 572 15
227 670 66
1080 512 37
801 115 97
1006 432 97
167 625 24
401 586 97
386 200 76
378 1 40
212 162 18
219 642 59
293 343 95
766 648 61
20 832 54
677 626 15
595 672 20
162 408 40
562 681 20
844 425 76
994 991 19
224 814 29
595 530 40
694 898 47
446 414 21
53 761 35
357 43 55
104 546 31
47 35 97
720 974 40
664 147 23
104 4 17
832 1105 22
1000 1038 90
678 68 61
120 890 82
78 233 39
536 516 44
595 627 65
1071 968 25
940 827 19
806 71 36
714 822 38
757 153 69
385 700 66
606 787 52
643 519 94
412 843 75
145 877 85
698 1000 74
435 985 71
684 500 18
940 163 86
906 90 70
721 481 31
570 731 44
370 609 39
53 70 43
206 418 28
269 819 17
1091 35 21
131 945 36
873 916 58
118 373 12
314 305 56
337 707 92
996 107 16
537 986 11
146 26 10
411 1059 61
133 908 62
822 689 18
100 12 68
168 110 40
375 260 59
464 530 48
207 382 40
1041 842 100
358 75 81
761 455 67
349 509 15
695 221 20
1077 306 88
871 353 43
903 584 10
1041 868 77
927 889 88
317 163 25
61 816 10
532 536 47
318 470 42
876 974 32
164 580 43
864 352 90
212 1097 24
390 828 53
467 83 56
941 363 59
327 805 22
307 165 30
713 168 59
1079 478 29
478 121 29
792 926 45
229 278 60
552 219 57
1022 179 33
687 221 91
16 489 96
86 1019 33
434 939 53
491 1033 66
14 736 91
327 672 67
273 818 60
997 78 50
381 628 56
283 801 95
403 210 54
1073 674 12
660 466 46
293 856 93
511 346 63
943 994 13
156 358 50
888 397 18
534 499 51
206 368 47
9 141 93
345 561 76
972 681 89
874 855 18
1040 692 45
701 793 30
182 310 20
193 683 77
431 1110 83
271 673 83
402 295 63
149 735 61
564 520 41
1067 752 28
53 1045 12
848 363 70
87 756 85
175 343 57
798 43 95
1016 593 51
667 650 45
431 163 49
1 177 36
1025 837 35
550 531 54
970 424 68
891 962 51
842 94 10
525 508 50
836 125 10
558 738 99
5 299 62
211 929 54
305 607 30
289 531 55
951 603 61
550 896 40
90 1033 42
1085 355 72
464 4 55
741 707 54
904 663 89
1114 803 18
36 141 98
654 232 99
501 883 80
287 328 18
248 216 94
547 324 78
133 265 27
62 350 83
366 466 15
411 437 52
378 846 93
543 835 53
522 715 93
511 677 92
904 744 42
475 358 12
271 39 97
82 285 20
767 919 85
286 993 69
168 110 45
448 621 25
504 482 91
894 1021 40
708 840 36
86 1105 42
756 1026 83
835 389 13
1087 129 60
610 297 51
1088 1071 37
437 200 91
668 240 34
852 420 12
666 142 91
721 894 70
372 446 45
275 491 98
345 563 17
752 991 87
936 189 39
438 1057 21
564 1002 51
526 1043 98
522 872 41
221 832 87
200 909 50
369 372 82
65 995 29
624 134 83
790 619 89
879 766 95
716 309 94
438 393 70
59 630 76
24 1004 44
24 350 56
763 405 27
77 127 33
947 662 60
372 227 26
792 701 24
771 690 46
1039 154 15
791 972 49
973 647 37
432 87 24
913 567 61
217 653 30
905 624 42
876 979 84
470 619 27
113 66 49
1026 202 64
147 773 52
168 311 83
97 116 93
1063 566 33
96 613 26
953 340 78
251 653 98
1011 40 74
837 297 25
264 184 33
689 791 60
574 610 75
1100 98 67
722 890 94
386 450 78
587 467 81
724 502 39
758 772 54
538 1073 67
534 471 65
746 190 74
362 900 24
668 400 29
1068 478 16
447 631 40
845 617 47
24 954 25
1013 53 69
63 843 92
831 215 30
274 731 34
511 163 86
450 311 98
211 370 34
804 902 77
313 369 14
524 814 97
728 289 56
997 169 74
946 467 21
541 975 15
9 200 100
439 219 50
189 662 39
360 492 66
135 515 98
953 463 63
263 536 99
657 1063 93
825 182 95
774 4 100
583 799 30
1100 59 18
993 269 97
758 612 91
14 944 47
557 113 77
669 800 27
217 837 56
63 53 18
125 812 45
1036 294 30
566 1008 31
417 891 48
704 402 85
492 960 43
902 446 33
610 567 72
937 181 41
1028 394 64
957 489 53
95 835 20
862 948 89
766 971 67
1057 229 31
507 70 58
793 1004 82
1051 511 38
443 785 87
1078 619 17
21 460 11
688 346 99
169 376 99
410 641 97
227 845 70
189 988 15
799 535 44
584 716 22
1041 112 57
186 937 29
308 941 59
1096 94 47
415 1029 87
504 943 33
989 931 41
372 685 41
680 515 31
692 1044 72
41 290 95
150 193 76
669 762 92
218 876 61
153 413 60
209 75 29
716 323 14
219 199 69
737 44 11
606 808 70
1004 694 11
1071 338 43
701 859 79
607 1044 47
655 43 79
350 92 28
723 848 94
586 448 88
841 573 55
350 696 94
899 734 16
476 687 83
173 980 39
44 651 51
940 107 69
815 105 11
775 313 63
397 60 68
1058 348 41
1026 775 46
675 818 89
589 627 16
221 218 87
133 1088 91
347 923 74
148 726 11
433 165 59
946 69 97
431 232 24
203 872 97
1008 753 52
71 451 11
255 892 98
59 587 77
998 889 45
215 657 76
370 1085 48
1012 997 47
60 255 33
169 464 80
16 928 25
1103 447 25
1004 716 38
432 60 97
1072 804 17
763 1021 17
212 415 48
261 925 16
722 685 99
636 300 35
518 736 89
10 444 100
503 674 23
1070 668 52
599 829 48
1113 432 72
61 645 70
611 931 64
392 695 15
780 881 81
865 572 17
1026 360 32
651 831 70
328 832 100
534 121 27
547 614 11
627 725 23
824 247 39
852 60 86
300 853 48
754 809 79
872 833 83
326 212 68
459 50 29
566 752 74
11 541 59
775 323 88
714 922 26
992 1062 84
1010 875 65
855 560 20
209 956 94
244 426 90
23 647 86
624 361 94
453 254 63
1001 590 28
255 410 93
56 1070 21
626 307 26
456 401 66
511 940 84
1022 1110 14
81 905 63
663 787 21
939 1024 16
192 1114 26
241 984 11
652 787 60
1081 1002 47
205 635 43
380 819 66
29 80 52
1041 899 80
170 624 30
741 949 96
10 398 34
867 373 50
119 544 49
893 743 98
1077 20 68
747 823 21
1105 938 43
79 365 75
521 961 97
761 84 69
21 1065 44
622 398 70
833 804 92
337 441 17
136 68 70
867 233 70
180 473 15
84 252 69
337 714 60
936 552 46
1001 515 37
992 944 45
544 557 99
41 569 40
171 190 14
901 931 79
834 846 87
120 885 54
450 682 72
431 274 44
204 903 37
869 580 13
275 1089 76
1090 572 42
1095 183 59
883 958 97
628 194 36
919 526 70
662 1081 15
655 843 29
964 454 59
718 415 80
201 675 10
721 897 46
839 429 82
525 1037 85
725 765 86
320 701 41
484 381 44
24 772 83
796 934 59
375 114 42
669 633 19
235 182 42
58 858 96
368 664 40
43 180 14
1089 788 68
1032 662 84
283 762 72
147 373 92
312 956 92
711 769 33
990 6 28
1048 627 22
1015 787 51
539 36 31
177 874 96
1021 756 78
755 1101 66
696 274 12
134 983 65
866 434 84
363 587 48
273 249 77
639 59 100
946 598 57
556 548 49
466 885 74
295 500 46
104 862 12
530 615 61
937 689 19
290 804 73
116 289 40
555 518 57
466 468 55
1022 1025 58
611 767 75
472 861 88
176 70 19
140 845 86
907 760 37
947 641 81
5 399 85
989 362 78
516 949 72
238 295 83
480 365 29
336 509 46
966 515 22
114 110 99
1091 302 100
1098 354 80
877 888 69
817 546 23
507 1016 13
526 889 70
132 335 94
920 796 78
290 1053 65
587 163 34
103 364 43
717 231 79
189 140 17
918 1045 62
646 899 31
1073 251 83
468 223 37
173 988 59
449 597 43
881 1034 53
925 483 90
316 492 87
744 935 92
42 653 28
273 116 34
400 926 33
450 565 10
754 429 31
176 146 64
233 57 11
298 195 100
3 62 26
33 135 50
228 494 82
308 973 60
167 229 52
793 989 22
878 984 48
606 264 75
846 892 70
968 848 70
833 533 13
640 197 97
506 193 69
929 137 38
423 702 24
187 814 72
414 401 27
884 159 70
521 501 41
371 1030 44
63 367 75
515 148 41
768 857 75
156 78 72
1041 392 88
989 1046 84
193 63 82
998 559 22
493 566 65
582 258 80
767 243 92
887 1070 29
744 60 61
19 208 69
447 495 60
43 126 55
976 462 66
751 391 36
281 229 38
845 1041 99
839 928 24
541 648 70
596 448 20
404 449 23
375 609 76
718 899 33
1031 72 56
955 821 78
466 370 23
1047 1081 42
955 472 28
889 744 56
721 232 37
972 984 97
502 98 15
1032 112 80
459 268 70
366 289 89
501 315 41
571 377 22
489 139 67
912 914 60
200 1105 57
694 120 75
337 339 97
1072 375 60
527 1107 32
852 700 97
538 215 78
630 1064 79
675 256 39
356 562 22
19 911 77
182 857 79
774 1097 47
360 268 50
875 531 27
630 826 85
297 375 53
833 735 52
320 58 31
114 472 64
913 332 96
354 498 90
32 260 46
316 478 26
82 773 45
323 624 16
809 792 34
592 170 81
800 153 94
661 247 31
1038 965 43
516 141 84
1073 178 58
978 1058 75
290 598 99
739 230 17
667 265 54
839 281 16
1111 169 26
623 681 34
1039 70 62
292 697 13
461 1059 67
881 1014 59
195 550 34
795 649 69
422 371 75
427 683 47
41 45 13
635 521 26
825 667 94
788 737 17
162 498 36
471 55 35
983 916 75
43 739 10
765 860 73
103 403 44
694 877 23
186 883 18
35 135 33
1002 136 41
1030 299 55
966 365 80
987 637 20
1085 182 22
369 36 67
633 215 40
108 596 73
1099 764 80
585 923 72
675 169 29
659 1022 43
607 103 95
890 849 82
717 892 33
301 672 24
227 1013 88
206 702 17
550 708 16
986 932 19
627 357 55
957 215 61
563 983 44
939 520 100
34 737 20
781 991 57
237 282 88
14 837 21
531 264 34
206 220 68
302 235 75
139 402 62
68 770 17
552 278 24
640 426 75
671 149 68
680 858 84
740 1013 62
834 918 83
556 8 33
718 173 56
1022 1001 22
474 898 37
1103 471 17
489 91 28
603 610 28
30 500 92
390 741 18
72 295 21
594 844 73
687 204 99
853 910 32
226 149 86
459 369 45
540 362 63
814 246 64
440 1095 49
847 490 81
604 406 84
564 329 64
549 669 27
351 1027 25
567 54 21
89 914 89
913 1058 22
1022 670 13
270 332 99
843 610 66
956 121 38
1031 712 75
349 929 73
1046 962 15
780 119 46
334 717 16
747 476 98
733 209 26
45 98 47
509 112 72
473 727 81
219 452 87
340 399 25
681 484 35
412 338 33
608 440 43
1062 518 28
692 585 25
836 994 82
255 141 38
263 192 69
640 968 80
195 592 79
705 533 94
417 321 10
633 511 51
815 55 29
349 800 40
3 696 18
657 833 90
295 204 81
80 778 15
301 268 14
393 655 17
495 643 75
671 635 35
14 470 25
583 1085 32
111 368 58
498 993 32
0 51 42
801 631 31
843 470 59
463 667 64
704 408 53
319 356 72
634 678 92
242 656 35
468 484 10
901 1032 70
79 65 36
1087 519 17
825 7 72
252 555 85
66 23 46
298 369 92
1053 566 98
876 328 38
217 736 88
622 567 89
1082 711 99
994 807 91
51 736 70
884 73 17
355 610 16
97 401 68
699 1094 84
1115 843 94
1103 78 25
801 539 96
453 249 15
683 718 93
971 966 95
1062 426 81
849 1102 58
18 805 92
108 633 66
45 1099 96
235 336 34
45 947 54
142 198 58
87 113 33
102 312 87
439 198 100
126 753 28
948 429 63
610 875 17
812 245 29
498 538 87
918 26 58
449 1013 22
509 50 40
572 898 56
808 680 73
1059 835 48
647 523 46
926 533 63
866 92 39
449 448 95
1041 441 88
399 485 60
533 666 91
919 696 42
940 278 33
574 497 23
164 862 70
776 907 47
384 799 47
155 753 58
215 101 98
1099 1079 66
177 287 56
779 146 99
1107 429 87
948 747 11
212 969 22
1069 199 10
706 36 83
536 458 92
233 1009 24
1068 634 42
23 889 18
953 770 74
370 837 100
65 1065 43
143 845 28
922 309 13
737 813 84
833 940 64
610 1013 91
311 984 91
404 997 58
1114 846 84
650 196 68
445 523 28
979 136 47
198 1091 95
879 721 15
561 498 90
74 214 78
698 113 99
1031 455 70
457 529 60
456 295 99
519 102 44
348 454 83
840 1066 74
621 552 38
277 242 61
475 111 43
998 1005 71
1093 409 32
456 435 75
553 342 99
1115 621 56
791 659 97
392 937 42
560 227 88
79 794 80
201 528 78
782 1055 68
1011 1110 60
1039 926 48
445 259 47
158 910 70
970 393 99
770 595 80
656 997 78
174 196 89
90 100 41
589 1023 28
510 877 33
443 973 25
414 1040 10
387 272 41
651 467 55
770 549 18
905 882 58
759 1052 10
49 518 95
795 675 51
660 269 41
1061 1004 96
798 1022 17
170 141 96
272 379 37
1062 586 65
603 186 11
634 703 95
325 310 25
524 1089 17
829 578 90
580 684 10
762 116 40
170 816 97
194 353 21
215 86 55
905 597 97
697 188 94
1082 175 50
132 74 61
560 1061 81
837 8 59
479 319 23
157 401 48
307 993 100
1088 930 81
365 12 99
442 1093 65
35 512 94
153 259 77
476 663 36
672 677 65
978 1055 51
340 598 63
599 403 71
915 156 50
1012 977 42
1030 862 97
465 560 75
689 270 53
810 586 69
613 76 86
63 443 17
798 299 44
45 1101 49
871 1079 85
1068 1001 57
4 215 29
202 289 91
492 667 92
710 898 95
147 444 59
20 81 33
978 561 52
71 782 51
473 53 41
1110 949 52
38 849 98
417 1030 25
82 344 74
190 103 78
567 690 20
641 1103 79
788 21 50
17 604 54
13 708 13
561 354 95
207 884 57
482 411 43
712 859 80
265 403 92
661 48 11
74 506 30
80 980 80
613 793 31
825 510 67
444 279 21
809 1028 43
102 967 13
414 970 19
366 988 79
286 968 95
730 371 50
446 955 18
517 110 15
890 703 29
419 1100 97
909 941 49
205 102 12
308 760 85
224 484 42
70 542 66
198 1110 27
1095 459 52
851 878 44
562 410 38
911 175 51
958 224 26
138 285 42
551 460 61
1000 608 98
391 980 86
643 784 36
186 384 40
358 747 99
1012 229 80
227 509 47
668 854 29
101 241 36
762 65 97
785 915 17
295 537 38
348 522 95
671 68 82
1053 1112 99
659 136 73
970 1025 20
1061 581 66
95 29 20
124 164 13
70 369 29
491 630 39
1102 1037 66
129 490 76
23 523 15
875 857 40
908 220 26
242 902 64
917 723 47
392 1025 80
653 119 84
63 259 55
242 184 22
128 432 30
83 258 77
782 399 20
239 1033 20
747 594 10
278 541 22
914 484 21
1059 500 61
573 1058 92
374 376 38
250 395 77
157 711 41
259 198 86
646 944 82
987 824 96
750 761 92
352 95 89
531 562 85
713 202 38
898 269 86
547 614 66
83 736 32
301 168 100
89 334 88
991 879 91
828 159 14
159 685 31
216 517 23
309 25 12
356 216 75
398 287 12
1011 851 96
1084 536 37
998 1024 69
622 957 23
623 868 61
907 925 18
793 838 22
715 352 68
668 53 28
686 1063 50
1101 839 12
314 91 47
669 360 35
175 754 93
681 728 42
1038 789 77
516 753 84
527 120 52
476 55 53
281 475 41
231 192 40
720 431 18
895 868 19
415 995 33
178 949 29
191 33 38
191 376 26
138 1001 83
607 185 100
633 739 10
380 501 41
111 655 58
755 107 67
133 1026 86
1 180 60
807 804 60
1004 283 59
1113 163 80
727 918 30
541 943 84
548 492 23
801 618 85
732 663 81
44 1104 29
898 552 12
238 579 27
119 619 15
32 750 99
794 970 81
856 324 39
1044 685 10
92 46 91
428 85 64
1090 480 46
872 5 83
263 1032 23
71 331 33
1059 606 20
49 797 69
336 835 67
93 888 86
267 237 90
197 960 90
891 1097 71
271 7 44
662 1070 20
675 900 35
817 53 100
84 498 43
314 239 58
900 217 58
68 691 30
196 416 41
670 793 90
1028 869 29
429 7 29
165 124 20
11 727 47
266 329 100
395 556 68
1097 999 57
240 1097 15
739 11 73
290 3 33
808 842 78
254 801 59
311 636 35
386 573 51
1003 1027 29
727 163 95
420 806 46
1081 512 57
100 336 77
262 87 52
472 629 29
729 289 89
89 1086 18
22 813 37
61 545 21
50 741 83
57 492 25
197 212 96
359 849 58
940 38 60
496 110 91
102 649 39
961 749 55
0 64 46
612 751 45
822 1068 11
303 531 65
903 978 49
444 849 89
1003 968 58
378 931 79
761 932 59
639 914 30
929 72 42
886 699 27
319 272 68
208 64 48
663 496 69
961 306 34
592 486 55
1084 137 83
25 266 40
687 1015 45
1072 82 35
946 965 37
402 988 86
245 807 96
362 503 73
227 878 48
1052 742 16
228 208 94
459 1076 94
468 939 78
1024 488 73
733 663 12
437 545 43
615 910 30
382 1004 38
724 866 23
376 431 67
703 459 65
921 256 54
1041 333 30
1092 889 43
360 1038 80
105 967 36
275 807 67
103 615 54
388 884 99
844 750 44
959 810 40
226 133 18
930 493 48
39 963 56
530 540 28
813 427 27
514 916 61
460 1005 74
652 600 58
365 54 16
430 822 58
586 1105 64
808 1089 22
585 306 36
1037 990 72
358 656 64
347 1055 95
1044 471 48
951 101 38
416 928 33
741 346 19
751 265 68
460 320 71
715 832 99
397 370 20
180 636 51
148 80 84
3 36 40
302 975 40
969 732 93
819 926 50
590 936 48
429 847 89
393 634 93
1084 398 27
38 387 67
342 57 41
501 1096 31
271 126 84
748 1104 10
212 367 31
451 404 29
758 150 89
1079 776 77
985 300 56
651 662 29
42 508 26
654 415 51
645 360 56
243 832 52
815 889 23
14 375 38
737 791 44
1009 18 24
766 524 38
514 1024 36
1045 189 33
744 1079 34
64 688 84
89 577 45
1073 30 25
217 501 32
26 826 41
820 863 21
121 939 58
1096 1092 32
397 100 51
514 1059 30
150 400 67
601 977 24
935 1032 43
820 199 72
573 454 35
365 573 94
548 478 81
203 1086 100
774 855 34
32 274 36
727 95 57
880 192 82
197 1082 41
165 432 54
753 672 65
639 326 52
133 231 52
354 83 96
532 92 59
1071 509 32
185 188 18
1094 280 16
348 245 56
111 1045 62
612 465 77
856 230 68
484 682 20
300 921 66
690 830 70
610 387 86
12 37 86
394 709 63
416 472 92
346 629 24
276 121 51
789 347 39
904 507 27
567 624 76
78 435 18
628 798 99
582 776 31
167 172 53
551 129 10
112 24 57
52 816 48
274 542 29
156 684 96
391 204 45
786 735 60
1001 269 51
556 208 19
108 1100 57
761 877 94
496 420 83
851 224 46
394 1045 29
735 396 32
279 749 51
265 524 93
340 991 12
541 216 66
627 966 51
154 845 36
284 650 13
1010 241 12
815 358 13
528 1024 37
562 16 100
336 1051 90
942 398 59
602 196 53
1094 874 21
189 833 67
200 271 84
865 642 24
295 369 58
1051 788 82
74 430 81
1030 198 18
39 731 77
1031 497 13
418 956 76
389 258 50
668 234 27
949 108 68
328 44 92
1014 944 72
455 889 55
838 548 54
1084 135 77
1003 728 80
381 684 52
26 685 61
100 442 94
41 134 11
514 754 67
252 636 93
242 1089 21
678 915 51
230 490 58
859 912 65
735 174 49
199 453 92
299 1109 52
572 812 19
773 659 82
865 589 76
1092 592 18
842 1110 37
386 215 27
150 486 94
1019 890 10
849 711 60
277 1079 16
1009 414 88
768 714 53
54 141 98
541 625 56
507 215 70
370 8 56
387 626 56
838 494 32
381 463 83
617 696 24
756 558 88
817 351 58
736 52 85
66 23 58
707 647 62
200 217 13
871 1034 66
737 858 96
992 412 80
350 763 72
721 299 83
666 706 98
921 104 67
634 146 45
830 831 64
638 285 99
27 798 23
186 1013 17
882 1096 60
848 456 31
614 752 49
328 1011 60
192 97 96
229 797 42
381 367 92
259 324 36
366 320 96
490 858 11
439 379 26
507 620 61
58 24 97
443 376 38
242 296 32
132 307 27
882 656 17
175 536 40
533 1028 31
430 841 16
624 6 36
392 902 32
1073 1104 95
556 299 43
688 534 93
836 440 65
22 632 65
1097 72 96
206 662 68
184 1017 67
1000 840 53
47 124 69
64 843 38
375 968 79
260 800 74
342 615 73
716 799 29
401 52 87
663 288 84
333 211 48
1029 409 47
577 555 40
50 570 47
756 760 62
65 602 84
830 766 93
983 755 36
357 93 55
446 214 65
976 742 10
499 199 45
1018 348 67
586 384 25
606 500 44
564 891 22
24 849 12
1039 73 76
1003 109 13
117 386 47
315 960 29
344 1067 20
1070 706 17
901 31 33
816 787 48
598 919 73
757 998 58
910 536 32
328 614 77
741 551 58
301 574 28
89 669 38
207 556 32
387 772 92
225 892 42
470 167 79
351 841 18
167 360 29
516 571 53
292 938 91
389 130 100
649 824 91
736 731 22
1043 43 77
37 719 27
686 275 58
482 640 58
564 423 69
276 91 61
707 244 15
353 921 57
35 838 31
756 838 46
13 110 77
890 400 20
749 220 74
64 526 30
749 314 44
922 152 73
876 1042 54
471 1078 98
752 802 66
114 979 20
13 617 10
40 927 28
445 806 71
630 265 14
759 562 50
532 233 39
49 533 17
363 986 58
525 780 72
399 721 72
651 322 34
525 73 22
889 923 73
237 415 60
1116 750 65
737 481 22
448 833 91
19 342 12
347 647 52
924 2 70
849 14 40
90 1060 56
636 158 66
732 324 40
762 968 19
283 925 34
571 482 83
204 406 60
515 1064 62
859 858 83
1054 375 28
520 149 78
82 514 71
373 664 60
942 107 82
312 34 32
837 245 52
500 719 25
343 646 69
594 240 90
215 1015 98
165 321 26
842 989 31
699 1089 22
457 478 12
943 56 30
665 701 71
494 361 36
165 45 92
703 613 73
807 1074 53
599 11 78
1046 417 54
313 33 71
837 319 87
1069 868 50
671 32 88
594 1089 37
839 143 62
1022 993 63
1075 83 63
742 181 29
164 213 33
582 445 63
1006 639 10
567 175 21
947 19 72
326 737 10
448 48 38
418 257 50
74 785 25
872 2 19
539 76 44
684 952 20
756 334 100
11 810 27
917 903 84
48 633 79
660 1022 85
995 544 27
363 982 67
320 583 99
425 301 89
997 559 94
189 609 72
538 1096 53
473 217 62
670 174 68
505 660 29
810 877 99
1029 623 53
260 956 45
1047 295 86
493 513 51
918 95 34
805 1089 42
967 111 65
423 67 13
1067 1079 70
917 668 73
418 789 30
1105 1065 15
993 1094 10
1082 116 37
344 29 22
281 847 65
181 468 10
357 29 47
470 563 76
235 682 88
979 603 18
71 213 73
326 466 82
948 501 64
1084 888 78
472 433 62
504 396 71
941 61 33
834 185 23
529 599 22
617 1080 24
552 885 15
862 526 33
79 58 73
87 726 77
488 271 49
304 913 96
724 369 37
220 812 14
346 567 40
94 138 50
916 944 16
777 538 20
876 1011 84
147 79 80
863 953 55
992 775 80
1014 641 26
785 765 28
1059 530 41
619 513 64
504 722 57
844 730 36
932 895 50
561 344 89
860 3 55
1021 15 33
912 426 68
953 630 97
946 251 29
907 592 44
309 779 76
585 897 56
423 176 31
419 501 23
1104 282 72
129 1019 22
771 401 20
1035 572 44
748 110 68
351 1004 71
839 601 52
1072 650 28
1108 1020 79
687 339 51
47 1077 21
186 421 81
499 963 47
660 1095 39
840 552 97
338 346 11
319 577 97
475 852 45
775 672 94
82 837 63
144 731 35
684 761 14
1053 154 58
523 86 35
242 674 97
1028 826 49
306 733 33
207 770 60
1068 682 63
198 369 13
1007 368 79
298 730 15
300 61 81
207 602 21
9 1090 11
719 70 15
689 264 89
36 400 86
952 1061 32
818 603 96
393 774 29
644 654 75
270 655 34
240 762 34
754 591 85
85 336 100
565 352 64
927 931 72
677 34 41
249 948 13
876 675 21
333 525 45
233 132 10
853 622 35
869 903 28
756 767 15
550 102 73
1031 69 82
346 561 51
930 455 30
238 706 90
392 38 70
524 590 67
751 875 14
602 885 52
358 373 82
905 767 57
39 852 97
3 347 19
187 1017 25
226 128 75
977 471 91
420 913 23
57 672 76
834 253 62
346 1060 16
513 794 33
252 495 20
36 403 78
378 1025 28
946 396 13
917 806 80
919 164 31
106 692 49
322 512 65
368 171 28
434 248 33
846 432 39
345 691 25
196 607 95
350 706 93
304 1057 14
342 769 30
248 727 93
920 344 90
939 423 67
731 1027 52
526 731 95
1111 201 59
898 934 36
753 1038 67
367 522 87
738 76 15
127 677 16
140 41 24
818 431 73
832 107 83
228 135 51
66 746 28
929 192 53
321 578 33
47 938 79
163 369 100
509 164 88
5 84 100
152 406 40
756 375 17
66 249 60
282 1078 61
296 273 30
906 412 76
154 768 17
909 914 34
893 749 73
711 97 63
346 770 45
89 646 80
562 382 17
732 718 79
629 307 16
612 447 10
263 341 81
45 923 91
772 328 18
1108 451 73
880 799 29
369 538 93
315 487 23
849 1093 80
292 145 84
205 517 87
996 637 60
38 653 91
140 374 54
428 219 19
474 190 19
683 605 87
827 836 59
1040 770 19
585 366 12
265 916 87
878 698 12
62 1081 85
1060 1030 80
646 12 66
745 922 88
998 306 78
702 816 12
1052 313 86
193 258 55
219 493 34
787 908 43
1047 171 57
421 1080 100
113 699 40
564 679 52
952 459 37
805 807 73
575 399 25
948 1045 86
1059 306 92
143 780 44
602 781 26
208 1005 57
1045 775 66
767 434 44
699 558 95
712 19 13
908 353 23
707 741 74
171 109 74
688 97 32
474 42 24
683 228 11
124 472 93
1077 713 97
494 918 89
1083 560 22
468 8 48
1 53 31
791 352 54
805 1089 55
2 167 52
30 167 66
114 834 14
540 97 67
584 236 17
706 356 90
1005 292 33
582 997 89
19 532 55
854 818 68
614 934 19
264 573 28
883 946 62
1114 163 100
623 751 69
101 427 70
363 271 24
39 28 64
451 42 40
302 1070 57
235 521 87
1009 1115 20
616 1081 100
767 264 36
307 534 80
102 292 63
106 441 46
839 114 79
723 631 48
994 187 89
49 197 82
253 123 57
527 623 68
685 240 78
505 304 16
987 733 57
338 93 92
433 957 89
286 913 88
552 711 64
476 127 75
857 571 89
713 931 46
858 727 88
515 557 44
940 29 80
893 818 10
1097 516 54
584 680 57
1079 467 46
989 768 12
792 551 95
1046 218 51
1057 31 44
56 486 86
848 462 97
831 444 18
1026 800 27
833 19 28
500 1110 74
799 682 61
564 707 79
316 639 23
512 1001 85
763 64 65
408 371 28
556 1097 24
420 834 34
431 249 54
937 395 32
809 960 24
157 928 28
259 17 26
852 522 25
990 1032 21
802 195 82
272 595 100
555 365 25
451 241 47
80 86 42
836 267 59
1014 590 91
886 650 14
754 258 95
571 218 74
572 1090 19
725 916 47
697 761 85
276 1071 30
826 981 37
239 1022 11
321 86 62
453 23 33
172 229 99
11 200 85
599 136 66
780 60 14
94 269 99
129 696 50
348 189 34
900 224 83
166 134 50
219 913 17
430 132 43
689 407 38
52 241 100
800 745 75
753 813 86
514 752 76
412 831 40
814 560 58
196 856 88
276 410 80
752 859 68
64 112 34
547 289 99
631 444 85
618 213 98
102 176 35
1115 234 42
91 912 30
537 985 99
759 48 55
732 841 65
238 873 96
681 797 68
1020 185 41
656 415 17
602 783 18
535 655 72
823 137 38
700 181 87
812 596 15
529 254 46
1034 460 59
535 669 95
1059 355 27
859 836 44
941 865 34
661 603 80
865 1017 54
751 879 54
607 680 68
663 1064 68
1004 840 41
708 460 24
506 747 66
273 247 39
463 229 29
439 356 58
483 642 33
392 848 59
1055 322 66
539 886 10
686 890 91
944 439 25
305 152 70
50 1108 26
41 1012 91
822 82 49
693 563 47
490 506 68
983 501 84
93 916 96
376 429 86
722 522 76
748 998 30
718 518 62
278 42 80
483 735 28
640 666 88
804 265 81
231 407 48
715 172 87
578 533 34
770 84 31
163 818 37
24 1081 34
791 729 10
760 534 11
185 1014 47
45 763 62
951 232 27
134 149 95
848 814 74
367 748 100
275 218 70
620 1106 78
922 758 50
898 168 87
1019 923 72
1049 83 78
65 26 17
28 515 14
213 387 65
170 728 44
820 698 90
172 600 70
258 392 52
601 433 88
51 656 76
812 754 88
666 1095 93
208 951 33
641 14 99
68 572 11
1106 240 61
1084 4 88
522 345 81
153 460 71
1016 850 58
59 101 35
250 118 83
211 229 11
361 643 36
310 622 71
325 644 31
237 371 18
367 519 91
985 169 99
553 783 74
95 80 51
529 675 38
1111 755 87
959 691 77
346 316 96
1058 807 57
53 1035 78
512 738 34
291 964 21
1019 873 60
770 1016 63
293 33 30
1050 786 15
194 692 91
484 1114 91
125 198 70
846 32 44
1009 207 69
479 70 44
420 837 91
886 554 19
298 800 98
778 596 12
984 158 30
620 421 76
665 309 28
1015 811 72
656 526 52
871 664 41
364 911 77
949 723 81
525 491 25
381 1060 71
597 1036 94
264 510 53
813 143 100
574 746 94
591 301 63
915 882 28
846 270 30
73 488 63
422 598 28
360 587 33
185 66 37
76 1048 31
598 165 79
635 573 24
60 860 82
846 109 14
377 808 70
120 125 84
661 128 35
211 836 18
530 740 50
471 81 66
688 482 46
370 944 45
775 1026 20
382 981 65
379 1045 39
388 235 35
714 884 83
774 750 66
738 931 31
233 464 42
165 70 44
855 864 23
70 373 86
268 579 36
221 133 77
441 120 52
841 1108 36
665 267 50
1 4 33
1094 31 67
453 414 86
666 243 93
546 159 53
450 951 19
674 563 54
430 1019 16
414 1101 27
38 324 76
665 536 67
439 144 38
722 282 90
210 1094 82
362 83 75
654 384 57
125 244 78
923 439 78
352 556 61
1027 928 35
708 1023 16
472 375 74
315 430 37
675 64 79
125 349 79
241 698 63
55 919 47
202 589 16
650 687 58
291 739 46
330 443 83
1111 162 24
459 1058 70
627 1038 59
195 506 36
350 231 43
1069 973 84
533 97 47
139 1034 41
262 208 32
297 988 64
319 805 32
735 145 88
811 72 33
602 705 40
861 51 64
821 460 27
834 696 44
127 972 15
728 147 81
194 425 53
48 498 26
0 296 94
439 37 52
166 911 73
547 854 40
399 82 25
1067 855 75
1106 476 33
322 620 76
239 253 45
380 1089 100
626 33 52
651 1068 67
1060 531 47
988 742 94
1085 947 76
462 1024 11
821 365 31
372 580 75
53 858 30
1105 747 93
581 462 96
513 1040 28
759 536 80
964 392 33
960 997 85
665 30 50
481 556 70
741 614 10
84 53 71
681 526 27
485 278 27
107 443 73
36 46 63
1011 457 62
738 612 24
899 436 98
4 741 26
556 741 34
1114 901 45
335 974 84
373 245 44
111 701 97
188 331 83
1081 650 62
590 2 35
614 18 97
730 430 81
947 409 100
72 226 13
751 768 26
916 95 38
1024 82 15
852 617 49
965 1011 56
683 994 53
808 305 22
220 537 90
566 922 17
778 752 84
117 362 31
293 1111 24
169 918 33
493 964 100
1001 96 72
275 252 24
17 461 71
439 1090 94
201 395 89
280 971 15
1099 919 51
1094 89 19
295 995 92
442 981 63
850 544 27
1005 408 87
732 105 80
221 163 14
317 907 65
336 485 84
319 474 44
132 6 27
625 13 56
429 719 14
777 475 19
46 17 98
595 550 36
404 275 84
506 840 40
28 301 82
514 597 50
80 762 87
535 151 71
137 808 11
355 633 83
6 95 13
1116 590 92
654 887 18
9 887 83
1072 578 71
970 869 89
283 997 81
210 1039 82
1037 829 51
1116 200 68
1045 23 69
973 760 15
739 740 28
377 391 16
535 578 72
1014 524 72
347 278 13
286 474 16
630 999 34
444 1036 21
995 175 25
586 807 60
416 481 70
420 863 44
268 955 11
398 1083 30
14 606 24
264 192 23
172 535 78
929 193 19
777 7 18
465 602 27
1053 779 45
468 774 11
42 746 10
558 758 100
477 929 52
739 678 17
1034 480 48
253 416 39
506 76 34
496 601 74
982 2 81
169 361 80
293 620 30
889 78 87
35 794 28
857 24 11
645 77 81
670 260 31
973 859 67
6 647 37
1060 864 35
187 959 94
306 58 29
950 199 100
758 717 72
603 613 47
634 916 95
39 25 57
476 170 11
361 820 58
542 241 72
1104 448 43
917 52 39
752 314 64
209 63 17
164 369 32
528 78 24
506 473 29
367 406 84
245 1012 64
630 194 84
525 647 90
10 547 34
208 995 58
1076 614 33
412 357 74
581 609 87
483 461 90
820 639 100
164 79 90
208 1090 58
928 646 26
304 859 38
834 835 12
1037 1055 78
1022 539 84
422 1071 34
398 11 59
655 560 66
797 908 56
419 658 96
575 1112 99
732 519 53
477 1090 25
662 78 87
116 135 29
795 189 65
178 698 12
518 559 51
761 92 79
1021 552 35
248 880 99
194 430 44
417 459 16
1078 354 59
828 440 96
708 349 85
215 33 41
842 1048 30
1016 482 36
131 1041 52
964 726 45
697 1044 67
184 963 38
1065 574 34
630 449 44
511 206 96
30 667 48
928 214 70
568 92 39
660 956 59
962 1035 76
491 695 95
979 1031 17
191 479 28
640 5 96
554 356 33
677 538 12
810 820 88
1035 375 37
730 136 21
344 415 65
228 905 15
773 17 60
654 964 49
988 341 18
338 1098 68
746 277 19
639 1101 29
11 559 38
321 496 58
837 791 90
832 881 70
487 998 21
850 166 54
81 271 13
466 564 53
1008 235 83
967 466 10
433 80 16
325 956 85
359 217 35
894 278 99
406 851 51
734 155 91
624 363 99
817 347 20
939 1084 14
938 222 51
188 123 16
277 705 70
1096 799 59
380 308 87
581 1065 21
192 147 69
605 25 97
661 1003 54
249 465 43
340 266 45
900 770 32
34 660 37
841 171 92
694 131 31
228 496 95
653 832 20
240 30 45
316 1059 87
887 768 72
981 847 49
879 946 63
1088 784 24
537 861 98
639 31 17
396 917 49
438 424 55
180 1033 35
576 508 83
802 1003 72
1018 840 28
1019 32 68
358 933 85
1052 903 99
433 1026 40
502 287 20
585 50 21
263 135 99
1052 84 34
355 595 85
750 861 25
96 190 99
345 72 57
763 283 74
762 59 29
828 118 43
776 210 34
593 721 59
705 964 23
261 1109 66
933 413 33
726 789 90
964 346 23
756 1026 87
719 44 48
1012 232 97
926 1053 99
847 123 83
74 44 73
613 742 22
563 256 62
119 507 60
161 463 24
553 293 50
246 1004 23
753 14 18
68 531 75
110 190 51
634 487 64
664 238 17
988 492 56
173 639 91
236 148 95
539 1066 74
775 758 50
57 531 40
403 338 63
380 1052 71
975 17 51
627 957 98
901 823 17
588 727 22
742 330 21
885 1065 93
247 827 28
1018 83 53
366 114 63
1114 819 93
893 975 96
573 7 12
761 623 41
56 985 55
553 599 47
294 510 37
265 511 59
170 991 99
329 296 57
470 472 36
995 1062 64
963 332 35
939 623 53
99 993 73
917 981 26
26 156 86
513 891 96
264 1022 71
959 1029 84
427 267 13
774 527 79
798 586 91
82 191 79
642 103 39
1088 709 18
949 345 98
729 449 21
921 747 63
50 642 87
564 489 47
1110 641 98
1100 369 14
497 150 17
89 662 40
1047 444 37
634 600 99
873 603 86
663 951 73
162 759 19
592 62 45
1030 766 45
996 897 67
679 367 63
565 258 82
107 471 48
760 245 72
156 484 87
680 235 50
96 1099 61
946 826 22
529 118 50
686 979 34
125 1025 92
796 698 34
910 305 44
22 958 24
812 520 77
539 971 62
597 604 28
178 776 87
874 7 39
310 793 62
972 939 96
879 535 13
890 985 80
341 330 38
745 1080 94
43 128 76
453 476 48
1068 108 55
1008 1096 53
731 842 10
268 1097 84
73 1110 90
866 712 63
259 1072 28
448 770 26
751 246 22
1032 322 80
334 154 42
531 218 100
1096 709 66
245 284 60
83 17 40
314 828 19
82 374 83
608 878 23
425 325 38
273 741 84
1064 662 65
91 1028 91
1105 975 32
432 493 23
651 1080 96
501 667 48
979 278 14
740 868 79
836 942 30
173 5 29
258 62 82
353 623 53
630 599 33
448 958 49
283 459 21
502 913 52
427 846 88
1019 304 24
655 338 33
338 236 66
923 521 26
698 53 27
271 63 87
453 674 14
245 1046 95
1000 1041 83
201 1023 41
778 1103 28
79 856 26
831 996 27
806 55 13
722 760 61
1011 505 49
1036 856 43
683 774 33
818 127 25
557 430 94
101 849 27
452 465 53
796 1097 72
977 392 83
553 664 57
854 442 91
429 607 56
769 633 89
126 715 16
346 903 99
822 950 67
1007 433 50
999 50 13
1049 921 81
992 672 24
717 575 21
1061 668 25
405 310 31
1051 408 73
1114 431 87
655 367 22
697 855 74
1077 504 78
1052 1016 31
585 838 17
559 639 53
299 1042 19
350 183 88
1012 364 35
555 998 67
654 511 61
682 685 56
723 800 21
451 492 91
693 125 29
659 167 64
42 1034 43
851 506 25
285 330 33
1071 197 50
737 848 89
119 612 61
687 330 36
156 631 100
777 712 59
988 887 99
444 203 78
768 211 95
44 805 31
762 697 72
630 763 98
84 804 41
234 867 82
507 286 68
684 878 77
641 162 50
751 284 90
996 1028 19
598 454 69
163 39 43
81 147 96
478 79 58
179 506 56
443 551 62
211 874 64
969 519 58
1075 817 58
405 1068 27
311 858 14
439 128 95
356 1068 90
572 34 85
653 1080 67
747 148 93
1078 150 32
82 896 77
395 223 27
975 875 18
370 974 55
746 1005 10
187 72 22
1052 501 60
730 990 78
757 802 87
77 859 19
106 1070 61
837 361 71
354 832 55
402 649 54
10 186 58
381 608 28
952 869 96
913 373 80
835 597 20
257 988 70
724 886 38
440 799 27
37 837 49
482 561 89
701 590 38
479 615 95
529 28 53
103 332 55
640 162 12
740 604 63
950 143 13
454 707 78
874 770 88
603 1100 59
644 1053 72
811 611 11
135 266 17
944 95 94
642 591 27
659 809 44
1053 1039 14
514 600 53
435 147 48
811 285 79
62 518 26
736 865 99
191 1090 73
196 844 22
161 890 88
688 645 29
430 140 55
92 346 21
597 385 66
400 29 46
57 1095 84
1083 434 70
832 795 63
946 289 21
268 480 13
48 1034 57
652 804 70
572 362 54
743 942 26
605 905 94
749 1085 58
638 31 53
385 90 33
1081 1072 26
775 378 62
81 803 92
845 969 72
112 600 23
643 1082 40
91 190 67
516 148 46
657 880 48
591 246 15
1050 440 65
184 963 92
903 407 17
492 1063 57
901 1046 95
552 211 29
1096 985 97
614 1095 86
301 976 62
436 831 48
467 232 66
82 1084 18
1039 151 47
1047 376 89
1031 182 87
779 167 39
1017 730 21
759 974 72
500 1025 48
604 427 77
369 1070 74
1087 978 20
541 1112 40
283 1114 34
876 954 54
1099 588 32
831 999 15
1023 774 16
1093 558 77
851 1044 77
605 786 75
828 847 41
374 203 69
267 165 74
822 306 50
1033 421 10
960 85 24
742 76 36
996 1061 71
522 451 82
460 436 45
419 379 34
518 145 68
953 106 94
284 1059 16
963 316 16
557 901 30
806 688 29
397 667 21
900 994 78
879 599 58
225 871 17
357 74 37
793 725 42
65 473 62
183 381 49
85 1072 90
212 275 40
674 656 78
867 123 62
955 364 96
163 800 71
509 429 15
924 860 82
25 599 64
871 377 56
546 681 82
584 114 11
341 288 95
84 325 71
977 616 29
432 890 55
837 6 62
902 578 53
406 988 79
120 628 27
2 766 36
489 522 92
696 318 37
713 434 62
945 27 74
233 825 70
99 769 31
668 630 11
1111 1109 35
240 707 49
383 625 55
151 411 61
641 934 66
434 73 33
525 443 98
919 430 23
917 632 49
327 107 79
142 368 84
722 647 59
196 538 85
97 220 42
19 544 80
793 501 38
509 1009 94
988 662 12
468 646 32
601 895 66
138 221 24
705 657 33
834 1034 70
637 187 57
947 219 24
227 964 55
270 486 39
514 890 56
33 739 98
171 560 42
1081 771 10
716 224 21
241 1088 28
75 764 42
66 1019 39
1075 851 31
943 1048 46
1031 976 14
792 20 67
908 221 19
1039 411 12
700 598 39
187 627 60
634 375 91
163 906 69
454 511 63
342 1091 85
1088 152 71
950 930 27
171 866 22
480 774 31
369 164 96
522 277 27
226 665 79
515 784 25
699 996 48
152 895 17
1007 283 43
113 2 12
501 798 88
1000 413 51
904 439 58
810 897 68
1000 182 86
964 489 29
322 348 87
395 1066 89
826 777 28
564 18 68
254 319 80
898 814 81
406 363 13
698 524 38
446 825 91
901 921 24
332 780 62
158 268 33
19 579 90
809 952 84
412 318 78
355 12 37
933 632 24
1060 9 18
886 22 22
52 1000 30
383 608 96
1012 159 32
455 563 75
1097 751 67
158 948 20
852 196 77
426 980 60
198 109 29
334 466 28
500 244 60
847 602 64
157 869 48
318 867 85
497 841 72
91 133 61
1108 588 46
527 94 95
509 1004 36
895 356 77
572 359 87
537 283 15
957 268 99
763 352 75
758 39 59
1082 30 31
367 538 92
1007 736 86
628 870 64
877 1018 99
841 1024 29
728 162 25
804 346 83
688 692 78
646 276 91
580 421 11
615 555 72
978 781 27
119 939 15
867 213 70
311 850 32
455 920 13
918 226 27
906 691 82
80 327 39
497 676 14
672 872 95
1023 570 63
777 101 14
658 1038 84
597 851 76
506 565 41
346 872 73
94 632 39
323 76 55
904 1002 57
403 649 54
153 71 62
1089 171 92
23 670 89
400 74 23
990 424 71
240 327 31
475 207 94
202 138 94
88 592 34
616 968 21
125 328 84
480 1043 85
445 182 18
392 6 33
264 996 97
882 674 24
239 521 99
103 1054 88
226 565 49
285 581 36
332 250 98
94 572 82
943 293 35
802 405 20
7 944 53
319 1068 52
31 3 25
285 188 23
1076 192 29
1074 887 19
610 903 26
611 949 64
719 875 57
152 606 61
809 285 48
62 390 36
873 195 81
114 899 81
504 873 12
259 1098 75
511 838 32
1005 541 84
162 65 44
738 766 91
837 165 15
699 94 79
106 4 97
171 935 53
747 796 72
709 902 55
74 836 12
375 349 40
1037 79 67
947 734 73
1101 546 82
1021 686 68
63 153 62
326 312 50
350 43 90
288 294 99
115 1003 91
297 970 71
588 945 10
172 482 32
156 205 53
866 680 65
1098 294 28
47 587 14
776 365 72
256 540 58
987 533 58
221 807 55
438 341 37
599 39 85
82 929 13
470 566 68
545 747 67
1001 401 91
449 213 60
863 519 53
89 709 91
1093 333 61
542 84 16
302 812 68
250 132 28
408 500 73
632 931 71
861 544 73
698 123 70
310 902 40
368 645 29
661 452 16
864 756 15
809 495 33
662 742 42
47 132 40
401 584 53
15 864 52
342 966 79
291 160 92
984 245 18
788 354 14
555 931 30
957 909 23
719 1070 44
689 973 29
186 926 100
380 793 56
504 471 58
205 363 84
793 782 70
209 615 78
543 382 98
87 339 90
845 968 86
476 387 37
562 518 62
878 80 71
74 255 100
625 921 60
919 567 74
54 901 13
416 939 94
849 451 49
373 721 14
574 255 41
288 778 39
342 834 81
859 915 57
705 147 46
636 80 43
280 204 80
21 604 13
507 351 54
754 315 69
618 27 18
18 700 53
654 628 70
1068 61 23
236 475 47
266 610 35
607 514 36
976 116 57
820 315 43
875 912 17
417 459 70
991 8 85
842 791 31
849 462 64
1006 185 73
352 903 12
87 327 40
452 291 28
458 271 55
843 1043 66
128 774 59
336 740 63
1076 139 72
906 561 63
856 543 43
315 37 45
1045 512 84
115 118 86
125 958 24
497 429 35
773 386 67
968 473 59
850 330 34
360 257 87
222 634 18
697 857 89
700 95 50
1034 421 91
565 865 61
150 913 32
434 1079 81
53 760 14
551 928 82
729 242 83
645 411 46
556 414 43
644 812 28
126 637 95
294 156 64
464 81 30
190 344 76
132 444 70
306 843 87
764 929 99
270 1063 76
535 1105 13
841 283 64
73 1074 11
77 574 82
335 848 43
159 600 55
547 932 19
941 34 31
519 620 31
213 1007 65
403 840 89
216 39 89
309 257 72
217 442 15
813 903 25
391 370 98
768 544 22
556 683 59
456 616 61
63 998 96
883 73 23
246 940 46
801 85 18
296 113 57
674 189 75
823 1000 24
667 423 15
694 966 92
347 993 12
1056 737 38
813 665 97
315 552 34
191 938 12
656 356 71
1 1085 47
637 353 51
362 994 47
615 141 58
531 497 68
19 739 13
490 226 80
740 988 80
951 761 53
1016 194 45
742 45 100
312 161 31
1005 136 42
880 622 20
1063 254 71
104 191 91
268 929 16
1015 70 37
806 198 54
140 28 12
587 711 32
997 206 47
720 729 70
484 69 56
51 442 73
962 620 17
549 643 69
92 1088 76
449 522 96
778 378 58
717 508 81
1072 262 96
172 692 83
406 716 14
677 893 21
908 433 100
1030 814 71
105 695 62
493 654 11
983 1091 14
971 156 37
251 967 45
786 641 37
1051 529 88
847 454 68
694 917 55
759 387 87
663 425 86
961 517 27
114 1036 16
905 89 53
299 635 68
665 164 12
244 999 79
695 104 27
390 1108 76
1098 882 62
784 136 96
1071 860 81
771 95 40
866 484 61
906 839 49
818 1046 27
243 152 16
29 314 72
991 912 33
328 858 40
672 222 15
1051 577 73
10 575 78
716 26 66
5 975 41
639 148 59
176 927 15
531 342 10
289 516 37
223 117 43
692 1034 43
518 211 73
271 853 59
721 186 90
6 230 59
222 1037 85
891 821 78
970 886 56
474 463 91
1038 101 69
261 375 36
903 963 32
124 1035 55
987 1034 16
337 126 56
1044 402 17
705 1013 73
873 625 69
160 502 79
249 735 22
470 667 32
669 419 54
76 6 96
942 11 47
476 943 22
748 115 22
64 956 16
212 605 75
729 311 79
531 1064 62
416 331 10
1112 893 83
1015 655 89
161 675 45
1008 623 100
929 226 23
352 1072 18
1096 808 13
350 433 99
813 1094 19
531 507 17
525 652 77
146 274 28
461 845 35
241 749 30
545 544 92
563 683 17
601 120 31
195 248 79
463 777 53
193 614 82
507 336 92
388 319 64
69 554 91
586 679 17
962 649 96
274 1088 95
76 594 16
506 763 18
494 473 52
239 917 67
364 1037 77
194 4 56
1101 992 20
4 49 53
696 273 20
449 537 42
13 90 12
496 340 23
191 737 82
565 37 62
755 122 43
967 1080 22
490 861 29
2 239 98
627 170 16
475 1072 44
130 1007 25
1066 769 65
691 786 58
904 316 85
620 587 59
750 347 46
184 610 48
285 862 58
25 833 35
1024 436 11
518 864 85
305 460 21
76 220 49
148 649 77
547 761 13
787 943 14
908 176 85
647 864 82
728 553 77
356 771 12
812 89 11
112 1035 96
854 328 91
613 853 50
461 215 93
520 1088 99
2 97 26
1002 474 12
730 173 19
500 150 60
313 189 56
382 873 33
207 259 83
167 1060 88
279 462 72
162 862 28
655 597 21
210 195 85
492 365 40
731 458 58
89 597 46
880 566 100
1077 543 19
815 757 57
1105 760 14
383 498 72
762 712 88
956 314 36
800 887 41
984 671 76
354 279 61
287 960 51
814 309 64
500 5 84
593 511 87
915 25 51
751 1030 78
188 896 63
501 917 99
719 1013 21
556 308 54
763 518 47
763 497 57
740 817 32
253 732 44
132 625 33
267 1094 89
1099 956 86
179 769 37
45 825 71
286 488 45
468 719 68
445 88 21
664 784 49
770 800 82
151 57 16
876 397 78
376 1076 32
20 675 81
186 642 19
1011 605 34
566 14 85
820 400 44
921 331 21
282 747 85
984 498 11
83 830 45
1065 512 13
141 265 53
219 710 53
844 700 29
104 1074 13
73 88 89
572 1010 25
866 315 56
461 708 74
728 579 31
988 1011 73
753 581 76
335 1066 29
86 764 79
245 594 61
337 607 67
568 1104 49
205 613 85
1109 370 86
165 640 61
181 438 62
139 553 74
309 49 36
323 767 63
845 1053 65
303 1015 12
1010 224 22
743 350 95
254 847 47
167 790 63
578 369 56
726 464 21
291 591 92
896 349 11
667 949 50
372 142 78
349 358 64
1074 184 84
414 279 30
41 964 55
387 77 11
8 341 78
495 853 85
614 394 13
315 888 32
343 1032 73
440 468 97
991 528 78
509 488 73
321 545 57
1079 784 17
477 142 27
175 483 66
196 869 28
788 93 17
1028 230 44
721 576 83
561 630 74
641 503 43
72 279 53
1086 861 98
85 224 67
1053 707 22
545 971 52
596 939 40
1070 675 49
784 844 35
950 1076 43
1021 669 100
693 177 77
415 96 61
201 231 39
697 205 77
610 936 33
464 566 37
883 576 50
870 399 57
29 261 30
193 440 51
275 1002 94
338 884 57
1002 102 89
628 898 30
845 155 74
629 65 31
836 512 27
110 564 87
978 25 42
201 537 73
737 57 21
1031 1057 93
675 694 59
488 60 94
962 717 69
622 1083 24
702 182 97
406 363 25
29 588 79
879 914 53
1008 49 74
1021 1106 69
563 361 63
152 236 41
626 726 45
1061 833 84
555 618 98
39 999 97
536 595 67
343 681 67
97 803 47
109 1087 39
486 701 24
943 749 31
9 1021 37
1065 722 29
943 1060 29
969 297 64
291 1037 26
90 591 47
590 50 52
925 1043 28
75 1038 58
279 1027 27
374 1113 100
515 36 88
93 106 44
872 233 10
31 474 68
672 358 51
42 316 36
793 547 74
532 565 94
109 547 28
245 1047 84
26 129 93
1005 344 85
674 334 14
730 65 29
549 228 41
809 720 63
57 580 87
540 1048 100
112 1110 43
1109 223 69
1049 312 77
1071 480 91
639 44 99
278 756 37
326 1035 87
1083 777 16
172 25 68
831 706 23
61 949 47
68 306 66
788 520 26
594 136 65
772 1085 21
726 1085 99
140 911 65
150 959 68
585 900 47
606 812 70
492 76 13
83 358 79
983 990 59
958 205 68
909 145 18
1052 877 89
1041 1112 60
553 469 64
556 820 58
121 777 95
829 853 61
209 1007 76
776 1028 76
347 775 70
504 401 45
401 564 19
333 756 50
492 468 21
154 875 40
484 650 74
637 340 20
506 800 42
648 904 93
1059 267 98
380 878 80
352 230 47
88 37 12
1072 13 35
732 62 83
217 776 61
575 1004 32
914 593 26
874 291 25
937 692 46
148 1115 100
926 952 47
1069 808 12
26 638 42
642 810 54
887 916 83
239 714 65
806 832 77
932 910 92
333 26 36
664 1031 53
379 481 70
518 789 95
31 456 70
829 839 10
589 361 71
318 932 62
566 979 86
79 102 94
844 88 59
1092 710 17
798 147 91
247 441 95
385 1 95
282 420 46
586 53 56
872 684 14
36 918 100
685 716 89
986 847 29
813 349 16
622 845 27
1111 256 11
890 857 50
548 674 37
22 992 26
109 570 33
838 225 53
976 410 74
748 270 67
1101 333 90
166 49 61
287 864 74
537 1005 92
1085 211 55
205 683 40
455 697 85
380 293 39
940 729 60
339 11 20
96 624 49
1041 1081 37
605 228 40
818 438 73
1075 783 98
670 585 98
463 146 65
332 431 90
861 254 79
157 1061 69
287 1084 42
476 234 41
519 576 54
918 824 38
541 532 68
491 205 62
804 225 94
463 948 77
931 687 74
913 214 92
977 923 99
1009 429 93
351 994 48
261 319 97
1074 928 11
674 1049 44
647 231 60
520 221 90
819 959 33
986 885 67
884 671 56
70 102 61
802 179 34
408 640 68
1097 1012 42
369 926 55
1058 809 21
863 824 74
694 930 66
746 1032 87
477 552 25
39 48 26
470 799 89
495 141 85
388 493 65
128 305 98
584 599 70
169 189 82
1110 614 31
756 549 12
88 735 59
1017 245 48
270 305 60
409 236 35
477 189 63
366 161 29
568 247 99
213 443 18
398 693 61
540 533 84
35 759 73
622 1024 90
972 1039 89
565 904 14
176 934 68
694 157 24
837 373 85
750 247 61
669 1011 42
1062 794 37
142 591 23
755 992 11
126 389 78
611 599 26
5 1015 13
991 982 30
689 979 80
65 926 61
421 407 15
1041 732 28
1098 610 20
1107 323 25
915 559 58
685 606 46
992 103 23
872 382 20
492 537 66
165 1006 57
911 1104 65
508 236 78
446 124 54
867 289 97
505 893 72
481 1042 48
623 461 84
1109 906 14
466 923 19
670 542 10
25 692 52
727 621 14
40 602 98
836 229 95
953 900 54
1071 159 74
298 567 57
194 801 81
206 335 48
623 479 18
446 705 10
359 742 97
652 829 94
69 29 63
124 681 83
670 1003 57
478 1071 39
679 337 26
1027 429 53
302 627 54
206 500 10
1114 747 77
969 28 85
188 390 71
531 482 51
1089 609 37
766 332 54
208 743 88
721 612 92
602 870 30
223 842 27
711 1084 40
324 877 77
109 461 48
609 1033 98
763 426 47
901 200 30
143 961 55
819 1095 58
587 827 80
914 285 25
890 396 89
746 179 20
369 457 46
963 422 24
616 500 41
291 104 45
323 67 79
310 932 36
1063 207 21
774 1050 48
826 298 50
339 824 82
596 48 25
337 329 31
331 976 39
963 984 72
786 921 95
786 267 69
644 214 86
87 312 51
1115 322 31
242 8 60
1048 117 16
1 1064 58
663 409 11
105 1045 69
707 927 90
922 279 22
444 732 51
178 107 85
801 306 33
904 681 38
158 84 90
837 535 15
340 159 54
972 623 75
816 1059 57
20 611 46
725 141 26
467 1100 27
342 890 77
603 131 36
90 300 100
486 1027 15
288 380 47
336 803 65
90 122 10
125 507 55
812 1 75
891 851 57
1043 196 80
87 1055 90
174 67 85
1084 675 21
84 800 84
266 588 60
881 694 84
545 630 23
595 618 14
1096 540 55
780 684 81
479 87 71
852 345 20
815 506 50
255 421 34
761 939 74
415 361 43
433 514 95
756 363 39
969 1028 81
1001 103 51
432 778 95
493 521 98
228 760 29
916 1001 19
777 811 17
904 372 42
421 819 17
402 32 100
