1290 6436
1060 479 92
503 1117 56
548 194 74
673 442 87
790 185 81
1047 1172 18
896 1 33
859 180 49
106 724 92
1059 26 95
1106 273 81
36 671 69
197 259 70
1198 308 25
697 129 45
544 1216 72
781 723 88
100 649 46
138 1074 96
741 562 92
1044 1192 12
450 557 27
478 790 42
653 1200 67
1130 489 43
1232 1218 86
1055 827 22
477 927 34
258 923 45
485 551 31
967 338 31
782 952 14
259 1087 75
415 183 71
522 299 76
1174 128 63
625 214 54
198 790 62
550 374 21
11 1003 82
877 962 87
613 820 20
495 98 59
57 475 100
114 894 31
1273 667 38
705 180 36
116 177 93
8 1133 75
62 598 41
343 655 66
713 533 76
784 142 93
373 208 98
621 782 44
667 187 29
1221 22 98
899 325 67
523 291 97
328 346 47
1231 1037 95
93 972 55
341 483 45
1038 395 81
636 155 42
345 1017 91
1284 1104 91
62 989 29
41 1245 15
969 56 14
988 603 75
946 636 98
118 914 87
1158 181 38
686 1029 89
813 67 83
934 109 50
947 15 86
576 201 72
447 739 97
1057 1148 32
1197 942 38
88 240 57
1148 1132 69
571 1169 13
803 917 46
201 733 76
814 1143 23
19 239 97
843 1150 97
1266 720 47
80 1148 33
283 1217 98
780 545 14
498 804 53
456 965 92
686 510 13
913 1284 22
177 1047 10
1211 1089 36
87 218 37
396 931 96
150 1172 97
66 660 22
916 643 70
1220 819 74
352 1110 56
1051 102 89
397 389 87
491 1091 39
1014 742 52
1252 902 60
100 1080 45
169 267 14
558 1077 98
504 1154 20
654 172 80
1279 260 69
937 923 75
586 642 74
1249 117 51
999 1033 32
974 929 59
410 1037 78
1222 459 30
909 3 20
204 516 40
307 1244 27
587 1084 95
238 580 11
148 959 67
159 514 18
1065 529 54
454 960 62
1117 59 79
305 482 78
268 64 77
267 818 68
1032 738 65
908 88 39
901 602 67
4 646 26
808 1221 44
596 597 34
916 584 97
1234 388 51
1101 952 96
37 1037 39
411 1018 80
839 302 75
1033 531 63
159 858 61
540 743 50
797 940 10
852 856 22
472 134 45
925 620 27
1061 730 19
974 365 62
563 3 86
791 1081 11
574 266 38
139 685 86
60 294 84
58 207 80
280 98 42
229 1043 97
1280 1099 63
317 627 11
1258 1109 90
968 354 10
888 259 38
974 139 50
322 859 10
70 33 92
724 811 53
213 1174 13
44 1021 52
572 45 86
905 214 11
739 193 56
612 513 93
863 537 42
901 377 50
370 410 41
7 413 87
427 1090 36
316 412 71
158 913 76
58 1195 57
1049 281 71
913 795 35
471 164 46
1025 134 31
351 773 37
896 203 83
82 851 57
676 920 22
548 376 13
404 362 50
622 1043 71
28 151 96
569 1234 59
669 520 90
346 1189 90
1253 499 53
1126 646 91
1157 56 41
1034 789 13
122 379 98
583 458 36
473 1157 99
26 38 15
541 710 68
429 580 38
175 1053 22
977 590 38
462 320 73
1289 514 79
643 899 91
986 928 33
1281 218 59
1283 514 21
762 982 52
739 1044 63
932 963 36
159 318 13
884 656 15
1268 1267 28
185 777 39
489 788 93
125 436 77
1121 1108 88
63 304 79
1213 451 97
340 201 27
614 197 86
1126 611 100
607 733 35
963 1052 22
72 1157 58
1201 306 38
158 431 79
617 776 62
503 192 73
599 1121 16
270 1194 71
1120 1183 74
566 652 61
1020 549 16
394 888 59
1005 73 10
917 556 53
931 650 57
824 1136 66
535 1231 31
1279 215 83
909 1 19
565 1189 27
802 964 48
1149 254 61
804 445 12
1234 82 25
302 276 66
361 961 56
1139 4 49
155 764 10
153 18 47
48 800 37
187 364 54
1098 136 80
1175 536 86
616 681 33
751 538 100
56 193 27
1086 42 44
506 724 81
68 950 20
744 1217 52
68 861 52
1164 876 92
1225 326 29
61 589 35
413 583 23
778 714 38
709 508 92
879 1276 24
669 772 31
454 516 69
403 98 39
679 677 25
1150 391 30
115 787 14
156 956 83
963 604 39
536 292 50
488 719 13
574 236 88
768 343 59
60 1006 55
865 395 34
102 901 94
1107 927 91
846 919 94
605 160 17
1016 81 51
1152 108 26
1021 980 18
937 373 93
15 528 90
752 687 21
429 134 31
560 722 100
705 1097 67
1105 508 40
376 467 92
283 959 73
1234 1253 20
894 474 20
613 272 83
468 243 20
612 146 56
1210 868 84
989 712 97
527 243 98
1068 119 80
177 973 98
596 1088 87
1097 603 23
542 759 32
792 25 71
411 442 35
312 748 83
815 666 62
706 522 35
1065 1155 18
1160 484 75
861 637 31
769 1284 29
949 1274 47
206 1221 15
1237 630 70
25 118 71
384 261 56
243 155 83
857 584 95
970 241 57
13 860 68
823 510 78
514 1020 75
77 1084 50
683 768 87
476 142 20
56 457 41
783 1208 72
1130 4 37
710 7 70
1102 424 92
159 1051 70
411 162 53
1104 241 96
838 211 60
1075 751 48
1142 248 85
545 60 98
64 18 77
928 53 30
17 452 90
616 205 42
783 352 16
1203 1072 80
124 736 25
829 747 68
242 227 95
916 119 99
631 396 47
666 127 92
1005 959 69
895 139 20
1251 309 78
1201 6 80
168 1064 27
534 1233 14
84 1164 60
1202 1207 16
735 1081 55
464 138 41
85 782 53
632 1130 21
778 1173 47
1097 694 68
826 793 91
1100 992 76
369 217 11
82 449 26
819 782 18
1229 1220 37
508 1185 31
880 697 67
1133 605 13
1188 688 25
516 1222 48
676 131 20
686 191 50
644 680 65
33 432 64
770 16 43
95 1203 25
922 995 74
701 380 18
1245 15 90
1024 281 87
515 230 85
22 1052 15
233 407 19
261 832 29
194 1011 30
383 848 46
1216 488 52
749 342 32
1159 56 66
849 689 78
941 147 40
1279 792 55
864 1036 56
862 414 50
1148 480 36
589 695 86
477 315 19
165 786 72
170 1004 29
721 427 71
1201 665 47
817 411 29
371 445 84
777 673 75
771 614 23
933 454 94
644 642 57
69 85 23
1235 13 60
312 48 59
724 1144 62
5 1223 27
470 302 43
409 1129 22
382 746 19
716 773 53
973 150 74
525 960 39
492 746 87
812 670 25
840 1286 47
128 842 59
392 750 42
819 1154 51
1139 1213 63
1219 156 74
319 1187 35
324 157 57
439 320 38
767 805 70
260 309 30
222 448 90
1253 1044 83
387 331 10
361 731 100
953 211 32
850 706 77
1004 996 86
684 963 82
205 1021 43
803 1041 40
66 1023 42
578 1096 19
838 804 35
655 519 14
598 514 59
179 333 17
11 876 26
57 784 68
642 293 11
1038 444 73
380 506 59
442 511 26
494 967 41
949 727 80
1259 1099 89
667 1009 36
541 76 40
1160 548 28
904 1126 97
633 1183 46
771 623 46
945 548 60
581 1075 39
1081 445 18
817 94 26
1273 876 23
764 1133 64
679 722 47
961 1008 46
240 225 76
388 542 26
1083 45 88
5 1042 85
970 815 94
1073 703 27
956 848 65
1071 362 95
742 260 67
873 853 28
778 1119 78
364 378 36
900 398 26
1042 542 82
1135 172 42
780 625 99
22 402 94
708 87 93
16 182 43
775 26 92
1080 0 42
1259 778 45
1103 889 51
1112 1049 47
855 1217 83
644 563 81
9 842 62
225 559 54
9 1175 30
954 875 33
708 439 76
733 548 54
153 305 45
837 1282 51
499 876 79
864 514 29
1135 721 94
24 147 30
847 181 70
591 560 82
305 1093 92
1234 1191 44
1055 33 47
743 853 20
685 328 91
264 1065 39
144 556 56
444 673 24
1049 1133 44
883 336 46
627 823 33
97 819 58
795 516 68
351 1199 78
1009 7 62
680 930 66
822 505 40
819 782 98
1034 223 10
145 1042 94
253 291 21
957 1066 89
1242 237 89
486 859 93
774 731 64
447 311 38
1084 452 97
777 767 70
741 25 41
396 577 76
619 257 63
1029 750 72
1184 229 71
845 6 26
231 239 65
521 693 66
1128 312 80
369 1175 50
644 187 78
1212 370 54
1254 829 51
938 916 63
417 896 76
13 927 90
787 587 44
253 665 16
609 504 33
796 701 33
935 1188 72
405 1097 76
478 436 64
1023 640 80
236 852 27
746 1288 82
439 551 68
969 279 52
749 389 93
989 1192 57
106 260 15
650 1090 71
1105 477 40
629 899 37
777 58 63
538 465 64
241 582 41
343 217 32
492 925 94
640 210 21
1147 960 35
1286 727 62
1071 130 70
321 555 47
958 1273 34
1176 121 76
60 1087 42
588 991 52
233 39 81
39 1244 97
3 193 56
655 1021 20
499 744 21
324 18 70
536 746 55
706 211 95
439 970 86
579 902 81
136 114 65
631 245 32
686 831 68
562 836 41
34 213 97
168 998 82
1172 533 29
1224 30 10
833 12 82
894 937 50
167 788 36
436 1093 93
308 547 88
1111 1127 97
307 996 79
187 1283 35
4 722 74
1171 113 73
800 286 58
1024 896 73
584 570 76
474 583 28
982 541 67
1081 476 82
1182 887 48
452 657 54
708 465 50
721 537 65
985 229 68
850 1232 39
256 1094 16
1114 1011 29
65 880 61
1105 667 68
1103 860 62
739 37 44
912 792 17
1187 1267 59
1154 356 77
676 301 81
117 517 42
646 845 68
388 632 54
1249 10 49
506 727 62
928 960 80
609 1234 92
570 767 26
1064 1072 52
122 27 70
1180 1023 72
467 133 65
146 885 95
467 301 18
1146 348 42
595 721 97
495 560 22
649 1064 20
1144 6 10
53 1256 48
888 1203 75
835 157 54
285 607 97
252 233 24
1215 96 69
415 248 39
37 458 64
224 471 86
805 373 61
471 1149 72
859 1043 33
134 167 95
555 1277 40
1145 165 85
1074 918 35
473 598 49
1000 933 96
776 958 53
967 804 58
1250 16 45
1167 1215 42
930 574 44
1238 835 45
860 389 47
147 79 98
235 1203 45
158 1238 93
411 15 10
1118 485 60
1219 1095 99
349 661 17
768 227 81
119 969 13
944 329 19
57 786 14
677 980 48
200 631 72
978 400 98
531 1161 13
1014 854 50
540 877 34
164 824 83
556 619 90
219 613 97
1132 127 66
889 536 58
890 414 33
755 118 33
1220 739 52
893 592 92
95 1110 78
1229 470 70
666 577 68
190 939 96
1254 1175 21
217 211 37
116 100 32
1232 589 52
1183 614 73
195 566 36
474 247 37
839 1131 21
458 544 36
921 42 97
544 85 64
725 1265 92
199 90 17
1095 570 24
445 804 82
219 1098 16
911 200 64
1070 150 81
1054 904 25
1123 14 44
400 943 84
231 902 44
816 391 53
271 873 94
205 227 66
398 1233 54
189 599 29
571 472 22
1132 746 41
1179 792 85
775 421 74
509 1115 12
813 940 100
735 507 88
815 526 42
147 585 91
519 1009 100
662 11 22
253 3 66
1259 1139 78
542 1020 64
128 1162 40
542 120 98
216 365 48
1169 915 15
896 484 99
241 1102 16
1108 463 89
125 567 43
697 13 48
1116 984 34
1064 583 45
1083 1077 99
985 229 79
868 918 36
1030 1089 90
563 85 27
987 505 29
297 1130 60
453 814 26
87 694 37
246 242 52
948 31 23
1044 966 13
396 518 82
513 1142 11
1125 509 63
145 159 47
118 797 92
316 388 82
400 956 26
26 347 75
337 1195 21
483 388 11
860 1288 97
190 409 73
120 1005 14
24 501 17
196 733 17
118 392 90
90 594 38
747 6 62
667 215 62
145 99 81
490 257 10
1101 383 17
152 1161 38
632 1020 68
574 696 19
1025 1263 71
373 970 86
75 596 74
624 440 57
1032 854 65
253 727 70
279 289 17
1223 921 92
80 638 19
638 1095 76
1093 1269 74
635 1137 71
897 1143 69
235 144 72
1269 1250 70
479 1125 88
1214 738 71
1133 1151 28
103 1043 91
1033 141 53
693 685 86
418 762 50
338 449 93
1171 730 68
187 1186 13
568 1175 50
1009 968 38
561 304 90
797 151 74
155 585 11
720 1054 50
1028 656 36
1190 576 45
237 851 84
769 66 94
1009 627 41
837 920 12
92 1039 12
759 1264 20
861 668 70
789 319 28
1177 400 39
1045 976 79
851 510 60
1157 783 75
291 226 72
600 1052 44
317 743 69
1149 666 97
116 847 91
247 1251 70
1002 531 11
465 1070 68
357 934 52
692 428 96
1074 199 75
1033 1107 89
226 1029 63
752 306 84
1215 787 28
347 903 57
391 61 17
143 560 17
1192 706 49
871 662 95
1052 1080 25
1213 1262 73
927 384 85
204 246 84
483 989 93
193 216 78
1268 695 35
65 1239 83
1126 747 91
1257 320 90
856 288 61
660 655 64
968 689 34
1040 286 24
1038 1079 31
105 1182 71
707 923 28
315 1271 72
243 629 96
57 300 63
1277 542 10
1235 97 37
1101 497 27
1099 1059 88
738 1219 91
620 456 36
571 95 73
964 238 21
996 321 84
835 533 10
521 1218 88
1131 795 64
214 147 98
991 314 88
1141 1193 23
261 463 81
316 128 17
9 1183 77
938 542 79
409 326 70
302 828 12
575 420 83
1287 588 45
941 557 87
636 168 92
482 180 84
124 1271 58
376 16 13
552 725 10
849 25 11
1063 561 34
1201 864 78
1042 677 28
84 16 99
304 99 76
427 859 50
689 816 46
1156 270 24
213 907 71
314 570 74
818 1066 91
733 227 29
545 638 62
209 784 67
282 786 67
550 1018 52
1104 409 78
490 450 69
265 856 17
318 676 82
822 42 78
1049 96 25
206 1259 44
1050 1126 11
1116 573 35
1198 449 69
857 846 52
1116 435 13
127 336 84
621 1130 36
492 276 10
1109 1032 82
843 1082 78
1171 415 73
594 204 49
1265 738 47
938 1085 88
814 742 23
40 671 42
902 587 62
77 851 41
757 593 36
91 939 48
964 568 73
568 33 74
660 438 42
769 539 90
229 818 24
970 134 51
935 958 37
556 232 41
665 739 46
792 1221 30
724 674 27
633 202 75
317 1104 43
545 734 71
379 323 81
741 707 11
679 1225 59
881 1246 11
239 935 75
1088 684 92
1161 945 20
1163 1259 95
648 111 98
125 884 31
1271 498 78
456 639 62
934 1153 52
565 291 20
1184 799 21
966 576 52
627 502 12
29 845 94
6 263 41
21 815 84
1246 207 15
30 32 71
842 585 34
281 745 97
930 454 21
77 35 20
128 921 28
873 269 32
19 263 52
656 1165 97
413 547 46
1216 611 86
254 1080 13
1000 854 76
604 462 20
1059 423 22
1265 182 71
169 423 44
344 720 80
606 1251 28
433 178 14
563 1061 36
759 377 84
1248 859 96
1238 492 58
231 300 75
213 595 20
525 805 44
854 325 69
386 311 87
788 1257 64
1070 854 49
526 494 73
800 883 97
705 1060 70
1104 737 78
856 184 64
784 187 54
584 484 99
685 417 12
516 1208 57
1240 533 69
776 13 44
1147 997 90
671 991 64
982 575 86
1096 417 66
1128 153 75
148 285 47
495 528 53
1216 736 91
1051 1200 10
1196 969 31
1123 1072 69
85 144 68
536 810 86
696 1181 99
786 283 51
1113 473 56
646 6 16
1011 415 60
466 1080 38
991 467 15
1019 617 76
595 812 90
1206 754 31
710 1171 36
48 455 93
567 498 44
494 43 21
334 207 86
1098 599 21
948 1179 12
476 102 58
1196 698 38
1176 333 13
1021 852 32
299 1084 89
149 611 15
180 1241 32
254 824 55
315 607 50
915 464 100
338 125 35
1138 283 18
877 1050 75
604 332 22
557 520 63
708 803 61
367 868 39
156 1073 14
722 483 50
428 235 60
735 1164 13
92 1171 20
576 1102 93
649 137 100
1031 1174 41
679 999 38
200 664 33
779 1183 63
1201 1103 30
1205 129 66
333 1191 40
552 346 57
829 768 67
577 866 30
1017 753 37
238 933 92
1127 897 73
292 15 100
643 591 35
2 851 35
484 995 27
882 172 78
873 1241 17
549 6 22
388 195 85
225 161 50
169 105 89
785 473 12
562 1211 22
549 1221 45
999 819 65
308 607 47
1273 54 26
1248 278 69
589 293 78
1019 1055 44
6 989 98
1121 258 96
414 1050 65
1106 767 67
772 873 91
841 901 61
1169 1054 50
621 117 30
8 485 35
512 48 49
294 556 55
515 111 48
918 1087 15
1026 1030 77
366 1199 10
537 48 72
987 1001 59
89 719 81
827 470 53
365 6 51
748 24 32
1108 312 89
318 484 46
189 993 60
1028 704 72
1268 1209 45
726 640 73
618 329 23
1020 749 90
189 582 17
372 735 83
909 895 79
946 1203 98
230 66 47
566 53 82
1126 1232 33
65 1033 28
1038 970 72
1014 1278 26
414 1055 29
284 463 60
777 757 34
871 207 42
465 955 91
1288 1002 49
407 885 21
373 28 78
624 1087 54
1054 766 27
196 203 68
1283 759 52
1219 57 41
176 43 37
1272 388 75
1273 505 58
373 680 24
948 1264 73
1133 1035 26
34 794 86
579 147 82
168 1093 34
27 46 20
113 118 20
78 806 14
1037 656 82
134 276 31
967 1062 15
587 1283 88
1195 235 28
6 1274 88
886 231 89
272 117 63
84 220 55
914 1251 42
1281 1230 24
1077 341 88
828 1192 65
356 199 12
1248 1212 86
658 325 21
329 363 75
742 320 100
1053 545 68
361 638 67
972 1280 41
998 1152 52
773 871 61
397 326 41
807 935 38
1173 1163 47
501 265 18
288 1162 79
832 1226 11
67 922 12
887 778 79
752 566 78
934 516 10
588 60 41
955 608 96
134 178 72
594 14 52
688 627 94
1076 500 86
406 18 92
212 817 27
214 1192 34
52 586 49
1111 137 23
248 720 38
428 340 12
1032 621 82
457 242 42
1043 24 73
953 578 31
1073 286 36
634 148 11
1016 943 88
833 142 66
756 608 97
968 895 25
756 978 27
246 895 87
360 237 80
923 166 98
534 337 34
262 1137 17
1049 851 47
575 1016 73
705 858 33
684 517 97
709 958 24
1189 529 86
306 462 85
372 1186 50
242 703 82
432 1095 79
105 854 54
1177 990 13
323 1084 12
62 747 69
515 333 37
547 1108 82
1084 1010 33
1024 1233 34
908 170 37
743 921 40
302 1223 87
601 1271 12
861 110 30
205 1177 31
754 228 26
169 451 56
568 425 28
600 569 100
1275 968 70
797 99 62
721 600 23
329 272 84
604 560 44
1247 1246 10
601 934 91
899 243 62
906 849 100
1078 953 34
1135 1210 38
248 695 39
557 428 35
985 112 12
921 615 83
1101 1141 44
59 570 48
946 762 32
307 95 14
1126 202 63
510 997 10
1228 955 65
1244 11 86
559 1173 60
1199 263 50
583 929 59
533 1262 42
557 381 25
1220 155 22
312 740 15
84 174 72
197 31 85
840 604 68
354 713 15
407 290 55
252 770 40
613 358 20
447 832 53
382 558 23
237 622 42
474 303 75
348 569 16
1164 13 63
159 28 32
799 361 25
990 21 41
19 281 46
1281 394 57
304 1027 62
35 1189 87
743 227 17
648 667 30
1200 540 30
1212 96 93
587 1041 54
347 1216 94
259 287 73
139 943 85
265 761 68
72 309 46
1253 627 46
94 50 83
1211 1078 32
231 949 27
363 1083 64
478 396 84
871 560 16
696 498 47
235 130 53
787 670 55
869 24 50
166 216 39
1226 355 25
100 1152 46
706 458 27
406 122 45
632 147 65
836 834 32
1225 1165 18
475 388 95
378 300 52
869 382 77
427 342 39
887 766 19
163 866 39
667 235 91
1035 122 44
79 600 83
1054 1137 67
1193 1008 50
29 840 84
592 644 60
1059 667 30
456 843 51
90 1231 16
603 257 69
1092 482 66
626 202 94
803 180 29
844 1137 67
468 504 32
704 1148 34
130 1094 80
1082 227 67
204 86 42
1178 491 59
841 468 32
280 1155 76
619 408 77
1193 118 37
1046 913 89
917 31 19
780 1159 82
1029 41 87
217 575 21
576 1009 21
114 155 91
1157 374 80
83 382 14
561 81 98
664 854 45
1270 810 21
371 1126 65
1040 209 89
108 1233 40
891 1165 13
190 164 35
274 325 68
185 117 25
691 968 12
1069 3 25
70 234 25
348 71 52
1097 216 72
982 110 78
405 227 36
617 170 77
1165 68 93
801 329 74
1137 314 90
477 1142 82
86 460 65
1035 904 56
1008 296 91
735 391 67
661 555 42
1047 1031 23
626 1135 73
953 567 55
831 1063 45
239 60 23
688 75 27
1236 825 64
94 1115 42
761 542 10
425 1251 62
39 886 61
388 758 37
84 865 34
1132 1238 94
879 724 66
47 20 37
1229 521 41
929 372 56
1116 1198 39
425 401 70
191 267 37
1278 1202 15
73 1163 49
941 213 13
512 516 84
1018 761 39
808 544 75
971 721 43
1183 1060 82
658 2 97
911 391 48
466 1044 70
1046 693 80
267 223 57
530 703 20
933 706 71
355 436 60
207 1048 83
109 500 74
265 1217 67
590 707 34
249 666 18
714 846 86
515 1 14
886 772 47
1193 782 81
559 540 74
303 364 74
647 226 60
456 704 95
319 59 65
296 158 70
634 455 34
892 139 27
41 578 71
30 498 60
644 948 84
272 1101 85
548 448 53
1044 697 49
140 384 46
1103 715 41
781 813 52
854 218 22
1187 994 71
974 888 81
728 579 34
793 809 91
886 792 76
101 790 55
1146 1234 87
555 441 71
168 469 11
1049 220 63
971 1 25
211 706 58
1177 1159 37
357 978 57
713 430 27
189 85 50
223 1164 34
808 389 32
245 836 46
845 732 62
1222 712 72
1117 848 14
332 133 20
204 429 91
126 396 84
1279 26 89
412 550 62
945 1264 89
1042 514 66
457 92 64
1090 1126 48
839 806 64
1284 1156 92
18 1082 53
911 1153 34
707 744 90
1134 794 51
786 67 58
765 983 18
87 1242 42
612 779 97
850 1074 57
243 504 27
368 954 17
103 297 41
670 516 68
1253 638 14
469 704 87
1065 1099 27
585 1266 89
1196 1209 73
175 1197 95
826 1073 23
17 1008 59
614 224 92
490 331 79
201 1169 71
1148 663 40
776 645 58
1059 1044 77
820 705 21
586 749 45
1064 1171 33
734 539 23
597 698 88
727 433 79
623 947 31
1097 243 81
78 268 86
599 30 74
406 610 69
315 778 72
1046 832 60
708 612 84
1101 863 47
246 834 58
793 1280 51
1065 95 75
1247 745 27
1034 875 54
1179 698 21
248 429 55
61 666 14
351 1199 25
593 157 96
506 523 60
1152 699 41
376 1188 84
769 1085 88
438 529 97
418 579 65
1190 215 71
695 1008 49
743 1174 86
659 1147 48
646 849 46
381 271 86
898 464 45
1183 1281 13
538 454 67
850 1221 41
963 257 34
102 1204 67
1108 921 67
1200 689 96
562 632 32
969 838 93
1067 990 91
31 869 28
819 109 90
749 218 11
362 34 25
685 1081 61
1142 103 81
762 806 62
626 981 63
858 116 69
1142 256 14
236 384 55
924 821 70
679 1005 48
926 531 86
1275 524 81
989 901 72
141 773 54
1127 833 88
144 870 19
233 880 84
747 585 25
420 116 27
1114 887 40
342 983 34
757 795 67
344 139 21
362 1284 81
1057 297 50
48 193 84
871 1055 75
267 287 44
75 372 90
174 850 48
73 996 54
53 898 97
1203 285 43
1285 991 32
539 1004 84
417 70 25
1163 50 63
372 1021 45
256 195 64
1184 491 46
1192 590 12
639 948 43
158 844 17
1206 217 80
1236 377 98
360 178 41
988 194 55
846 932 16
754 229 67
771 890 54
1252 648 73
744 535 28
276 823 30
353 678 98
70 918 60
762 525 29
917 833 30
1075 656 48
976 1149 36
1037 803 42
901 1069 80
878 413 79
1269 1020 78
58 1111 56
693 157 15
1213 1103 59
959 63 72
213 1102 71
415 862 34
439 238 62
274 925 95
527 166 57
218 743 37
1056 185 35
777 337 97
475 1158 94
664 369 21
341 927 56
270 881 18
693 685 26
519 1094 18
588 815 60
825 567 98
657 784 19
873 322 61
681 944 28
116 753 81
334 789 86
1051 272 10
727 153 33
705 463 34
14 4 74
161 704 15
199 661 39
1283 607 91
1289 662 40
822 817 30
1248 126 24
19 58 99
1033 927 67
436 837 98
1052 698 22
771 603 82
1266 1161 85
859 1115 90
1232 99 93
1117 977 46
110 17 53
106 12 62
1073 1010 89
827 586 75
1192 638 55
495 1146 79
397 418 89
987 54 55
307 765 70
707 613 99
236 121 83
395 738 90
1069 766 24
559 416 39
261 648 91
3 790 44
645 234 88
670 881 77
1236 508 27
1209 243 28
194 58 98
735 255 98
1163 739 15
961 330 49
577 170 21
631 1046 90
593 831 98
901 397 31
858 784 29
1081 794 63
1138 656 27
663 286 60
1062 431 55
886 1083 32
1123 146 64
958 1107 81
182 375 43
690 12 84
50 972 14
96 500 10
757 437 25
261 263 35
681 264 86
1035 67 74
398 881 24
806 126 65
758 1023 27
493 163 16
110 854 47
925 719 43
1126 852 49
354 1096 42
875 293 88
467 1263 20
658 790 41
1225 766 82
1077 322 26
797 520 33
491 1200 77
742 342 48
399 365 31
10 547 78
758 953 84
926 324 19
481 578 78
205 764 43
259 663 35
1127 816 74
1207 968 87
205 302 13
750 184 58
629 671 58
1184 1220 76
823 892 31
719 217 92
372 948 42
949 441 96
402 134 95
878 586 55
1183 720 72
531 1114 82
829 1205 92
1022 59 22
203 418 75
871 780 60
542 852 66
1054 808 44
329 983 96
362 679 63
336 945 40
571 528 35
453 983 84
151 776 96
498 333 26
702 1196 19
518 1006 68
337 424 71
192 550 75
996 983 30
352 189 30
875 226 31
985 374 73
965 1018 69
1245 925 22
738 1138 13
845 1092 55
7 288 23
1012 1242 16
237 1205 95
867 314 34
1073 103 14
1257 899 24
283 798 68
505 1133 76
1017 385 14
307 47 35
67 394 41
197 18 84
1241 654 56
13 1237 37
56 53 100
221 730 18
556 671 58
982 666 44
766 526 75
549 913 62
364 931 79
1153 752 31
218 234 50
916 89 47
104 1244 82
1270 924 47
653 219 55
1122 934 65
720 673 38
457 67 20
697 1243 55
287 514 17
240 323 69
683 814 85
217 642 74
1265 1099 44
143 489 96
942 181 61
472 1121 33
1161 1233 26
570 534 45
260 627 44
494 435 65
538 33 21
745 829 31
479 1094 31
946 772 25
1278 790 29
60 1013 56
1225 1183 18
1216 263 29
771 494 27
1248 1246 92
123 886 15
2 655 24
720 723 50
1190 343 95
655 1207 71
462 1245 96
764 845 21
293 1040 10
290 389 87
266 23 39
1177 67 68
765 190 52
199 746 91
625 618 36
969 1219 46
860 222 55
396 1099 46
600 763 44
276 1164 32
632 364 94
76 1204 87
886 550 68
1068 993 77
974 736 73
463 1045 24
2 663 36
1227 1017 98
876 459 61
596 1278 44
1093 855 34
551 665 26
66 769 78
126 671 71
821 544 57
1156 434 71
556 1164 88
255 118 22
1208 258 87
218 295 42
731 526 40
868 110 85
492 453 46
580 639 44
483 25 35
62 786 95
635 598 89
311 793 23
202 727 67
495 544 26
287 32 28
509 939 74
979 910 38
177 37 42
65 390 67
1185 1246 54
679 293 41
1217 717 85
400 267 50
988 653 74
1275 540 22
705 1149 37
918 73 79
1271 906 72
1266 709 93
364 1107 64
439 270 77
1107 1050 89
537 839 10
516 797 40
803 263 78
378 928 10
64 918 26
175 478 23
529 1164 24
468 487 91
667 355 17
25 1255 76
990 1151 18
475 852 18
249 255 97
397 281 66
577 51 75
15 250 77
545 920 15
1108 731 43
382 555 78
246 140 59
1168 989 10
84 1240 89
1213 581 26
743 1093 87
338 542 19
781 1221 50
375 970 98
849 1081 65
1160 1118 98
1227 777 11
1086 120 52
740 393 93
1280 758 90
385 741 73
320 979 56
434 410 75
446 799 47
198 268 21
657 163 53
992 225 78
1144 706 36
140 570 67
299 959 91
1149 419 74
1133 836 98
880 343 18
922 1044 82
333 968 70
653 388 23
221 314 91
588 396 68
1276 533 99
606 49 21
846 308 92
168 533 86
47 804 83
794 304 58
1221 355 65
1005 806 33
451 256 44
584 1107 65
501 372 29
144 341 27
1066 578 45
668 317 37
682 246 80
1122 449 94
520 749 77
577 62 19
200 1052 76
324 872 81
315 46 57
38 658 18
924 1245 18
866 307 71
83 287 90
436 1131 89
579 1243 12
921 887 88
857 1155 67
922 649 79
1052 581 93
295 234 29
329 367 63
637 870 81
863 536 71
537 506 59
632 554 22
1194 110 63
961 1139 58
337 626 95
1265 971 85
816 495 15
544 649 55
1015 138 21
402 2 15
1062 128 97
645 633 11
536 1151 78
332 727 10
379 125 44
256 1191 41
285 939 51
1060 569 91
1054 653 22
1189 993 54
890 626 75
710 615 94
443 1083 61
588 707 33
344 416 37
548 1176 66
755 1055 78
300 230 54
470 378 49
163 766 50
807 969 53
72 83 19
158 421 59
343 710 49
765 529 79
265 502 17
849 641 58
498 730 100
800 324 44
664 1228 87
347 915 99
719 86 57
927 585 50
599 1121 23
314 1242 89
170 807 26
22 955 61
929 580 80
1115 142 14
94 1194 100
1048 117 45
45 167 79
90 180 13
966 1254 77
1245 209 71
617 541 35
25 8 51
441 122 97
1166 1 13
359 1159 29
1223 728 90
543 660 71
156 104 95
952 512 79
34 1272 14
123 1104 71
178 725 12
55 311 99
53 724 51
708 551 52
961 945 90
310 607 35
645 734 46
492 958 83
1088 837 92
402 1058 88
864 610 80
450 1129 95
844 249 46
293 572 67
622 180 52
439 760 36
669 487 71
530 753 53
748 60 40
643 1067 72
310 1276 87
997 310 14
1034 349 59
503 449 84
502 261 31
783 674 62
754 1033 47
1223 133 34
767 150 26
771 757 14
287 1237 67
761 691 85
670 419 96
133 640 95
502 912 78
297 833 47
565 188 95
485 919 72
549 689 69
23 260 92
966 822 82
155 833 91
467 1138 22
1091 443 64
597 1123 48
47 414 29
526 244 73
42 813 87
483 365 26
592 964 100
222 1075 11
63 5 69
1233 1121 82
95 1004 54
842 887 44
1063 275 22
986 658 20
1120 531 10
735 470 47
913 700 96
490 588 97
510 527 37
128 428 53
1162 1098 25
394 478 99
370 192 13
1001 541 99
1171 8 46
317 797 90
429 931 14
113 34 88
1043 265 14
454 1206 40
520 325 84
920 1103 73
691 1008 27
987 1198 41
1214 583 45
488 7 19
66 935 42
687 831 28
1211 890 34
835 693 53
662 126 71
551 1029 25
113 822 27
710 1221 83
1285 451 85
43 1021 78
705 549 66
1180 449 80
1195 1283 85
444 1247 48
926 306 22
717 149 30
546 921 25
789 660 43
838 11 32
1215 35 57
120 1150 28
1191 1148 31
273 316 24
570 534 68
693 1275 39
803 1184 89
165 1208 18
94 515 18
688 198 11
407 586 66
1150 1248 84
12 947 23
450 511 18
628 145 92
541 1021 71
874 237 79
766 417 10
412 440 58
644 922 54
980 175 57
920 492 20
127 1208 16
794 8 78
455 257 75
1235 282 43
455 638 22
1148 297 92
454 505 14
852 371 71
1132 1047 59
1057 145 97
440 1277 28
58 762 38
666 355 61
303 1123 78
1038 927 66
473 799 89
772 612 24
578 394 40
1265 710 90
290 1013 96
353 324 71
850 1182 24
708 934 64
715 330 24
589 29 100
75 278 89
413 474 33
905 823 50
741 1173 16
541 625 38
1155 318 19
269 296 80
868 556 35
1135 443 55
253 1145 68
81 1022 24
221 284 14
1123 1174 63
822 294 60
193 504 42
482 792 33
724 928 44
730 322 99
1008 1000 52
678 897 39
940 1226 89
1281 595 42
460 976 60
883 41 36
241 185 16
287 556 84
303 275 40
840 274 44
585 926 10
884 14 74
939 229 94
749 33 13
670 1141 32
1147 1016 89
536 79 49
380 97 19
426 97 75
831 1244 49
959 1044 82
619 418 97
81 709 46
251 609 66
37 58 19
57 787 20
185 1258 57
823 381 16
692 1220 81
723 473 12
775 1007 53
280 657 21
656 188 18
178 1096 79
699 413 62
161 1037 93
810 1084 67
339 1184 79
27 539 24
1167 1191 54
284 846 54
466 430 70
755 1116 43
816 751 39
291 540 100
1151 836 27
294 45 44
392 1046 82
415 188 78
981 108 79
684 181 18
196 821 93
1079 252 67
983 672 58
814 1174 16
340 306 98
812 806 91
883 1204 12
752 586 46
706 302 28
954 342 93
288 455 68
955 48 32
235 667 50
432 320 85
573 643 22
5 1073 56
150 1207 53
151 890 100
782 167 86
564 336 68
499 903 28
671 294 47
1032 409 19
71 1274 82
384 448 15
892 787 55
174 836 32
993 358 99
1072 1261 74
270 835 52
554 491 54
90 674 72
133 637 72
55 225 39
93 596 35
465 183 19
192 327 40
14 986 37
1158 622 76
395 161 77
744 961 59
283 359 24
545 299 34
166 798 26
469 438 31
586 614 66
995 1051 84
398 863 39
1032 784 71
1222 670 47
57 512 66
545 52 54
206 1098 66
920 965 10
1238 1043 65
188 211 52
908 1110 43
151 971 48
423 375 40
748 344 99
311 689 83
794 445 18
45 444 88
151 953 63
552 182 43
486 312 99
480 155 42
802 988 17
11 614 75
1091 292 18
968 384 80
653 312 82
200 563 51
496 918 40
255 638 75
1038 255 78
1002 781 40
738 254 99
1288 1153 95
559 588 65
1022 16 26
524 539 22
616 842 23
1068 614 24
841 1173 90
1219 370 100
131 260 26
30 713 89
638 979 19
41 1264 82
585 177 99
1079 676 44
1165 415 45
29 770 34
28 840 60
277 28 10
275 532 80
9 120 23
566 623 35
559 265 80
328 597 35
1163 80 60
737 850 50
732 105 84
478 1020 57
185 835 84
927 551 38
887 1231 24
963 741 87
176 895 48
438 849 93
194 1241 57
1077 1011 58
249 537 85
1091 260 65
973 1174 66
519 123 72
428 363 50
107 730 95
400 1186 22
1231 1281 48
820 532 95
730 657 90
975 774 94
216 831 48
864 384 62
125 193 30
469 368 33
438 1237 87
21 590 26
37 698 83
528 1287 72
524 588 37
92 1222 39
839 1115 87
876 826 85
488 1004 95
20 800 46
982 324 13
631 151 33
292 1051 81
1091 1196 85
1262 282 55
1036 912 59
668 104 15
884 880 66
149 321 30
999 76 68
1168 1105 65
850 897 33
367 722 43
1052 1049 72
706 579 42
598 1241 64
625 1276 40
1274 1263 55
721 473 26
1032 390 76
1099 1181 85
558 521 63
366 1118 18
52 356 66
357 889 35
1275 67 33
914 948 44
459 1182 92
797 91 52
779 374 60
101 284 52
722 383 80
930 1179 76
393 716 11
925 1121 98
518 859 51
882 920 48
19 427 30
1077 704 99
596 418 75
436 1012 59
447 1009 58
665 644 27
1141 888 40
712 710 39
262 675 97
612 837 67
981 81 88
178 666 26
675 1077 41
1102 306 82
1254 215 31
401 263 41
227 1041 28
457 603 22
914 253 12
1078 351 27
57 549 89
1219 996 55
469 526 42
676 1074 71
952 648 66
871 895 31
814 331 35
1085 379 85
600 168 19
421 682 39
312 483 83
367 932 12
316 888 59
826 379 15
1248 903 43
1278 1153 70
667 1184 97
1138 729 56
816 681 59
1012 602 76
178 1204 22
1164 1175 28
838 248 84
105 1128 21
926 588 72
1107 786 67
618 629 25
607 1113 80
357 296 92
35 579 73
815 830 65
569 249 11
782 335 85
432 1131 43
1222 725 54
243 308 17
46 478 72
563 1107 90
617 1278 41
255 762 37
1050 920 62
956 773 21
248 380 55
794 1061 81
1207 1151 63
1091 746 38
97 430 87
551 640 45
1170 794 84
870 345 88
563 1122 73
1192 630 64
1230 1287 33
452 107 96
836 1266 45
1180 1033 19
324 594 14
1012 194 69
258 722 88
816 468 19
792 406 93
1065 1078 82
1177 791 96
84 995 19
569 305 85
732 1089 39
234 504 16
829 962 86
688 1027 42
1196 1150 60
571 40 87
402 1252 47
225 601 42
520 745 41
845 934 79
852 461 55
510 770 33
896 971 56
96 1280 76
630 1283 46
80 82 18
690 375 55
383 1005 39
570 1151 26
85 1004 12
702 279 99
35 1137 97
694 907 93
683 825 75
860 1132 36
823 1008 49
1106 1026 46
395 176 24
531 538 91
130 645 67
634 863 61
937 132 84
301 468 77
1286 232 35
219 585 11
202 1263 45
10 1090 82
690 791 76
762 1168 49
387 962 60
820 744 83
1289 63 17
1033 136 11
596 278 100
260 995 16
94 967 90
593 111 72
1216 443 38
740 477 86
1122 7 63
570 306 25
842 1206 43
1277 291 34
201 345 48
363 114 11
971 490 75
981 663 15
140 1017 19
689 959 71
680 691 51
1191 993 39
685 1161 94
250 90 80
978 458 49
970 321 20
614 123 10
1221 1009 100
1043 419 18
673 201 72
15 959 55
802 217 62
523 786 50
1018 712 59
79 575 25
222 1131 65
54 1163 50
1112 256 99
1053 18 32
548 940 48
450 518 95
307 806 54
506 586 69
436 40 32
874 660 74
409 825 93
965 40 16
1116 841 84
539 991 52
1125 164 37
151 378 23
30 138 87
240 391 58
697 1079 97
179 516 28
798 1252 31
907 18 63
1068 604 22
1124 71 84
392 720 87
1029 838 64
957 146 62
1006 1052 38
422 686 90
357 1154 75
420 1116 98
1125 517 61
218 77 13
479 615 38
771 1078 17
1196 738 19
1191 396 47
614 152 79
1036 1006 47
302 1186 82
241 1017 38
212 133 86
427 501 55
1274 856 96
354 22 25
587 245 64
963 40 81
1184 891 35
607 1074 12
423 391 14
396 8 94
829 420 59
1008 894 85
519 607 40
455 1225 92
249 1064 23
793 740 95
637 1045 91
714 602 49
1066 862 55
26 108 76
1114 1260 82
1220 95 64
705 1178 78
1270 52 12
110 184 76
1172 1041 98
777 745 71
50 1240 95
626 657 74
290 134 56
162 62 23
797 685 84
1047 500 35
1037 815 90
874 1087 69
585 260 65
1098 851 32
508 54 90
262 522 87
855 712 14
502 448 12
182 1016 89
231 641 17
319 702 25
274 658 17
1022 255 87
750 425 71
936 679 42
469 800 66
439 1257 17
592 207 47
308 307 24
601 89 81
842 114 36
404 558 76
443 752 89
154 166 62
390 359 75
861 710 19
996 108 56
150 4 68
700 205 67
91 684 24
443 887 77
1144 19 50
7 822 28
234 593 83
1073 898 85
1101 883 72
537 1255 55
39 1214 29
36 268 37
243 30 91
179 27 61
465 1262 17
651 812 11
1154 512 10
107 922 12
371 293 93
108 473 75
306 262 57
842 133 100
732 259 45
683 609 69
566 220 24
1027 751 99
984 725 47
349 144 42
508 168 72
1194 834 10
133 474 70
1079 1262 92
468 1072 88
984 500 38
1215 704 85
396 530 97
514 1075 38
1235 912 74
525 232 62
1037 315 10
930 948 83
381 654 82
1093 881 81
997 628 84
1049 408 18
76 769 89
969 1029 22
788 1149 22
731 97 38
1261 241 81
424 905 10
551 165 61
1149 845 90
749 916 40
955 379 79
35 826 96
605 804 26
223 907 49
304 585 56
33 1205 20
324 830 61
561 460 51
1271 282 48
981 943 20
238 750 60
260 604 84
928 505 13
571 473 40
756 674 93
549 186 76
799 558 32
1223 384 88
1285 511 47
916 318 11
945 573 71
65 393 78
220 176 65
85 996 63
962 804 33
380 334 53
881 644 16
1167 676 76
1076 649 25
88 138 93
1219 69 60
1107 991 46
451 701 93
1181 34 25
502 322 22
1288 147 37
501 1262 78
124 470 83
978 219 73
127 219 71
1078 703 18
520 218 38
340 993 11
427 561 12
530 537 10
32 1144 60
920 682 34
876 356 98
302 1236 50
295 156 78
452 31 58
1007 238 48
1048 927 22
412 150 12
603 845 58
938 34 90
1167 639 49
429 13 57
99 60 35
404 806 12
86 263 68
1079 692 30
53 1148 60
932 234 85
657 185 71
958 62 60
676 176 17
1245 360 33
1192 777 50
471 1003 51
989 278 77
210 94 20
512 1249 84
996 155 77
1044 795 15
150 875 52
839 176 34
850 739 83
169 525 97
1173 661 53
675 984 86
1195 773 67
1239 139 19
469 519 63
1084 905 32
1011 235 68
503 724 44
250 541 83
867 598 34
479 376 45
26 96 35
601 1279 61
106 901 12
740 791 86
404 1032 95
629 815 21
1285 482 40
790 836 66
770 1279 63
309 128 62
690 26 68
405 764 65
1007 328 27
533 859 16
1078 304 49
321 902 93
550 1107 36
1026 829 68
1262 761 12
1055 391 22
873 630 26
598 609 96
269 774 71
723 895 91
558 242 38
342 68 80
1183 1 52
1153 989 34
169 158 65
869 712 84
714 345 18
22 1046 25
502 677 27
990 174 91
114 1197 68
388 1278 98
217 862 98
1110 553 31
104 77 35
263 394 92
259 203 29
558 1021 98
1224 639 87
509 210 78
777 572 72
1250 175 88
455 103 74
199 1150 83
1 910 14
278 525 86
980 1268 99
93 906 42
397 1209 86
1001 173 57
1284 1229 97
729 740 39
389 499 59
638 895 66
573 186 45
51 311 19
244 199 86
121 51 39
892 1236 26
469 923 38
1032 947 70
678 972 85
632 1128 27
1201 874 55
461 172 47
1277 624 56
343 690 88
906 1019 32
996 220 47
743 168 67
272 1213 56
604 788 66
1031 368 76
497 972 70
326 177 34
841 282 27
849 1163 28
742 17 64
1056 591 50
1118 1255 83
167 188 73
12 54 74
105 572 22
1114 551 68
28 714 74
574 1159 87
237 986 55
398 154 90
1277 1022 56
7 701 72
1119 714 31
1054 777 55
1099 325 44
328 928 80
731 961 85
812 480 71
441 474 72
347 329 87
1250 60 45
647 716 77
199 1278 71
109 1168 15
142 1018 17
500 712 62
1246 83 66
1131 1209 71
484 1011 57
66 814 78
987 1159 77
919 756 96
904 286 39
1210 261 81
774 623 92
617 718 83
613 1005 61
450 1199 64
727 82 45
154 142 94
716 701 74
435 19 53
359 239 93
995 454 87
1197 796 73
453 959 79
513 1074 87
504 1151 81
1094 522 17
1021 258 36
1234 404 97
1049 1028 12
142 906 48
1118 995 25
874 1051 76
885 982 77
986 621 64
870 991 29
1004 327 84
1094 1084 68
11 26 70
589 710 61
1233 160 75
1080 400 94
837 1075 53
406 84 80
179 558 74
1027 205 12
454 215 37
161 545 76
657 156 87
392 1161 66
68 1132 15
388 640 70
424 1266 60
1157 649 45
832 1143 19
37 610 90
1081 667 87
724 850 23
191 79 47
760 1142 20
491 270 73
996 1073 31
829 1117 11
517 118 41
1059 620 77
457 331 20
518 1074 59
373 1032 93
1044 838 93
874 664 67
235 378 63
954 95 15
288 475 44
997 138 56
266 935 33
1226 1227 90
1239 78 15
926 1017 39
338 245 40
901 902 78
927 1025 83
940 516 74
1091 413 89
24 1171 23
1181 981 94
885 570 12
1241 1042 33
1263 950 31
671 1069 65
397 444 64
374 228 66
216 421 91
491 653 43
353 1092 46
1246 68 56
460 84 82
467 657 76
272 363 57
396 1285 58
697 552 83
301 625 53
832 772 38
518 419 11
1206 495 29
82 383 78
852 287 59
696 1277 14
1267 660 37
328 1114 68
987 352 96
346 288 11
1254 675 98
731 740 26
280 172 82
734 882 23
174 94 87
204 282 87
90 350 39
914 209 79
863 1035 98
147 68 25
363 513 93
623 745 37
567 830 13
1143 175 24
183 381 15
375 363 40
1098 225 61
191 965 68
525 954 49
1196 352 53
95 204 100
256 399 70
258 702 77
1033 1156 87
1221 366 69
840 47 35
226 646 42
498 493 10
678 814 16
796 1224 98
700 906 74
37 321 87
177 1023 12
848 739 41
1062 120 35
358 1234 22
561 1218 18
78 402 65
902 620 36
888 712 33
694 218 91
92 889 13
1206 417 36
505 1101 93
590 737 31
1073 154 36
511 1010 61
1224 1238 22
1175 837 60
465 797 16
38 669 30
223 729 16
24 649 34
174 1040 73
492 563 60
948 870 24
799 1235 90
115 1170 65
265 689 99
923 753 26
228 1085 22
1058 793 34
1101 1263 78
1031 336 26
496 463 94
214 415 61
1234 153 78
729 1133 75
340 207 24
1180 247 79
363 366 19
324 1253 95
64 819 48
212 1195 49
934 639 50
1085 1252 25
577 426 20
392 768 67
513 457 55
709 248 57
524 1075 93
434 1257 73
1192 1021 66
1105 843 50
207 394 96
958 525 59
671 378 71
956 1238 11
252 1099 13
841 293 30
9 754 23
60 835 49
60 136 83
1083 320 38
595 411 62
413 71 23
671 722 14
850 285 97
608 748 85
1107 419 54
71 686 76
662 49 17
134 588 67
284 412 71
22 704 88
1266 389 64
943 899 80
307 120 76
555 1202 40
1262 159 12
1051 978 23
202 828 97
994 400 35
1214 756 79
734 771 61
456 141 63
431 1184 34
1077 1024 63
209 1255 14
1270 587 72
138 980 79
160 360 60
1152 348 84
528 919 76
568 116 52
300 789 13
863 1092 90
866 729 76
508 517 94
658 831 53
462 975 43
468 809 38
581 1048 62
932 1271 93
976 1189 19
1140 1145 18
224 184 47
544 283 85
647 1117 50
886 1110 96
1058 646 46
527 655 22
1111 89 23
1051 1056 88
880 710 85
249 1280 54
891 1041 21
51 981 38
423 489 10
335 1071 79
776 279 71
5 338 15
100 997 44
410 798 95
160 650 44
1266 240 56
1039 1060 65
617 90 64
285 738 91
850 1047 81
500 321 75
1215 885 22
142 266 69
97 1074 24
273 1114 73
468 384 51
1136 965 66
1090 948 47
456 520 15
1077 1194 19
552 746 84
1042 359 64
67 22 88
497 1074 59
1289 1061 83
1116 105 35
1241 1102 63
271 159 22
966 676 38
634 1214 56
215 766 89
1203 1285 35
676 801 99
433 1230 23
274 1102 29
954 370 45
1111 870 42
1103 890 12
878 846 82
790 853 78
367 471 10
574 136 39
78 246 57
14 780 45
1101 363 41
146 136 46
353 960 85
908 728 17
1218 950 84
952 411 65
256 973 22
1233 200 77
1152 952 25
843 479 88
1025 1079 82
771 248 11
580 240 52
1127 1209 30
966 1226 23
25 728 29
1052 849 83
819 273 80
936 1262 60
1092 15 91
1096 617 58
974 909 39
238 201 31
469 610 64
652 510 45
475 799 64
111 1001 24
187 1110 62
1084 906 29
7 145 95
271 878 42
1056 214 45
1070 1174 45
1261 906 16
537 165 61
508 734 22
692 31 28
1183 513 53
30 35 37
214 724 56
1252 1091 55
469 748 95
418 694 54
17 133 31
1191 391 20
787 1143 28
1233 897 49
1130 885 94
112 174 95
841 319 34
999 1123 73
1122 167 82
682 1040 78
1098 353 66
484 506 46
970 776 85
384 836 12
1107 1158 34
346 622 83
353 393 64
467 428 38
904 539 99
939 216 54
658 145 32
854 57 53
57 840 91
1090 766 11
100 548 95
413 700 14
1255 441 14
635 1240 65
1245 831 63
1235 589 49
26 569 92
491 4 31
231 350 81
120 668 67
987 445 52
379 999 25
569 311 60
1234 689 85
496 392 32
543 534 89
669 136 11
1218 385 91
234 647 93
627 149 92
973 1259 51
486 92 44
1032 985 74
842 206 38
429 870 61
1094 978 87
1104 379 40
187 240 81
457 1067 50
1072 906 28
388 460 76
264 696 97
500 1078 93
224 1276 64
231 904 87
1075 5 83
335 1039 40
896 1122 21
1130 214 32
15 957 69
889 422 33
282 336 49
939 1132 84
503 982 100
1132 1273 76
499 42 77
900 52 17
1041 1223 38
765 695 17
116 1103 77
1204 447 88
804 834 19
73 102 25
394 1136 65
1243 1211 32
463 867 54
949 185 63
1209 1097 57
766 1271 55
974 335 77
547 181 71
528 925 44
248 517 34
720 1054 67
1275 881 43
405 420 41
165 708 22
1081 217 30
499 402 78
930 76 79
1183 1128 89
255 439 97
913 413 12
59 1174 40
328 52 12
488 216 57
945 334 12
988 1109 43
565 650 11
1146 455 27
1058 901 29
805 888 68
200 508 48
905 630 47
1044 1005 88
736 159 30
571 1182 37
1122 826 82
734 124 84
55 71 28
513 728 51
30 958 55
332 755 42
1205 1015 98
242 1135 14
428 1021 20
181 1157 51
1145 1090 64
679 1194 31
853 395 65
762 307 85
482 1092 22
604 867 44
141 150 61
902 1188 19
714 20 80
284 982 68
13 288 23
1074 634 16
677 919 67
929 1141 97
130 318 29
1093 1073 43
943 1237 68
313 959 91
1002 1200 67
763 1065 49
679 1210 23
805 961 66
984 1152 63
1249 445 67
547 506 61
657 674 51
193 868 49
1111 1022 50
561 1202 79
928 557 99
1240 1211 94
1112 302 85
320 771 65
733 957 19
183 645 91
408 437 41
264 958 57
732 512 75
953 1248 58
915 1162 12
1136 1007 85
213 114 47
602 433 60
77 738 31
1025 501 17
450 620 94
956 372 66
429 1121 98
716 735 58
1029 849 17
332 1247 98
605 1193 65
657 206 52
301 391 96
547 690 14
1280 636 91
780 904 87
934 458 95
528 1003 57
383 473 99
1214 1236 69
408 586 72
1061 383 50
1275 1282 13
586 862 47
603 1185 27
236 450 78
1227 178 37
982 951 28
924 1200 82
243 624 53
808 314 100
1097 298 34
678 1245 97
1166 801 56
1186 337 44
256 266 98
76 832 80
755 810 88
1053 919 56
859 870 35
55 646 24
355 794 90
103 331 86
1218 208 99
799 1184 75
734 1289 92
952 628 64
521 290 12
1155 486 88
668 817 40
1202 649 71
236 102 94
524 618 88
1172 1276 74
209 813 34
82 21 95
62 689 50
494 562 48
90 97 70
946 195 98
740 1254 91
823 417 17
554 1112 90
564 37 18
8 189 93
125 1216 15
539 283 96
314 445 20
1196 824 84
1108 361 40
468 79 26
455 635 42
934 429 13
362 39 46
695 260 31
130 44 75
909 921 88
316 855 76
291 298 33
227 733 75
1020 832 43
303 129 55
835 1073 88
1075 379 31
301 1268 16
768 5 89
210 176 38
904 589 36
190 661 18
286 568 24
32 1209 58
1080 92 98
1140 1194 85
776 362 23
1181 430 10
416 878 43
742 384 43
1083 1094 85
241 845 81
622 617 85
683 303 96
703 708 70
1163 222 83
933 1018 16
1149 42 83
461 552 39
400 1039 45
191 836 32
525 804 55
1078 998 79
611 1219 34
249 805 40
990 951 77
226 335 41
584 499 24
60 1185 16
897 449 32
1284 925 31
1030 793 29
331 173 65
320 842 53
1274 405 82
675 1096 67
656 691 78
1240 611 24
185 735 99
816 505 14
700 815 76
385 1155 34
846 74 44
113 1244 38
1282 882 27
107 687 77
177 236 42
327 1062 73
621 969 34
1219 992 100
356 4 18
1171 938 90
52 449 18
827 1240 76
1286 811 47
1031 329 13
58 493 80
263 457 28
1066 1196 98
680 552 86
493 338 98
469 1188 12
868 296 62
706 192 56
878 467 69
628 55 23
610 597 82
68 921 93
653 368 29
902 939 79
135 541 12
1247 135 91
341 400 51
1198 108 82
890 610 70
257 454 41
312 605 78
885 991 95
1240 526 56
1072 651 26
344 479 86
41 1052 35
363 1181 73
798 870 44
353 486 85
1141 836 28
817 119 46
252 32 55
332 845 20
1036 1059 69
1117 926 32
886 481 50
128 683 30
517 232 58
1233 691 85
1056 1095 46
489 1191 34
1161 1026 84
463 17 70
376 154 54
409 366 100
165 1232 71
370 1276 53
522 1104 63
794 91 36
414 365 83
1100 1013 53
354 612 84
366 1242 77
758 402 23
1119 865 25
19 1126 26
785 153 11
888 1001 77
796 386 40
60 426 57
666 1185 21
321 1286 86
1082 495 62
1256 1160 44
1216 997 48
757 512 55
853 826 25
356 752 80
1023 1110 89
874 9 47
869 544 85
1195 229 46
315 1000 32
1282 257 54
437 142 93
501 1000 65
622 1099 67
730 1259 91
843 711 53
1252 1264 99
941 83 36
794 980 85
312 729 69
698 1279 99
448 417 15
628 995 50
705 326 10
216 517 28
661 224 11
1057 114 41
978 459 43
867 955 47
71 1090 82
158 229 58
1051 216 50
633 786 86
765 189 97
1020 691 97
4 290 26
606 334 76
522 687 72
1042 134 25
467 278 41
917 590 16
364 209 86
784 237 100
30 334 13
275 506 45
936 617 33
335 173 80
585 1284 35
1072 246 93
1015 79 53
327 1269 77
915 1247 66
17 219 33
995 339 86
1190 171 80
246 836 48
501 410 85
815 1256 13
1227 1233 27
536 610 70
331 284 27
200 156 97
494 246 97
995 1248 73
177 1264 91
1251 1003 30
626 1129 63
160 327 29
1287 302 64
740 457 26
386 562 68
22 419 13
1064 868 54
1074 252 54
71 190 40
664 947 28
635 91 54
1275 445 85
767 1126 60
554 786 67
124 933 25
275 178 81
996 1118 38
955 1179 52
213 581 27
353 1044 81
840 126 40
922 908 67
1122 920 44
69 327 39
1015 803 11
350 493 27
287 925 68
305 1147 43
106 734 34
1074 1079 92
549 934 76
149 911 100
25 284 92
1130 1266 73
424 1003 42
481 297 47
969 1146 70
358 694 33
943 608 78
539 1040 28
771 226 42
968 1283 83
1140 212 72
382 578 54
1106 1217 94
1167 224 35
930 290 66
48 432 57
478 1126 65
682 1157 47
57 1276 58
814 195 67
176 653 75
631 841 89
1228 1199 16
908 586 18
69 2 14
506 488 81
1198 864 30
1227 269 92
1004 746 61
1169 442 98
364 1173 94
588 434 57
347 359 47
293 1171 56
249 521 12
481 1169 14
93 1227 20
121 214 15
405 496 85
289 172 36
257 745 85
769 260 39
1222 811 80
619 636 23
683 269 81
1185 435 10
877 439 48
325 283 15
427 1255 87
411 345 26
1040 238 69
864 981 10
10 1049 81
601 1076 53
1116 219 48
457 762 40
850 816 33
614 727 90
1115 446 38
88 639 72
419 141 21
695 1122 61
672 255 40
49 955 63
873 420 61
1181 204 18
811 810 82
108 1095 78
971 734 81
1207 1212 93
266 434 69
137 462 84
706 1073 62
816 927 78
150 1092 25
1020 447 85
198 53 28
446 410 35
313 104 52
490 469 41
218 603 83
1192 97 47
877 262 69
817 772 68
866 973 85
1113 362 13
166 437 85
305 712 41
174 77 16
932 255 13
1010 880 63
340 774 39
351 185 29
1001 206 57
569 1042 77
1119 1046 61
80 907 94
488 419 58
469 949 15
988 430 94
244 49 25
540 979 78
1036 423 41
415 1226 49
529 1052 84
913 931 93
590 1246 94
421 344 26
946 486 69
1219 1098 48
553 1169 39
114 977 32
834 838 86
689 687 59
443 621 80
1207 702 48
1084 92 39
408 123 82
797 164 36
359 962 11
498 690 64
703 2 15
987 743 39
969 776 12
982 1041 51
1266 308 30
850 299 39
413 557 84
368 202 98
1180 1158 55
893 685 68
766 892 93
94 129 22
568 238 52
1116 525 96
992 365 89
401 636 14
285 1052 77
637 886 38
480 931 17
829 411 27
611 624 87
853 675 26
1244 178 36
686 478 42
976 1155 71
912 273 96
288 1229 83
296 461 30
657 762 32
405 393 91
1202 352 62
932 77 39
1179 763 30
186 878 24
971 291 70
13 118 20
828 689 61
114 830 52
922 604 22
825 76 68
101 349 15
879 59 13
192 948 26
1003 61 34
1069 950 78
1164 1046 22
1179 1000 98
524 1134 19
153 921 60
1086 691 84
707 1208 69
219 526 14
928 171 70
759 585 65
423 287 14
234 532 13
1075 29 98
213 1037 16
1069 582 52
290 39 38
334 321 14
902 371 42
809 569 66
259 1073 42
693 1186 46
579 913 13
1139 1228 68
442 171 28
252 507 13
77 79 81
1270 985 31
130 675 67
374 300 49
1190 358 72
404 443 36
1097 19 35
531 30 11
179 539 12
319 439 69
986 498 90
833 1221 86
1081 876 44
1083 92 60
664 572 56
689 1260 32
32 396 39
308 1165 54
1173 984 72
217 493 34
288 454 72
772 1089 87
798 484 29
216 642 20
1135 1191 70
1040 971 25
318 35 19
861 995 99
224 211 43
423 1059 72
908 155 97
1014 1073 28
845 381 25
550 1286 94
439 354 11
905 70 72
751 1126 60
670 301 60
644 437 46
838 827 96
269 494 52
565 467 72
1156 728 57
1077 844 32
76 171 48
644 158 13
494 1256 54
1151 762 97
205 1058 47
716 430 90
205 912 26
47 864 24
742 79 65
31 250 41
524 953 11
844 298 66
416 612 20
812 325 56
794 1186 42
969 385 11
696 796 43
1201 1117 22
1051 1046 98
55 747 11
248 678 50
763 662 33
674 646 57
381 134 19
1238 1044 84
408 1134 75
213 56 76
866 1108 73
630 1287 78
39 1289 10
713 205 67
907 473 86
966 675 100
1016 542 22
167 459 86
1106 568 32
1076 741 41
141 1200 54
593 1070 82
715 1191 24
740 883 62
1029 187 62
764 1059 57
710 259 43
386 1169 75
256 488 98
762 555 73
940 796 23
175 521 85
159 338 81
1037 855 85
1058 606 30
1157 928 59
336 24 52
1236 632 17
254 1284 55
530 63 55
439 830 17
159 558 63
1123 168 45
163 1088 81
996 1261 40
1160 714 43
301 1170 75
260 409 77
757 1142 46
557 544 62
795 777 80
99 679 63
4 427 95
278 1078 27
1095 306 44
206 1194 49
890 402 31
140 50 84
199 141 56
1243 436 87
624 226 40
659 1200 10
130 555 22
656 1135 54
889 124 29
546 745 46
1227 105 75
937 901 28
726 324 55
635 159 92
336 405 17
972 277 29
831 34 21
194 1002 49
1195 505 73
928 152 25
715 1017 73
1155 679 24
2 355 69
68 669 41
1103 1129 64
662 1032 61
545 1108 61
961 246 86
54 324 48
285 318 71
681 1254 21
239 1054 78
1010 1193 65
900 97 19
978 771 10
223 1015 96
1023 1208 81
786 668 43
979 955 20
842 124 85
574 1126 90
992 263 58
1247 897 81
488 24 10
233 722 66
910 367 52
1101 1120 79
52 277 17
459 204 68
233 181 83
440 164 81
892 299 54
1251 368 94
39 591 16
858 769 79
625 1126 85
1255 1001 69
1170 999 99
757 29 10
508 803 26
246 306 64
89 1209 92
407 718 64
209 162 61
123 797 17
1181 579 64
866 1232 46
1137 126 94
1130 378 66
150 715 10
621 694 62
565 1280 11
928 803 16
812 1226 77
1003 699 66
614 653 78
824 476 58
1195 89 50
1119 647 58
984 1082 21
900 488 61
133 376 87
571 375 11
388 805 49
595 919 17
447 1024 71
64 196 20
469 673 85
1173 260 37
1043 1084 34
517 775 43
351 135 49
327 548 88
338 761 76
1226 1030 27
582 879 96
681 478 78
171 349 50
927 879 10
400 209 15
824 927 62
882 821 90
286 794 26
1226 93 54
945 957 55
344 651 79
506 460 65
1166 770 44
986 788 60
72 1137 28
27 545 71
661 510 70
539 76 25
652 942 24
1167 1251 60
478 1043 94
91 244 92
966 1213 13
94 537 18
359 248 76
367 1180 92
1145 994 41
116 958 92
642 736 28
723 130 63
239 1188 10
430 967 71
1102 976 37
236 842 44
773 78 15
314 1009 80
906 393 70
610 526 80
103 1129 68
145 469 92
991 683 46
1053 604 72
1097 14 64
734 293 51
446 442 27
278 64 98
154 499 74
426 156 24
30 360 40
665 724 35
719 1063 40
912 1118 11
854 881 93
1110 753 26
788 610 38
472 188 21
714 1068 26
343 503 74
968 491 69
913 599 28
583 960 91
1075 378 15
1092 1094 84
1147 217 56
819 454 40
94 930 68
741 891 93
750 1221 43
1033 1224 51
227 861 69
306 725 25
261 858 33
162 1197 77
650 43 93
495 1146 98
620 921 50
1246 293 12
139 729 67
905 429 87
1106 1032 54
855 705 63
456 504 78
1110 76 24
801 743 51
1170 52 76
1081 1003 71
881 972 19
789 679 23
126 938 19
420 75 29
1145 1109 98
76 270 40
353 103 58
162 296 72
548 577 31
188 566 60
1225 719 18
172 140 100
608 565 61
9 566 57
1274 694 20
628 822 44
641 262 99
1186 1010 67
61 380 11
611 670 45
222 212 22
471 409 30
346 848 68
1019 383 67
171 266 23
879 507 93
417 617 94
177 605 89
521 504 41
160 887 89
697 410 20
783 571 23
394 1104 33
813 478 74
342 184 98
1142 278 92
210 899 67
726 884 64
730 449 86
1143 930 99
774 1080 34
793 154 10
937 1071 71
836 322 42
82 192 78
242 1064 100
93 780 78
321 646 21
357 1107 93
376 462 11
474 963 98
440 420 24
1133 683 48
187 257 85
212 261 87
891 1003 64
581 984 21
97 81 37
965 137 36
966 855 19
674 927 74
1156 789 57
132 779 92
685 180 64
1154 1118 60
292 465 15
756 525 81
996 814 71
1136 331 12
166 1260 27
387 11 57
153 632 71
909 1121 46
1045 1259 100
1210 325 65
1260 382 29
943 653 83
137 670 64
1019 244 77
199 98 25
1200 1182 98
1147 493 87
899 713 73
431 465 21
90 1166 78
33 268 89
176 774 78
404 1206 42
296 547 44
1268 408 72
375 970 98
1195 522 71
1245 568 86
872 379 49
363 1103 37
736 1176 37
972 754 66
952 392 16
546 622 59
753 1031 14
505 1198 50
34 3 94
1057 427 56
874 479 84
835 894 87
758 813 99
412 1106 83
914 190 32
1027 533 90
611 90 23
1232 485 33
157 1088 11
1219 217 99
611 385 55
343 956 97
1048 1147 69
496 889 43
162 278 16
862 569 20
381 54 47
167 691 81
851 808 98
91 691 10
1053 690 61
1164 215 75
907 823 22
864 460 52
892 343 31
223 669 92
414 644 24
728 85 41
1141 1097 35
296 1193 24
879 284 61
98 257 59
823 669 65
853 251 38
882 872 48
635 1043 50
180 720 28
1062 595 54
793 379 52
314 217 48
354 529 25
592 357 51
561 94 60
985 186 52
835 67 62
184 753 100
6 968 57
976 814 74
793 770 81
367 572 46
753 775 19
728 1114 27
1149 378 99
145 640 17
773 1058 24
203 555 10
1172 754 54
1017 344 52
1264 109 26
942 133 36
318 252 67
1043 806 73
706 874 68
22 870 35
1025 567 14
1042 374 93
603 512 88
661 919 89
91 661 11
42 732 72
1134 227 15
966 674 75
659 450 33
34 756 67
1209 450 69
23 1217 93
584 57 17
822 27 43
376 1182 31
844 738 43
1140 114 95
644 639 26
794 953 81
791 1153 25
261 649 73
138 1170 14
943 371 75
21 436 11
1175 1230 36
400 379 92
426 640 47
1286 1119 26
275 967 29
862 790 25
1147 390 19
197 432 84
369 18 23
415 62 38
1227 27 83
1090 986 56
73 929 67
977 826 96
595 753 52
123 841 11
928 691 78
934 360 24
993 852 42
859 911 100
913 1270 63
1061 262 17
215 773 26
1008 131 57
999 960 86
234 1086 64
433 860 57
1136 36 85
40 1151 78
465 1040 18
98 872 15
857 602 89
425 526 68
631 15 46
121 1163 72
209 561 40
42 1210 20
341 321 61
711 695 17
356 333 15
348 530 78
938 937 12
67 655 39
986 17 30
1210 362 48
1167 556 87
1034 1009 97
395 736 72
752 1064 13
661 1225 37
1278 882 99
903 1138 30
909 571 47
894 1021 48
1218 1289 91
972 124 98
671 148 13
216 192 20
917 1264 60
865 448 15
1094 801 21
738 776 99
726 523 36
93 947 90
750 816 70
513 308 94
443 960 54
6 938 70
411 335 89
379 1147 74
997 338 99
490 1076 97
1037 1225 94
959 798 17
68 1158 62
200 665 53
968 704 82
640 563 43
483 916 46
384 1073 93
1260 274 19
1206 589 12
316 641 53
1233 1064 86
466 860 72
125 192 98
741 565 18
845 1163 96
699 862 98
300 152 88
1113 775 54
305 27 19
870 1231 25
1235 1264 22
1148 241 42
1126 251 51
461 62 49
25 57 33
550 404 30
635 1271 42
720 795 44
749 910 59
1194 1282 48
925 309 69
948 1066 25
47 1002 14
410 250 57
1005 676 11
31 178 73
338 1212 12
31 130 68
99 718 15
16 492 76
124 266 18
1148 1217 98
673 326 98
1162 543 64
216 272 43
160 615 47
589 576 70
286 334 47
638 1155 35
267 895 25
605 979 54
1022 189 92
810 278 64
1089 287 70
160 1179 10
880 398 27
137 1180 50
925 419 70
1136 968 33
595 338 41
666 168 58
342 520 49
81 888 39
972 1100 95
897 792 69
293 1039 49
1157 817 65
508 199 77
343 230 24
991 482 77
736 819 36
831 880 27
1198 964 26
962 17 35
82 292 99
512 728 50
325 1268 81
385 404 80
738 96 68
915 646 11
729 456 52
971 172 15
13 241 32
1019 556 25
1267 829 75
140 368 80
949 113 85
788 355 70
490 372 88
6 788 14
1003 394 91
204 562 53
13 1106 81
830 132 100
176 530 65
722 34 83
708 430 85
489 694 56
514 1207 34
793 655 55
720 713 87
132 403 58
237 303 86
1221 702 78
977 952 17
922 361 70
97 770 18
232 344 36
558 837 16
1147 627 93
803 197 87
1168 154 97
653 271 39
793 635 23
1042 304 39
18 335 70
182 242 52
637 670 92
776 473 99
694 485 56
1250 616 16
901 1060 59
98 830 39
396 873 59
48 714 13
308 1007 33
223 439 55
150 86 70
385 305 81
1254 133 75
320 188 22
1168 627 92
1201 42 12
935 750 25
1243 599 56
1211 373 40
252 384 69
23 481 31
76 1203 29
83 1162 41
726 292 78
286 1147 65
485 517 62
662 240 89
747 1257 94
1090 804 47
93 651 16
427 848 60
590 91 60
990 166 47
481 525 48
105 462 91
266 1190 42
885 215 27
1125 1131 57
27 1027 58
901 59 86
325 745 49
919 739 98
16 1158 63
482 1137 83
627 275 27
593 893 23
853 579 90
843 800 66
1080 1260 90
635 450 29
93 492 80
348 868 20
307 635 27
767 1248 90
635 766 37
1110 1205 28
812 61 80
1094 1186 51
294 351 20
1042 1112 53
520 934 77
860 829 91
364 977 98
69 716 71
1086 992 11
1171 918 86
781 698 44
864 1018 83
28 277 59
299 196 20
845 674 59
1074 320 61
736 1003 41
668 689 56
1239 1265 74
893 153 98
686 265 97
557 1085 99
690 935 75
416 1182 11
1112 704 72
535 1238 79
344 140 67
1174 397 69
80 23 43
514 596 92
628 626 64
60 109 91
1076 944 32
706 31 74
27 687 55
407 534 60
571 14 62
1193 834 85
736 707 28
544 1088 85
697 1031 95
548 820 78
473 534 95
711 1275 87
330 986 68
1205 63 50
606 1087 60
248 776 27
601 1069 99
892 1145 100
491 838 33
127 1230 48
4 249 48
893 980 77
1096 822 97
883 1055 89
862 569 20
863 1111 17
807 833 51
923 303 77
1004 127 66
271 809 14
658 788 24
41 805 34
487 1089 86
1229 960 91
680 957 59
626 166 75
988 1184 42
1119 274 66
1229 954 89
40 117 96
1053 397 56
334 893 60
289 902 99
414 607 79
709 908 16
173 598 52
170 1260 61
154 226 23
252 788 78
1238 235 12
119 387 89
907 386 83
513 1044 78
177 759 33
559 972 42
760 443 24
380 790 62
434 917 76
894 763 88
1272 1115 90
631 417 84
898 1264 93
188 655 91
210 340 63
32 793 50
140 117 93
719 232 69
1133 1079 30
719 1049 98
1099 18 80
550 1044 93
65 621 95
540 1211 88
472 26 45
1281 1047 42
864 1246 20
682 1253 25
1181 1256 95
134 53 79
1114 482 92
893 25 100
123 310 40
172 708 100
1226 742 25
543 601 12
766 609 72
907 346 55
1183 655 79
153 340 82
324 220 76
494 1155 11
99 109 96
94 577 46
256 906 53
818 588 39
1255 317 34
127 73 28
538 65 14
895 680 77
11 1283 13
434 390 22
864 43 74
1073 362 98
48 606 73
155 650 79
577 205 45
511 1003 44
994 1284 66
1087 707 37
1012 878 43
1138 552 99
409 279 17
184 1125 58
755 312 51
879 373 69
656 211 72
1025 190 94
1141 796 32
310 745 33
736 480 44
725 191 36
215 1282 31
606 244 30
95 993 28
1130 185 54
586 629 75
411 499 23
713 907 49
1157 1021 28
767 410 38
67 787 49
1101 1083 64
178 93 70
20 1028 51
1018 103 70
956 117 44
469 547 94
1019 14 22
818 685 85
1043 433 70
624 608 86
109 685 55
76 960 82
549 334 64
777 87 29
498 781 25
94 878 77
1228 953 78
401 1011 91
376 373 21
814 29 59
731 195 35
281 784 49
928 493 15
929 791 48
928 799 17
164 1051 75
290 1114 47
1159 666 45
480 787 73
1277 116 61
1049 998 54
84 148 15
231 463 60
1217 314 77
543 844 16
1283 199 45
1189 518 24
539 1167 96
920 70 16
712 850 56
1098 991 27
1054 1208 55
443 232 90
398 736 50
56 194 90
766 100 17
1174 719 70
1198 55 64
346 536 84
183 208 71
514 1065 100
885 1016 94
128 603 100
678 597 55
1208 698 60
760 1248 18
831 474 21
150 567 58
1068 6 77
720 738 79
966 491 58
747 358 71
1261 838 96
605 226 72
911 215 71
415 431 82
766 23 46
1133 234 81
287 16 67
23 11 55
987 1015 41
539 732 26
1248 260 82
477 524 57
662 309 98
228 976 41
501 908 66
861 917 10
212 553 48
567 903 74
117 1071 67
435 471 84
564 797 93
57 12 38
899 887 45
1166 851 60
709 671 70
775 459 70
1216 440 61
110 639 87
807 26 20
1245 962 46
1015 50 18
1012 502 68
306 640 83
415 1229 42
1278 304 53
437 932 63
230 764 61
799 660 25
76 984 63
634 516 32
672 519 84
418 54 39
902 267 94
421 1047 85
212 136 49
975 603 79
70 914 91
1226 239 34
79 947 43
877 925 45
1051 13 51
765 996 71
1266 105 18
159 1280 84
508 515 85
419 942 68
1093 312 39
343 315 90
1270 502 97
1072 1126 22
512 956 47
154 434 31
1164 59 41
1271 192 69
774 1072 79
240 84 33
255 552 66
865 834 25
1199 762 58
687 336 75
812 605 97
463 7 77
151 923 21
224 364 18
954 1074 62
1033 963 32
750 252 41
287 1151 24
674 287 74
907 663 65
1149 1225 80
138 757 28
587 172 33
318 791 36
130 781 91
543 890 71
1285 1224 76
621 55 80
393 1018 76
810 1137 71
694 218 75
135 1164 81
832 1248 41
83 1258 30
1149 856 69
69 291 75
999 705 77
501 1265 82
743 1257 39
1231 1054 78
431 1189 95
1037 719 64
1149 1009 49
564 493 87
517 381 13
403 386 36
27 1085 54
1019 969 31
1017 955 87
289 766 79
327 748 51
1087 188 56
1260 20 77
133 1035 29
392 191 10
623 79 59
1181 667 16
225 328 64
466 193 78
375 1118 76
1059 1169 15
594 289 38
315 1000 100
872 494 34
1125 321 81
574 824 60
669 24 80
850 1048 73
183 69 12
509 425 40
1030 989 12
513 642 18
814 484 73
755 3 15
805 253 57
506 1207 45
1003 1117 15
922 1029 27
31 341 38
1159 795 77
641 1285 32
152 729 48
435 1200 90
579 1209 13
675 782 14
896 515 30
537 314 91
1076 1109 37
780 1240 24
510 1072 46
909 59 70
44 279 12
858 1011 91
17 313 51
374 993 71
254 866 17
879 97 75
1231 293 19
892 873 98
638 604 92
1207 174 22
413 153 59
119 606 92
774 229 37
328 1022 86
567 343 49
723 165 93
1060 1170 21
961 1147 14
1098 518 68
507 469 17
1032 989 78
1247 1256 76
101 1195 28
836 558 29
307 537 98
759 147 73
403 469 79
1121 250 44
1075 685 79
1047 1092 89
324 680 21
1282 1031 47
1108 619 79
99 1283 90
539 804 65
620 659 57
963 1057 62
1167 816 96
786 1158 93
195 1205 60
704 385 11
706 722 47
642 1149 19
128 777 94
800 1030 40
931 269 84
218 1087 38
636 139 25
1027 238 87
89 614 68
120 486 46
1127 1139 55
518 832 98
1023 855 11
117 420 61
734 72 51
106 439 78
348 482 13
929 33 30
1027 699 15
1236 96 79
586 929 85
1067 594 95
501 953 67
1096 1158 19
693 969 24
853 1241 78
676 1162 87
157 975 68
718 1248 36
1149 35 39
952 792 41
344 487 77
94 546 32
270 1014 50
842 451 99
333 631 87
1170 0 49
1272 63 40
656 135 69
1127 1114 77
830 508 37
1009 965 11
676 950 36
969 244 47
821 899 82
968 1272 11
388 1219 67
562 681 62
32 139 34
15 400 61
368 854 24
1057 372 40
12 834 100
241 147 49
870 546 13
676 970 47
909 437 90
239 390 24
881 576 22
1168 664 13
1032 914 36
997 1088 24
202 710 51
1050 699 31
1233 306 50
628 698 54
275 428 16
768 1131 33
981 1262 78
69 138 20
280 1187 100
814 854 45
53 585 16
1146 1039 49
308 1280 29
956 422 11
1061 735 53
1229 578 97
822 594 38
1034 40 99
281 170 52
959 1236 43
1 852 77
663 738 88
220 92 50
1156 991 53
1082 1149 78
1097 592 10
84 1058 89
156 190 66
848 941 74
271 662 47
983 257 29
722 960 18
461 802 77
304 504 69
1102 892 79
73 501 59
280 235 32
981 1218 36
599 677 91
467 604 87
76 974 75
834 135 32
899 46 61
308 113 75
724 331 53
555 670 22
1207 319 76
588 1220 34
453 1020 62
199 742 70
1006 352 73
201 822 82
821 211 56
380 402 82
1238 860 51
1012 148 62
721 1263 62
944 461 82
268 1190 39
133 1130 38
1054 203 92
234 1134 77
390 238 81
826 384 84
499 588 57
827 865 41
852 325 27
472 1190 90
225 22 51
1216 539 33
1251 846 88
1280 332 95
781 1038 65
1278 619 63
1019 1125 54
591 958 63
1008 530 53
266 464 96
337 470 42
323 640 61
143 206 15
460 394 31
96 47 90
675 1289 46
244 1197 60
538 1005 99
273 205 12
235 109 19
1148 1021 69
5 469 78
995 309 51
872 764 86
912 226 64
335 1057 89
912 1193 100
74 1140 21
1118 907 55
432 1165 64
886 523 11
904 1064 36
682 926 92
756 924 99
1267 124 42
937 1184 38
11 58 86
260 837 96
1044 103 49
498 461 21
467 861 20
818 304 22
274 1055 19
1131 829 37
1206 905 77
733 1044 73
1205 1273 78
758 859 25
1245 451 98
328 815 50
748 177 16
532 1058 99
1146 270 24
1089 488 66
127 746 60
472 478 92
1094 961 75
147 27 51
395 1077 13
1213 38 74
1210 1174 30
20 392 19
55 868 94
649 736 41
500 157 42
1169 582 47
472 461 14
30 46 29
481 57 54
912 765 90
974 558 80
286 190 21
820 60 48
35 1276 75
819 1162 37
636 1118 41
262 1095 19
791 611 72
1085 1136 76
171 97 49
574 1057 38
798 1174 35
1063 1110 59
961 1049 84
389 772 27
985 689 49
703 793 92
389 1225 28
1089 316 66
494 194 13
1274 743 93
1067 534 82
1054 46 77
1071 66 31
208 467 75
874 12 14
1274 66 62
719 579 78
1261 952 35
441 399 35
337 1254 34
1015 1047 82
51 1044 89
269 783 63
1022 247 60
1029 884 66
49 1162 83
1165 887 86
254 585 17
463 150 55
428 693 95
850 440 49
1196 1171 40
431 754 49
844 63 29
770 278 58
461 692 15
26 256 86
566 960 73
643 1078 57
1013 893 61
140 421 20
848 859 48
1069 695 99
1104 720 64
704 1026 21
665 58 78
116 1162 18
1289 250 88
745 447 28
1146 504 28
1078 909 77
291 830 33
1268 596 58
75 1253 58
1207 779 12
270 640 95
634 484 85
1014 214 50
469 516 64
288 518 26
109 1162 34
643 566 93
179 1226 73
1213 569 67
63 909 66
1174 804 57
261 461 68
712 935 97
648 1031 98
977 213 70
925 1073 79
1197 450 73
1154 899 17
811 684 40
821 92 83
245 250 98
792 657 89
646 1009 48
170 461 69
768 1109 94
753 914 90
109 393 94
513 997 27
487 947 24
2 462 22
516 631 46
353 1083 12
5 857 46
774 1185 83
228 906 22
405 673 25
307 1177 30
998 756 44
983 57 17
1181 561 59
628 593 74
350 21 50
262 619 17
734 492 65
619 1232 23
230 557 95
553 265 14
1188 1261 83
927 867 96
1058 72 69
1148 133 48
533 1137 55
1122 295 85
334 747 54
608 59 79
585 264 59
424 749 53
173 946 20
681 402 93
99 236 79
1 30 23
143 925 87
1022 1223 80
1191 977 84
1244 758 57
80 1163 90
550 245 92
1194 1145 38
80 535 96
641 51 73
904 1113 47
924 1260 100
83 1233 28
832 224 99
1230 288 43
1062 110 12
955 282 74
1183 370 46
417 1180 63
516 1203 89
46 829 82
158 589 98
441 1055 67
672 912 33
809 578 11
694 341 37
1266 558 66
921 358 95
1076 755 42
541 579 95
889 74 64
1086 448 57
277 1112 32
1276 912 39
855 491 54
674 1159 71
924 756 42
729 673 71
810 732 63
652 583 25
139 42 22
861 62 70
217 352 49
930 1092 91
665 733 89
573 654 40
1125 1132 78
1155 1211 21
1145 1179 97
1169 1079 36
1222 1058 90
557 995 23
1075 536 78
657 1221 50
1226 220 91
194 658 22
132 902 66
510 517 90
253 84 79
681 837 42
352 173 23
122 667 42
597 1245 15
908 379 40
925 800 50
154 1066 21
486 1200 29
525 816 29
266 3 13
633 737 93
757 1286 12
1044 897 83
864 913 88
456 594 37
612 27 57
1048 1139 27
802 80 59
422 377 36
1102 776 75
771 319 18
516 220 79
601 1096 60
977 1270 57
785 245 38
1271 472 56
415 394 11
1015 960 62
968 709 31
865 22 72
894 533 56
528 967 72
608 925 46
786 877 66
515 681 85
699 252 86
273 851 32
641 475 12
769 55 77
257 950 93
1278 467 61
646 259 80
890 615 69
782 543 20
206 1003 50
977 1145 68
714 754 27
1067 682 66
1156 1039 79
673 888 54
404 791 39
381 473 54
26 650 90
934 322 43
506 259 20
203 342 58
955 172 57
625 641 55
494 1061 45
14 859 16
459 65 14
1034 574 58
284 814 37
1090 954 38
407 230 93
1203 261 12
1103 33 40
708 434 94
1173 813 31
717 874 33
960 299 41
105 1139 37
94 837 32
1083 605 26
420 740 85
655 1116 78
384 1103 51
1105 1240 28
1157 621 36
1127 2 40
641 1079 80
559 672 23
952 1059 29
829 237 29
1203 1144 92
130 488 64
581 159 24
1042 799 32
1133 463 18
210 1047 75
190 1175 15
802 939 48
752 702 96
449 294 31
1182 746 34
1182 1123 78
814 375 86
979 549 11
146 454 39
534 49 91
826 791 51
1151 712 62
639 610 56
976 720 14
528 1116 79
771 164 90
14 447 29
216 322 37
1017 461 60
876 416 39
106 1131 100
670 931 67
226 1227 18
111 1139 57
75 747 11
61 539 81
177 471 18
29 859 85
348 149 79
1011 865 63
648 472 47
261 62 62
218 1040 83
403 188 70
184 486 74
574 722 99
701 659 44
92 1102 98
198 337 45
1241 678 79
112 162 33
829 522 44
214 248 93
350 537 40
735 1127 17
843 285 17
90 426 37
250 103 78
486 715 47
609 1187 86
1082 815 31
919 345 24
369 7 94
1053 439 71
670 108 23
248 370 63
766 373 51
1282 1217 52
16 229 67
473 397 16
766 261 52
459 266 70
995 12 37
531 1251 57
1247 1256 49
524 370 34
1065 115 20
486 216 29
544 362 54
38 603 22
625 402 76
1115 380 58
299 468 92
583 1252 68
239 919 83
1089 668 53
389 1052 83
774 837 75
906 1086 16
1009 529 43
561 1250 89
176 123 75
1147 1261 95
1006 821 19
991 1197 77
245 134 53
876 871 19
1091 123 22
1274 754 40
388 675 56
963 587 41
597 1087 41
836 602 82
1154 684 100
633 344 89
467 1055 47
972 1173 79
1250 344 72
331 995 93
1198 140 38
778 361 86
0 192 61
56 1240 55
1090 542 69
966 400 34
364 914 82
858 896 20
227 872 96
278 52 68
589 182 20
213 712 63
964 1118 82
781 85 44
537 493 99
946 205 98
1168 107 89
994 175 51
101 560 64
331 736 49
468 757 87
135 919 16
1080 850 37
82 1265 33
690 1152 96
927 356 70
505 737 28
299 193 75
753 399 88
1211 642 10
498 314 51
830 444 37
1051 135 86
52 910 87
222 357 75
1000 795 62
810 914 91
215 779 23
843 577 51
1133 1193 100
694 661 57
1246 239 81
485 178 56
343 367 37
991 1069 59
16 497 43
667 113 11
816 1267 46
928 129 92
951 798 42
803 1249 39
207 758 12
1023 1049 46
200 954 25
105 1198 70
745 1121 41
1083 120 60
940 653 51
214 663 100
662 247 83
183 635 18
250 861 45
1010 1168 33
648 95 29
171 644 12
955 733 27
79 636 52
947 805 56
683 77 28
667 82 40
5 820 76
810 419 80
379 799 37
82 323 46
482 439 47
1084 966 66
449 628 68
1102 53 94
671 416 99
246 212 10
502 603 90
1004 467 37
72 871 68
517 756 88
406 179 82
477 518 69
937 784 63
443 50 71
1031 1253 13
806 881 36
929 2 87
488 1213 80
688 965 35
707 258 73
1121 937 72
111 270 22
497 885 33
137 129 91
678 131 71
704 1087 69
638 63 97
1287 37 79
657 406 75
836 592 10
477 813 16
541 1094 12
138 595 63
462 1046 88
814 213 19
1003 394 23
956 1186 16
1024 436 79
301 142 39
638 166 87
1117 11 65
1069 17 83
596 495 11
254 670 93
297 740 78
784 524 21
460 940 67
735 1162 91
1193 1060 48
541 594 73
1202 1220 32
764 806 44
482 54 53
579 1233 97
142 1217 86
840 642 59
644 615 68
1160 843 84
31 264 12
283 529 26
1146 644 99
172 1142 72
1155 262 30
822 491 32
1084 552 67
1115 873 56
770 1071 17
411 406 49
770 164 97
1046 523 98
1191 543 80
32 836 67
875 136 16
981 1215 77
311 944 85
113 79 32
470 729 37
877 989 11
463 1244 20
1142 907 99
494 291 88
259 985 15
1107 1016 47
845 310 99
1086 1139 94
255 796 84
184 848 94
1273 2 33
667 700 10
1089 673 28
1221 1227 86
23 312 72
252 949 13
634 223 81
1176 1278 72
227 37 27
966 286 90
485 176 14
807 1011 61
514 1160 57
1242 198 18
555 28 30
351 1233 31
617 195 21
1088 36 36
695 710 87
84 314 21
1023 1022 45
982 861 23
33 615 83
89 356 100
1091 936 76
34 925 38
144 366 59
171 435 46
128 308 68
18 838 30
1211 12 53
599 62 76
105 507 46
1205 371 35
151 1248 36
86 317 59
977 1194 82
782 82 55
338 845 48
226 547 24
302 802 65
416 234 70
901 914 49
529 615 32
1110 655 71
1277 533 60
188 503 35
833 736 57
726 343 26
1028 54 24
31 214 28
774 59 76
321 703 48
522 175 38
612 1085 15
1057 1110 73
297 345 80
1235 543 82
856 374 54
304 890 78
779 1186 23
832 704 76
425 80 45
886 295 91
1117 1029 13
1156 430 69
363 79 40
861 1092 12
311 49 17
204 270 27
193 1239 37
132 682 20
634 482 76
203 1174 46
881 1097 88
318 743 63
39 291 26
579 881 50
1258 329 57
9 1268 97
786 309 45
195 1284 47
9 909 38
546 318 78
1221 113 48
219 657 95
846 262 86
946 1232 21
923 882 65
711 1287 62
222 396 24
10 1064 22
691 48 40
1023 1074 35
1162 931 14
157 945 28
121 1108 44
34 692 21
1142 534 78
1109 380 51
153 987 47
639 116 78
416 294 37
1082 748 23
784 573 69
1053 937 98
1118 146 12
820 144 47
484 1218 78
641 1221 17
338 168 51
694 983 97
1054 785 66
656 848 43
668 852 16
737 580 95
1163 797 54
344 8 80
753 1079 46
752 315 93
1278 856 45
958 162 17
1136 666 67
944 833 99
430 351 22
845 1127 12
585 45 15
611 604 80
672 399 53
1122 867 73
626 794 19
1030 698 68
1121 1209 65
804 814 10
1029 116 95
482 935 69
691 537 24
108 811 20
717 324 13
416 1148 18
194 767 80
12 154 100
337 986 35
1132 911 89
1067 140 46
1283 231 24
119 728 95
1217 1271 12
198 1112 55
953 313 58
522 670 26
958 250 60
980 431 81
746 614 88
661 189 75
672 255 13
1267 978 82
1037 1259 29
246 620 68
173 93 13
486 1086 29
80 142 43
784 258 85
995 318 86
419 863 38
749 1101 79
54 503 65
1054 662 59
816 717 69
429 1049 48
434 499 82
776 1273 36
185 690 23
397 677 76
371 1099 36
1272 896 35
786 69 62
720 739 71
1224 1153 33
683 1053 69
1065 971 52
1173 299 61
401 1080 29
336 354 84
612 322 85
22 358 27
280 1074 96
194 9 18
602 993 51
1262 33 39
627 714 20
95 895 98
148 503 58
284 768 22
831 51 18
149 997 59
963 846 55
226 379 30
958 777 16
1006 468 47
709 21 37
224 1025 84
1286 136 79
100 622 86
544 1282 29
566 255 86
801 1267 94
756 1185 32
778 1289 30
1270 283 73
71 658 73
733 113 93
882 998 67
1069 871 54
882 378 10
20 179 43
1147 326 29
1175 550 53
1261 1251 22
195 826 19
471 628 21
400 1195 71
466 702 26
512 258 59
654 945 11
751 33 43
811 395 92
52 1069 34
550 1287 23
829 881 94
947 10 94
1095 1157 90
1212 1079 47
481 1270 46
1140 710 67
918 442 31
209 874 36
1186 1203 10
31 991 51
348 730 93
270 1013 11
863 615 57
219 713 61
623 470 85
389 1128 97
863 702 12
407 52 21
48 901 41
532 199 67
370 171 27
530 71 66
466 561 46
507 1159 18
110 1070 81
768 795 81
560 1062 63
1253 625 19
500 401 69
1280 1051 82
316 1010 57
1105 893 75
404 1233 91
143 809 42
217 375 26
1254 1077 84
1194 1147 44
856 641 86
324 595 88
657 575 30
1207 262 95
1235 401 37
172 1126 82
651 1255 54
80 327 17
1007 1097 69
957 706 36
958 1252 74
234 21 84
1148 588 50
1114 194 77
318 381 68
1049 134 32
1284 15 18
955 475 67
96 1031 32
1193 194 60
682 52 46
611 229 58
326 565 61
1255 346 65
253 1206 16
608 873 78
582 945 25
344 666 12
649 1091 29
213 579 76
778 434 66
576 1072 35
652 550 69
49 1139 44
640 165 31
92 1041 27
607 1026 30
135 886 30
452 778 78
1209 913 65
1214 969 60
690 583 21
1026 171 35
44 785 94
727 483 65
111 1121 52
434 1267 39
662 365 53
932 637 38
815 163 42
517 1119 30
674 538 27
686 939 70
178 985 18
474 304 79
791 706 74
401 1236 88
1106 1141 95
1014 1015 62
1254 1103 20
689 1023 63
408 216 29
863 1008 80
919 232 30
923 740 33
175 277 19
1259 549 95
654 477 23
982 474 76
1059 450 46
919 380 85
393 1251 37
86 674 77
450 64 83
963 404 55
300 915 89
1035 114 65
1185 395 55
144 971 99
955 207 69
230 210 80
402 439 53
721 1189 77
1025 1125 63
194 1234 50
402 1104 35
1104 596 34
127 825 18
648 1182 29
227 550 32
524 668 95
1145 529 18
573 601 99
148 249 96
1007 246 42
689 258 50
974 1233 38
1132 223 76
832 1206 69
869 750 57
519 367 58
185 135 97
383 1009 28
201 1109 22
835 225 17
454 513 91
915 898 27
573 421 85
358 130 51
1245 943 40
22 681 84
442 763 14
65 1273 54
1226 1275 69
936 271 39
743 1168 70
1201 465 70
917 1035 77
415 57 46
54 1153 36
575 1247 69
1165 22 92
236 615 76
118 979 90
1109 723 17
76 274 98
19 611 52
975 524 37
921 514 70
892 461 67
105 347 20
549 379 83
308 260 51
370 1069 99
706 923 81
1084 964 47
1100 996 40
893 322 74
653 880 12
496 248 82
70 718 65
10 1192 78
1082 769 91
130 217 32
2 619 21
1177 1235 74
1148 1118 47
981 332 78
1126 156 97
70 1021 10
386 12 97
1188 795 10
865 191 31
296 936 92
265 847 86
1095 116 17
1049 89 61
1054 967 79
499 781 71
745 566 40
209 662 34
464 164 52
1110 391 67
916 478 76
1236 1025 65
677 331 98
1077 1153 64
296 472 73
118 344 88
782 386 27
107 616 94
144 152 25
1108 595 13
1283 1054 36
1094 617 35
477 223 73
81 1242 88
494 1059 58
911 576 85
1217 58 93
815 570 19
1104 1262 60
484 847 53
1085 222 29
1028 947 98
1028 432 80
313 771 24
226 1265 67
1065 752 54
586 1269 83
153 880 90
120 706 51
618 923 89
778 889 91
859 678 35
832 452 82
445 694 36
684 774 70
42 1067 82
847 944 16
625 1023 22
564 174 22
614 321 40
453 886 50
736 776 47
73 37 47
931 849 16
1261 66 70
474 1003 41
563 957 75
537 736 87
704 729 52
404 262 67
1026 132 45
808 39 99
109 244 67
970 2 30
546 465 99
910 197 46
557 611 60
328 477 80
1039 690 35
956 1033 38
1286 756 85
740 226 11
25 512 71
670 633 96
235 1157 40
231 1015 76
446 737 22
440 826 23
636 138 86
306 548 73
575 1096 30
430 1222 35
1032 268 95
1100 309 44
870 375 20
348 160 20
453 513 45
438 645 67
484 703 13
1066 921 41
529 1156 41
3 1123 84
953 589 50
476 989 65
392 974 27
1080 632 13
797 975 25
262 1058 32
1070 561 76
966 141 83
1196 127 85
1210 1052 88
789 685 23
7 994 26
514 155 52
1267 502 65
255 100 30
1089 30 90
1170 1145 43
536 507 64
677 1228 31
1249 590 29
728 410 69
1241 927 99
525 1271 82
1278 624 12
1253 1143 31
