917 4051
834 144 35
2 449 31
502 89 63
334 733 70
430 426 47
811 607 16
631 659 62
684 26 40
746 483 71
386 114 24
681 741 85
128 840 61
823 128 57
896 760 47
254 213 66
67 97 15
579 519 38
667 569 63
274 908 71
844 767 71
39 737 100
313 649 24
626 75 24
906 181 21
381 745 65
805 145 25
245 546 35
546 88 38
575 72 90
489 811 73
499 441 31
719 540 36
547 69 85
384 687 23
164 467 43
321 725 58
91 156 47
536 733 21
88 880 69
168 12 100
383 448 27
451 414 54
338 257 97
876 695 24
602 115 76
146 689 26
832 69 56
117 590 36
446 599 59
451 341 91
419 237 42
402 333 74
296 648 94
328 128 51
374 287 73
370 775 56
397 563 92
732 361 52
466 543 82
192 687 62
142 197 31
495 776 83
532 28 30
584 650 23
362 857 80
400 477 98
131 67 58
800 423 17
228 472 92
364 798 25
771 630 30
1 867 65
558 687 97
250 618 32
403 649 68
299 8 21
719 756 20
124 68 61
217 734 50
788 208 15
425 317 20
307 681 45
545 724 77
563 477 47
811 100 56
817 636 36
175 300 99
285 830 69
315 91 50
36 240 85
735 516 38
87 504 54
484 213 75
735 239 99
871 745 78
911 826 51
308 496 47
7 797 71
135 683 31
628 499 20
769 532 90
345 440 21
373 722 33
99 626 52
220 138 16
516 143 62
528 597 42
716 630 57
716 915 10
804 622 38
441 316 87
22 471 78
533 911 69
333 517 27
456 705 56
291 570 73
543 271 54
46 901 18
536 670 50
514 793 23
755 187 12
781 351 67
156 493 35
556 792 11
35 855 64
669 290 87
797 277 33
117 806 77
823 298 62
614 831 64
911 32 66
210 864 28
97 384 32
723 711 76
652 91 36
358 129 10
204 540 88
855 738 26
595 404 48
29 461 37
119 385 97
231 356 89
209 274 63
577 299 73
46 41 55
820 427 29
619 211 98
649 704 33
94 465 84
897 700 96
155 600 93
789 404 96
518 228 56
346 739 41
660 254 63
424 583 15
281 107 69
107 62 84
255 84 34
60 732 99
902 379 51
189 443 81
287 735 23
770 293 27
252 223 93
298 838 44
867 419 51
692 605 93
564 89 80
46 267 21
795 282 59
406 307 30
659 221 41
528 608 84
206 50 75
296 347 96
519 698 98
881 574 59
643 484 44
269 487 21
286 154 50
22 475 66
231 786 52
886 192 37
402 742 87
580 571 77
91 876 64
344 589 28
186 161 32
248 556 40
642 99 36
4 601 89
304 438 41
123 286 38
579 665 72
603 201 91
376 756 82
712 522 39
912 454 34
907 206 25
258 38 68
297 894 31
815 45 93
7 296 90
87 450 93
752 713 94
102 696 53
319 493 11
908 178 62
746 76 66
760 469 53
493 787 51
709 721 34
196 265 76
708 680 72
616 576 25
117 309 13
499 50 60
788 864 52
285 882 98
193 82 99
215 391 27
291 50 50
871 423 92
694 854 34
752 210 38
506 868 39
890 651 46
877 508 48
222 246 18
596 566 87
311 48 14
561 153 22
155 486 82
594 683 30
726 909 67
682 170 87
265 123 83
754 523 15
598 285 42
256 269 33
554 385 70
329 645 96
79 729 42
271 206 43
542 744 66
312 830 67
90 745 81
7 63 100
867 136 10
582 257 89
702 779 44
127 323 72
161 547 48
334 706 68
765 167 68
244 735 90
107 713 55
298 344 46
152 375 43
701 93 45
871 765 99
634 306 63
784 856 38
38 330 58
538 104 76
0 897 71
579 718 35
745 861 65
146 286 73
118 574 41
652 340 57
44 215 97
746 285 64
305 267 98
28 17 60
52 868 16
558 601 60
498 790 22
594 472 62
781 762 43
118 532 61
793 891 85
849 714 90
752 784 77
103 560 77
355 53 35
128 49 53
141 179 43
856 720 49
80 228 34
416 454 97
521 137 94
650 604 80
626 686 37
538 235 44
231 455 19
432 638 38
46 849 69
461 587 52
870 583 95
912 501 75
136 840 18
635 381 54
662 165 61
469 504 85
438 282 66
85 187 99
5 847 55
405 433 99
74 732 81
83 465 39
119 266 31
417 396 89
314 912 64
591 403 21
749 354 14
426 100 57
571 585 79
885 425 40
895 49 23
294 693 64
579 125 25
467 81 63
159 890 35
715 292 48
892 896 38
841 300 43
722 800 73
804 25 23
212 98 23
129 666 88
34 350 100
386 232 10
549 567 49
60 326 16
177 868 96
376 621 42
27 716 71
283 122 67
894 712 16
504 265 60
752 630 72
713 421 54
164 864 44
842 297 54
784 907 89
729 505 31
414 360 89
83 481 15
779 699 31
815 98 42
827 168 43
688 56 97
366 803 25
763 204 59
519 205 94
795 78 49
699 383 73
724 339 95
512 834 58
887 249 97
347 583 10
400 832 24
50 493 60
18 62 42
795 898 19
525 771 75
413 803 91
829 366 18
193 894 51
290 411 82
809 300 53
692 783 90
67 738 37
215 393 15
392 221 83
528 829 18
546 291 54
553 532 22
141 609 18
537 591 84
818 557 51
23 787 74
360 816 21
590 873 38
282 653 21
430 626 35
669 231 40
494 799 73
211 125 16
837 619 97
446 0 45
660 340 13
457 592 85
895 479 41
332 625 64
580 408 58
435 152 57
599 471 42
243 406 72
229 147 58
207 501 48
417 324 90
778 350 43
76 228 18
646 272 64
158 541 88
486 584 29
523 614 44
517 910 51
589 487 88
300 482 17
860 321 32
420 118 59
769 381 18
656 261 92
371 93 37
223 429 41
842 316 82
569 409 89
384 893 84
610 476 34
302 162 36
521 112 49
152 166 35
301 423 62
473 790 42
303 266 21
639 385 52
411 426 60
452 734 14
324 666 46
74 676 57
889 774 31
380 724 28
223 571 99
790 585 85
831 858 28
40 207 90
331 307 84
26 25 32
739 540 50
247 259 37
32 775 45
261 347 84
348 545 29
901 294 90
158 443 58
604 904 64
865 286 71
857 382 35
200 745 86
223 823 85
298 903 86
452 34 34
463 636 43
168 123 50
782 589 85
774 398 30
817 693 97
852 615 44
327 820 15
829 212 57
497 248 69
657 465 44
503 846 43
176 668 78
5 538 68
160 811 92
410 324 76
281 107 68
69 702 73
640 399 31
300 199 42
525 508 45
323 520 60
794 734 60
35 252 10
149 308 39
159 867 14
530 912 70
85 612 91
705 858 49
65 186 23
93 446 13
581 421 64
611 773 41
606 555 71
667 712 36
93 622 52
753 312 45
435 577 66
405 915 21
813 432 83
646 46 28
244 460 49
2 122 14
573 49 66
513 447 52
129 685 93
215 234 83
46 177 63
580 486 17
56 404 16
191 774 15
632 483 97
865 282 100
453 356 65
643 897 56
400 478 61
150 334 55
23 87 80
22 194 95
372 53 89
100 207 11
251 225 72
38 204 19
423 570 95
79 340 21
636 257 84
148 628 47
696 735 76
899 634 53
117 675 24
288 514 35
305 399 83
141 182 87
887 583 22
410 648 51
11 176 53
389 915 30
266 264 84
287 596 52
540 314 10
622 516 26
435 641 69
433 519 45
44 897 55
172 910 80
830 574 37
499 267 84
54 132 10
193 329 74
143 486 72
118 137 29
210 374 22
650 367 28
83 546 26
282 910 81
504 418 60
214 200 97
546 660 100
300 500 74
870 553 95
261 714 38
697 573 11
677 667 51
911 760 68
142 267 52
200 43 60
538 674 64
771 45 36
102 649 13
304 346 47
391 510 98
9 544 66
640 36 59
379 690 82
745 170 57
610 131 100
262 430 99
155 348 31
155 713 69
483 161 53
860 539 16
285 843 40
446 498 87
213 517 17
702 74 25
190 816 82
351 291 78
696 383 46
763 311 94
392 205 49
16 439 11
907 199 32
773 582 92
393 85 41
162 254 46
149 82 64
653 886 39
278 482 66
418 291 11
183 64 90
126 815 100
866 396 91
358 768 71
802 615 43
526 554 13
659 619 74
25 48 20
470 200 40
375 570 78
224 889 23
216 613 67
135 772 67
719 539 97
447 80 56
676 173 18
189 759 19
533 284 85
252 50 59
579 136 14
203 333 64
688 789 95
554 367 75
395 200 66
198 234 88
785 98 63
635 538 89
540 658 86
38 636 61
223 115 80
532 38 39
203 334 74
469 879 70
139 432 18
150 673 73
761 776 52
443 732 91
301 890 75
152 891 93
259 485 50
88 66 29
619 285 20
235 767 82
26 378 46
827 107 32
380 745 93
629 440 19
697 326 17
376 290 96
395 574 13
727 257 49
856 79 12
186 643 81
296 265 50
153 821 51
724 671 62
576 885 12
824 10 16
885 212 11
616 739 82
173 561 24
785 325 92
768 693 74
257 20 95
698 747 38
385 629 78
88 176 65
270 428 29
792 850 94
100 846 67
313 748 31
173 503 14
164 55 60
838 826 52
891 786 28
725 419 14
483 622 100
96 213 28
781 764 64
285 864 65
341 667 90
234 818 82
116 328 39
662 687 39
349 450 71
863 425 57
517 424 52
30 185 69
509 305 73
124 5 57
621 812 33
114 313 80
354 792 66
902 620 80
351 666 67
256 202 18
648 110 36
303 29 42
753 914 28
868 78 72
725 740 54
515 839 93
87 321 22
55 403 57
799 652 85
572 313 36
123 111 29
146 204 59
863 556 64
828 115 24
579 597 66
839 773 24
819 761 86
384 300 77
655 783 61
336 572 22
125 663 87
415 814 17
157 512 49
247 47 88
174 838 62
583 818 64
227 167 12
289 230 11
692 316 95
711 857 28
638 22 32
808 446 77
843 582 24
172 831 30
377 800 12
228 448 45
341 102 60
289 894 86
313 95 57
693 104 21
749 815 11
672 472 15
749 257 21
147 885 14
834 528 33
560 470 69
109 782 44
189 658 80
322 789 51
815 590 88
518 850 22
549 115 95
41 183 80
163 326 72
748 613 69
561 64 18
275 369 44
144 579 46
508 306 54
395 416 42
852 912 60
362 707 83
82 32 96
515 541 62
815 902 69
713 694 21
349 762 18
475 363 79
244 150 15
516 194 23
624 589 90
507 604 95
510 163 22
145 490 12
415 49 24
103 836 84
832 913 87
581 41 23
571 255 87
160 210 76
781 141 22
301 310 67
718 14 28
49 710 86
268 29 42
542 297 93
263 887 60
435 859 75
551 493 43
811 685 50
17 528 75
625 470 27
397 718 48
171 748 62
631 392 62
557 763 11
675 797 75
481 453 41
329 789 80
308 190 13
791 107 83
872 842 18
840 13 100
828 8 86
204 259 38
333 252 79
892 194 25
794 140 27
423 542 62
510 393 65
798 323 19
326 753 30
315 842 86
654 678 27
363 476 29
257 898 85
769 323 22
246 278 76
143 877 31
587 328 82
188 593 10
83 724 27
359 854 19
351 335 53
59 362 60
308 172 57
490 182 81
538 719 100
634 106 92
294 529 69
905 437 57
21 728 22
507 300 82
518 535 77
916 399 57
428 788 95
107 843 82
14 262 75
710 831 37
615 437 99
834 577 76
586 639 86
668 248 11
73 608 13
752 870 35
834 886 48
97 564 75
213 329 17
605 409 59
4 247 57
903 713 96
504 122 28
36 741 32
549 30 67
778 147 90
627 324 95
802 488 71
5 43 81
497 819 38
528 109 76
638 303 32
449 383 79
221 689 21
429 372 96
462 629 12
662 414 73
147 570 87
495 469 42
487 8 10
268 543 51
93 489 32
392 607 20
154 638 90
668 35 21
745 397 51
242 273 83
675 907 40
577 801 17
494 728 41
300 368 57
806 257 53
576 302 51
31 253 37
195 494 29
538 760 68
515 126 16
726 710 18
728 201 84
341 335 93
701 58 39
624 781 29
233 209 24
275 294 41
804 499 99
810 464 32
806 290 21
617 641 80
473 811 72
805 108 79
225 379 45
78 369 20
220 539 98
314 915 42
786 224 73
28 786 64
874 547 12
747 416 15
609 184 70
153 572 32
175 205 20
205 871 17
436 245 15
627 243 69
510 833 34
704 885 19
299 875 41
404 163 90
232 43 10
599 590 30
590 412 29
420 821 21
356 445 25
566 845 75
238 685 83
320 782 38
898 587 61
716 213 77
667 632 63
80 658 33
241 113 83
527 879 67
28 857 33
239 124 92
394 48 61
600 783 36
60 195 79
386 620 100
251 46 19
618 20 10
105 627 11
252 849 94
196 683 27
156 261 98
772 531 49
666 561 97
498 687 72
745 460 25
812 451 60
634 525 54
112 588 78
792 385 49
580 545 51
859 155 72
373 476 20
301 237 13
59 377 21
420 391 32
40 137 90
284 75 59
385 758 98
642 522 70
640 99 84
879 397 44
296 711 45
328 772 85
56 841 74
456 277 33
841 245 93
64 103 50
891 413 84
374 624 21
218 432 30
845 168 15
378 836 27
656 563 49
570 53 28
886 156 95
327 847 84
729 700 85
629 18 59
797 271 67
781 128 43
612 820 92
264 78 49
883 743 70
573 613 98
113 722 45
640 702 18
754 875 16
511 637 91
481 896 31
381 635 79
152 132 58
121 37 34
904 863 75
218 340 56
777 646 44
288 53 81
822 466 20
54 879 73
334 75 27
450 810 58
585 613 16
354 336 55
454 162 62
213 473 31
30 172 92
451 776 42
727 654 17
377 469 37
779 539 68
483 593 79
339 86 49
818 314 76
598 666 81
219 380 34
333 271 10
217 76 47
39 596 68
784 879 48
483 852 88
239 380 11
331 222 27
154 844 26
274 113 26
502 652 90
481 627 19
365 572 22
405 655 19
745 440 46
838 162 51
4 404 83
547 822 78
17 150 52
210 746 60
728 451 58
659 818 45
209 869 91
691 657 18
214 204 39
216 687 15
851 819 84
5 743 47
734 270 30
680 707 89
728 723 84
809 648 10
98 895 89
272 279 34
146 327 14
51 838 35
504 268 30
855 570 78
410 893 74
602 695 13
381 818 70
544 293 94
290 418 72
352 606 50
790 78 79
57 199 25
428 720 35
274 191 99
333 510 55
96 328 86
254 530 32
205 782 51
535 656 81
346 438 68
533 764 88
320 193 36
809 878 64
839 401 60
357 646 40
855 373 84
488 903 96
602 97 30
150 176 39
399 404 54
290 153 99
574 95 33
18 913 28
637 340 86
591 464 11
333 232 24
811 809 18
601 215 17
173 507 68
25 787 12
90 823 62
88 410 93
6 793 17
297 19 80
536 162 74
275 637 52
353 897 66
193 723 64
353 20 54
353 832 14
793 186 45
727 178 60
110 758 68
212 337 79
225 515 33
479 851 65
78 741 49
889 326 35
889 98 24
577 605 89
244 817 49
230 432 97
612 589 90
727 381 70
326 170 13
676 547 41
351 464 61
205 593 51
900 79 25
576 653 13
571 589 66
535 613 32
558 94 42
246 714 68
10 396 61
803 440 43
201 686 66
226 56 61
318 913 61
352 703 92
275 75 50
586 423 51
80 746 18
640 830 79
158 554 56
51 812 68
824 478 34
773 593 87
230 760 31
114 672 66
275 372 70
577 72 28
56 454 45
486 377 82
210 173 32
785 658 78
199 15 40
289 772 82
822 728 89
330 152 36
293 392 10
893 662 100
403 892 11
503 749 37
760 155 19
120 57 43
657 784 14
88 332 47
618 429 43
188 176 47
278 409 65
709 825 50
709 430 40
710 704 64
780 881 18
329 648 41
661 658 53
780 472 15
88 23 61
739 660 63
442 870 55
219 401 14
79 603 12
734 53 40
26 840 28
684 707 90
822 780 63
13 521 27
678 622 52
624 412 52
881 630 18
7 251 39
68 336 15
776 442 61
896 562 47
580 137 68
898 732 14
190 178 17
519 849 84
226 566 80
412 900 65
825 685 50
31 546 80
695 85 72
619 494 44
265 878 50
231 566 77
467 872 84
40 500 91
866 725 19
838 313 88
812 307 71
884 117 51
168 90 57
479 690 15
330 705 62
480 65 56
56 49 30
198 748 16
241 902 75
512 542 37
871 215 85
398 480 63
309 21 11
152 715 14
552 45 34
682 662 66
11 210 95
74 165 65
402 474 81
76 438 93
130 723 43
0 385 82
640 851 87
4 565 62
185 376 75
783 424 17
367 514 21
325 132 75
70 882 71
876 698 44
384 874 52
557 747 89
747 125 50
237 430 50
889 699 18
508 336 45
461 278 94
806 744 30
313 485 21
67 705 81
250 337 79
549 526 97
597 282 58
909 120 67
295 481 52
680 697 86
254 281 73
200 683 100
457 119 79
580 60 67
652 611 43
387 852 33
333 494 37
164 851 49
483 563 98
841 878 11
824 84 49
0 454 24
547 82 15
807 55 86
62 41 76
486 308 65
611 452 62
826 302 48
797 65 39
569 667 73
764 560 66
396 139 68
272 649 62
446 843 44
269 492 63
559 541 22
5 598 73
519 585 26
455 187 27
810 474 15
518 461 56
350 785 42
265 196 97
845 89 19
31 340 10
625 516 76
329 792 39
60 125 51
271 823 19
725 224 27
591 286 72
351 894 63
57 594 92
865 763 31
417 771 37
169 254 76
826 665 64
812 529 94
425 223 71
400 774 29
42 280 33
195 182 73
734 603 86
336 741 29
578 95 14
203 493 50
40 614 90
399 715 80
466 643 91
361 62 100
423 594 59
872 800 57
825 565 98
366 465 32
55 213 10
773 706 69
824 155 19
554 603 60
654 232 79
354 737 29
418 443 20
355 685 12
178 574 18
758 80 77
231 657 90
149 751 40
592 820 10
369 813 89
815 781 35
221 811 23
372 130 18
105 254 87
703 551 33
497 321 75
416 395 10
293 889 40
224 730 75
819 419 15
166 160 53
348 303 92
669 603 54
508 313 30
174 587 99
516 689 86
400 570 19
462 55 89
616 335 12
258 799 82
374 117 50
625 241 95
512 577 82
143 472 47
457 826 15
567 332 18
699 582 70
434 599 77
364 501 10
806 461 30
284 85 57
61 7 75
212 746 87
625 638 32
555 450 55
718 250 22
38 6 32
342 417 19
320 666 94
235 209 19
22 515 62
412 689 10
827 319 74
223 653 95
901 240 55
118 13 40
738 106 60
554 428 94
825 417 40
12 365 49
538 353 38
219 859 71
519 26 70
125 181 26
64 515 50
122 339 81
790 876 36
623 486 90
18 218 50
652 848 11
145 823 88
141 394 29
709 14 79
749 79 68
642 25 34
283 562 40
186 537 82
26 165 83
899 333 90
626 259 41
393 833 38
288 432 40
660 391 49
505 879 60
566 721 31
298 890 76
749 199 45
442 12 39
550 808 33
87 47 15
598 2 76
715 860 98
279 417 15
902 28 21
56 487 88
606 261 37
391 784 40
297 815 43
169 598 44
421 440 67
618 154 59
72 425 76
771 513 66
344 857 42
573 899 99
610 371 41
487 79 51
814 132 55
727 176 93
789 906 40
582 295 56
276 431 88
339 157 78
277 237 58
759 298 20
314 791 43
378 631 39
563 118 50
127 798 91
685 264 45
250 660 84
184 911 38
646 35 16
518 495 26
722 782 57
383 54 21
16 157 79
880 355 41
18 791 74
722 257 74
565 456 49
167 852 81
38 154 35
770 861 77
262 908 98
870 768 96
629 38 23
782 593 59
658 764 27
35 457 74
509 452 54
179 359 69
34 202 31
464 596 91
649 317 17
700 141 54
98 551 81
697 18 35
330 194 37
361 692 80
777 176 31
112 608 43
506 397 81
899 173 39
22 466 10
20 779 51
559 132 36
647 894 13
766 322 99
355 509 82
544 397 87
335 883 72
421 867 12
329 660 88
815 161 97
398 270 55
753 120 44
894 796 68
510 746 43
70 473 82
370 405 53
198 174 86
556 353 32
263 56 30
416 859 44
630 30 44
659 715 58
231 602 80
503 217 94
297 679 13
549 442 92
611 211 82
838 341 62
891 424 97
612 814 78
297 10 26
892 19 59
306 627 13
494 31 42
472 651 56
772 686 84
264 658 65
787 881 100
92 653 51
405 643 21
624 595 32
133 268 42
325 122 48
488 210 81
448 600 59
897 456 66
767 197 82
623 661 70
859 488 86
654 771 51
6 439 72
94 496 11
844 615 97
400 692 59
772 718 64
214 480 33
651 704 99
698 138 58
44 865 52
70 241 81
680 347 90
276 741 92
622 323 95
266 37 45
833 7 49
214 680 88
203 438 40
299 414 76
41 906 64
330 613 65
163 237 84
107 421 68
793 295 27
210 584 54
831 348 22
782 635 26
526 860 60
866 387 51
388 75 28
121 167 81
593 421 99
15 480 57
436 557 34
718 891 32
246 712 81
767 341 94
318 502 51
40 56 66
623 135 62
187 832 11
110 295 60
759 679 67
436 737 23
635 622 57
284 441 80
330 266 71
899 699 47
710 774 64
283 738 46
861 805 84
296 140 76
288 358 50
878 833 77
376 826 75
176 508 79
783 733 73
912 701 72
343 552 69
224 98 68
845 874 10
796 849 17
544 801 54
261 442 42
423 473 59
26 406 81
143 288 92
70 99 39
357 860 34
516 318 76
192 871 76
386 511 53
835 413 42
787 636 19
341 333 49
730 480 65
340 388 44
373 297 13
212 592 74
883 64 77
61 311 54
827 51 99
576 282 61
479 808 45
309 729 24
856 19 48
126 899 23
287 414 31
124 667 19
313 156 84
377 740 65
50 502 16
189 137 74
66 713 27
127 213 17
586 286 64
282 50 25
92 430 93
550 649 19
650 605 32
131 742 69
24 170 63
882 791 44
408 526 47
900 366 36
613 359 34
843 41 82
594 335 76
39 887 52
433 235 91
873 829 94
422 639 58
701 400 80
35 381 83
27 872 35
530 750 64
416 52 85
669 503 99
790 107 65
668 75 100
172 556 58
394 205 76
0 393 53
801 247 12
700 365 94
202 907 30
42 602 41
447 441 86
445 802 36
353 549 40
154 829 55
713 814 26
110 581 92
828 796 36
296 2 46
332 94 93
271 154 50
45 352 26
557 715 52
445 548 12
874 516 54
688 801 11
295 352 88
169 732 86
624 12 92
429 58 58
738 358 92
289 551 30
779 330 88
479 908 75
484 391 87
589 71 90
845 69 53
716 526 10
279 863 54
673 735 52
491 871 92
279 136 30
132 902 39
554 298 35
202 561 33
106 366 43
562 39 64
638 23 97
223 885 99
74 19 40
731 732 63
226 861 40
109 265 97
832 595 47
416 439 90
401 98 49
653 266 86
135 573 63
833 687 36
439 468 78
327 222 17
685 616 57
530 38 98
329 644 82
817 741 30
50 746 90
128 609 12
863 894 70
618 631 13
52 534 82
676 699 19
321 372 18
126 889 47
681 403 21
621 270 72
713 59 39
205 244 68
63 573 63
332 310 24
93 856 51
70 883 19
134 675 93
599 907 86
76 865 44
709 81 12
146 385 25
673 331 42
751 647 77
621 823 73
167 426 72
707 476 87
869 535 17
801 773 45
239 626 44
14 876 81
539 184 77
598 610 21
242 576 37
831 774 14
276 780 75
366 150 58
724 277 53
379 76 80
566 789 50
20 95 17
188 157 51
644 399 60
368 408 78
178 708 19
406 886 30
108 220 51
674 503 48
914 472 83
157 359 16
511 303 74
149 97 29
787 744 66
758 534 18
272 95 88
185 113 62
430 589 74
128 22 63
473 1 45
441 510 80
526 99 64
305 288 77
659 485 80
6 255 67
233 3 13
475 581 98
399 580 14
885 617 72
487 798 99
233 869 71
92 633 55
421 112 76
674 734 76
304 93 43
791 636 29
811 72 89
296 253 49
875 476 34
238 678 82
266 192 86
436 46 40
210 270 72
454 691 29
640 240 33
589 511 43
614 218 54
45 774 50
366 265 81
489 210 42
869 469 83
724 420 25
421 574 90
252 538 32
480 314 86
549 692 33
643 818 36
602 803 77
377 885 91
734 742 62
540 743 75
610 604 38
454 674 30
597 34 94
484 915 71
76 550 39
333 23 56
263 148 22
622 502 75
671 894 80
840 382 27
607 191 75
436 536 17
595 482 80
428 697 100
775 818 86
40 99 90
766 284 64
64 660 88
171 367 21
241 761 47
490 781 48
640 330 22
196 596 92
30 7 80
720 424 88
193 561 61
696 267 20
880 163 70
708 507 20
50 619 75
410 744 21
761 333 74
328 210 36
101 212 51
916 99 100
773 588 65
317 27 50
101 609 86
379 633 91
110 871 28
0 107 30
530 754 30
702 856 54
267 668 30
220 915 39
423 499 78
818 379 33
172 611 98
411 436 29
678 393 42
32 537 22
521 252 91
467 73 52
56 63 99
12 202 73
216 289 39
800 131 38
625 752 24
325 523 34
298 119 23
171 262 58
320 163 20
38 348 82
677 283 84
406 890 32
730 451 35
114 66 56
252 415 68
566 668 68
752 304 90
446 633 75
473 313 31
504 439 65
689 377 53
305 223 32
901 127 80
66 214 99
486 146 97
842 294 84
128 171 73
200 194 26
699 223 42
588 650 47
611 293 100
644 605 22
86 635 55
595 562 82
57 464 16
75 192 54
723 504 22
640 870 59
536 127 15
570 262 39
791 840 83
364 495 71
782 266 86
748 21 38
531 181 36
368 602 38
664 227 89
610 237 52
22 434 32
644 161 45
885 15 89
638 98 79
637 36 89
243 661 76
291 881 48
900 447 71
603 836 35
168 750 60
135 36 36
867 47 37
136 330 10
725 877 98
440 320 75
326 613 51
294 85 59
901 853 68
4 637 52
893 74 92
394 249 73
694 418 18
246 382 46
40 410 54
21 257 26
553 344 67
317 146 62
889 36 52
430 775 83
332 818 43
864 588 13
519 885 14
907 663 88
555 898 10
617 683 73
550 446 64
511 104 59
329 900 80
205 212 45
344 504 29
163 774 96
467 65 30
141 309 20
88 794 50
821 537 30
861 169 32
240 309 52
286 13 90
16 811 39
855 285 69
111 10 48
846 271 38
613 559 97
543 627 90
728 598 43
439 872 38
104 577 34
493 913 66
838 184 32
760 258 90
789 479 13
252 187 87
634 591 17
383 264 45
16 638 74
169 533 89
479 859 42
143 683 18
804 539 72
39 510 59
774 268 75
21 67 70
593 596 66
742 608 36
625 575 97
19 24 45
815 629 74
485 372 34
824 377 44
14 13 54
441 86 60
596 677 85
545 736 84
197 767 65
167 116 86
758 648 49
579 241 55
377 352 43
481 538 67
469 585 14
57 907 96
834 71 92
490 747 79
341 755 91
784 410 13
411 28 53
379 850 24
767 638 65
125 209 11
898 482 22
666 470 52
701 890 92
613 33 85
32 473 95
78 438 41
357 127 92
846 205 69
3 350 78
552 290 15
555 159 30
880 834 29
841 570 19
813 667 31
297 587 96
478 266 39
870 376 39
908 830 15
906 634 10
14 199 49
612 761 76
2 760 98
261 473 16
15 245 68
777 700 42
603 329 82
63 521 99
435 584 55
722 619 19
691 478 30
131 857 87
165 636 25
469 92 67
176 725 62
434 386 44
675 612 14
10 705 60
297 376 54
659 316 55
537 626 62
254 46 45
165 458 95
212 687 23
128 547 25
675 531 56
755 376 89
490 184 26
495 829 95
862 909 24
731 227 39
312 138 85
864 862 79
212 819 95
289 269 83
784 370 94
256 200 50
659 162 47
738 116 99
665 609 59
882 496 34
651 718 63
17 852 47
524 887 66
542 323 82
388 350 68
820 689 78
458 570 15
675 631 41
449 870 63
125 117 37
483 174 45
636 84 74
504 315 22
343 494 80
897 26 70
245 154 39
199 422 12
138 855 93
59 84 36
778 789 18
577 316 100
239 686 89
535 260 51
907 3 18
550 48 54
564 831 24
811 528 32
39 111 70
609 334 100
340 238 64
129 199 28
821 15 91
5 252 78
737 534 59
801 610 73
393 456 97
289 700 87
860 464 16
180 311 72
117 455 59
188 789 51
473 447 10
113 721 60
816 62 100
810 280 12
672 548 95
37 94 31
502 679 18
458 345 71
526 357 16
213 485 93
712 477 66
696 246 72
413 647 69
631 373 11
627 285 45
316 761 47
146 292 56
667 260 85
489 480 97
486 101 86
855 150 11
288 148 60
296 4 38
764 200 13
140 704 64
259 874 89
432 831 23
844 331 21
344 170 71
183 660 70
469 248 17
651 568 64
375 646 77
52 626 60
577 695 99
207 152 45
706 671 22
281 816 21
292 264 38
914 358 87
703 146 38
459 744 24
915 752 20
610 443 44
355 871 58
473 14 69
648 188 13
124 327 70
774 142 47
221 820 87
273 207 51
793 369 60
154 404 89
354 205 26
625 24 71
904 829 34
70 789 80
37 634 49
343 687 38
621 408 14
376 109 31
601 790 69
828 440 70
335 462 11
158 474 37
172 71 34
85 643 50
35 615 72
316 855 57
643 251 23
853 560 90
682 557 53
264 154 78
732 174 27
35 527 97
773 456 23
72 274 55
837 878 43
363 161 58
414 832 54
547 794 96
861 342 94
256 86 86
42 336 18
78 883 30
185 473 30
528 402 76
537 638 51
359 650 88
91 657 17
119 23 14
633 395 77
747 678 49
298 373 10
791 366 26
96 792 49
690 743 93
556 487 85
846 627 94
858 192 29
472 325 92
252 229 73
643 512 62
452 609 68
394 777 27
435 663 19
390 58 54
677 154 22
350 621 29
314 44 53
811 216 12
20 808 57
202 172 50
450 794 71
26 262 76
594 771 29
829 307 25
322 913 77
290 310 38
418 369 47
315 566 14
531 743 22
319 591 12
482 233 73
296 818 45
816 3 65
351 657 87
4 612 77
220 201 28
881 182 51
457 68 29
700 675 32
413 301 41
26 623 100
455 848 78
581 38 98
11 209 73
432 827 57
220 537 53
639 170 83
649 576 77
273 193 17
399 865 42
546 365 33
146 887 36
459 759 38
510 272 94
508 799 99
723 788 66
169 728 58
55 622 98
375 898 97
686 854 42
583 799 80
529 175 26
676 741 29
143 374 19
93 758 36
290 272 17
306 733 12
215 596 77
211 473 77
342 861 74
129 70 67
165 736 89
847 601 63
623 784 21
748 352 42
752 158 33
606 612 18
876 767 11
231 95 94
57 851 21
310 262 46
98 508 54
262 366 33
834 213 41
312 284 50
204 393 82
275 407 88
43 672 38
324 432 41
30 664 48
426 877 84
480 854 57
81 708 38
730 576 99
663 150 60
279 489 49
711 799 79
804 665 26
604 543 55
180 431 90
335 284 72
633 353 10
183 484 87
79 511 60
257 388 20
70 251 29
355 542 11
16 554 25
202 502 46
849 572 62
54 456 71
575 861 89
111 166 49
29 281 49
5 462 65
364 538 51
152 491 21
886 107 72
698 582 49
847 634 63
755 268 85
215 436 53
857 217 84
401 700 47
688 708 66
184 635 67
710 279 48
424 528 20
298 323 43
487 846 64
484 381 89
647 15 56
148 189 20
354 684 76
801 420 93
535 510 88
21 153 78
905 294 12
126 837 38
18 652 64
242 719 39
471 727 22
849 472 48
61 669 24
0 539 22
470 454 30
296 432 66
13 589 50
202 396 94
475 407 29
442 829 33
745 179 52
475 706 47
850 858 14
220 532 17
815 223 55
304 878 45
425 428 39
269 310 80
597 696 90
590 293 26
90 440 50
377 641 75
137 263 35
419 650 86
778 396 99
353 905 68
697 113 50
360 131 54
767 104 65
290 428 66
448 698 73
508 447 63
249 173 22
731 828 21
771 797 72
704 210 39
623 853 36
735 625 77
147 441 90
175 12 27
333 322 22
34 0 15
508 651 24
304 29 39
110 630 74
544 1 32
424 767 75
909 355 20
671 782 35
740 76 23
462 911 88
530 874 86
737 474 45
843 238 61
211 669 30
154 632 35
574 531 47
598 104 76
264 327 42
205 767 82
397 11 69
358 603 35
487 209 37
764 110 89
558 212 49
288 713 54
717 410 52
382 629 83
65 523 84
338 324 24
272 192 47
682 596 63
527 585 23
445 15 11
424 252 14
663 787 23
204 424 26
794 326 35
617 888 60
370 434 96
186 436 50
145 251 27
131 589 70
229 460 10
541 103 57
76 426 60
589 439 79
311 768 95
861 476 41
433 440 65
594 745 37
394 655 43
750 657 47
354 623 25
529 582 43
855 696 28
514 583 55
127 437 27
666 61 28
460 691 31
665 192 45
152 220 16
4 74 56
327 146 49
876 430 89
154 555 55
863 839 14
759 591 96
457 213 36
146 86 27
699 143 76
532 656 47
674 154 37
897 127 15
601 21 37
101 92 18
433 647 69
639 322 48
894 359 59
535 18 81
80 212 93
25 862 91
712 894 25
52 637 83
565 237 45
435 509 13
697 747 14
816 638 10
360 75 47
520 92 23
483 5 34
4 567 61
410 619 64
891 17 13
279 239 64
311 526 55
188 369 59
264 719 10
11 227 33
462 895 87
457 215 12
390 636 67
325 109 82
6 239 90
862 607 44
270 832 98
436 504 35
191 459 21
380 159 74
403 568 65
806 104 59
84 58 77
794 395 17
117 92 70
214 143 42
179 156 67
307 718 47
713 16 45
708 896 14
144 375 81
699 532 78
81 347 57
92 515 41
240 291 82
757 75 19
385 40 38
178 160 30
181 115 26
711 770 17
212 290 45
683 811 50
640 173 57
528 423 79
583 522 71
882 251 26
723 118 66
740 364 77
343 209 91
99 820 52
71 56 39
586 204 35
96 458 85
653 743 83
122 575 21
755 169 65
659 387 17
532 846 94
647 410 11
783 713 29
397 208 100
525 139 82
102 255 94
197 416 61
443 306 41
150 883 77
180 801 34
174 787 35
851 183 21
431 908 39
79 746 76
665 129 57
810 890 17
322 150 39
122 257 96
86 781 82
410 735 70
678 905 32
823 467 87
508 397 80
911 482 39
785 237 56
38 55 20
54 605 88
505 492 98
461 27 29
289 566 41
534 374 38
485 182 21
809 555 69
146 578 47
119 114 28
293 530 90
529 298 63
878 699 11
808 870 27
257 68 96
786 694 31
463 654 41
148 879 98
113 803 32
356 385 79
782 863 76
94 561 37
434 883 14
663 266 95
485 245 34
790 809 89
109 325 48
319 809 41
633 157 26
212 352 34
734 657 37
408 471 75
729 384 17
460 859 21
891 126 66
719 157 22
176 305 75
451 872 26
165 629 70
620 493 73
261 172 43
527 382 89
863 730 83
866 709 55
671 898 10
834 560 48
225 574 52
462 795 70
141 412 87
399 58 39
122 393 69
880 300 85
889 534 59
519 330 36
19 204 80
445 186 62
271 405 45
650 840 11
204 651 42
196 911 47
807 225 29
754 515 61
728 231 68
688 624 12
450 675 31
822 461 26
481 371 87
321 811 33
490 548 70
791 320 50
539 474 42
374 569 45
267 776 45
142 499 46
393 886 47
457 662 26
414 131 57
422 141 79
300 770 57
467 167 48
299 236 21
111 149 21
203 707 52
110 456 98
840 423 37
556 381 19
693 543 49
594 2 80
362 837 75
778 325 93
149 21 74
90 477 21
842 617 59
699 348 35
881 404 48
295 596 30
467 184 44
553 504 81
818 794 80
901 262 94
359 34 77
698 345 38
251 610 55
906 344 24
581 481 64
568 174 100
868 11 60
39 737 65
604 97 97
389 630 56
677 507 49
495 740 37
857 62 54
744 247 85
405 416 88
43 369 51
449 893 93
81 71 51
229 645 21
343 731 89
175 334 69
478 215 20
715 753 53
284 362 98
168 661 65
657 614 93
611 670 51
420 174 70
768 874 47
149 606 68
727 185 21
645 776 89
17 350 57
868 102 66
112 311 19
380 886 73
196 737 66
318 42 49
196 321 57
8 418 28
746 832 51
326 760 44
39 515 68
413 736 56
898 909 61
133 487 53
69 697 76
640 132 34
61 106 98
780 478 26
102 306 66
125 433 57
238 857 25
252 133 12
703 833 38
302 169 77
446 845 58
782 799 57
372 440 47
893 25 72
525 252 20
170 596 14
481 196 30
768 271 51
866 702 14
161 412 63
823 489 75
104 837 73
203 430 42
104 725 24
583 87 11
877 274 67
586 756 69
807 171 19
892 784 12
444 856 35
619 565 56
246 876 11
547 743 28
543 398 44
545 0 11
159 902 31
725 38 88
411 841 49
586 151 84
71 299 97
663 426 42
530 378 73
531 570 88
167 337 45
382 490 87
445 397 54
769 488 59
736 913 57
564 79 89
333 373 10
831 646 49
854 76 81
551 644 48
226 482 36
467 823 84
582 360 36
684 265 41
873 516 38
187 218 51
197 294 14
382 741 42
23 643 47
842 773 46
71 859 87
349 385 95
429 638 88
404 535 16
190 376 73
515 895 70
812 68 52
588 116 63
804 39 45
200 230 71
641 378 60
803 373 24
462 683 73
357 222 25
385 757 54
352 134 20
474 580 57
869 873 32
658 585 12
438 663 87
82 256 26
817 914 43
822 297 93
60 437 84
80 790 88
558 218 23
868 551 83
193 311 65
116 439 35
202 447 65
477 130 42
810 902 94
699 59 82
655 377 46
30 751 71
838 400 27
199 572 11
187 259 75
713 747 81
184 603 46
667 500 44
630 563 41
118 237 21
853 218 82
878 790 25
1 853 89
42 668 43
758 248 27
335 488 74
271 84 29
812 832 31
508 687 60
451 795 21
227 432 45
596 256 64
506 4 89
312 172 81
353 379 39
306 218 11
796 743 54
622 875 19
196 150 63
511 833 97
869 461 26
445 330 90
660 84 81
447 531 46
677 61 48
628 288 91
279 833 50
674 556 18
862 401 29
386 360 49
640 497 71
718 890 35
211 58 19
72 169 14
816 10 64
541 228 99
89 671 69
340 120 25
628 858 28
184 669 62
629 16 44
701 857 54
129 137 56
622 323 11
102 293 11
435 391 62
328 110 17
558 699 48
171 861 10
26 201 49
424 398 70
58 474 70
92 112 42
647 642 76
671 307 83
87 550 51
700 78 84
721 495 90
669 705 44
190 261 59
472 377 49
263 388 46
591 614 77
626 39 69
357 819 48
844 802 93
371 329 38
330 732 26
658 314 49
155 787 58
331 322 59
666 758 43
809 223 33
182 435 57
371 294 75
230 308 68
259 165 19
649 380 13
752 845 87
96 604 81
446 516 35
576 132 17
526 750 21
597 153 13
308 197 27
84 579 44
245 609 18
291 310 25
753 33 88
108 787 60
414 566 42
113 829 46
579 604 13
129 77 76
877 495 41
183 8 50
106 359 46
250 417 80
729 876 75
698 645 90
718 303 99
339 238 72
584 863 31
226 786 13
404 819 83
291 223 98
646 265 94
94 696 27
71 785 45
470 355 40
157 904 16
768 664 11
351 132 76
366 205 59
413 537 85
637 313 76
612 657 17
529 515 63
478 90 22
143 250 77
422 689 39
136 431 96
84 840 69
739 813 38
726 11 79
143 879 84
816 644 49
445 435 40
154 818 39
453 248 73
118 250 42
203 593 68
168 13 100
169 704 42
227 793 34
318 204 99
325 213 21
559 576 95
151 453 68
539 217 93
892 109 14
354 120 10
577 816 27
888 715 65
868 345 58
797 817 63
900 852 44
916 212 31
587 23 100
424 677 47
872 146 55
285 92 46
175 400 96
159 622 90
630 148 21
435 156 78
562 474 65
445 739 52
860 816 65
58 898 60
683 802 37
138 535 80
685 829 19
280 407 17
58 435 42
505 157 90
302 897 40
83 579 89
147 206 53
592 787 64
269 550 47
75 531 95
560 656 35
331 119 20
408 264 30
482 837 18
854 664 38
778 189 84
764 386 97
365 842 86
51 153 61
686 148 20
245 434 95
119 170 53
89 205 43
639 525 20
6 884 15
526 348 50
708 39 25
689 447 11
156 513 13
759 357 11
194 294 56
10 96 96
316 363 55
627 747 67
403 467 64
477 622 38
879 177 23
452 92 73
638 90 25
842 449 50
192 875 100
568 471 96
756 428 67
895 591 50
772 638 78
916 848 80
711 73 31
47 748 37
454 176 69
549 783 21
501 595 32
706 170 59
496 361 96
80 620 99
565 185 13
561 260 37
405 906 21
581 886 100
710 811 11
905 17 38
123 568 45
397 881 49
602 708 76
501 885 22
732 392 97
323 345 40
685 806 49
214 162 11
890 833 31
132 466 41
781 389 56
419 853 68
250 915 23
534 266 20
599 4 91
668 409 77
597 492 41
411 454 77
436 253 89
281 172 71
270 611 11
602 592 60
655 397 54
290 546 59
367 891 29
327 432 68
716 436 63
235 274 35
834 396 66
792 472 40
0 18 32
91 825 64
225 166 83
866 76 70
588 572 50
820 22 78
282 443 38
867 722 76
864 181 16
342 91 67
163 695 21
203 721 37
175 95 69
521 307 11
242 748 21
257 429 86
551 550 10
590 668 66
340 1 93
201 465 72
625 185 75
342 529 60
588 334 65
83 799 31
889 818 46
781 347 78
176 129 69
780 827 90
809 769 48
615 507 42
383 440 61
525 12 34
662 322 67
30 575 56
262 761 52
540 872 73
64 705 55
891 840 46
34 79 90
696 291 45
126 144 70
687 342 48
756 256 69
376 701 57
189 16 91
191 135 30
385 531 64
611 173 29
480 423 56
382 16 24
253 797 57
167 180 43
243 705 52
588 693 16
360 231 19
849 430 59
531 770 92
376 754 65
777 183 83
148 288 32
861 304 26
674 859 70
637 862 89
799 320 91
279 140 26
88 896 51
636 628 66
649 466 66
606 715 19
277 860 100
212 236 62
651 885 84
730 408 35
825 485 14
591 6 82
323 741 68
222 175 75
113 141 46
746 530 84
193 788 29
56 70 87
903 659 74
735 44 86
494 414 86
469 44 38
719 125 63
571 62 66
914 3 45
337 314 78
322 190 90
500 471 48
847 516 40
409 656 95
733 22 75
767 417 88
555 375 48
385 603 10
736 71 40
325 107 58
241 22 46
538 721 97
588 237 23
840 318 99
370 82 58
274 138 97
910 543 99
774 155 38
837 365 56
697 659 67
248 172 66
501 683 71
274 587 12
557 491 65
658 99 13
18 480 56
575 584 34
161 85 32
47 820 31
260 405 43
95 862 52
32 368 50
86 521 68
315 379 22
156 244 53
26 901 17
321 519 91
608 133 79
205 380 54
639 138 58
662 132 27
359 376 33
543 493 60
656 594 88
23 592 47
626 314 87
229 51 19
73 522 30
721 270 100
595 78 73
800 829 70
116 322 75
333 276 10
75 389 66
85 88 25
193 813 59
159 330 47
870 570 42
428 578 11
752 766 58
7 593 17
849 910 97
35 246 63
290 524 14
230 330 63
595 739 32
190 884 63
102 661 85
519 511 94
454 808 91
842 50 92
726 176 72
24 882 100
143 34 41
72 312 42
704 561 100
739 868 20
461 912 60
482 454 31
261 24 95
349 462 31
614 820 85
169 890 14
615 125 54
451 349 48
33 760 99
886 29 89
247 206 92
450 159 38
187 719 50
908 707 51
892 575 15
750 480 63
816 888 48
571 207 13
420 137 26
684 443 84
55 681 30
772 673 88
197 805 26
332 754 84
311 216 63
824 95 72
350 648 59
574 25 33
511 201 88
186 439 74
208 68 61
333 260 53
899 249 69
542 885 20
214 796 71
453 344 62
443 490 15
835 480 33
445 819 24
205 665 40
386 674 28
277 832 82
469 476 21
271 528 32
480 747 36
338 110 68
735 81 45
343 362 37
839 519 51
0 102 71
731 822 19
718 621 54
818 591 87
395 158 44
737 575 29
21 653 17
586 831 26
97 361 91
584 458 28
447 673 86
509 48 65
62 900 43
199 26 44
326 66 61
811 529 59
454 582 16
713 845 42
246 306 24
261 622 48
524 175 42
90 523 72
759 626 15
218 630 23
331 678 11
288 661 10
442 169 77
89 118 33
762 271 72
103 611 73
153 230 33
855 402 71
2 144 68
643 854 48
317 468 96
630 532 44
288 203 67
653 433 96
844 212 37
543 171 42
907 150 83
753 445 42
711 621 66
909 340 20
882 18 20
119 147 88
915 579 69
285 875 56
596 196 21
641 783 55
144 795 12
141 629 92
707 329 57
838 129 96
612 358 56
292 149 82
796 702 82
237 321 79
382 725 74
836 66 69
372 650 56
27 638 16
607 702 74
103 905 79
884 358 18
369 329 88
869 907 84
866 422 26
262 889 58
251 203 70
348 67 39
719 589 59
717 430 33
786 780 100
556 220 42
570 436 57
260 172 63
23 896 38
757 622 34
35 685 90
486 794 24
90 522 31
814 320 80
403 34 61
225 258 66
557 634 77
539 887 30
484 285 87
569 377 19
617 70 23
660 370 22
459 413 21
851 708 83
532 60 85
228 355 39
358 725 35
790 145 76
649 747 95
156 711 90
906 300 39
597 405 15
626 401 15
295 770 74
391 585 33
360 331 36
393 848 72
187 833 54
549 0 10
423 749 35
70 546 57
538 662 88
600 689 38
132 374 51
859 410 88
460 577 63
562 24 42
760 575 78
288 397 83
554 805 48
649 11 65
874 520 71
335 529 46
693 292 66
335 439 70
382 158 20
203 907 27
881 48 47
103 612 35
234 484 49
222 373 54
542 874 93
699 565 52
833 13 50
597 324 27
323 53 27
387 343 100
723 31 67
639 487 39
802 744 15
645 859 75
490 331 68
538 558 39
845 439 73
202 296 30
353 128 28
702 18 62
631 733 84
584 664 95
585 531 66
348 247 69
130 347 100
581 447 33
264 102 55
864 70 26
751 355 25
636 854 46
688 50 92
242 449 16
203 68 42
781 437 10
641 702 32
299 788 96
283 897 96
740 464 99
342 578 18
737 352 33
858 766 32
672 478 74
509 132 17
372 600 94
766 316 82
60 467 53
69 696 86
49 276 81
17 628 10
251 111 97
3 342 32
183 771 46
615 713 53
92 756 40
36 755 67
791 214 64
714 40 46
96 823 50
812 316 54
241 485 26
840 752 11
604 617 33
210 337 45
549 389 77
726 372 37
865 315 84
416 668 92
484 235 43
780 463 58
194 822 84
28 525 73
886 122 17
789 110 87
20 155 58
899 352 51
224 718 87
466 657 47
96 873 36
348 259 25
835 563 11
557 409 47
784 427 70
278 29 37
534 402 84
551 662 71
161 354 11
662 128 48
810 158 82
308 354 38
289 124 38
669 22 85
908 481 76
500 128 44
276 398 76
33 857 79
383 717 95
238 70 26
820 543 45
117 359 66
44 456 73
30 832 36
779 164 51
209 313 96
451 369 53
446 179 60
366 743 21
672 860 55
189 155 52
108 487 90
85 486 21
860 727 31
191 859 70
624 895 93
386 203 93
191 4 32
513 755 27
561 644 48
35 112 95
99 714 13
176 470 23
708 856 97
222 553 44
197 472 99
196 34 65
534 148 99
370 246 96
709 206 57
253 666 67
764 656 77
48 264 97
650 546 87
229 592 15
831 897 65
499 430 26
908 323 86
580 140 29
544 528 91
455 6 60
330 865 60
366 656 70
604 169 64
630 431 89
674 132 41
200 378 90
505 609 43
775 418 19
569 146 27
111 101 83
329 884 37
881 398 37
110 504 75
746 64 19
666 292 94
840 224 72
153 67 17
26 181 20
318 397 27
875 143 57
873 596 15
697 589 77
699 898 98
337 217 47
625 10 69
639 167 10
449 468 80
698 406 98
264 73 60
406 648 12
366 626 15
447 116 90
795 441 60
52 434 62
518 420 18
916 766 78
209 0 13
266 703 86
813 407 49
408 433 73
481 72 70
59 883 44
537 862 26
787 811 30
302 444 10
74 491 41
656 337 89
205 689 31
19 380 80
352 285 60
78 41 65
579 355 74
654 842 40
915 323 10
250 27 55
821 46 80
898 306 67
910 335 15
692 668 97
450 221 46
514 654 43
129 471 84
219 401 56
862 293 34
628 843 68
182 24 83
908 574 79
799 331 76
272 535 100
850 871 11
767 721 16
685 139 90
684 679 49
28 91 100
207 607 75
666 432 55
838 28 29
146 735 49
275 486 82
900 602 60
874 70 41
688 648 73
316 694 15
636 563 23
280 875 26
382 823 92
191 391 98
568 25 67
278 732 46
495 399 15
163 161 86
291 391 77
431 94 42
777 381 59
801 318 90
653 566 89
175 730 67
531 707 81
687 365 26
712 754 55
276 291 25
778 482 69
863 670 50
495 769 28
619 595 67
6 220 12
103 359 44
287 793 59
853 665 79
103 384 27
124 716 87
867 744 36
75 218 78
491 268 53
909 601 10
649 813 92
906 884 49
791 221 23
613 429 72
88 774 76
632 393 89
915 331 76
26 784 87
94 23 93
891 561 71
341 457 43
333 787 59
681 667 22
111 491 45
537 661 86
34 829 30
175 289 43
728 414 33
884 417 65
514 705 17
81 470 18
298 517 22
720 104 95
811 382 70
794 645 72
913 68 93
132 557 48
321 762 66
605 492 63
250 10 46
593 758 79
822 4 42
295 566 17
410 620 67
825 908 32
140 96 21
676 815 73
514 18 59
408 741 82
678 711 99
290 32 28
339 409 29
218 780 25
294 749 38
837 554 15
125 17 49
804 132 65
4 657 87
663 93 13
838 384 43
842 373 26
513 26 81
346 220 43
379 744 95
128 765 33
895 833 33
68 430 44
277 266 80
611 565 60
140 914 61
61 443 96
605 155 75
525 333 22
691 237 79
618 332 42
849 58 73
694 755 68
518 91 68
105 742 83
63 428 13
61 781 32
202 54 53
417 482 76
33 444 81
591 899 37
335 69 38
670 108 12
304 17 91
856 69 92
128 898 43
721 269 25
262 205 30
650 80 21
63 496 98
146 820 52
675 866 89
278 32 96
176 656 43
48 411 32
110 124 92
398 158 24
227 710 36
246 396 62
879 648 64
864 495 51
658 756 17
123 789 43
242 259 92
327 661 32
329 250 39
520 704 48
422 698 30
183 737 69
618 328 19
239 839 37
237 183 51
446 776 61
380 913 40
618 613 19
150 715 42
420 736 14
152 645 37
385 724 80
390 581 99
371 650 82
568 222 80
894 144 58
44 808 30
147 24 20
309 403 27
902 76 97
683 569 91
464 618 88
28 719 26
812 1 82
646 71 22
537 872 100
704 6 38
519 146 69
396 367 43
796 277 14
692 281 94
37 214 91
287 737 48
367 582 22
346 285 44
481 198 32
407 642 28
155 275 46
673 197 46
902 81 98
734 236 82
446 843 25
518 366 80
162 518 85
244 294 93
265 732 34
20 866 70
454 821 48
391 443 89
410 56 78
554 153 30
285 786 19
910 300 24
825 789 97
833 783 69
703 691 64
165 384 36
675 916 95
150 113 38
865 858 92
499 495 84
178 435 53
74 354 46
605 360 93
819 440 12
575 128 26
582 186 47
66 725 98
27 156 75
779 194 23
795 770 84
502 528 66
506 330 50
374 726 26
85 876 99
556 558 33
23 684 77
589 501 12
392 405 84
487 209 72
855 890 10
744 659 90
523 41 63
428 600 34
169 661 50
110 272 25
55 16 51
170 391 78
472 517 93
104 83 12
357 175 63
766 152 80
845 424 72
25 233 45
815 181 21
810 144 68
770 569 36
742 158 69
354 47 14
667 426 89
467 333 98
179 79 44
708 177 48
495 490 73
551 618 54
378 686 76
62 546 100
270 479 43
167 75 90
429 117 22
483 458 38
336 26 94
865 254 16
813 821 89
759 761 12
242 587 90
351 553 81
269 500 57
615 421 42
215 189 11
204 157 28
581 775 80
135 181 19
367 76 29
860 790 79
463 594 16
731 332 18
647 252 46
242 486 18
674 375 34
897 141 79
475 56 77
645 175 41
538 323 38
88 452 70
612 279 73
705 639 62
557 813 89
907 306 19
732 712 28
830 356 93
375 738 40
270 522 17
69 535 41
634 269 44
304 114 30
703 665 12
378 111 32
839 683 10
892 505 82
736 423 71
644 72 80
469 737 87
201 244 89
348 491 21
734 856 12
877 290 12
209 55 80
784 74 85
710 775 40
586 232 62
482 723 84
632 561 78
365 908 88
410 688 92
337 464 38
361 713 55
111 135 66
217 3 11
193 514 21
716 47 99
631 387 99
803 837 15
432 609 59
282 4 88
908 612 60
331 136 83
637 546 18
693 305 60
815 620 33
375 228 29
216 736 87
594 508 99
503 845 80
444 69 74
843 560 31
907 427 46
570 668 55
504 538 23
250 694 32
217 5 29
58 35 34
728 509 48
851 437 53
474 106 23
845 237 81
769 615 63
223 851 15
587 651 27
759 431 25
680 794 30
779 295 85
563 396 14
854 182 32
844 459 87
60 434 17
107 268 55
794 629 88
418 762 100
659 546 86
434 11 34
280 705 34
412 517 76
754 843 58
2 804 51
430 480 69
595 587 29
405 802 99
599 515 40
285 711 85
665 162 59
844 100 92
282 254 99
843 427 25
866 674 85
183 193 87
532 322 97
670 74 77
128 214 10
719 540 70
79 905 85
282 324 76
394 881 92
145 551 17
883 7 76
221 572 75
39 668 38
568 304 40
725 349 100
185 398 69
567 360 58
361 559 29
526 357 44
473 349 71
691 291 71
98 10 50
862 110 33
830 547 26
445 786 42
497 124 34
476 697 32
118 898 32
111 494 93
215 590 26
520 404 39
868 9 91
39 605 20
134 710 10
114 844 29
265 112 79
852 419 76
574 588 92
790 25 99
352 801 50
681 621 55
886 583 22
764 749 83
699 696 83
647 364 56
515 446 77
152 76 14
497 247 80
58 646 55
408 867 55
654 619 21
657 794 88
163 269 33
321 144 77
916 90 70
260 518 93
794 868 89
842 316 85
274 425 21
240 788 78
737 176 34
139 796 56
474 484 36
894 41 84
644 397 72
657 446 49
809 406 84
769 620 69
443 343 33
657 786 40
206 874 43
876 383 99
185 381 49
437 322 55
889 162 100
659 142 59
429 871 15
58 36 97
788 342 26
867 598 64
69 123 84
603 190 60
570 814 31
277 819 44
160 268 49
235 565 61
562 916 75
108 364 92
532 98 21
477 313 67
47 626 100
643 859 25
914 541 55
287 697 86
