890 4426
783 104 88
768 690 46
845 225 83
637 595 55
524 704 39
845 709 28
89 710 22
302 67 98
18 887 46
615 321 89
397 635 79
770 645 38
792 452 96
0 732 64
166 79 55
533 338 99
531 774 56
403 251 72
448 305 42
570 484 75
471 739 77
874 12 80
746 87 39
573 476 79
861 497 21
303 394 67
672 180 46
795 122 81
194 315 35
451 848 100
638 710 92
228 311 77
645 837 54
508 771 16
235 351 76
0 889 64
841 193 74
780 185 20
2 489 15
14 10 31
862 344 99
421 848 48
126 419 64
419 858 14
478 675 26
634 87 28
37 443 39
713 866 69
505 85 18
557 287 91
119 73 63
483 519 62
121 59 33
227 802 23
258 290 87
296 173 90
708 788 14
59 63 24
157 79 68
883 827 14
784 762 15
87 93 93
684 266 30
510 123 65
676 644 29
52 238 52
607 260 83
247 529 85
569 586 15
127 379 81
479 805 26
135 27 49
760 361 42
799 355 62
422 143 72
655 626 33
853 426 26
182 365 14
748 83 90
562 834 31
817 840 85
696 7 47
469 260 47
813 734 93
576 308 87
241 21 53
286 386 98
224 830 78
531 332 88
327 2 56
731 599 85
546 522 20
545 737 32
590 373 66
363 598 97
0 882 24
377 314 37
493 568 95
495 524 96
724 790 72
355 645 10
312 176 86
273 464 100
785 659 17
465 170 24
72 71 25
849 359 70
431 694 97
713 641 33
543 552 24
589 155 42
20 723 41
886 335 78
222 351 66
874 204 30
201 587 27
444 800 19
583 300 10
642 57 61
160 489 92
598 197 61
767 61 38
291 49 69
377 666 91
810 413 76
673 738 95
24 39 20
341 882 10
348 3 28
776 101 12
817 472 53
164 815 57
120 34 75
668 196 76
199 618 49
506 600 71
432 344 86
870 645 66
821 400 30
628 133 55
259 192 41
583 366 35
606 197 35
670 531 59
658 744 29
793 355 36
157 506 16
185 65 81
750 682 52
849 685 45
71 627 38
538 424 83
649 824 37
525 24 57
285 174 16
869 625 96
691 418 42
158 803 58
415 263 25
571 845 47
159 123 48
677 261 73
446 863 53
76 251 83
174 266 51
852 493 64
539 115 24
189 436 97
518 200 33
61 304 47
314 706 13
22 828 38
870 108 28
670 642 73
458 831 71
63 721 66
577 587 31
808 287 71
262 732 71
540 60 66
434 878 58
820 581 49
20 725 26
154 257 91
170 288 98
369 381 81
86 471 83
171 457 57
738 48 70
378 173 76
324 424 100
336 412 23
285 237 52
819 595 78
580 516 83
874 367 26
595 45 34
724 832 81
319 776 11
3 123 58
475 712 100
712 419 43
163 128 23
68 602 73
728 475 89
101 217 44
181 817 20
205 125 23
625 787 14
61 769 73
220 392 61
549 487 87
324 185 93
509 701 35
38 725 31
555 54 54
734 466 25
369 639 21
266 331 38
521 791 24
522 277 66
237 264 25
506 469 53
19 387 87
501 36 79
828 694 21
450 621 75
627 654 85
508 869 83
663 862 64
118 119 56
824 107 47
297 445 33
704 758 86
746 104 100
783 16 26
209 642 60
584 66 21
667 692 51
260 572 38
268 53 19
424 140 48
675 592 36
773 425 68
815 513 58
465 177 80
429 592 65
547 67 55
144 598 41
322 842 59
737 151 18
156 313 88
142 75 23
444 616 83
360 278 31
870 781 55
235 767 15
695 70 73
483 409 52
666 336 15
255 635 23
249 289 85
412 120 26
874 368 18
311 502 48
847 756 31
306 336 62
251 322 56
263 859 45
810 87 99
515 74 52
850 400 19
50 585 54
733 568 39
478 742 38
209 441 79
100 732 12
105 487 38
661 279 65
128 666 54
239 639 88
352 817 60
616 371 31
315 39 34
344 215 78
730 466 47
775 179 66
348 186 17
51 199 21
120 157 74
155 406 20
650 522 20
543 241 70
793 703 89
97 695 64
635 700 87
253 725 51
524 733 30
357 383 43
357 221 89
161 116 25
865 802 97
274 652 80
299 389 11
514 348 98
26 759 28
263 563 23
869 844 53
343 850 72
797 332 68
805 659 66
760 675 99
245 760 82
575 819 21
111 485 11
182 176 37
246 405 19
863 43 16
523 618 69
41 436 55
438 126 44
277 801 16
450 478 24
472 642 52
136 90 96
139 391 24
192 578 18
395 519 99
76 371 25
13 17 97
110 611 11
0 429 62
388 7 98
1 284 49
373 867 51
848 799 52
886 84 94
523 50 66
700 701 36
821 385 36
76 11 49
702 734 31
552 699 92
524 326 14
322 83 23
191 717 49
493 357 53
824 701 29
755 381 31
810 876 12
37 705 38
671 569 62
81 569 55
97 847 41
566 503 80
326 881 40
498 500 57
165 396 52
561 544 90
487 17 97
311 775 10
453 255 15
877 467 23
64 99 46
690 240 10
40 296 40
439 156 93
645 330 88
787 614 27
48 603 91
755 489 40
732 369 27
816 264 20
609 182 55
4 751 21
222 35 79
243 531 81
866 750 19
833 726 45
638 29 61
317 392 60
348 523 32
108 278 79
766 223 79
518 186 82
202 76 61
683 852 81
666 651 50
672 261 23
326 95 91
221 552 90
627 779 44
720 151 50
602 640 70
104 279 69
98 113 18
553 194 83
483 717 91
114 796 99
189 602 79
386 455 88
322 636 59
312 718 45
719 555 89
709 697 71
583 51 98
263 812 44
768 83 78
346 757 73
531 535 18
781 448 52
608 273 86
734 504 59
282 580 83
233 777 79
244 364 26
6 210 14
480 70 96
713 119 77
419 461 33
131 538 95
270 502 92
199 350 49
21 598 53
480 840 41
839 574 84
823 573 59
687 750 25
5 17 12
716 439 15
321 863 48
434 635 92
229 627 68
275 3 56
65 741 17
83 556 70
803 67 89
591 167 64
248 838 75
551 762 97
496 760 56
838 802 60
217 258 81
203 538 30
5 151 29
613 184 59
720 87 90
588 341 37
346 502 41
761 65 12
882 64 95
166 631 66
3 109 59
285 655 74
484 183 50
166 404 64
11 849 68
667 697 67
101 378 30
215 328 47
417 860 79
406 796 13
116 648 20
628 739 10
575 227 33
747 244 52
564 713 52
529 817 44
49 394 48
776 129 33
366 231 92
415 589 28
86 58 48
803 673 28
281 617 30
490 301 31
617 792 39
423 82 93
735 172 34
117 816 64
344 748 97
799 724 78
8 498 69
144 686 18
434 342 65
710 789 12
203 414 42
432 592 80
658 388 73
712 742 14
857 80 70
703 414 79
204 121 32
650 307 95
664 245 44
130 657 51
804 740 19
382 165 11
355 768 30
831 215 22
106 354 33
325 337 66
822 279 68
500 430 37
706 335 12
150 165 36
611 550 13
483 56 59
450 135 29
593 231 66
421 768 25
71 646 54
230 198 22
312 251 55
841 472 23
704 238 89
109 475 32
312 285 100
725 447 37
776 36 60
102 862 18
742 75 34
35 880 58
258 412 30
178 882 79
565 93 36
742 22 26
742 15 39
676 217 37
367 104 33
219 821 63
363 511 88
848 328 91
610 266 57
328 687 64
109 326 16
83 693 26
319 149 47
475 486 82
641 315 34
670 804 60
504 59 94
429 580 70
386 437 47
653 674 89
240 152 54
750 124 100
820 354 46
702 124 94
717 871 97
749 101 29
782 306 57
677 48 60
549 392 66
121 466 96
598 701 16
394 348 67
251 370 91
67 128 80
722 286 92
389 887 81
260 849 13
314 143 29
200 238 78
291 876 72
456 705 76
303 451 63
380 365 93
95 141 19
782 497 80
649 706 62
655 339 90
43 148 35
229 96 98
298 449 61
246 781 41
416 822 43
676 610 43
80 18 30
226 297 49
146 796 69
709 754 91
264 219 51
530 123 60
647 165 57
515 496 26
606 503 21
452 386 17
472 599 17
695 672 81
289 169 89
740 2 93
791 98 34
6 562 36
843 43 99
603 694 67
246 306 96
298 428 57
559 219 52
49 666 81
863 685 63
297 805 76
289 364 16
726 876 50
2 657 96
65 75 68
527 791 49
591 341 18
251 190 52
602 276 42
343 127 15
433 106 92
703 694 59
436 489 19
53 465 37
341 565 60
517 740 71
261 350 67
267 806 89
529 8 89
144 67 41
336 68 11
785 802 66
741 420 97
784 248 43
188 583 99
70 242 67
651 542 20
527 810 85
210 697 96
364 39 65
195 780 44
45 623 83
435 375 90
669 779 50
742 298 84
414 331 91
481 314 44
760 47 93
766 849 47
863 626 20
782 778 93
590 799 38
297 92 51
323 727 93
673 502 54
521 875 55
813 149 98
358 609 28
875 722 34
54 537 57
362 696 75
595 108 74
217 65 55
676 30 80
669 880 34
873 204 64
421 364 49
264 46 15
469 766 62
611 527 82
527 479 65
859 259 35
340 127 96
231 142 30
51 724 86
530 566 69
138 830 41
41 483 17
98 402 91
855 679 49
791 436 69
840 464 99
261 472 71
339 774 50
544 338 35
835 279 41
353 581 97
187 456 85
632 43 71
138 796 53
565 492 30
470 391 77
695 201 11
63 425 23
343 565 79
217 192 71
206 281 68
485 239 48
594 280 15
183 358 25
43 53 24
482 133 36
869 253 50
432 704 14
68 341 78
413 725 36
638 149 54
739 409 23
291 392 35
7 571 64
446 64 97
597 395 53
365 189 40
306 508 65
670 13 46
732 525 14
792 389 31
163 830 63
806 49 11
38 385 51
872 93 80
452 644 21
218 389 86
676 557 86
343 634 28
595 746 32
331 201 61
537 203 10
363 530 87
481 308 50
859 15 52
138 712 98
88 307 72
858 774 30
850 249 38
293 121 89
757 824 29
826 615 74
192 780 70
794 387 81
381 597 94
459 353 52
638 274 48
539 432 91
740 678 85
3 826 33
387 14 31
888 266 41
402 770 71
386 790 27
300 553 81
251 34 34
197 301 45
754 812 75
582 743 75
108 62 89
385 451 87
397 65 30
880 332 38
707 829 15
812 101 22
389 34 98
141 235 18
736 688 63
117 231 89
140 717 46
88 334 50
261 204 76
464 598 100
712 355 87
512 327 62
126 880 95
259 454 75
410 72 51
569 339 83
810 90 17
828 290 29
35 622 31
61 489 14
241 482 76
611 288 67
123 286 16
572 881 39
86 130 65
782 243 70
497 607 73
380 230 31
735 225 35
173 92 50
753 437 44
698 164 51
498 609 49
705 507 40
813 87 86
726 625 18
667 830 75
444 584 31
445 814 45
711 133 55
497 182 32
465 397 27
699 671 16
332 165 10
849 373 92
328 856 62
232 844 99
513 253 60
848 416 51
552 368 66
202 286 13
114 482 98
558 515 25
700 547 71
731 511 46
120 537 10
86 423 13
726 751 27
738 340 13
489 365 27
467 616 54
564 694 12
328 370 16
638 1 72
423 595 99
543 741 40
557 61 67
334 586 99
714 768 48
586 255 19
413 79 62
374 136 50
334 316 92
508 553 34
509 725 51
170 608 52
378 558 63
412 52 84
431 129 11
81 169 70
568 153 43
56 490 78
670 423 86
173 506 89
729 86 47
833 770 14
405 628 18
321 614 81
139 254 52
814 404 61
365 621 24
787 175 35
403 668 35
21 375 80
655 812 84
281 2 26
217 317 89
500 391 67
578 221 45
310 566 86
612 381 40
476 567 73
878 827 24
135 545 72
609 432 32
284 727 45
637 242 55
28 832 87
621 33 92
88 13 84
363 75 91
711 763 13
80 90 94
224 814 20
133 487 89
614 499 68
32 186 52
749 887 67
462 863 96
152 119 20
85 545 39
424 706 34
107 532 71
530 308 74
709 279 44
598 555 58
518 681 75
287 36 45
161 147 64
542 533 25
221 747 67
366 689 22
363 133 69
176 111 78
789 190 13
251 795 80
333 309 12
445 834 47
156 139 55
102 543 13
717 57 96
751 244 55
303 337 94
623 424 51
640 510 53
696 470 29
317 304 82
792 823 44
501 77 36
575 111 58
266 346 51
185 324 49
317 841 15
562 852 12
200 798 67
333 750 21
410 533 34
388 111 23
849 370 89
621 233 86
624 46 21
838 626 94
157 509 68
357 88 50
539 705 78
269 744 98
568 566 45
149 485 32
247 442 59
37 334 70
323 123 25
354 717 51
166 550 81
167 490 51
878 873 73
215 617 99
537 7 22
824 596 45
771 595 15
772 349 65
622 848 20
131 348 77
849 467 30
503 98 81
825 339 38
606 110 27
422 342 41
495 104 61
56 772 20
446 441 81
173 460 86
803 96 83
87 354 43
98 657 50
225 141 51
534 745 77
862 818 70
90 557 15
356 656 53
478 185 59
113 67 67
349 368 70
636 3 24
577 814 42
618 7 51
219 8 40
464 59 10
779 204 57
505 654 72
169 729 41
423 137 39
42 320 67
855 204 66
554 627 85
737 875 13
695 124 49
27 253 69
389 510 80
136 591 46
2 806 90
451 422 94
858 42 74
656 315 36
884 882 70
417 800 73
596 752 62
527 540 63
479 258 68
514 74 96
231 435 81
195 226 21
497 6 35
84 168 99
277 798 28
807 575 61
129 402 12
267 232 26
404 371 17
517 102 51
572 388 29
194 313 83
22 482 33
518 710 27
620 868 29
418 556 40
709 621 56
466 514 48
144 754 18
802 335 72
384 227 99
681 544 90
13 807 29
489 532 85
583 89 13
131 433 84
538 499 44
614 405 43
474 765 75
881 187 26
212 826 75
130 482 56
17 477 77
401 794 50
192 751 89
334 179 22
343 95 89
455 272 59
754 783 29
215 368 45
425 278 17
126 586 89
866 385 28
729 214 92
779 261 88
199 605 42
773 793 56
447 43 54
294 871 83
160 728 37
345 783 90
771 306 70
170 787 21
611 371 87
761 239 59
68 290 71
558 387 67
170 730 66
765 373 89
539 438 63
505 106 82
49 151 57
38 864 74
307 665 81
331 240 15
609 78 88
470 80 89
48 420 57
264 631 76
331 407 24
490 437 26
56 434 40
572 192 50
302 105 33
488 416 37
171 597 59
692 843 60
864 619 89
294 373 34
265 460 92
622 337 19
373 198 58
287 553 73
873 47 77
221 351 93
381 373 77
378 542 71
352 451 55
62 120 95
207 562 77
238 311 20
464 868 31
307 234 46
404 350 50
741 294 21
855 530 50
335 106 41
481 527 19
820 309 62
338 162 85
682 169 51
290 634 74
119 136 26
628 374 10
249 698 13
869 656 67
533 443 11
347 871 99
841 201 59
166 337 23
3 421 71
154 766 18
360 293 12
726 90 32
226 584 76
63 730 25
323 752 19
872 275 52
397 27 68
123 870 47
821 548 22
333 778 14
403 346 69
390 847 47
686 111 97
775 401 41
641 750 42
149 64 55
672 678 64
834 795 47
555 341 16
293 453 68
101 199 29
658 420 87
726 274 32
765 471 38
590 274 10
125 99 20
872 274 45
358 434 80
850 791 92
251 302 41
321 192 91
519 465 100
483 480 98
759 780 29
263 120 46
558 718 66
486 754 67
494 233 84
783 567 90
205 374 66
564 872 49
174 716 66
728 130 45
831 646 22
783 516 74
231 857 31
260 795 56
528 804 96
375 352 19
523 242 11
32 297 72
189 827 80
646 477 70
329 623 72
697 480 35
283 110 65
40 599 98
350 0 40
664 567 73
522 242 15
22 26 90
379 340 64
266 14 15
672 186 85
851 689 87
86 13 21
250 97 27
743 228 36
27 501 29
588 438 95
740 18 80
506 568 14
758 583 59
91 514 17
156 706 88
744 559 26
746 821 57
432 80 65
286 491 73
498 433 76
226 703 22
700 27 12
223 51 35
697 740 25
843 567 52
768 276 22
594 628 81
262 432 21
735 889 21
191 840 23
629 749 26
241 731 89
849 616 51
126 791 31
33 385 94
234 226 48
392 553 44
390 505 80
537 617 28
406 632 18
186 765 16
474 509 11
554 262 65
529 564 29
291 195 10
235 223 13
236 611 83
204 432 11
643 623 55
476 313 24
741 751 61
886 883 86
64 407 96
181 164 90
511 543 63
567 223 77
856 161 10
888 568 30
227 386 66
147 80 21
287 656 28
799 685 93
298 759 16
758 505 68
777 869 45
292 790 25
362 348 27
765 301 26
614 611 88
139 210 20
694 309 18
11 281 41
539 259 21
570 254 21
459 138 76
462 813 32
466 562 58
332 741 72
78 377 40
502 443 55
595 226 28
55 717 20
786 577 95
610 493 96
552 365 43
238 300 47
13 882 91
620 60 84
10 39 28
45 615 16
192 171 79
754 154 24
399 143 92
640 229 68
486 196 49
303 233 81
797 333 95
213 586 47
224 364 91
622 512 19
290 625 10
77 9 32
796 860 63
547 877 38
517 236 19
708 242 22
335 216 66
780 542 86
402 593 37
576 580 55
436 450 25
762 7 69
776 732 23
331 201 100
493 591 70
86 576 52
619 213 76
384 825 51
852 7 37
123 42 46
716 225 88
269 317 94
34 840 85
632 461 30
842 696 76
498 366 17
862 739 14
192 88 100
599 379 26
836 488 38
112 31 85
458 127 81
556 9 80
708 404 30
622 800 99
242 539 81
260 799 50
352 82 41
143 635 35
179 810 84
463 541 87
785 741 38
139 625 93
128 432 28
796 171 86
812 793 30
597 122 66
494 654 74
455 537 66
116 709 58
645 373 68
463 530 94
115 387 29
413 382 19
35 47 84
215 624 16
555 627 59
782 131 75
111 474 12
632 820 28
376 791 41
490 711 28
144 279 54
247 165 41
192 778 31
572 403 38
663 775 11
696 192 75
268 61 95
888 86 48
307 251 38
248 186 10
214 299 91
616 38 20
867 557 72
81 526 48
656 13 48
93 285 43
725 475 12
874 806 25
197 112 74
414 176 33
334 16 77
209 235 91
450 59 62
240 556 69
375 884 100
886 286 75
109 125 20
38 360 54
27 388 78
539 38 96
252 858 85
159 321 40
302 372 15
717 130 14
623 327 34
65 574 27
798 49 80
54 189 68
333 190 94
227 815 33
845 118 86
577 650 92
96 419 42
762 363 22
100 276 10
512 327 93
328 598 18
612 421 26
822 796 90
870 818 84
266 711 15
518 780 95
216 284 33
208 766 14
254 437 87
146 269 39
434 172 89
529 806 53
504 743 100
886 609 13
545 245 10
180 82 97
57 126 46
429 591 79
617 381 68
700 630 25
60 7 24
444 220 52
132 664 45
52 394 82
10 358 12
122 436 71
831 323 93
321 627 75
399 90 24
665 523 24
27 800 79
647 383 17
762 586 37
348 69 35
304 405 16
480 89 27
452 407 47
872 682 71
869 8 82
805 473 96
706 481 11
768 288 29
868 739 63
665 689 16
8 568 93
415 157 70
650 106 84
799 551 29
55 163 37
814 456 15
39 161 59
874 794 85
70 790 30
603 739 67
710 244 82
245 258 10
122 17 24
330 743 43
655 550 39
207 36 94
108 386 44
837 106 16
288 276 95
672 431 96
124 675 95
178 312 57
347 607 84
114 639 88
430 143 32
319 630 87
5 735 60
462 279 48
619 887 88
153 455 55
354 581 25
371 364 27
486 883 32
198 58 83
3 446 57
54 545 54
552 548 69
650 842 51
606 212 36
487 684 28
422 531 24
530 137 70
646 580 66
552 765 46
491 578 69
341 375 23
362 800 44
285 602 32
550 106 43
812 806 45
710 119 15
302 598 25
235 483 76
812 799 54
215 402 92
152 298 51
33 442 75
314 723 69
656 405 59
515 556 31
517 586 35
611 310 31
630 591 95
59 25 21
223 435 37
91 629 81
879 717 51
426 767 82
457 301 70
519 875 46
584 66 88
539 394 63
154 667 75
742 13 97
187 194 61
808 5 14
505 767 16
241 47 91
860 558 62
701 202 37
521 330 52
679 835 28
55 211 48
634 250 99
269 632 76
147 770 54
500 48 57
118 391 21
859 573 49
801 787 25
210 848 49
687 306 89
656 174 32
734 116 21
678 26 97
45 419 43
792 525 27
16 620 46
385 738 78
755 60 35
125 797 97
750 540 51
735 166 26
166 529 66
152 131 38
435 357 98
654 177 21
848 284 98
224 875 69
457 683 56
109 84 51
111 428 94
60 857 70
339 194 51
264 847 45
333 272 75
684 732 42
857 308 84
358 70 33
870 44 95
537 428 80
438 296 72
240 656 71
808 635 89
120 548 33
457 364 74
124 638 47
887 313 80
178 869 100
574 845 15
702 785 81
25 87 94
576 568 61
588 559 44
491 536 52
108 286 24
429 465 66
327 357 45
440 332 65
47 374 20
854 636 97
371 684 43
331 822 88
573 179 83
96 716 88
184 740 24
764 654 64
437 381 66
523 655 26
462 177 23
613 1 69
88 734 22
16 509 98
862 203 40
152 441 100
486 736 22
545 569 63
339 6 43
6 411 63
255 543 49
365 419 32
249 716 84
750 874 100
485 587 72
590 704 56
519 446 47
334 198 20
358 467 90
48 240 24
39 470 74
658 261 13
84 530 17
507 787 41
364 611 73
428 16 40
333 526 65
701 494 67
587 316 86
729 398 19
821 651 45
718 534 80
634 784 27
77 37 61
722 3 57
636 59 25
370 888 82
47 585 58
302 171 40
194 491 97
518 221 34
860 284 60
667 138 72
756 540 40
266 759 43
476 559 87
458 280 76
139 261 26
835 331 93
3 443 96
439 446 32
156 204 13
58 668 90
726 723 29
42 190 33
856 62 31
243 741 76
267 437 98
253 176 67
62 643 56
330 130 75
326 138 63
795 785 67
554 399 34
603 676 70
451 248 82
124 597 43
92 293 64
250 47 61
638 413 69
158 377 75
710 7 27
29 600 89
129 503 61
297 18 27
836 206 55
516 33 70
773 368 85
822 821 16
699 374 14
858 710 67
484 80 32
151 185 62
272 720 35
772 869 100
179 335 33
292 334 55
820 235 60
866 528 25
770 214 62
693 512 66
726 719 83
465 284 90
248 478 86
300 104 86
209 349 60
205 424 99
799 323 68
195 243 39
527 756 77
726 60 28
731 808 18
291 389 13
686 272 48
435 30 79
399 357 86
748 573 23
449 363 44
675 241 47
77 543 70
333 176 82
263 373 82
386 823 49
861 721 52
279 701 36
268 125 39
99 204 99
0 255 30
119 52 19
633 226 22
370 51 51
863 199 76
685 144 19
468 58 91
465 392 95
66 696 50
784 502 25
51 247 100
295 839 10
659 387 65
35 37 50
268 490 56
635 330 65
13 177 12
784 542 15
138 534 36
688 771 20
554 732 90
759 508 64
198 34 18
511 497 71
879 311 97
228 53 33
667 701 19
147 126 99
673 352 69
23 503 89
807 347 25
454 293 26
574 691 46
814 854 74
755 349 48
883 685 100
876 446 74
582 887 85
491 46 40
500 689 100
335 72 70
428 441 62
638 183 100
238 883 18
680 371 41
717 744 31
191 444 74
3 677 86
242 40 72
438 245 97
528 629 94
16 140 65
724 178 93
618 318 55
315 617 86
588 432 12
380 629 87
167 720 13
420 501 22
94 277 16
715 768 39
798 307 25
804 290 84
114 158 61
2 290 98
794 519 84
438 852 85
887 388 29
215 165 73
71 768 41
721 58 20
443 426 87
740 692 69
715 739 91
370 280 42
131 28 51
326 712 26
526 156 57
437 67 52
246 613 98
760 393 89
486 482 25
784 519 38
46 704 65
761 144 12
434 681 83
749 397 10
659 143 98
773 652 34
14 127 51
656 281 98
97 426 82
497 360 93
632 359 85
191 809 69
323 475 42
564 417 14
352 811 20
192 567 59
615 1 89
332 761 42
720 810 99
794 163 60
654 180 33
348 702 67
846 524 83
876 391 17
680 183 90
393 559 59
554 58 62
669 430 38
829 565 93
780 348 85
261 68 26
409 602 97
581 863 24
26 210 45
268 339 45
519 551 68
66 615 64
279 812 89
152 149 57
561 91 27
331 98 86
374 872 52
874 528 52
794 82 12
47 447 96
395 12 82
480 428 83
192 884 30
308 745 69
384 805 99
826 818 42
845 248 83
105 595 37
865 875 91
274 575 44
479 174 44
155 476 44
581 4 52
800 425 50
483 668 95
846 737 16
449 880 88
507 491 28
178 800 83
133 272 56
543 697 65
296 298 25
769 732 60
423 824 23
141 845 92
279 8 26
286 49 15
663 700 14
236 488 81
32 36 63
14 669 75
441 451 29
509 677 18
549 92 19
21 715 90
7 734 56
151 601 51
455 109 15
737 540 99
337 671 42
610 678 96
588 372 50
609 571 34
169 615 56
72 803 35
255 609 68
64 818 17
652 413 38
293 540 77
540 703 16
306 155 84
659 166 15
642 386 30
341 355 11
341 569 70
458 824 76
382 797 78
462 520 50
411 186 65
261 476 56
370 717 32
146 168 50
397 769 46
571 804 75
556 469 38
751 811 82
567 430 94
100 771 38
555 135 76
479 374 58
757 328 78
109 336 10
274 359 57
99 611 48
74 552 33
876 456 95
680 336 39
185 755 81
763 844 77
200 54 29
679 225 90
170 527 52
623 72 80
221 516 93
121 111 10
51 447 54
52 623 20
109 555 97
60 301 75
763 827 71
158 535 98
158 415 11
434 653 72
40 297 25
461 573 27
883 836 17
102 659 53
636 845 91
48 343 26
695 335 96
141 460 84
93 265 32
64 776 65
325 10 79
163 808 59
544 570 44
88 631 99
443 352 81
151 5 15
584 716 21
702 658 26
200 144 88
496 64 10
47 463 30
17 636 45
500 82 43
386 572 66
450 264 84
558 447 19
716 80 39
400 290 40
273 565 10
177 745 51
446 145 18
787 464 38
224 457 28
424 127 85
716 695 58
309 333 67
797 83 85
328 6 100
140 864 62
730 507 20
85 239 89
120 547 31
5 870 77
678 381 62
240 824 47
369 514 49
573 330 90
450 872 87
590 9 59
871 697 96
182 367 86
247 263 36
538 114 71
506 679 92
351 632 100
805 401 93
720 212 15
11 464 86
652 97 98
843 141 27
54 879 93
306 755 17
484 359 19
178 363 48
190 703 100
14 468 91
111 397 90
370 334 37
536 789 56
157 350 47
307 229 83
76 514 33
148 677 52
353 43 22
472 278 32
259 128 23
92 619 10
632 179 94
798 847 98
413 299 70
395 495 28
114 868 94
836 84 30
751 816 44
816 91 98
705 714 57
882 427 29
5 277 33
745 691 12
344 103 41
681 396 60
739 811 81
285 1 80
300 147 22
885 428 10
9 687 95
128 22 60
479 38 37
670 885 14
609 421 73
471 223 87
504 223 63
252 699 17
812 189 84
862 501 33
786 166 88
540 490 65
888 795 81
545 113 75
509 362 10
207 665 44
310 525 37
601 509 29
656 123 90
735 481 44
27 79 78
53 259 51
728 133 69
36 359 34
91 632 81
34 370 65
533 627 58
164 486 87
690 785 30
235 161 98
369 232 22
887 606 69
300 576 44
95 197 41
663 12 85
628 647 49
416 187 62
155 375 38
168 36 42
33 393 34
826 707 80
856 770 73
851 83 66
861 170 54
113 330 65
494 332 69
157 117 31
727 556 20
748 112 75
393 793 55
522 187 70
456 696 85
803 787 64
169 617 53
873 436 74
214 585 27
397 664 45
482 282 78
227 146 54
883 218 56
208 862 72
791 750 12
47 860 40
158 247 72
312 234 47
331 121 47
504 447 43
257 639 48
776 746 48
503 283 91
681 672 96
739 876 75
392 54 33
227 410 20
236 392 94
551 433 47
645 879 80
126 444 69
451 776 70
734 834 37
180 817 19
616 594 12
392 503 11
243 6 95
623 598 66
297 152 22
404 549 89
214 330 75
495 332 22
463 487 36
398 330 70
295 194 77
131 860 98
691 24 41
744 720 12
657 534 40
117 694 94
709 157 86
416 751 58
260 81 30
199 649 95
744 166 59
673 97 35
388 346 95
472 537 49
795 646 21
23 864 52
131 841 27
859 13 18
341 164 48
754 560 97
22 77 23
416 499 63
409 344 58
30 553 71
429 661 31
854 223 66
192 712 44
657 608 42
842 75 45
694 231 71
203 775 100
639 689 25
543 824 22
298 562 44
381 317 97
24 867 31
110 373 46
456 705 63
166 38 68
648 293 100
391 1 26
327 649 99
694 428 12
74 746 72
215 496 51
16 116 54
59 13 21
655 521 58
193 574 59
473 490 85
743 551 16
873 749 85
622 574 31
371 429 15
633 263 57
77 266 15
44 412 62
496 487 46
70 98 75
806 786 78
887 35 29
362 515 54
747 700 90
876 51 86
215 324 37
338 354 57
888 222 89
532 726 23
510 808 14
518 262 55
210 452 29
453 521 61
166 371 100
684 208 79
865 704 89
843 578 26
260 613 27
76 367 86
38 547 95
879 297 74
545 574 50
505 507 79
773 10 10
778 748 68
785 826 73
207 185 28
59 275 62
707 566 98
558 641 77
555 573 85
131 103 64
167 159 24
798 526 13
279 108 66
245 744 72
552 876 43
727 150 99
790 605 43
600 419 70
144 89 26
181 718 57
281 618 17
524 519 87
300 241 24
209 640 65
618 368 42
597 233 74
745 476 37
95 96 28
601 406 20
673 387 77
680 656 57
114 246 11
723 253 69
647 746 73
638 843 75
185 110 31
476 716 96
287 606 97
735 481 62
86 414 14
806 7 84
733 432 31
780 442 37
639 111 43
654 113 18
679 333 69
595 424 85
6 406 39
748 555 12
415 634 46
667 95 89
131 479 78
583 818 93
631 586 87
30 201 15
147 261 42
199 570 92
234 381 23
390 630 68
379 656 21
366 77 66
194 34 40
267 774 33
16 149 92
697 120 65
293 230 91
657 114 43
191 181 13
402 643 12
632 5 10
285 307 45
620 827 75
42 435 100
696 762 75
253 414 51
105 748 65
774 198 97
221 580 96
97 427 30
446 878 88
408 394 26
293 594 51
525 706 94
675 127 58
361 57 40
657 604 67
504 373 25
174 273 39
488 135 97
10 320 49
542 291 59
450 672 98
393 807 58
272 800 74
89 124 55
421 15 82
836 35 81
516 346 16
525 602 29
630 144 14
406 274 15
573 499 30
571 264 31
183 508 36
178 487 100
267 316 48
816 187 72
659 724 99
521 585 63
454 413 29
41 878 68
53 788 60
158 434 32
656 880 100
396 258 79
557 759 45
322 746 90
145 443 68
63 267 94
778 595 72
570 94 33
484 290 37
281 562 99
888 865 13
760 261 66
106 652 83
221 564 51
179 25 19
176 95 56
448 709 81
352 403 100
444 770 74
215 307 38
321 767 83
86 713 87
665 742 14
728 404 75
56 20 26
23 54 88
41 103 73
159 324 44
172 131 40
21 759 100
150 593 74
136 838 18
333 806 21
12 845 59
825 483 36
614 385 12
563 108 37
216 777 22
8 759 90
389 630 80
492 440 30
373 88 42
457 84 54
819 40 38
821 838 23
45 402 44
388 70 42
864 467 70
514 619 76
133 202 43
442 488 66
209 431 64
869 626 14
492 650 74
464 614 45
570 320 11
799 510 14
180 228 72
380 172 94
861 241 78
386 45 57
265 654 60
7 829 52
756 107 60
446 580 14
81 9 11
361 0 79
171 540 88
417 214 17
514 290 63
496 11 74
523 715 48
132 489 28
549 854 36
745 26 29
137 196 33
554 528 82
812 566 27
867 586 70
787 257 94
193 368 28
52 277 96
637 447 70
176 690 21
470 212 93
75 201 38
216 790 34
605 461 27
860 122 31
289 224 92
787 386 30
859 479 61
509 371 68
202 851 90
52 295 34
211 416 63
271 606 90
513 591 36
606 651 84
787 722 71
166 481 35
27 364 38
613 63 64
198 408 31
561 37 25
74 520 19
645 870 15
5 239 80
609 95 16
322 724 70
391 334 26
49 692 55
239 535 87
88 610 51
43 628 11
419 864 31
298 641 28
166 756 27
631 384 43
662 514 23
93 252 20
466 391 24
850 586 90
598 885 82
284 679 73
461 346 44
876 156 51
717 879 25
28 393 19
274 715 42
353 825 16
443 581 42
767 245 52
484 77 90
661 868 77
598 194 66
706 586 28
360 297 97
389 351 32
281 425 83
723 466 82
688 543 14
780 346 88
625 162 29
612 656 79
509 170 53
737 642 51
404 867 49
224 161 30
256 847 46
650 412 74
663 518 35
223 766 28
577 308 78
828 6 68
506 555 99
27 480 16
619 236 32
72 344 15
415 613 53
69 148 72
730 298 66
467 769 86
422 516 28
554 787 59
71 174 38
488 843 39
225 151 49
519 491 27
148 350 80
597 99 82
581 759 79
787 614 100
610 737 83
246 304 63
625 768 44
301 256 99
630 61 43
18 104 39
377 815 100
535 623 33
766 588 92
295 261 15
462 360 52
418 354 29
514 0 25
736 822 11
853 873 85
455 369 97
475 855 25
35 808 96
318 289 68
633 169 73
631 709 61
348 220 95
474 509 28
635 514 75
435 379 23
449 832 63
568 498 22
341 103 72
665 808 23
528 821 76
104 178 100
698 707 33
155 212 41
511 185 62
307 537 48
602 160 25
489 8 14
281 486 50
706 573 31
568 714 37
637 858 25
357 49 10
534 688 11
698 171 82
206 83 85
284 69 48
356 869 27
732 794 29
346 751 74
288 635 73
134 771 71
26 10 19
211 779 60
85 252 23
759 236 57
796 16 78
650 68 33
822 60 72
510 552 91
658 102 22
777 42 98
807 505 97
180 587 94
299 865 55
753 240 81
649 535 73
779 737 31
863 14 76
603 53 60
786 267 38
703 572 60
678 295 87
729 261 17
488 349 62
360 665 27
457 737 38
221 130 50
289 756 98
608 349 33
664 272 32
725 30 44
788 121 30
387 617 31
214 340 89
246 85 87
593 577 79
118 106 15
300 64 86
75 171 83
437 243 88
179 529 29
433 232 87
341 573 26
54 130 43
213 342 32
186 208 72
455 209 54
7 165 14
359 352 74
144 426 50
208 255 11
38 229 32
272 373 21
319 418 84
386 389 47
288 701 88
226 644 54
697 556 73
354 472 88
764 500 86
129 706 55
122 364 92
764 130 35
350 556 69
772 308 66
347 640 42
526 387 23
356 805 46
749 797 63
694 574 45
683 596 69
518 759 72
481 864 70
404 87 28
573 435 80
746 736 60
498 657 86
114 340 23
841 425 89
327 293 85
531 684 83
195 498 90
848 365 93
388 618 83
365 330 26
376 147 60
693 664 94
698 0 37
5 785 81
177 287 98
603 383 41
338 100 47
537 171 92
771 162 92
717 886 19
737 286 48
6 866 18
361 568 32
515 38 94
833 216 35
412 103 96
352 426 35
253 487 78
777 339 47
701 286 29
560 228 69
180 315 68
606 192 20
410 608 96
578 265 96
52 94 10
267 729 44
685 519 48
176 885 82
183 809 44
228 145 72
803 811 80
622 711 31
880 720 49
400 16 55
476 341 92
707 734 15
237 634 17
325 530 18
653 121 86
855 336 34
465 348 44
591 427 69
104 235 37
411 876 70
30 865 68
733 293 24
123 124 45
574 196 76
431 234 67
809 355 79
466 709 48
588 82 23
250 522 32
424 600 59
881 484 41
443 280 29
125 531 46
508 223 19
497 417 43
793 361 59
284 262 35
867 286 16
493 424 64
502 253 15
493 330 28
234 71 68
547 575 81
250 105 82
860 687 30
416 286 46
881 492 59
33 73 71
202 692 93
188 65 82
620 237 32
707 682 20
675 44 51
482 545 29
96 762 87
88 156 38
187 218 13
723 422 37
825 528 26
178 617 66
254 370 42
339 594 23
271 47 13
458 689 22
575 752 11
392 837 70
143 456 89
43 703 45
671 685 72
76 19 40
456 318 91
487 234 38
17 626 77
338 399 41
596 590 66
315 228 89
430 152 49
810 571 12
874 742 88
844 148 72
772 830 85
832 130 38
592 558 88
665 651 45
831 478 44
877 731 31
497 198 31
67 580 27
478 313 17
804 118 20
874 860 84
214 217 83
162 114 43
596 715 55
827 765 80
61 647 47
55 371 83
684 636 60
234 720 24
204 624 97
551 151 30
283 37 46
125 576 73
525 824 54
238 206 84
773 96 97
262 378 34
365 427 11
495 322 57
233 244 27
304 889 55
851 693 18
12 580 81
463 272 13
743 486 30
229 624 66
253 217 48
591 577 21
234 405 37
216 618 11
799 563 92
658 55 81
359 158 18
322 787 93
862 358 27
852 864 80
548 121 17
875 85 40
128 53 50
630 386 37
194 599 14
282 487 19
881 117 79
833 307 44
121 97 21
803 657 31
133 554 93
831 126 54
178 852 74
361 402 27
411 96 30
616 424 36
133 816 24
725 517 27
210 237 99
144 137 10
420 384 18
591 701 35
323 232 83
118 836 29
725 627 65
159 520 20
454 0 16
737 203 70
621 150 40
166 564 26
26 812 53
248 224 62
172 641 84
124 423 81
273 196 54
110 74 33
126 9 66
426 843 44
623 552 20
413 662 75
324 691 32
442 742 59
336 90 37
300 137 24
4 22 59
803 645 28
568 136 97
616 589 92
614 418 55
581 147 24
31 426 53
461 392 52
441 885 31
875 112 36
248 47 37
207 806 67
384 806 42
708 754 67
681 214 91
571 196 42
81 750 21
375 88 35
414 135 45
480 660 53
689 371 49
424 683 47
498 160 53
702 728 13
261 208 38
789 869 79
698 677 35
465 283 27
449 792 15
381 454 38
53 291 24
249 223 62
733 115 59
438 59 77
542 302 20
709 788 14
12 56 11
551 67 52
364 615 89
714 574 54
548 269 19
185 480 55
541 282 11
471 790 52
325 650 14
606 543 14
117 812 51
591 605 50
355 310 37
345 109 38
362 184 93
18 391 29
158 711 26
515 352 57
257 53 24
122 284 90
191 430 58
15 423 18
321 734 58
52 125 86
530 390 31
541 157 38
389 249 99
518 210 81
178 130 69
268 239 97
47 208 85
214 654 10
555 800 10
184 183 31
550 752 37
758 21 15
117 67 39
396 775 77
746 196 36
508 76 68
28 753 37
357 795 11
645 414 13
514 606 86
657 803 32
68 221 20
246 881 52
811 666 18
609 88 15
839 183 72
825 257 91
683 367 99
178 278 69
409 269 31
334 692 23
665 519 81
511 728 83
421 335 95
32 862 37
55 306 20
103 437 100
661 590 69
131 25 76
470 92 46
843 546 61
601 558 43
878 733 22
767 58 83
676 45 39
30 35 30
59 251 23
373 753 10
594 290 30
652 33 32
454 340 41
315 294 94
334 599 48
362 107 85
52 244 19
152 175 16
714 619 50
431 115 35
134 62 62
754 769 27
551 526 75
351 538 58
609 642 70
583 291 16
425 346 87
27 429 15
450 32 51
311 792 54
304 600 15
584 167 57
30 842 86
583 420 94
117 642 52
817 681 85
625 47 70
516 419 52
887 466 74
105 885 74
880 676 26
747 888 58
583 121 100
560 132 18
190 516 97
488 431 38
215 796 57
442 538 65
375 305 26
298 656 83
574 595 88
857 400 60
42 446 42
671 313 27
421 32 81
728 183 22
742 160 71
246 534 50
702 30 97
876 258 49
326 51 85
88 710 17
682 447 54
421 161 44
584 103 60
568 850 22
425 360 30
351 274 48
474 848 58
691 488 13
525 823 58
562 110 59
225 519 88
778 606 47
389 162 94
421 528 25
744 648 91
571 341 16
615 407 43
666 78 91
837 373 58
672 230 80
86 850 41
522 678 12
128 292 31
856 627 51
740 849 20
30 588 40
361 29 54
559 204 55
209 495 46
873 195 98
525 852 93
178 7 100
100 592 66
653 628 100
598 578 88
410 703 84
190 75 87
563 84 44
762 501 20
370 172 29
355 720 94
633 690 52
242 639 80
69 250 22
97 68 64
746 519 48
746 735 82
494 544 93
752 521 48
30 179 91
229 367 66
436 693 29
676 366 34
449 606 27
770 448 90
209 302 80
493 394 12
88 667 16
76 317 60
760 880 71
16 183 64
151 626 38
351 47 29
776 517 75
588 15 11
655 385 22
540 463 25
258 741 23
798 296 98
648 753 52
282 814 62
15 109 35
637 498 38
129 121 73
181 369 14
149 675 43
492 435 36
426 670 81
843 691 65
844 775 43
230 677 78
848 734 94
77 805 97
793 590 40
502 713 82
436 149 27
121 478 99
578 798 68
652 732 99
569 528 89
867 38 79
774 563 50
319 824 39
713 839 70
402 49 78
366 759 72
301 126 97
550 300 99
215 291 43
280 380 10
619 44 58
83 99 25
487 357 22
718 9 91
590 536 50
224 460 11
423 61 14
50 522 23
423 876 73
850 712 37
98 208 71
178 171 71
74 584 19
681 753 22
205 131 67
601 325 59
408 407 55
407 414 72
398 863 28
91 754 53
781 128 31
852 501 11
101 635 16
363 317 47
731 686 71
773 536 49
757 795 45
125 13 94
573 139 28
791 293 80
111 752 91
422 440 40
586 288 50
588 474 53
805 597 97
567 175 75
655 627 31
360 830 72
562 874 90
200 616 24
185 503 77
806 171 19
770 811 11
728 194 33
564 457 52
296 248 88
566 883 46
1 300 89
656 562 42
6 516 99
504 716 97
817 751 45
759 155 50
426 194 68
11 114 58
39 121 87
176 58 13
483 826 31
290 849 30
536 544 75
596 727 82
729 685 30
835 86 75
785 229 19
571 659 59
372 500 99
779 423 51
708 685 68
72 675 33
581 498 51
1 431 77
138 222 41
476 392 15
858 55 87
411 781 33
496 282 95
391 489 18
668 445 67
754 67 30
846 835 34
556 240 48
526 554 22
801 377 44
602 18 19
412 731 65
0 94 44
454 684 83
317 220 39
69 738 27
623 723 16
741 881 77
597 789 53
377 553 67
604 585 69
391 248 91
220 190 66
126 597 24
697 487 43
23 706 36
355 648 60
795 341 18
559 37 23
287 87 31
269 501 16
237 260 69
126 735 87
654 146 25
10 204 26
266 855 65
522 347 15
474 430 84
73 803 87
592 343 58
587 717 19
441 749 42
690 143 78
721 229 86
628 539 71
435 672 89
287 866 68
73 16 88
799 736 48
510 592 94
516 681 43
490 50 89
701 435 30
392 58 56
869 650 62
716 600 55
199 617 30
108 122 92
160 217 57
192 610 90
511 536 40
629 766 92
102 521 63
176 95 23
729 569 78
167 879 73
884 608 28
188 442 30
746 311 54
87 36 33
461 20 92
166 688 63
793 220 42
224 443 43
273 742 16
24 473 45
415 754 80
445 587 12
568 407 12
636 745 73
475 209 16
790 256 97
409 826 96
607 734 98
37 579 48
114 784 62
396 217 27
723 687 20
520 681 40
358 433 94
589 5 89
314 385 56
661 162 78
842 628 93
96 568 54
508 238 58
858 124 87
86 457 74
772 105 42
806 229 11
80 293 11
539 801 88
707 683 79
874 289 48
721 318 64
602 557 67
867 552 100
32 166 79
835 427 26
191 183 41
857 253 24
304 713 85
523 456 64
381 539 71
454 78 20
797 602 98
133 55 12
574 16 70
632 498 75
881 382 79
562 182 67
40 358 16
645 416 67
28 229 64
711 3 35
192 735 44
14 783 46
581 859 17
791 603 39
19 732 19
220 250 71
563 394 40
315 357 94
849 714 90
181 205 51
114 359 96
654 321 57
181 691 88
280 400 23
859 716 35
8 152 36
306 809 79
451 322 10
281 371 16
379 38 63
873 248 10
711 249 38
222 422 63
554 677 40
77 498 20
167 334 39
455 64 68
72 502 98
284 680 11
652 469 44
235 675 73
682 187 23
520 457 93
324 478 63
478 805 43
562 669 18
54 782 25
502 394 85
183 118 55
7 339 53
864 322 63
293 351 92
271 766 75
658 668 70
318 294 45
879 622 53
592 880 58
698 532 63
799 535 10
235 288 22
716 67 18
54 774 59
451 868 54
164 72 45
304 443 28
259 27 48
761 601 22
586 609 32
851 141 87
62 720 91
77 521 92
55 21 51
570 476 68
808 147 27
631 786 42
59 846 76
173 32 14
779 852 23
569 276 92
718 691 84
441 25 35
295 417 24
869 805 91
121 659 56
286 138 34
85 814 38
585 236 46
411 402 31
734 317 20
45 127 53
528 853 17
632 296 15
715 731 86
471 528 18
564 411 31
615 32 95
684 58 96
468 350 61
469 650 54
149 488 52
243 849 80
87 437 96
826 491 35
12 801 44
441 16 45
231 645 62
510 843 13
667 36 31
524 656 10
254 315 76
35 324 47
336 14 14
726 304 79
182 726 76
317 428 47
323 334 26
26 46 97
427 585 21
120 23 28
654 248 91
377 542 46
273 795 10
626 2 81
107 540 83
770 22 52
694 421 53
224 129 89
142 3 89
631 470 64
885 882 27
60 510 34
397 624 95
50 775 72
266 560 83
423 437 80
393 806 85
423 338 78
723 184 86
116 717 40
690 884 89
96 31 96
669 37 92
240 701 27
864 347 11
888 528 24
351 875 93
226 110 35
464 182 79
437 366 12
646 620 29
601 388 31
295 425 30
456 16 85
64 475 84
84 341 19
181 12 32
92 100 73
713 564 67
870 675 65
265 545 17
403 306 47
112 81 86
529 671 49
44 475 91
387 159 23
259 176 72
596 661 60
471 100 49
859 2 61
600 240 12
125 127 43
93 134 66
227 30 92
673 346 82
728 603 95
507 860 100
296 505 52
867 316 55
537 545 61
833 760 15
487 666 79
214 772 76
766 458 96
544 74 25
590 552 76
571 523 63
681 802 17
595 457 22
236 173 40
306 882 99
251 560 68
619 553 69
529 266 100
752 847 11
47 346 24
813 92 56
634 828 13
615 175 95
355 702 73
46 791 28
345 186 42
469 55 36
609 41 13
9 829 17
656 446 35
287 270 65
366 309 52
139 154 66
102 245 18
526 553 44
342 185 85
473 617 98
572 475 100
601 461 16
251 760 24
485 65 16
207 493 42
457 703 12
12 475 28
405 684 95
788 25 87
512 229 34
82 818 28
783 885 37
584 603 50
199 379 42
675 440 75
358 530 81
643 800 62
60 760 18
228 410 36
449 254 51
359 364 60
119 816 100
81 290 58
733 573 66
765 780 58
272 478 75
453 682 46
545 438 86
155 373 75
812 66 67
727 399 85
611 500 44
777 58 50
12 887 17
689 657 59
872 129 70
650 557 20
607 594 74
302 417 10
523 448 81
404 176 40
412 78 85
475 842 21
38 720 74
283 1 36
58 443 58
205 503 31
180 608 13
634 109 45
807 753 99
767 455 83
822 150 78
821 128 13
882 314 25
717 576 38
802 488 32
71 889 57
452 797 13
381 88 67
286 486 100
590 302 45
413 747 96
686 429 46
477 157 57
497 622 90
478 823 98
753 382 83
132 128 36
350 729 92
16 130 75
502 350 43
69 15 64
714 263 69
212 558 61
370 619 50
63 291 80
840 744 18
478 746 66
398 177 61
644 22 74
545 70 94
717 365 25
302 835 20
536 407 41
760 667 38
41 467 49
238 846 24
576 848 93
216 678 19
496 757 59
516 348 84
120 351 40
554 168 69
447 443 63
441 593 30
366 531 14
703 884 47
389 351 71
55 109 46
223 514 53
659 261 18
152 479 19
863 177 90
197 770 88
761 56 46
863 732 19
113 757 12
328 214 60
112 114 57
501 674 13
533 729 74
524 254 91
536 868 16
3 341 10
99 193 20
446 417 99
563 879 95
51 387 100
177 79 79
419 114 38
52 312 17
267 335 83
28 262 24
298 857 82
852 99 60
470 8 38
768 683 15
74 463 87
309 66 39
402 456 11
681 507 13
36 268 26
782 27 61
23 130 31
310 221 56
147 641 49
827 805 35
538 393 71
562 376 24
530 631 86
453 691 79
467 326 42
580 521 61
484 613 33
467 334 98
429 329 43
229 77 97
532 57 85
137 144 89
498 726 50
105 469 62
117 342 76
668 644 60
416 126 59
476 682 81
769 480 60
699 181 76
524 75 15
723 696 67
701 363 51
77 93 70
366 859 59
642 843 12
0 63 58
711 195 88
172 209 44
871 637 54
182 480 57
325 508 68
162 483 52
48 623 18
370 593 51
817 879 49
303 618 19
270 403 91
552 391 84
40 679 78
22 144 70
257 371 68
197 250 77
819 371 29
350 795 74
15 21 84
118 208 70
217 733 62
269 135 37
148 861 98
429 625 47
234 105 38
142 574 11
201 729 53
196 356 25
383 484 78
884 139 89
273 868 18
731 503 60
845 25 75
457 47 93
344 327 30
332 204 99
697 840 87
50 371 70
223 458 20
257 286 59
593 361 23
331 303 24
449 712 10
131 356 37
873 628 29
631 240 26
97 744 97
536 50 97
694 511 55
161 80 32
236 188 55
577 808 35
107 780 26
725 253 30
406 229 14
390 685 14
776 825 29
343 185 67
843 154 16
272 754 20
407 708 43
282 219 86
346 46 33
380 784 72
796 258 84
847 796 60
90 472 94
616 531 17
505 56 11
302 663 33
611 655 72
194 749 56
351 673 66
837 877 23
410 185 48
327 402 61
756 851 90
617 248 13
457 368 92
547 564 80
1 296 52
463 220 58
527 220 100
250 530 89
237 417 36
205 1 90
817 200 57
356 479 82
316 701 55
786 264 65
341 406 55
797 527 55
62 546 35
571 812 63
429 759 28
256 635 15
181 384 65
64 205 99
459 237 72
672 586 33
97 262 20
487 328 32
626 240 81
614 103 21
760 557 99
678 396 53
405 22 51
420 79 36
299 315 43
154 299 75
784 235 65
610 543 24
639 539 29
177 159 16
417 610 61
369 232 40
355 639 49
53 442 79
168 761 31
538 543 14
79 673 48
721 589 31
1 852 79
212 88 14
715 645 65
882 791 14
171 775 55
192 55 72
319 359 17
58 30 90
276 18 79
772 380 87
242 594 71
94 286 46
758 128 61
486 808 98
267 396 52
572 532 10
755 698 66
398 865 32
829 297 84
489 599 52
448 217 53
674 215 66
719 432 75
843 480 61
304 721 62
475 160 36
814 123 73
297 515 37
591 630 29
343 861 79
70 245 41
601 533 51
537 109 32
435 209 71
608 297 94
885 331 100
438 289 88
467 356 76
873 661 49
373 92 19
164 158 99
583 775 96
436 279 94
417 250 92
505 191 91
842 773 23
729 693 89
425 852 99
49 528 89
299 261 73
587 416 79
133 131 86
867 225 15
567 39 13
214 278 12
332 27 69
367 667 61
881 800 56
876 561 80
372 75 21
420 61 34
815 202 50
241 138 73
227 248 10
525 150 37
635 813 51
512 821 71
339 9 72
289 199 21
724 465 70
49 780 76
153 494 83
323 204 34
159 467 61
108 237 13
736 496 93
52 799 82
261 154 83
263 696 67
265 869 28
543 189 83
365 391 55
747 629 93
648 717 25
134 798 90
256 505 11
568 367 84
262 823 48
229 759 26
617 30 66
794 195 59
14 69 27
150 484 22
268 83 29
624 812 31
157 796 37
511 575 52
176 273 56
816 644 27
802 808 81
268 549 18
664 797 79
381 211 43
521 222 18
860 875 36
362 162 31
537 138 63
298 201 80
383 431 99
390 832 76
300 788 77
559 872 46
320 408 78
432 297 31
102 256 33
685 369 45
441 675 98
424 671 40
422 712 82
307 21 57
24 544 100
464 512 40
336 758 26
645 540 15
623 172 82
887 288 57
826 593 73
847 643 24
366 490 73
185 830 97
584 642 71
787 167 47
279 834 82
669 594 93
302 710 66
552 495 89
367 149 70
338 117 56
539 320 49
351 837 77
122 473 17
431 49 34
593 651 46
33 38 76
540 761 88
285 56 24
207 612 74
517 110 89
590 768 12
380 297 93
460 472 82
882 711 37
324 246 89
306 706 66
466 878 14
821 196 44
111 242 91
332 212 78
53 447 15
315 498 42
498 170 62
813 449 98
489 137 42
102 439 63
623 802 34
646 856 49
221 407 22
722 842 84
691 154 13
559 694 56
202 46 78
13 841 69
430 711 26
237 34 46
661 389 44
653 223 85
289 732 43
166 206 28
308 120 64
846 125 78
485 853 18
664 645 98
587 333 59
642 55 80
774 690 41
809 769 97
524 252 69
843 856 68
457 567 37
662 431 79
308 278 53
287 501 36
374 298 75
888 383 33
45 470 77
455 199 30
23 39 63
460 42 39
601 718 59
665 743 53
839 129 26
229 477 92
46 526 16
194 510 10
665 288 24
90 290 40
581 751 53
596 879 37
476 196 80
501 547 70
886 874 96
843 291 80
572 644 76
453 39 74
279 601 17
680 713 35
587 209 70
338 861 75
128 805 32
778 274 40
630 379 35
522 365 62
288 204 85
274 394 92
501 423 19
142 90 24
16 315 76
840 389 57
345 64 21
355 835 38
287 593 80
259 488 79
865 298 38
344 80 16
139 17 34
828 185 28
869 102 73
347 343 14
206 215 25
414 664 12
582 161 81
701 424 64
425 69 26
19 833 34
803 70 35
433 686 65
59 642 69
823 383 14
872 881 24
541 198 57
398 135 84
431 295 46
136 692 70
120 564 92
235 190 37
818 411 98
573 360 62
350 8 96
356 119 43
794 648 88
473 757 81
338 451 54
163 26 40
34 158 28
791 627 15
115 205 54
263 738 62
467 457 71
630 579 28
508 414 34
577 218 34
780 611 13
770 463 86
830 120 33
107 465 34
298 260 34
665 274 38
432 187 28
612 456 79
822 401 80
115 157 38
130 25 17
90 479 99
566 847 93
655 608 62
37 368 83
562 500 45
394 432 81
99 413 30
384 345 85
617 169 56
342 632 66
378 42 62
587 133 58
21 801 91
591 626 30
112 584 90
50 636 43
596 598 29
847 67 15
260 296 39
509 863 17
827 691 28
194 31 29
556 270 46
779 365 44
722 537 61
307 569 70
640 97 58
12 674 47
699 532 73
804 289 11
530 574 86
75 61 46
578 254 49
172 479 10
474 664 37
710 857 20
325 452 47
114 814 61
858 481 60
498 865 26
160 784 71
645 349 59
506 618 39
606 136 98
686 325 77
668 244 100
103 268 11
81 732 85
126 403 71
572 608 79
845 615 23
97 526 36
147 498 74
108 0 70
286 3 16
135 109 81
368 235 54
623 719 66
162 659 68
862 165 75
526 678 66
370 662 69
174 663 73
352 102 90
670 217 37
152 363 99
541 159 27
746 662 18
397 562 73
608 569 69
746 645 80
648 864 50
103 292 88
253 200 37
714 57 54
348 446 33
245 656 75
106 210 85
462 668 47
822 49 82
767 442 81
824 538 37
753 364 30
34 176 73
541 379 38
342 451 41
553 787 35
302 447 15
429 512 56
338 65 41
728 860 72
432 255 23
291 396 86
445 219 47
602 123 97
227 194 35
250 161 59
289 532 48
877 694 55
420 632 49
373 360 40
533 788 51
481 277 86
160 408 23
569 632 54
330 31 13
792 529 19
154 185 43
63 730 12
645 604 11
756 727 93
889 431 25
418 797 45
107 659 53
309 145 10
691 142 65
376 351 41
232 630 18
344 865 59
134 600 13
729 745 87
43 51 24
836 62 61
134 805 62
721 88 25
434 196 70
136 496 82
840 607 72
830 551 73
37 732 100
85 101 63
731 300 84
640 463 44
301 156 40
652 785 80
290 692 32
589 294 95
39 552 68
518 346 46
828 274 18
360 78 88
307 627 100
402 683 18
603 877 29
618 24 57
167 548 90
682 321 52
762 607 86
256 348 97
419 39 57
230 73 99
888 154 37
470 480 24
677 353 20
760 639 46
103 226 46
631 461 32
518 38 37
114 700 34
446 484 54
535 793 81
814 480 23
843 458 13
59 684 55
337 545 60
566 889 70
880 522 68
836 316 83
447 634 71
788 286 71
309 359 89
791 354 15
165 334 73
464 119 58
856 605 71
266 392 71
247 237 54
232 425 38
123 592 51
241 421 39
664 628 62
15 240 95
369 558 96
216 299 94
542 4 61
687 768 90
721 754 36
452 336 40
820 659 98
274 851 10
199 374 16
169 680 14
453 690 38
158 159 19
563 435 69
109 694 67
479 268 88
536 748 32
205 406 79
685 706 61
252 800 68
77 24 95
712 222 64
416 529 13
499 248 17
290 817 57
216 678 63
316 774 32
662 716 31
431 14 12
253 138 62
179 400 51
398 287 16
651 723 26
437 459 83
72 628 97
113 134 47
805 94 68
126 394 39
133 193 11
545 78 44
743 680 61
592 663 24
447 865 96
43 478 53
137 420 68
235 774 81
459 736 95
59 812 56
861 586 37
277 881 18
515 857 58
392 547 94
8 345 26
531 817 72
826 236 23
47 784 87
492 877 51
643 14 39
383 57 96
162 566 96
721 136 39
217 716 16
408 730 27
755 677 53
151 303 20
355 534 20
844 519 44
195 513 77
658 568 98
54 285 76
72 638 55
332 786 37
67 321 85
319 548 63
166 817 38
255 207 83
504 0 95
564 264 42
377 619 92
7 593 20
28 765 100
45 591 40
258 573 23
637 525 37
246 352 25
90 877 56
78 148 60
271 356 41
585 878 11
54 168 81
328 641 58
765 769 35
34 783 72
693 72 24
209 71 99
120 790 70
751 464 89
274 322 56
474 386 47
227 788 67
511 795 84
300 693 99
643 396 78
51 117 92
520 197 68
555 344 54
631 411 52
264 601 53
460 857 34
146 615 52
305 490 76
496 129 64
624 731 75
480 824 89
772 206 90
265 796 83
584 86 78
576 616 74
721 169 95
633 260 14
869 138 76
439 69 97
123 601 45
22 862 34
31 428 37
244 107 47
578 465 59
502 127 41
352 873 95
602 206 61
494 248 71
3 361 54
130 81 10
854 330 24
661 243 71
783 824 36
215 476 79
783 655 75
596 194 28
30 557 30
695 705 75
397 639 57
676 396 32
312 533 84
431 530 95
646 792 51
115 671 39
547 284 82
755 640 40
223 412 91
521 527 20
354 848 90
774 243 39
318 789 82
35 732 74
361 278 38
10 380 76
688 25 41
620 487 67
678 768 89
164 516 17
223 836 66
766 144 56
142 115 70
20 299 91
534 292 15
347 622 55
822 798 69
854 312 44
405 615 79
703 674 90
58 381 35
424 353 32
201 321 76
140 222 73
466 193 32
465 500 32
246 509 17
236 91 45
889 693 12
459 30 99
203 456 55
685 21 99
136 63 89
144 769 79
170 13 21
413 152 32
824 860 55
790 312 20
281 602 25
634 523 20
613 73 62
843 602 65
270 597 79
445 554 27
492 12 38
12 635 15
852 246 51
839 107 15
17 243 65
10 407 55
725 337 59
660 525 38
883 145 51
73 117 82
876 691 56
417 838 25
119 419 66
182 837 35
803 841 38
461 437 50
320 678 55
147 825 55
181 662 59
67 662 18
687 521 93
255 46 73
210 872 68
31 279 94
227 309 98
852 553 87
444 546 95
422 706 27
476 108 77
681 813 37
596 148 40
869 886 44
698 296 87
864 178 31
812 578 26
247 703 81
164 116 14
195 207 83
700 176 75
549 543 43
459 121 30
33 145 69
752 740 67
559 418 80
143 452 46
194 337 51
667 386 87
254 212 29
290 771 100
