774 2887
498 290 24
121 299 61
429 772 32
768 198 68
500 581 26
699 466 97
688 493 84
730 101 34
456 57 82
591 441 10
213 580 95
120 243 42
538 206 77
204 443 26
703 745 98
773 158 53
154 230 58
666 457 84
19 55 13
347 671 25
316 300 76
396 457 68
258 712 34
207 160 95
103 80 31
129 404 29
82 718 59
405 354 40
151 739 79
732 372 37
423 393 82
462 308 63
313 554 73
551 464 65
97 518 42
335 44 91
53 663 53
769 322 51
617 677 39
247 558 87
12 134 85
602 415 73
306 341 24
405 245 87
763 158 74
228 109 25
576 525 53
15 451 58
208 308 25
128 388 69
492 228 35
145 128 47
665 623 43
403 380 95
593 449 11
556 354 94
449 769 77
283 264 57
16 471 78
607 587 66
578 152 26
522 287 83
392 310 29
124 495 54
192 47 58
521 678 75
499 237 36
771 556 77
45 411 51
764 261 60
9 423 93
11 266 46
278 79 28
568 349 37
350 339 65
474 295 30
44 387 42
506 238 84
234 640 24
691 289 52
133 250 32
354 768 91
547 176 14
248 374 90
77 276 93
20 682 51
107 284 44
386 334 28
608 198 84
232 116 24
355 249 27
84 456 33
426 488 43
681 185 20
249 241 31
520 289 98
120 335 100
241 9 98
333 619 98
90 519 20
195 258 84
481 723 58
350 347 90
568 19 73
288 82 93
87 467 68
143 468 19
227 363 40
190 129 25
535 765 17
451 563 21
192 524 31
37 592 57
336 113 56
351 69 68
514 24 80
179 475 96
451 360 99
719 292 67
544 415 74
166 361 98
141 665 56
489 698 88
108 639 45
639 484 88
346 254 89
369 685 87
47 14 99
323 413 45
756 564 78
649 622 24
190 389 97
150 583 95
576 11 77
737 310 100
615 426 70
392 523 14
265 141 82
342 102 67
164 125 57
634 175 27
95 538 50
383 288 47
349 34 91
248 628 27
688 695 69
374 141 35
591 205 22
569 497 19
434 628 73
429 585 100
15 495 50
556 302 80
241 0 39
329 307 39
65 306 100
603 601 45
237 474 48
17 483 36
767 85 78
646 314 20
71 530 66
306 100 93
402 190 65
124 189 16
379 41 71
139 401 35
191 245 53
672 144 55
735 712 45
611 264 59
391 548 81
240 157 30
496 480 99
353 416 45
247 498 73
330 399 98
6 299 66
435 681 35
335 644 13
475 524 39
198 686 56
182 120 94
473 353 24
24 254 43
543 594 69
553 712 43
263 427 97
696 446 49
173 226 42
163 697 38
620 376 45
355 622 39
746 442 22
48 171 81
502 710 26
378 457 79
581 141 26
91 508 26
17 437 87
641 165 25
639 734 63
34 541 40
340 276 93
7 650 26
374 105 78
749 194 45
298 609 52
582 159 20
720 514 60
618 611 21
653 480 92
429 405 24
687 499 98
389 244 88
233 388 85
60 40 50
623 761 17
205 569 74
372 480 99
356 574 40
370 314 22
162 506 36
113 185 62
438 738 83
131 550 57
369 83 95
573 388 81
39 751 40
468 58 10
506 294 100
11 56 38
78 475 100
652 329 99
533 631 21
229 340 78
764 410 60
429 203 85
712 398 74
428 708 39
108 715 41
341 501 84
691 274 15
443 56 99
772 386 28
722 455 44
633 233 76
335 268 20
222 50 49
407 76 52
675 3 37
304 522 41
627 177 36
158 358 69
76 384 49
726 275 83
103 74 22
355 345 90
65 121 65
249 667 60
621 195 61
541 230 99
64 395 22
149 232 100
377 213 85
369 560 39
710 328 26
164 295 27
383 302 92
271 488 81
149 192 10
542 269 14
202 417 22
695 656 13
428 406 69
618 492 79
467 180 35
305 494 71
17 639 69
72 371 12
489 485 93
473 74 92
609 91 35
322 19 27
382 422 82
514 90 39
462 632 37
550 739 46
246 326 17
681 31 88
502 446 24
506 313 16
717 52 61
423 559 15
584 667 60
558 217 89
292 371 33
662 710 79
506 202 92
635 641 66
189 547 64
174 98 54
472 351 67
517 401 100
175 8 36
561 388 63
501 731 34
661 51 28
479 164 52
524 284 80
568 675 76
454 280 48
39 638 81
656 77 61
594 759 31
463 112 16
620 339 88
144 219 44
638 437 68
125 57 52
318 305 32
582 771 62
115 303 77
730 272 69
498 572 45
166 738 38
411 371 47
57 462 19
753 562 62
601 756 62
289 462 57
226 17 80
335 482 42
721 154 10
494 114 99
660 668 83
593 758 84
292 5 64
560 716 43
240 434 40
180 181 21
370 244 19
350 610 75
514 416 43
220 369 27
93 732 25
278 227 17
551 758 10
651 620 22
704 390 77
131 237 58
606 554 72
693 415 43
452 356 47
693 299 87
99 346 95
297 571 75
675 66 37
350 637 86
93 152 62
166 386 94
682 396 94
43 673 96
469 562 77
682 668 68
522 381 40
2 258 42
446 694 17
401 443 44
224 294 73
102 206 80
387 298 91
522 319 56
36 281 90
230 622 86
663 417 41
503 38 87
518 223 93
588 649 69
647 411 62
674 436 93
672 463 71
309 413 69
420 18 87
275 6 63
574 157 20
121 543 55
526 254 68
132 645 38
658 195 43
207 649 54
191 188 28
456 741 63
539 189 92
39 579 79
577 407 78
724 369 41
169 443 37
737 192 100
323 374 61
471 354 46
386 451 77
389 308 55
689 298 67
416 117 45
438 246 87
238 470 59
352 592 48
62 372 11
301 568 14
408 683 36
32 256 86
639 95 22
691 754 20
219 701 19
340 538 15
529 363 85
691 297 40
303 576 45
639 586 12
293 536 68
286 182 32
268 429 28
372 171 22
666 700 77
272 687 36
370 638 52
190 463 58
717 524 63
649 687 41
761 596 31
219 447 93
465 256 87
573 699 46
655 659 75
362 658 45
272 255 10
629 323 47
283 205 41
168 505 64
366 700 31
334 752 49
286 13 71
731 5 68
338 677 39
410 527 75
313 546 96
346 523 40
447 140 64
419 693 55
561 248 84
768 476 47
733 584 58
559 461 12
599 426 96
118 163 99
501 327 79
11 244 65
73 369 100
289 172 70
94 477 67
660 205 31
591 729 92
444 175 85
732 641 19
213 549 33
477 439 75
396 541 72
751 531 20
677 103 69
413 546 73
427 312 27
88 695 80
98 770 17
546 67 11
662 163 62
164 331 42
136 362 62
738 101 65
179 564 91
753 489 71
438 24 35
84 422 75
730 26 68
463 488 22
51 434 71
708 47 60
204 8 16
165 91 29
581 155 82
67 578 54
64 412 94
218 566 34
413 713 73
630 454 87
249 715 46
616 506 64
222 276 69
105 324 38
4 506 39
52 254 88
722 748 37
180 240 37
574 137 70
534 427 66
665 345 23
216 121 10
612 277 74
543 156 22
421 459 86
273 634 47
164 541 85
631 57 78
662 368 57
285 125 13
131 533 51
20 714 44
199 398 26
463 320 26
290 285 76
716 477 15
437 598 29
48 755 52
584 551 88
534 232 61
620 517 43
496 385 44
248 726 86
105 256 84
764 593 49
214 127 20
623 133 43
437 263 40
411 313 69
689 645 47
243 513 54
747 639 33
686 400 88
379 500 80
54 267 54
346 710 60
347 234 56
46 443 86
463 554 87
753 38 44
701 406 90
242 359 71
752 24 51
488 52 52
507 103 76
594 756 23
244 204 26
84 329 80
524 108 64
632 5 47
148 684 93
405 459 34
241 1 81
677 425 87
693 449 64
8 669 57
269 160 79
424 674 82
89 703 16
653 755 73
566 378 83
107 140 83
625 705 33
639 305 78
756 329 62
772 282 95
116 220 22
760 62 36
8 309 53
6 46 100
486 533 31
437 473 64
497 271 63
773 270 66
726 745 80
51 282 39
327 482 92
546 436 87
462 510 34
459 96 69
626 0 17
181 382 32
37 56 82
687 445 23
248 638 83
402 689 94
413 69 20
552 378 15
107 663 32
301 325 73
322 527 66
352 575 53
599 136 93
182 240 46
596 191 80
96 25 92
72 486 72
407 63 78
419 204 29
270 240 79
492 425 14
272 706 28
390 70 24
760 135 47
270 218 26
647 20 61
48 122 15
742 316 69
583 258 13
387 528 97
770 571 85
375 182 94
87 229 51
516 454 69
644 54 25
647 532 62
140 287 51
160 534 89
371 651 20
165 291 59
214 705 89
112 768 67
228 305 47
13 377 46
771 359 63
256 706 23
18 179 59
636 356 88
344 286 96
598 537 29
34 405 21
619 261 34
748 41 98
332 11 14
116 585 17
272 400 95
364 488 69
36 415 70
394 340 75
86 401 48
515 179 72
480 670 78
146 685 61
116 83 60
40 227 93
30 347 76
314 678 21
297 218 86
243 32 90
594 182 35
477 590 89
126 66 42
142 93 48
465 22 55
40 37 29
700 294 38
770 686 40
510 746 94
654 666 71
21 610 100
302 337 17
130 200 49
760 202 67
8 191 32
463 443 71
177 673 19
500 358 75
342 449 69
361 30 38
488 722 16
121 192 96
164 139 55
511 206 19
624 383 72
370 605 59
356 128 79
719 374 23
125 454 61
493 264 45
162 0 35
415 168 40
716 218 38
418 375 37
74 735 55
526 692 56
669 125 94
187 566 52
326 374 62
748 351 12
121 267 11
598 106 13
733 54 99
32 63 13
455 202 10
460 73 88
263 45 86
352 84 21
151 363 50
524 457 47
140 595 97
214 497 27
156 180 40
560 578 42
448 2 67
546 51 94
637 118 71
32 600 31
392 315 98
537 463 91
425 437 17
446 493 98
102 451 97
153 219 52
643 731 10
491 179 10
442 555 57
118 706 17
719 181 88
543 446 26
737 426 57
502 261 29
536 278 38
351 490 70
58 33 31
367 739 66
299 696 51
26 32 56
372 6 15
696 480 26
686 370 54
333 204 36
181 622 41
418 591 21
431 265 98
681 487 45
196 419 40
749 214 52
40 79 12
644 311 15
107 12 74
13 706 89
298 247 22
552 281 70
582 730 22
643 568 15
43 27 64
448 242 78
176 284 63
70 616 60
191 422 65
374 561 26
363 20 68
389 645 57
715 197 20
325 288 100
175 85 76
695 219 12
511 140 43
702 403 36
200 364 67
111 265 31
703 299 40
197 638 77
75 627 75
236 119 81
645 302 48
94 679 91
165 559 31
347 679 41
458 437 81
55 692 86
8 172 15
372 430 48
330 480 15
330 388 36
2 282 48
517 636 11
505 704 64
741 62 43
607 297 99
44 119 30
369 51 86
743 617 47
240 695 27
614 577 89
271 234 90
394 313 34
332 166 22
650 86 46
225 14 10
686 525 61
651 715 84
72 450 45
639 720 49
203 289 92
409 95 20
170 283 60
440 273 57
395 298 19
44 263 90
162 474 94
377 283 75
496 528 95
678 571 25
36 506 58
671 652 24
555 203 26
318 152 31
19 106 51
346 187 31
503 92 60
548 297 49
716 81 45
529 278 25
719 76 98
749 524 33
701 383 28
735 210 82
71 161 59
759 164 69
453 441 69
645 25 80
380 309 42
512 679 35
263 362 86
22 434 84
43 596 78
559 26 91
751 620 64
644 344 15
240 250 40
257 155 92
696 509 12
447 422 76
389 403 92
540 321 39
464 196 92
247 422 97
433 75 42
22 329 20
500 412 29
521 351 37
701 94 58
568 543 57
735 374 16
438 79 49
227 679 96
592 213 68
132 578 34
727 165 59
513 570 76
635 651 17
431 494 83
221 621 98
280 457 58
91 243 80
221 518 61
184 49 41
21 648 97
214 677 36
404 268 14
578 139 27
36 70 23
383 475 61
11 424 33
168 753 11
360 603 76
227 495 65
409 64 31
693 361 21
515 169 39
517 453 100
470 749 30
672 475 71
650 636 98
452 590 51
155 417 25
304 568 64
214 475 69
509 536 56
717 8 84
560 668 40
107 475 52
607 187 64
202 287 71
528 175 44
344 750 98
620 95 12
762 533 65
182 546 62
115 729 58
475 743 44
472 48 39
80 772 43
332 274 32
343 366 86
681 245 99
310 553 17
394 215 59
240 260 86
642 438 49
111 507 24
740 637 31
129 470 23
591 124 69
289 715 89
137 437 15
485 104 32
518 668 62
603 193 99
280 677 77
308 278 71
248 90 57
619 565 26
228 737 93
416 21 35
738 176 83
425 143 76
605 239 53
59 524 44
576 457 58
318 621 14
169 227 25
769 392 83
489 297 13
3 56 58
340 522 18
58 246 49
624 567 95
47 267 75
688 747 65
257 311 76
171 96 15
449 531 85
306 127 60
140 215 96
125 408 37
722 469 74
263 515 76
275 13 76
53 465 28
328 722 42
523 201 30
405 293 84
169 157 65
176 390 13
250 731 26
165 664 20
192 341 72
509 340 46
527 366 95
640 720 84
85 295 58
94 107 41
145 270 23
203 200 15
382 2 73
199 622 82
65 338 71
265 29 60
424 438 77
653 236 81
714 214 63
403 380 61
471 291 16
100 449 68
112 78 60
515 337 32
256 622 98
81 36 73
285 96 94
511 507 65
721 766 79
256 320 89
656 379 34
392 376 96
659 382 19
108 573 38
395 727 10
469 637 48
497 517 95
98 178 100
749 72 29
149 329 71
4 453 76
225 508 58
134 480 78
614 627 47
210 743 97
644 413 60
596 477 61
618 305 42
357 378 76
682 667 94
148 118 82
633 773 38
765 467 38
603 353 30
88 400 64
682 326 93
286 307 24
42 210 14
365 517 60
725 208 77
622 194 79
373 732 96
27 600 22
741 592 35
65 222 79
467 336 82
253 175 61
510 80 100
542 38 80
584 409 57
723 455 93
88 459 82
399 32 96
248 422 64
522 196 20
483 198 95
225 269 10
705 628 45
98 626 82
521 203 93
421 674 61
126 380 50
315 153 30
281 390 24
44 577 68
501 375 57
593 205 22
186 439 54
199 44 98
429 259 58
132 90 54
398 141 12
469 36 64
308 90 13
266 445 98
170 293 43
733 399 98
197 595 26
429 409 96
387 730 95
146 63 21
209 164 69
462 355 91
566 629 26
65 628 68
61 163 99
38 237 27
395 723 40
368 28 90
639 644 20
342 61 14
624 390 57
570 251 40
312 217 15
678 631 56
55 557 83
116 663 21
729 338 17
27 762 46
52 681 43
364 719 59
210 235 79
493 35 44
121 741 44
75 484 12
317 196 66
658 308 78
646 451 24
625 534 55
704 581 31
33 159 59
574 62 58
109 724 25
105 677 80
738 143 24
283 327 67
371 502 16
181 517 14
614 621 72
761 545 84
183 19 47
311 190 70
530 212 88
475 366 76
5 535 36
223 27 100
9 451 54
649 32 48
453 714 40
28 727 51
56 228 65
472 549 53
296 351 48
19 482 90
599 692 86
230 651 41
244 260 88
111 175 59
710 244 90
618 18 26
490 313 37
432 339 71
634 305 87
366 127 12
285 149 24
212 683 48
83 420 41
425 548 67
119 197 73
183 244 45
229 616 84
51 562 80
260 604 33
181 659 19
742 146 44
134 680 61
566 287 63
469 287 100
54 327 51
312 366 52
489 22 54
736 744 20
578 591 28
672 31 30
66 201 97
567 339 37
550 640 44
329 448 48
762 681 50
560 724 28
464 603 48
666 670 76
517 220 23
614 166 16
514 319 19
745 501 52
549 498 96
476 136 68
163 593 27
649 440 20
348 235 59
4 26 54
225 127 80
449 625 10
608 487 65
682 766 96
500 94 92
529 616 41
725 162 45
641 466 25
371 421 58
306 84 21
528 29 23
324 457 18
77 424 14
131 291 89
632 73 84
325 272 53
396 309 72
46 49 92
508 562 45
174 80 17
473 202 74
392 168 85
336 233 25
606 105 11
129 13 97
119 65 65
479 477 20
379 587 98
138 307 17
513 65 52
763 254 96
403 652 50
400 9 76
171 695 26
121 262 31
290 233 24
396 575 37
335 420 48
611 733 93
349 542 75
226 734 96
13 404 44
497 80 69
18 173 71
597 188 14
194 499 25
767 522 59
642 408 45
513 726 12
409 130 14
221 487 34
13 352 64
330 239 88
403 539 43
324 350 91
272 566 33
544 501 100
586 672 51
427 754 76
79 175 90
668 383 77
533 440 75
459 154 74
156 126 40
521 178 63
712 514 93
158 312 63
725 95 74
62 730 13
618 708 41
83 347 84
213 98 99
498 623 50
125 447 46
230 248 27
93 328 31
90 452 87
269 105 61
5 515 28
306 704 36
188 55 32
282 768 74
455 192 94
533 679 31
101 427 60
431 484 68
582 645 26
523 694 31
417 405 44
591 382 14
315 64 95
738 766 53
769 74 43
430 251 21
53 485 15
118 756 37
128 595 73
567 511 50
100 686 44
475 735 24
531 41 59
124 358 58
705 723 48
764 240 71
754 138 66
348 375 76
183 633 24
605 389 76
178 460 89
610 700 36
760 234 22
189 671 25
145 223 69
142 236 92
387 725 26
216 228 95
109 77 79
165 88 21
227 15 95
4 177 75
543 266 50
280 742 46
661 769 95
436 345 64
541 317 20
147 48 41
347 387 82
385 243 58
147 10 73
161 635 30
579 466 79
422 396 17
392 754 82
592 97 17
494 210 94
364 196 70
256 644 11
338 125 74
319 445 59
145 519 41
235 181 68
357 385 96
444 582 22
344 18 94
170 186 45
325 50 51
566 713 67
246 425 34
535 132 81
177 478 86
494 227 42
738 321 69
620 169 27
625 451 30
686 753 60
287 739 38
324 505 83
374 651 49
678 301 66
496 468 16
463 130 32
27 663 44
391 112 61
540 729 30
393 616 86
712 20 97
575 435 100
41 760 25
234 80 38
99 692 63
198 354 11
597 286 98
13 221 25
167 568 52
321 629 57
264 231 31
216 107 98
2 84 28
526 531 85
383 205 62
634 640 20
603 143 28
736 751 17
197 381 91
518 646 56
579 311 95
575 247 57
152 757 86
480 660 10
31 707 23
87 488 34
221 563 97
302 673 33
149 609 74
513 51 98
205 208 10
613 133 12
74 665 45
201 202 68
369 767 20
72 492 39
373 45 53
372 499 12
77 337 14
608 459 88
429 495 52
764 539 55
640 13 73
131 459 12
374 537 51
734 1 31
229 619 45
120 207 89
452 609 62
483 109 88
566 53 47
0 466 67
387 183 40
756 60 87
73 108 80
294 265 63
171 313 24
401 476 12
725 661 88
322 270 85
466 708 42
313 77 100
509 682 72
650 223 88
761 116 15
55 84 20
84 395 53
504 229 48
308 515 91
255 423 70
77 632 95
56 742 65
541 738 29
579 606 85
451 140 73
126 324 56
69 337 76
79 719 20
610 350 68
386 162 81
87 523 12
644 569 55
251 59 39
326 487 72
610 22 60
159 352 55
683 573 11
560 434 74
351 270 45
471 685 35
0 256 77
739 117 79
32 737 32
177 428 20
504 308 87
79 193 43
154 551 82
682 522 75
701 680 40
103 567 79
743 4 29
211 580 71
406 301 53
248 295 55
617 387 73
501 122 57
91 530 82
577 543 44
473 350 39
755 344 43
264 331 50
711 636 25
686 650 47
172 677 40
576 461 95
198 730 62
334 696 85
74 351 86
140 81 71
354 438 27
74 596 92
265 678 28
433 117 64
144 168 51
698 224 19
257 361 61
642 131 51
667 251 30
452 34 80
640 540 44
744 734 64
621 167 15
358 450 47
118 720 67
746 61 98
674 469 16
664 401 93
287 339 45
178 140 79
736 563 62
437 718 13
296 731 61
505 618 98
413 363 49
5 600 72
372 407 63
382 313 89
520 35 14
361 572 82
212 617 94
571 412 20
361 89 23
53 122 40
314 42 69
600 754 100
686 21 12
623 66 28
593 475 70
266 160 89
607 304 80
122 218 10
122 528 100
605 555 65
762 467 86
70 724 33
256 504 17
600 295 30
578 761 19
463 361 44
668 528 99
69 388 58
481 400 94
72 669 16
212 128 57
751 356 47
3 457 31
235 325 90
321 630 67
141 57 53
230 473 81
235 159 67
677 173 100
506 247 78
390 652 22
479 525 19
143 342 92
46 78 78
566 162 55
355 626 32
49 634 84
576 280 48
77 353 68
482 763 33
143 291 88
145 420 85
547 0 35
256 413 27
88 665 90
731 109 85
493 42 60
214 612 70
166 532 86
301 761 36
658 760 54
689 721 54
473 443 78
659 350 97
160 363 93
100 33 70
657 572 39
131 517 30
601 388 80
374 485 98
462 712 42
423 61 70
593 534 91
116 83 69
103 90 80
310 598 59
296 113 69
240 456 36
219 710 70
453 198 14
264 559 57
694 412 41
564 772 64
165 6 81
102 722 39
64 462 23
322 203 30
637 112 92
708 572 85
313 384 91
718 693 86
763 644 63
746 151 43
414 398 13
32 402 30
479 474 32
246 62 96
540 483 36
355 234 24
175 766 13
336 488 33
248 171 92
401 320 57
167 89 79
741 30 61
194 382 69
39 604 79
423 722 17
448 558 16
383 561 94
608 252 67
349 176 99
685 386 15
194 319 48
772 166 100
230 771 88
236 353 63
362 452 79
510 294 37
155 175 62
707 666 70
148 563 23
142 379 62
87 489 87
374 591 100
587 632 14
551 426 26
188 483 59
608 157 10
658 643 81
242 441 78
152 480 14
578 105 47
48 276 78
246 193 21
250 342 66
367 649 68
595 644 98
609 79 41
492 316 66
264 373 13
201 260 90
134 404 36
507 159 56
478 444 90
532 272 47
116 573 17
204 294 86
273 113 25
257 477 57
10 142 41
342 721 84
659 16 28
618 599 73
606 26 82
530 398 18
392 697 30
461 403 54
330 644 35
483 549 88
309 694 37
487 431 73
581 695 61
187 689 10
27 317 14
180 518 93
184 326 56
683 436 11
76 266 58
33 665 27
242 226 56
578 718 12
427 634 40
211 329 93
731 441 31
357 324 18
312 346 76
485 302 68
128 33 76
336 546 84
535 322 65
348 700 79
648 564 24
82 215 51
67 101 87
306 351 58
602 726 87
331 228 65
101 234 59
541 691 82
487 736 26
770 239 87
137 730 42
685 488 36
495 551 50
167 631 72
555 584 73
687 218 96
220 278 51
598 106 13
631 704 20
494 686 84
584 377 69
646 582 69
690 232 81
107 683 80
706 366 58
736 759 91
310 261 60
459 379 79
337 561 76
471 11 95
521 736 78
101 374 46
335 249 67
431 378 14
280 697 66
216 652 40
587 157 48
207 61 53
504 526 58
371 242 67
360 748 73
756 139 89
769 265 98
632 390 17
475 657 22
186 12 100
634 174 17
30 167 69
472 146 80
253 595 57
62 354 33
550 760 31
73 634 70
179 479 27
662 259 39
601 609 59
332 486 47
291 169 93
355 562 46
608 13 33
550 694 60
648 584 84
438 381 23
411 677 86
273 317 36
77 86 39
727 41 66
664 389 46
697 722 19
54 235 71
538 376 19
235 564 95
242 97 56
374 367 83
424 22 37
103 569 46
261 19 90
537 321 39
478 617 75
225 145 100
745 513 93
68 93 17
181 129 35
14 749 82
751 350 10
484 141 92
431 534 16
274 543 60
277 578 70
138 15 82
559 580 51
237 648 72
259 292 95
577 69 29
15 397 34
431 393 19
510 302 41
44 320 62
384 363 64
271 484 24
444 425 59
753 202 99
211 717 22
731 598 27
11 97 44
754 112 14
652 313 94
642 341 68
360 733 13
94 566 78
541 517 67
27 281 16
733 254 59
406 291 37
611 744 59
204 518 85
346 82 37
399 428 11
325 477 84
311 206 13
606 673 83
651 652 27
466 25 21
281 178 56
694 67 43
734 579 10
73 318 39
515 209 37
378 473 18
261 709 46
401 314 68
518 289 65
583 215 24
662 692 16
739 137 52
407 619 58
189 344 60
104 576 70
574 7 74
465 197 95
475 149 18
452 545 94
211 204 86
628 550 72
745 13 81
677 237 22
601 672 56
440 284 94
567 380 86
653 423 97
126 657 12
82 43 94
123 162 36
574 597 91
543 31 18
526 44 82
666 2 74
498 137 70
421 31 20
153 429 74
611 666 23
95 96 21
405 450 67
265 128 35
25 389 44
516 455 85
344 689 24
77 13 33
2 82 82
482 404 48
137 579 11
659 696 99
758 35 98
390 620 62
565 567 91
690 553 80
549 471 53
590 408 59
186 132 69
341 700 68
552 703 67
136 346 93
450 202 69
179 429 85
497 294 48
379 407 75
82 465 39
454 675 80
445 238 82
368 656 77
258 560 95
622 339 27
582 455 62
158 76 28
10 58 14
500 79 74
280 267 83
100 155 65
393 167 83
190 69 78
114 245 100
744 738 44
431 118 18
515 159 11
571 82 12
19 733 92
599 290 78
61 559 53
476 328 46
675 684 46
469 37 26
652 618 35
54 330 98
173 362 27
758 757 20
118 670 78
286 668 14
182 697 33
665 710 52
598 631 71
692 34 72
515 282 69
478 726 80
749 517 15
369 164 12
69 149 42
518 351 73
629 557 24
326 262 44
95 221 11
202 387 86
635 157 24
40 351 59
536 135 27
733 256 87
307 652 64
211 675 92
167 593 100
255 258 98
513 686 41
695 124 78
506 318 18
354 331 58
281 168 81
338 383 74
300 246 43
326 681 67
97 506 25
769 74 16
179 647 21
660 573 59
686 392 91
230 286 46
170 462 25
587 391 40
370 91 68
406 295 50
715 292 47
481 448 88
751 383 28
589 117 83
572 33 57
13 329 34
674 276 73
60 688 40
620 652 28
588 417 60
195 348 93
258 619 59
537 682 46
428 395 90
524 364 22
662 487 87
145 67 50
612 473 45
404 666 60
464 498 93
500 740 47
202 402 62
332 687 15
133 395 76
689 394 62
510 268 50
358 580 83
343 754 76
611 260 20
80 300 30
224 63 91
627 86 15
308 506 61
136 598 32
267 327 68
648 772 47
193 593 84
199 669 30
133 503 69
552 760 57
39 505 75
179 304 26
64 106 55
757 434 55
150 230 99
112 298 91
149 586 22
591 176 82
581 385 33
111 45 22
689 507 90
771 580 67
18 734 29
647 126 47
12 720 38
478 434 20
687 81 62
250 44 79
171 639 92
294 771 44
96 202 33
301 319 31
115 491 43
536 721 90
115 28 33
340 712 12
325 243 31
680 575 53
141 478 53
176 435 43
694 383 64
692 559 18
124 193 81
321 682 31
632 72 72
293 408 38
373 711 100
97 369 10
37 225 50
65 392 66
598 229 16
66 324 45
189 135 24
739 624 54
127 595 70
337 603 16
602 761 84
658 760 98
281 229 48
347 696 83
388 284 55
386 448 40
472 368 91
533 669 34
120 433 42
294 266 50
350 277 51
764 245 60
3 77 73
717 287 63
728 196 35
115 587 73
651 465 86
308 251 64
533 33 82
648 357 12
484 114 13
124 368 51
223 385 22
498 459 74
383 52 38
395 9 63
459 134 46
742 460 92
243 566 36
162 754 98
357 545 40
121 743 55
182 616 85
512 297 14
112 309 33
537 293 89
599 582 26
2 149 98
566 292 21
450 553 17
622 537 47
713 353 77
397 249 94
284 578 52
525 461 89
571 431 46
453 412 18
380 543 64
420 587 15
506 120 60
565 632 83
434 561 36
390 659 41
169 578 69
399 755 74
369 627 36
535 550 50
57 500 42
443 315 34
23 338 78
383 441 78
674 305 41
478 510 74
737 586 17
148 242 45
387 325 30
385 113 55
37 653 30
544 42 22
755 164 81
445 753 42
160 269 76
481 313 33
89 302 79
473 723 93
91 510 33
66 464 73
677 627 19
21 222 62
756 105 71
172 577 94
507 373 18
135 505 34
564 701 59
510 646 29
70 567 53
638 229 20
768 449 71
339 761 24
290 639 76
520 163 90
365 75 39
595 338 36
737 8 21
325 494 17
455 26 46
421 574 77
605 768 22
630 724 44
480 727 36
426 452 47
176 293 54
217 533 62
182 235 12
472 463 91
14 399 26
690 753 70
696 693 52
215 92 44
229 631 44
129 434 88
42 701 70
236 78 30
525 20 96
759 654 68
173 374 54
321 16 61
651 594 77
131 509 13
336 591 14
38 664 48
415 38 68
292 460 19
626 72 36
580 157 85
270 583 45
229 299 95
124 639 66
230 631 89
39 462 95
124 213 13
226 423 53
605 222 22
752 50 59
433 426 42
240 389 73
231 594 33
580 525 61
523 355 32
573 148 10
450 681 72
118 260 24
339 230 50
175 739 25
368 491 100
572 227 76
716 678 15
170 525 18
74 544 98
326 529 22
51 599 65
495 513 96
658 275 80
518 460 36
81 599 56
126 528 22
129 683 63
75 64 46
574 21 94
382 371 41
114 596 73
483 362 89
375 304 11
516 478 60
46 300 44
83 619 76
611 604 89
418 603 99
684 274 16
395 66 44
4 61 17
81 435 65
400 540 49
15 449 82
180 273 39
541 363 41
444 345 75
573 263 70
244 13 89
564 280 55
671 439 77
203 347 61
579 583 31
347 669 52
64 167 58
498 59 85
491 37 45
761 364 61
66 294 34
559 508 25
686 238 43
611 167 79
681 151 31
694 114 15
257 598 26
535 617 40
605 703 64
216 17 95
655 705 74
26 721 49
594 5 32
471 584 67
173 607 53
639 351 69
465 323 10
634 175 22
621 627 85
408 249 73
15 101 69
697 515 48
489 745 14
627 182 96
404 718 35
517 600 22
340 643 85
159 15 62
397 501 37
632 246 93
746 205 12
747 147 72
257 726 70
119 682 53
684 579 91
83 334 39
269 31 80
338 701 42
116 17 58
237 145 25
742 94 94
88 731 40
410 720 47
130 87 49
544 442 98
765 490 20
732 142 15
585 374 71
349 565 21
20 104 16
749 107 96
509 15 75
656 513 34
316 213 54
249 179 49
297 63 78
704 89 64
354 671 89
399 82 69
741 705 29
581 15 51
218 377 79
218 36 36
510 506 12
490 282 26
370 508 39
369 562 50
130 524 99
517 22 56
204 397 89
426 388 86
473 749 61
500 604 74
286 27 99
284 665 26
673 519 94
316 6 65
347 717 60
81 146 19
720 413 73
653 192 77
224 658 60
514 25 11
660 8 98
418 702 95
497 79 22
230 72 31
279 671 57
739 680 69
31 562 64
557 678 27
559 308 64
187 393 77
86 182 27
207 715 29
248 332 53
464 170 100
421 549 100
292 649 36
193 662 60
680 735 85
621 198 68
603 449 94
602 647 44
304 579 26
650 497 76
319 614 10
304 33 13
659 205 41
47 391 36
619 346 35
699 366 35
83 70 32
273 262 93
54 621 28
681 80 52
309 384 27
112 739 27
452 242 14
612 293 10
738 464 67
571 254 77
280 101 91
615 197 26
241 45 24
178 40 73
195 523 66
173 676 39
606 664 87
292 14 81
129 137 45
583 264 71
704 541 53
725 770 61
457 332 14
230 130 71
9 652 72
453 430 94
277 13 12
576 326 40
406 381 36
608 465 78
539 697 65
769 544 90
301 455 50
443 399 79
28 231 87
726 175 84
176 109 58
684 118 53
398 656 42
747 467 21
31 468 14
264 366 29
127 533 73
498 287 66
531 639 97
230 534 58
56 755 56
71 473 73
48 517 96
471 696 31
435 594 68
477 663 63
392 575 86
590 277 94
607 528 61
60 371 61
272 155 16
361 569 29
458 88 57
585 543 98
526 699 46
12 604 58
661 504 91
705 120 71
265 592 80
27 136 55
700 391 17
433 534 11
701 665 53
37 264 98
447 168 86
121 398 71
32 636 46
534 129 88
468 297 69
582 274 77
546 707 41
144 439 21
735 477 94
221 766 47
643 113 61
540 532 100
293 415 72
231 200 59
207 375 19
252 754 58
249 511 49
544 707 68
430 520 32
64 26 39
178 69 17
645 389 20
245 173 97
637 372 20
156 768 94
403 265 20
343 342 36
427 760 90
113 616 92
509 588 42
222 488 64
230 688 39
603 646 75
514 36 14
119 562 85
588 108 13
245 285 29
231 165 95
282 681 22
365 276 88
709 356 39
344 331 96
13 133 29
77 663 62
664 713 93
27 674 35
0 204 53
688 267 98
5 390 19
384 225 27
309 740 19
131 397 60
276 596 63
287 674 22
279 481 50
218 459 100
27 204 44
418 662 17
214 218 86
295 416 92
577 389 91
714 320 28
34 509 46
710 254 53
283 169 80
259 244 63
147 456 44
565 375 83
466 318 31
733 189 63
141 642 51
44 624 11
559 585 76
271 73 71
587 386 48
508 0 57
518 39 28
90 670 83
492 611 68
699 673 35
694 310 32
34 150 31
136 400 62
733 284 21
370 520 36
193 660 29
548 204 37
432 141 38
659 379 62
417 156 22
311 147 29
205 341 41
15 327 34
729 409 29
316 613 88
444 509 27
697 309 24
211 614 37
476 261 16
548 608 59
420 483 46
585 487 32
378 230 74
512 683 66
185 547 25
73 546 28
62 245 56
419 726 38
161 311 87
213 70 31
7 586 87
489 682 21
672 169 85
61 185 15
59 434 36
281 354 19
768 165 33
418 27 93
22 626 19
222 124 67
225 152 44
184 181 42
458 370 93
220 561 55
534 423 70
45 766 31
147 142 75
457 499 76
448 26 49
133 412 34
143 172 78
548 422 78
199 34 92
746 766 68
618 237 24
341 257 22
545 209 81
674 395 59
387 663 60
48 482 33
267 473 51
602 302 79
726 659 29
7 146 87
208 439 19
285 19 33
556 403 85
766 665 91
555 37 69
489 373 59
593 567 23
44 85 39
86 121 55
547 553 64
191 203 55
476 669 42
376 474 74
198 482 57
178 160 36
145 363 94
654 691 81
269 403 80
327 736 78
616 316 17
369 146 67
725 685 69
388 446 78
558 529 76
700 301 98
718 691 68
273 631 39
383 165 15
714 25 26
541 153 68
563 726 22
329 654 19
132 649 18
235 504 74
25 345 87
187 140 100
200 381 65
231 568 90
90 192 77
688 7 30
162 125 36
773 367 68
74 161 18
758 42 16
448 528 51
39 413 73
480 384 33
72 263 73
501 147 94
108 263 72
352 59 55
675 730 73
540 129 90
706 325 79
123 137 81
181 291 44
245 53 60
680 616 74
177 418 87
389 205 20
493 334 26
195 272 53
307 718 77
524 372 88
709 650 15
527 64 22
99 226 48
698 285 45
171 377 56
217 273 64
349 111 47
606 348 60
744 191 44
296 617 25
771 418 65
204 577 41
447 35 66
477 494 60
124 652 71
677 48 77
126 74 60
599 288 46
123 480 43
266 656 50
166 681 13
116 244 97
440 292 38
750 629 17
522 224 62
94 390 27
581 147 10
734 584 64
498 334 63
166 700 37
483 541 57
710 709 65
312 79 74
487 342 53
30 10 51
571 309 77
378 650 54
58 195 54
739 410 11
722 123 65
231 582 57
367 638 53
594 430 17
215 238 32
39 695 56
294 82 76
463 72 33
72 668 38
344 435 94
176 761 24
107 158 30
359 11 42
689 663 59
196 219 42
71 619 54
120 471 37
375 283 62
60 738 30
687 475 77
430 387 40
511 284 12
431 527 95
3 678 68
265 485 18
309 621 26
143 706 81
759 670 71
393 532 39
773 438 56
365 545 35
31 175 94
81 325 86
317 377 67
455 704 53
667 547 96
470 132 53
412 524 32
683 503 83
561 146 59
23 30 43
196 139 98
301 769 51
588 256 58
1 310 29
316 735 85
573 410 87
49 664 38
441 167 93
44 603 75
330 335 13
387 680 87
520 187 46
624 698 43
197 595 65
228 768 72
217 397 63
162 754 46
625 210 27
516 438 29
212 93 67
725 757 85
74 299 24
242 562 30
451 58 45
232 70 26
415 409 72
755 35 19
7 656 49
456 679 42
3 18 70
462 498 24
200 742 33
52 232 47
43 92 24
699 701 94
159 621 11
708 225 48
330 154 93
298 64 61
491 229 44
23 634 29
668 349 43
394 107 91
205 328 56
481 416 64
194 154 73
772 82 20
270 433 38
58 302 69
622 8 20
304 203 95
534 354 39
81 94 17
520 633 14
750 322 27
1 552 66
655 351 98
596 690 55
679 29 57
422 553 89
302 376 80
185 545 90
765 78 34
414 693 34
540 123 100
746 744 49
108 157 70
271 238 14
178 27 23
471 166 27
769 321 24
615 613 63
158 309 15
708 270 28
749 179 33
690 100 84
640 364 13
15 117 68
448 356 73
485 51 14
194 572 21
40 118 48
95 48 10
427 29 62
247 216 74
398 343 25
307 319 60
609 697 81
325 291 43
24 84 38
425 337 17
467 273 57
542 207 27
730 372 93
184 31 11
631 114 69
511 193 100
22 302 42
533 583 27
290 92 77
545 632 93
697 154 84
547 313 18
377 401 75
334 737 73
667 43 31
754 690 33
773 508 31
702 374 100
684 312 67
547 763 53
189 609 11
358 593 41
231 716 52
68 574 26
561 345 37
537 200 85
174 636 40
466 243 55
569 143 72
554 473 15
28 291 48
128 546 64
708 507 34
510 209 99
715 665 29
533 115 44
445 301 25
166 74 29
141 618 10
566 515 78
541 226 25
516 491 47
293 317 100
561 552 81
193 275 33
407 404 96
585 502 25
454 308 70
171 303 92
579 193 25
679 713 59
640 409 80
294 2 47
59 568 85
525 98 55
46 429 26
510 220 81
762 459 37
407 627 13
100 706 69
418 337 54
69 330 98
538 255 66
510 763 72
745 147 70
564 462 26
621 582 64
167 692 16
463 214 29
377 167 16
395 772 82
119 677 100
644 167 74
657 29 96
648 248 18
617 376 13
86 247 95
460 473 90
160 513 26
233 634 45
445 266 96
117 38 78
134 274 65
16 116 81
474 617 68
742 158 72
736 580 34
297 24 25
698 368 43
40 772 17
475 117 63
585 374 24
675 10 98
641 529 40
500 425 51
197 403 30
680 188 78
766 295 95
712 211 61
498 624 26
601 727 90
455 685 36
466 321 52
322 421 10
299 549 50
590 602 35
223 253 96
530 317 21
672 479 57
742 183 40
490 691 92
21 260 38
567 547 34
295 81 25
483 74 77
478 466 78
271 765 65
23 335 87
424 432 96
601 146 48
424 210 17
111 272 60
601 264 98
623 506 97
259 500 85
408 192 95
462 83 100
399 227 14
95 393 68
20 208 38
313 383 85
703 165 86
503 318 15
92 7 28
175 696 64
563 743 87
559 615 59
542 126 94
667 74 74
281 224 30
681 407 62
715 63 90
391 182 60
596 411 88
624 311 98
207 672 45
399 627 73
497 642 74
5 421 27
440 312 71
486 750 78
392 456 31
347 5 51
463 183 91
