3879 7555
3523 1841 18
3752 2120 60
1087 3163 78
1326 1596 13
1455 1065 82
1208 3006 42
659 2234 99
1131 3722 31
3217 3282 47
3654 2469 49
3729 2795 16
3227 2686 62
985 316 13
303 1066 42
3416 579 76
741 1322 39
1441 608 50
455 3260 94
1502 2328 73
3170 445 72
3610 800 65
970 2174 18
2850 1403 24
681 2929 58
659 3585 88
961 2258 97
3366 3599 87
3373 1022 17
1256 1220 18
1978 3017 17
3093 2632 87
3633 1617 63
3465 2271 15
75 1193 11
3776 870 70
549 3531 47
1415 1962 54
2055 1342 22
285 1994 24
3827 3706 91
3601 33 89
586 1812 88
196 78 26
74 144 76
2983 3607 16
1015 2280 39
2448 823 16
2507 2739 66
2277 3279 12
3829 2141 96
2074 91 76
317 604 66
707 2405 31
3271 3162 77
1745 2273 41
1751 629 90
2033 2238 49
586 1046 57
1388 1663 53
3281 818 52
2002 1900 99
3610 3444 60
1377 3155 82
3683 3415 79
3544 1427 18
3268 3211 75
3108 3302 29
1904 2845 55
1850 450 18
1579 1490 43
1961 2236 33
3445 3813 35
419 787 35
2499 2543 39
1534 3065 81
3699 606 82
2865 1320 79
3618 1727 20
916 3533 33
2820 2898 67
2869 2365 72
1994 3552 48
675 2681 25
3788 1162 53
3009 1695 15
3639 2449 82
3158 2794 31
2 1782 31
1910 2388 26
550 3070 44
1263 547 25
3287 2012 55
926 2142 72
85 2990 91
2479 3067 12
0 1325 85
2214 2006 25
2138 595 20
1472 116 56
2776 3731 42
1328 2070 30
428 1143 18
157 1506 47
2733 1419 51
1443 3552 93
804 1527 60
2450 3057 36
1325 2726 71
2083 447 11
627 236 89
2004 3162 79
1886 3009 45
875 771 78
561 1633 27
2815 3441 80
3645 1306 35
423 2325 63
1568 2483 96
338 662 25
197 2585 75
1442 2312 13
906 2370 42
2480 3086 28
1890 2688 39
2722 2862 23
3175 143 98
2623 2141 68
306 787 10
1978 835 56
1486 1819 86
2807 2574 52
4 2079 69
3210 2602 35
1541 434 27
304 819 81
3151 1541 38
3607 2327 94
1092 2063 30
1802 290 55
521 1738 84
1704 65 14
3584 1604 95
3802 3335 28
2643 2883 68
2195 1494 100
2762 68 44
2055 3567 60
3718 2462 36
1358 2227 70
2037 3020 39
2885 31 21
3128 285 19
3465 3151 24
108 2557 89
1978 2067 58
3551 2059 33
576 2983 46
212 2007 40
3509 1164 96
93 520 63
2765 855 100
678 3788 84
3479 2413 74
2588 3815 75
877 940 32
1082 1542 38
3501 1919 10
2123 2155 43
3351 246 39
3311 1547 65
3429 2758 15
3832 1940 74
2079 1433 87
1724 1171 96
2512 1714 91
3337 3532 43
1193 2317 11
1554 414 78
2229 300 16
1177 662 71
1155 3708 34
1376 1268 27
2972 1656 67
3488 2269 63
1835 2888 89
926 1937 74
645 728 31
3695 1394 86
322 1703 77
1339 3261 52
1837 2651 34
218 1129 26
274 1851 68
3570 523 16
835 2809 96
1085 2466 57
593 628 75
2376 2277 34
2771 3619 95
3123 570 73
1841 2174 13
2191 3335 98
3291 964 26
386 1145 65
3607 2825 93
3512 2248 15
576 925 26
1315 2353 29
2298 375 83
2005 1079 68
2094 2732 90
3588 2986 81
2452 641 68
1512 3303 95
3185 1815 88
2223 2952 86
918 1592 62
180 3056 94
381 656 13
1689 118 39
653 228 86
1317 2238 79
3771 2217 95
3746 606 21
2650 2149 45
2745 566 26
1614 906 16
3561 3846 90
2124 1635 32
1136 2326 23
2784 1705 62
807 1585 45
39 3117 60
740 2955 19
2579 821 72
2789 1415 31
3435 3381 39
3318 2500 41
577 311 90
3282 1120 47
3270 2989 32
540 2224 44
457 1270 68
855 2723 49
2423 1652 76
3195 1964 90
3820 612 50
1898 2064 88
1711 3134 30
1821 3274 96
607 3345 86
266 2456 28
2253 3686 26
151 3540 21
1571 3364 41
2808 2582 84
3848 2898 65
849 2237 69
3639 2061 84
3236 1940 87
3768 2042 20
867 2172 59
3157 2006 30
3392 20 12
565 3201 28
894 536 90
2839 1885 60
3153 3390 20
2603 2628 90
1213 2701 67
189 2398 37
362 3829 86
865 2393 43
3365 2072 68
794 505 11
1355 1034 98
3355 1512 18
2747 940 16
2529 3275 46
3615 2377 92
3179 1589 100
1926 3140 45
3016 854 15
3745 3729 40
1860 1399 38
2068 1300 75
2888 3822 47
3331 404 87
3051 1471 57
1222 3061 49
2932 2489 60
2205 3205 99
1200 1462 78
409 1311 64
3484 2977 69
3641 2810 31
1418 2960 94
2067 71 75
3348 2118 69
3130 603 82
1941 1103 94
1496 392 98
1200 3348 26
3229 338 11
418 1559 98
1900 140 30
1439 3281 26
2990 1971 33
158 1888 11
3703 433 50
3575 2654 49
3761 111 31
1691 452 41
1052 1694 69
694 1098 38
2558 1849 27
2595 3790 60
182 1004 22
3845 1131 76
697 1699 73
2921 976 53
559 1801 27
3424 588 38
605 1042 19
104 2026 22
3630 640 35
1259 2660 26
3490 1051 46
377 756 26
3573 3726 33
3491 3021 94
2462 3526 13
2801 1830 73
2857 1600 37
1198 282 45
1664 2788 73
124 175 50
3336 785 70
351 855 61
714 3002 45
3854 1151 91
2669 3459 64
485 2424 64
2497 1209 83
2496 2460 67
3591 373 39
2331 2162 81
2991 394 89
760 2907 19
428 1408 73
2139 669 29
1897 3188 90
2885 1692 10
2020 28 45
3388 3239 22
3074 1148 20
2651 1900 95
2836 1416 74
3336 1157 45
2927 1578 44
1888 2703 21
11 607 39
2521 62 18
3207 1228 50
3873 1402 95
589 3388 50
2775 546 49
1416 3178 19
1494 3277 48
2686 3709 67
245 742 83
2095 1421 89
1353 45 68
2867 3105 80
2367 371 50
1454 2115 63
2020 2639 78
3824 2171 38
2887 3827 79
3563 3828 32
677 81 51
3595 1216 40
1622 1405 10
921 3686 16
129 1141 57
2068 3795 49
3714 3480 94
1853 2347 52
2437 2453 77
2995 1916 38
2410 3204 18
992 737 61
1873 376 90
343 125 66
2287 2919 92
1491 3779 60
1687 728 30
275 3508 24
3666 1011 44
296 3097 24
1998 93 61
2775 1957 56
143 1027 49
3494 2578 98
899 2849 71
3322 2071 33
1014 2889 36
2675 874 17
6 2385 55
2797 3041 58
2132 586 20
3260 861 92
1539 3595 25
2501 209 93
1874 3483 65
54 3698 18
587 3529 21
3209 1119 52
3679 550 28
1329 2588 100
3416 3374 88
2167 435 46
3822 1167 62
1411 1025 80
2178 1397 40
140 926 36
1472 2949 27
2125 1010 97
3145 2094 76
2716 274 79
542 3367 52
2924 2697 74
3671 2747 54
1873 3512 87
2809 1935 93
3163 3343 29
305 3242 22
2234 957 19
1785 1440 46
3384 3207 92
1865 326 79
3713 510 64
2534 1822 37
1242 300 74
2248 2267 11
1910 833 83
2686 725 73
1087 3555 98
2708 1769 47
470 633 38
1181 2806 12
2261 1504 51
1898 942 12
92 3178 42
3867 2534 87
1466 3826 87
3521 801 83
1378 2257 37
2557 2374 99
3365 3292 43
363 3758 64
3353 3763 77
3602 455 27
136 2197 30
3189 2453 36
2974 2193 96
1846 1937 44
2399 1238 21
785 1993 94
1857 717 85
448 2776 50
1472 2286 29
3767 2930 14
920 3746 27
3743 0 58
95 2591 34
970 981 31
1293 3531 47
710 2718 51
3199 1501 56
564 1330 48
662 3667 83
1011 3187 18
289 1128 57
1721 3694 42
3505 3282 82
1916 2927 18
2308 2782 25
353 3408 63
1913 3620 23
3401 1886 39
2529 3573 87
1211 686 36
2577 566 62
2335 2907 43
982 2858 46
65 936 44
2068 3043 92
3642 3817 49
1232 2217 41
2751 166 12
3567 173 71
3679 2 55
115 2343 36
1113 2127 88
1161 501 24
979 3807 41
1269 1583 11
2896 2114 36
1488 1390 36
3167 3030 89
3091 2105 77
396 301 15
2319 2871 82
1010 1203 85
1463 2897 17
3713 3560 47
3581 944 59
1243 153 52
2361 1524 46
184 2062 88
2054 614 79
1562 2857 11
1631 2746 97
1634 1781 33
2671 425 78
696 1622 55
944 2951 32
966 721 16
2374 2190 84
1257 3554 21
846 1960 33
2534 10 51
1420 641 40
3141 1572 27
1427 3763 31
2018 116 43
2934 3641 81
1142 3059 65
52 2 96
2617 2937 71
783 985 98
3283 3733 28
2652 2790 76
320 3513 34
803 3346 11
197 3201 94
2045 2943 61
3031 2597 83
1674 3863 31
2437 1749 31
542 3752 95
2301 3704 89
3653 3680 28
1740 717 78
1124 3694 63
1595 1548 25
2276 3240 40
143 1433 78
3453 819 80
3077 2127 66
1377 1230 37
2975 3671 62
103 1170 41
2102 620 36
1240 3026 62
838 1843 77
3827 2123 21
1541 1904 76
3217 1848 95
1022 3457 54
448 3281 65
2862 3842 26
2678 1753 56
2218 709 51
620 3601 71
3450 926 70
2354 2069 48
3464 926 49
1712 2637 26
2450 3537 53
3747 1562 89
3480 3340 15
949 68 12
1246 3721 20
2311 2603 95
208 557 55
2561 1141 81
3732 126 80
3772 2687 42
1236 3840 88
2052 1843 51
1457 3081 14
1253 218 81
3609 1072 10
3693 3424 12
1025 3001 50
3722 2711 71
973 3235 92
3824 2456 35
1868 3594 60
3260 97 69
2899 1729 17
2003 3104 16
370 942 55
3304 1698 13
916 694 38
3713 2293 85
3226 1343 21
1108 29 75
685 199 24
3168 616 43
2223 3775 70
3471 336 85
19 124 70
73 730 52
2544 2936 42
2119 1335 89
2530 765 26
3822 3526 73
3506 2479 29
232 1451 39
2227 1161 79
1212 2609 58
1442 1763 75
3586 2907 56
1420 919 25
2108 336 17
2006 1576 23
3288 1175 91
1506 363 84
2659 769 13
2727 272 22
1799 1087 100
3177 2733 56
230 1375 17
1815 420 88
153 415 14
820 544 43
342 1441 63
288 3510 84
100 3544 88
1725 2155 93
3766 637 66
3873 3737 83
2545 742 65
3510 3503 92
48 3099 61
3284 3767 94
3546 1588 10
886 1617 61
1542 2858 41
987 12 43
1870 571 80
265 200 44
1372 1110 74
159 3648 33
2612 2908 40
2036 3423 97
1885 1916 92
682 2196 62
103 903 72
922 2832 97
1279 2038 67
1692 850 22
1844 1885 71
3317 525 12
198 2488 19
3560 3597 90
1722 1876 96
59 3266 70
2495 3746 67
1049 144 11
1855 544 36
2481 2283 13
3284 2201 68
607 3042 41
864 3272 53
663 780 47
972 1258 71
3775 1340 98
1077 2304 16
1483 2884 49
3329 3163 41
2836 2880 94
1833 1974 33
2243 2313 100
3108 3543 15
389 2653 68
3710 1767 80
746 1734 95
2259 652 85
1771 3593 91
1968 1227 48
3685 2623 47
3617 2156 60
1926 3175 27
2024 1346 23
841 3105 98
338 2495 41
2173 380 73
996 1736 13
3397 729 56
355 3272 27
2405 2087 39
151 583 74
927 3526 59
554 2847 94
2495 2267 77
2930 3240 66
705 3600 73
880 1733 43
720 1022 99
3415 2331 49
375 2675 45
3376 3091 91
2830 3740 38
739 1794 68
742 1933 78
3818 1687 25
1581 3166 14
2204 2936 17
217 288 92
673 2772 98
1520 2765 42
1028 570 96
1982 3137 11
293 2780 71
1951 1085 52
2071 3777 75
631 150 41
1772 2757 37
2396 2552 73
428 2573 48
510 2471 13
2762 364 38
3539 2302 56
1416 833 88
1658 2912 29
2218 19 90
733 130 22
147 2364 24
3420 1964 57
506 1514 28
253 178 61
1241 1608 82
2190 2405 41
3347 1634 71
278 1662 95
2595 2480 86
445 3112 33
1325 1321 84
664 803 89
3494 3763 43
546 594 73
860 3708 60
2123 3307 49
3425 3241 26
2261 2876 21
569 315 92
1328 1014 87
3493 1344 99
3558 870 35
1504 505 34
1575 951 73
1615 2289 12
3546 3173 47
458 286 46
2298 2377 60
180 875 49
3495 17 66
1516 1298 54
2137 294 69
396 2100 76
2849 3112 78
2329 470 81
436 2657 61
2484 1816 36
1764 2505 63
1685 2386 51
2438 1731 71
2082 604 64
1440 661 84
2791 2263 78
3338 1621 86
3502 3454 65
1035 3589 79
664 2735 75
1045 3417 88
3013 1721 77
2050 1561 92
1481 3349 28
2728 148 42
982 1433 25
622 612 10
3520 2745 31
552 3295 91
3218 2973 47
300 3130 44
1821 3360 29
2416 405 34
1111 634 92
1016 511 82
1529 880 100
2153 3670 54
300 1589 17
1115 1263 11
2058 1204 16
3090 2533 43
3527 640 82
1799 2535 29
2619 3138 95
1613 1693 67
1266 2363 70
1393 419 43
22 574 65
1771 1911 94
2698 3739 47
302 1416 44
3115 1463 67
1258 78 70
120 3304 75
3538 1704 70
3643 3107 36
3195 1852 66
1752 555 53
2453 1941 33
2687 418 45
799 1937 44
1665 2420 16
1012 1865 17
862 3247 21
428 2748 62
2578 434 63
1318 2157 55
2131 473 80
948 2884 93
1900 3514 38
2328 1330 88
3424 3665 81
1552 303 50
2486 2906 93
3759 2672 61
208 2841 65
3343 1414 33
2151 2719 18
1592 2972 59
1100 3003 92
3302 272 69
832 2093 70
3078 998 12
1777 1122 86
553 3364 52
1306 771 33
3863 3294 56
718 83 33
903 3721 44
2423 1206 89
3498 528 55
3082 3667 78
2578 2570 82
1954 1208 56
1924 1067 48
3773 577 73
1246 3342 41
1222 999 51
3722 3784 15
1512 1911 35
1834 1746 85
2038 3878 12
3395 1372 98
3711 2272 72
655 1818 34
3166 1314 55
1184 685 50
2760 2366 75
2837 2102 76
2663 1995 66
1107 501 99
807 247 20
104 2454 87
3259 2370 70
1945 1985 36
1427 3827 24
3189 3136 89
3520 625 87
328 2408 96
2340 2512 33
1317 2489 36
1467 3863 82
1972 2946 84
1941 1884 12
980 261 70
2225 1787 91
361 493 49
1107 1448 78
1071 390 50
2312 2561 92
1884 2011 99
1931 504 52
47 2106 47
21 1469 79
3826 284 50
298 3371 95
405 1564 85
614 1496 66
1835 3514 91
2849 2529 64
3 2341 63
77 1200 31
1728 3587 48
493 1152 39
3518 722 55
1808 749 64
3810 2610 87
222 133 51
2157 3760 86
3514 1405 23
47 2205 65
3420 1283 41
3058 2456 52
936 406 47
34 2251 10
2002 2975 84
2389 1776 99
787 278 44
276 2624 52
2379 1820 91
1842 3587 65
1247 3618 55
3146 610 55
721 1102 39
3706 3227 27
822 3322 47
1686 709 48
268 1381 99
1392 1680 96
3730 3455 60
821 1147 29
3075 2088 60
73 566 93
32 3778 61
3309 2862 41
3508 3316 45
1377 3745 46
2007 3619 19
1 434 17
1295 1221 36
292 3170 58
1433 3121 100
1854 2266 76
1974 308 62
854 3135 33
940 436 29
255 1408 72
3831 549 34
2331 2839 36
1187 3312 62
511 2101 26
3514 1752 64
2930 287 96
2018 1395 47
55 2019 90
1475 423 47
3764 1438 77
3230 2312 100
2516 2287 100
3758 1722 35
1643 959 68
3009 884 29
526 3363 35
346 183 85
1250 2524 13
3110 3260 81
1277 2411 25
3472 2659 72
836 2785 55
1278 3659 95
374 901 69
1081 1934 26
3871 1737 37
1051 2104 32
3190 1026 79
547 1781 24
2966 3775 100
1227 1263 97
1984 3699 43
3272 1083 76
269 3360 81
518 681 58
231 427 34
2358 2798 56
3396 1285 44
2807 862 93
1637 1425 21
1587 2728 23
3134 142 62
1219 1162 75
1301 3341 94
2586 1557 72
544 2497 91
470 1388 72
182 2719 11
916 1494 52
561 3145 77
299 55 83
3560 3398 27
2994 1733 59
3533 1061 55
1147 3234 94
3686 1078 88
2323 636 97
2336 1744 62
1906 3771 62
1370 1992 97
427 775 15
605 2047 19
540 275 15
3783 1558 25
1634 3576 88
66 3166 29
3357 232 98
2595 2144 77
3484 2923 36
3615 2858 55
1869 1737 40
755 229 45
104 29 14
1997 3172 63
857 1842 25
413 3668 27
469 3378 11
1236 651 39
3682 499 61
932 1990 12
2267 2114 88
1813 551 53
904 824 49
1559 683 87
1955 2558 66
21 2692 74
3608 2040 98
1249 3192 84
3229 3662 63
230 1469 17
856 688 78
3308 1442 48
845 820 60
3556 3421 10
3503 825 11
1301 3636 78
890 2690 14
555 2948 78
548 1599 75
3854 3674 41
1393 3022 93
806 3000 39
2296 2109 66
786 1078 100
1328 591 63
2924 1672 24
1735 436 92
2326 1121 22
1094 645 64
1564 19 47
230 1590 54
3378 603 97
3457 1284 53
2830 3726 49
3409 1603 67
3489 1786 82
3450 3090 24
3857 2302 75
694 718 33
3196 3365 14
3857 2845 23
2658 2139 61
1481 2010 80
2903 453 84
316 3329 39
1496 3741 81
3162 1739 96
3582 2978 97
1268 1843 99
508 1796 73
3347 3617 97
1942 1703 72
992 3780 61
14 3163 75
1592 1875 14
2665 1038 11
383 3858 48
620 2946 19
2555 1261 23
225 1506 36
839 1564 23
150 1507 24
3456 510 38
77 693 39
2276 3332 50
449 3799 53
2073 3796 76
1948 3378 15
2657 755 96
1942 2888 96
1226 1198 90
183 222 94
2853 3698 28
1945 2891 87
1447 946 17
2803 1146 53
1096 763 73
3018 304 38
3244 321 43
1985 2830 25
1526 2811 97
2919 2111 34
3348 2857 89
983 1548 55
2811 2211 83
751 3277 25
386 3398 91
961 2532 99
581 1843 19
245 3424 13
1265 1853 20
1429 2584 41
3653 3098 40
1518 2037 17
481 3473 87
455 897 31
2765 630 48
218 1617 82
712 832 43
250 1192 26
549 1919 10
990 2604 43
2628 2043 89
1871 1967 17
650 1687 21
2592 3568 66
3232 1914 93
3100 97 24
3274 3416 98
1922 2420 62
2264 82 65
1939 217 31
3203 115 57
1205 1329 29
987 3569 45
2972 2980 57
516 1086 34
2398 1527 84
109 777 67
1665 140 44
2843 1791 37
249 276 41
1828 2362 74
2164 3172 29
1065 2538 28
3727 1993 71
2395 3484 16
251 3160 14
2654 358 58
51 376 54
2585 1432 71
717 125 21
528 2662 98
3606 2764 99
504 1572 60
1497 1192 43
3083 3561 60
312 1558 52
1657 3539 94
3522 2034 39
262 1982 80
1535 3820 86
2269 231 96
2860 3443 77
445 465 38
1354 2950 51
38 1227 73
539 1408 39
3479 88 59
776 912 27
2580 3549 78
1329 1847 52
2497 1170 36
2919 3325 38
3036 3047 75
756 3300 16
515 2111 40
1142 2891 84
178 656 61
474 2243 98
70 3119 83
2992 2535 24
3874 705 23
2183 3019 89
1038 1617 65
3483 2568 93
2470 2603 78
2159 1446 13
3729 1361 42
1642 1069 37
825 1842 81
1585 3541 20
2570 1955 82
922 1963 21
421 83 81
1535 1616 23
3270 1747 97
3018 2318 84
595 2620 22
2421 546 13
2415 2013 57
2909 3178 23
1142 3465 49
3692 1721 97
222 1608 46
1507 1703 19
846 3795 17
1964 2750 74
2857 3456 45
1180 1729 27
648 1606 51
1477 3769 97
836 1365 38
2798 807 37
1059 3649 34
3404 1656 49
1108 1514 47
2156 980 94
1733 1839 64
3073 3066 17
2723 3415 74
380 209 96
3546 1990 90
3649 2516 19
1629 1281 15
470 2446 35
1607 3327 33
266 2585 80
725 1653 85
2893 1745 38
2437 438 41
3720 818 63
1736 2559 33
1345 1924 40
2866 3555 92
2415 394 95
979 2172 60
2833 1207 39
797 3062 50
3414 1700 41
1897 30 87
883 2139 74
2357 3701 57
3180 683 59
1098 1222 78
3222 3164 52
299 3517 71
169 867 97
3472 2693 52
488 3709 69
904 2857 28
1006 3270 61
2581 2778 39
1212 1130 33
2444 528 36
3068 466 29
1827 341 18
414 2950 90
1534 2314 25
3000 1341 83
3156 3076 14
292 2993 28
1547 2651 85
3510 1097 63
2572 2206 28
3 715 64
358 765 33
1312 829 67
2805 266 87
1607 1021 41
2558 2010 89
621 917 87
1920 2181 28
741 668 96
1790 3052 44
2231 1959 38
2144 3215 34
3797 3659 10
2354 2108 92
3258 1048 36
2447 1273 80
2947 3589 34
3741 1668 97
964 1476 86
3430 2524 60
3456 3448 98
1596 3615 21
1850 3268 68
1235 2015 53
3776 2943 68
2358 1698 60
3874 1606 76
3258 146 17
2596 3224 22
1634 145 92
3285 25 98
3828 675 27
2304 3215 66
2504 1294 11
1385 2907 49
1177 3333 80
2872 2205 20
1876 885 13
3126 3471 29
354 1832 39
2042 914 77
1432 8 65
2352 905 89
3417 776 65
1647 2916 19
3445 299 58
2405 2722 32
854 3435 71
1058 964 72
1247 337 68
3256 942 95
1250 26 89
1681 2470 76
2349 3101 89
837 3279 81
307 3710 40
3775 3687 15
2950 3138 16
1657 353 52
2734 2839 36
3291 349 92
261 1510 66
3342 2210 38
3311 693 64
3711 1183 38
1172 3136 78
804 287 38
1490 3655 10
1197 520 19
3037 1165 37
2130 2199 14
1934 1002 19
3404 3379 26
1169 2255 43
1099 1306 45
1007 309 18
2611 3747 69
3701 753 98
2109 3271 43
649 2103 46
553 2934 56
2264 1368 56
2554 3120 25
3765 2801 30
3349 726 23
714 2536 98
2077 266 83
213 11 67
1377 249 32
1014 1631 25
1446 373 66
2987 2 82
1275 3437 38
1474 483 49
413 855 33
2823 373 85
3585 2579 25
3745 2277 46
2781 3406 68
2992 2011 91
233 2113 13
868 1668 35
3410 1754 35
448 342 12
2385 1481 52
3754 1696 76
994 1996 31
1538 3575 95
1708 2706 53
1215 1985 11
2302 777 95
3317 1082 36
99 3282 23
1820 255 27
3396 3793 91
2942 3064 95
251 2472 64
2799 2609 56
2855 968 24
276 3301 84
3279 3461 67
305 77 45
2459 2443 34
2949 732 55
2652 1790 76
1459 1198 16
1180 1763 27
1830 2224 29
2194 67 25
602 2021 90
460 91 41
31 2483 13
652 839 39
985 3155 100
2530 3394 87
2028 1081 90
1733 3132 35
1177 960 45
2678 3204 53
3328 128 74
58 3308 10
2464 3756 75
3 2234 55
955 2584 25
1508 863 13
1596 3778 86
2586 2474 13
3790 3520 58
2362 95 62
2411 1030 89
1907 1449 39
117 3460 65
1907 1454 85
518 1579 65
1383 1249 100
307 1100 73
3029 2018 93
3422 1382 50
2553 2806 38
1845 143 80
1962 462 60
2896 1859 61
25 3367 61
3608 1818 25
1296 2281 98
3694 163 11
1921 3244 23
229 2611 41
1458 3304 62
1393 3767 60
605 1214 87
554 3839 27
2796 777 30
1669 3530 41
50 2820 70
1679 1551 67
854 994 39
3760 3207 83
3123 2950 29
3732 1152 86
2229 2674 23
400 3416 98
2325 1806 15
201 3857 13
2809 1557 19
3646 570 24
1510 574 70
1736 3663 41
2014 1648 84
3205 892 27
3365 1392 91
258 3589 17
2198 3050 61
2051 1529 19
2002 105 60
3809 1656 80
2042 2672 44
415 3579 28
3446 2883 53
1708 994 73
3741 2994 14
2607 1626 35
2417 3355 88
2525 1191 66
1556 665 13
367 2528 47
1280 1715 58
3468 3004 79
1713 2420 62
1616 849 45
480 1093 91
546 2852 90
3496 2137 90
389 2082 11
500 2808 89
1185 1884 20
285 3305 25
412 3397 78
1212 2070 92
3627 389 80
1651 2007 76
1542 225 93
2790 2236 27
2193 1518 59
3097 635 34
1570 1872 67
949 1372 64
101 1813 96
1921 1290 18
1868 23 85
3169 474 47
510 2775 96
1509 165 46
2904 2687 35
3304 3873 65
2129 408 42
179 3535 61
3251 558 83
3558 42 43
2489 632 56
978 3211 60
1522 3279 65
1704 2166 26
1879 1345 33
3657 2700 44
3290 1875 24
1344 705 66
3685 812 27
1709 1519 11
2619 337 19
1860 3663 88
1791 3625 32
1012 3030 78
2415 3836 63
2442 3414 25
2570 1138 94
1494 3022 50
158 756 67
1960 1384 12
363 469 84
1967 2802 12
1623 160 65
1852 1417 70
2552 1951 88
381 2933 55
2400 3624 29
3869 2403 13
464 1843 73
3716 3406 46
915 2737 34
752 448 37
3451 2978 98
2277 3863 88
2972 239 48
2219 261 58
701 624 47
1739 2261 11
3067 3878 16
451 305 82
3549 1828 13
1393 1384 36
421 2240 66
539 3722 31
1116 980 98
1725 2431 80
3139 783 34
817 386 44
1427 3698 26
343 175 82
3774 1461 93
1825 3240 22
3327 861 15
445 1801 20
1441 2269 99
2709 3231 34
3435 963 39
1450 1371 88
2948 3104 41
3536 116 25
1192 1822 44
85 541 31
856 617 49
3320 3740 59
781 3770 60
938 2752 85
177 2183 65
2199 2892 27
593 1687 33
1155 1591 76
2689 93 69
434 2239 78
3333 1231 72
2837 3697 18
691 183 28
198 506 62
459 1479 99
2189 82 23
1157 2754 88
169 1357 27
1793 2379 93
1760 2705 95
2349 3485 63
2085 2547 90
454 3314 73
2724 3414 33
1861 1790 36
1175 1232 43
3234 2177 40
3067 793 86
2671 2094 33
3681 2712 19
452 3363 60
276 3269 51
1124 549 76
1572 1135 100
2919 1719 80
441 3164 88
2294 2704 56
3483 472 78
3531 138 40
1993 1548 28
3311 974 73
950 727 31
1199 3878 84
2746 1090 13
3540 3679 78
2869 3402 66
2348 1338 25
3594 1718 87
748 677 67
3572 1120 52
3184 2687 95
3598 1485 45
3164 2798 55
972 184 32
1450 2635 99
2555 801 24
1431 3466 78
2309 500 63
2074 3453 91
2960 2583 33
1265 1371 59
2267 2375 97
510 1741 35
3827 2217 33
3462 450 73
2240 628 17
18 1952 63
1435 2762 83
3037 2055 68
1531 2072 66
3835 549 20
3571 352 14
1579 682 95
3802 501 61
29 1854 62
3316 896 77
3326 741 62
1931 1795 99
659 2640 93
310 2999 89
3687 3693 15
2878 2019 66
918 3323 80
2995 2434 92
29 2383 97
2876 1250 84
3364 1302 73
2990 1237 38
2113 166 84
2490 500 89
2790 2415 63
1978 3400 63
3574 2104 62
501 1477 46
2884 2362 73
3750 1381 25
1575 2171 17
3418 3575 22
592 255 98
2972 2823 90
827 2971 13
725 2700 41
2215 2317 35
3458 2731 16
3405 1194 98
2357 995 68
714 3725 75
789 665 97
1080 2111 31
1264 2339 47
3721 917 83
902 2777 54
1252 3332 23
520 3295 86
1902 2291 44
149 837 82
2547 2780 21
2958 1496 99
2854 2011 46
805 179 57
2942 3873 59
460 2083 23
1266 1500 85
3721 122 16
1180 1759 78
3287 1889 83
1634 833 37
2196 1767 34
2843 3435 33
1419 2609 58
377 3118 38
2182 2911 56
2088 3206 78
3603 773 77
2713 1712 93
3466 2993 70
1480 848 54
687 1836 56
1018 1997 35
2296 3386 11
3072 3465 82
2559 3178 77
1638 1924 21
3495 3334 21
1341 1230 17
1103 2932 71
1542 1388 65
2322 944 42
2063 1909 80
1931 3188 59
37 2660 88
2806 3616 53
294 1106 75
2548 3666 28
1392 595 13
2141 3538 80
975 1566 10
1100 1139 32
2977 2521 78
2367 91 20
455 1389 47
677 3471 22
1614 410 10
2998 113 78
511 2333 45
2890 1553 33
2015 2346 54
2332 2363 54
3015 2813 100
85 2755 76
3303 3234 40
3869 1746 23
3771 1612 58
990 66 14
2663 3434 17
3627 2762 72
2187 2992 25
1642 2524 53
538 189 44
3783 685 12
3576 1900 84
2032 1350 50
672 1856 52
2478 2149 33
3547 162 17
1792 397 57
1032 2234 14
939 3038 57
1854 2555 45
3271 3582 63
2957 3025 18
2973 3821 62
1404 14 60
1958 1227 21
3608 296 31
618 2013 14
1249 1088 25
1903 1255 56
2602 3450 32
2841 3853 79
1964 1933 31
931 1677 92
2130 1849 80
3635 2659 20
1932 64 28
2468 2134 87
2861 2796 50
1129 2602 40
2475 886 40
1719 1489 55
2937 1898 36
1905 538 94
1807 1508 70
3273 2169 62
2882 125 61
584 399 76
1046 2792 52
3516 1953 57
2179 1504 46
3710 2263 51
1301 361 32
1836 2793 71
69 2245 96
1982 1645 14
1163 1695 61
232 2377 43
2198 2851 49
3040 3403 82
2983 899 36
550 1204 33
1316 626 29
3635 1592 23
2049 2119 46
1530 3608 39
1698 3464 77
1474 3747 52
512 3393 18
867 693 38
407 2822 98
857 1889 75
2748 2998 84
1947 2651 95
33 2519 57
2555 2944 91
2262 2704 74
413 2300 96
900 3154 86
1054 2871 88
1079 2332 82
119 2891 43
3190 1162 25
1532 1726 67
379 1500 86
2303 1250 11
1572 1046 46
184 1016 85
1581 3663 71
1087 3794 40
1163 570 83
2038 3764 10
478 2145 55
1810 813 81
2061 1170 87
2583 2718 88
1088 3075 46
3250 1396 38
1801 3446 88
3401 1754 72
1623 3810 56
230 541 43
2367 783 26
2956 1720 98
1689 1801 83
3396 3145 97
2483 2970 37
2444 2695 74
3110 1139 17
2774 3203 68
3229 51 29
2114 2862 37
3189 2809 12
1938 2665 68
3552 2258 12
2857 1827 83
3841 2216 21
800 2953 87
3251 2371 53
972 580 65
1751 718 46
2256 3483 42
2359 182 90
2619 556 77
1488 423 77
2329 2219 15
2905 3591 93
354 1348 26
1690 2051 52
2139 782 83
121 2226 55
3642 465 90
1839 367 69
3563 1297 83
390 2882 90
1354 1103 40
3087 2673 36
923 1856 65
2376 2480 27
434 3345 38
2662 2995 24
2059 2336 22
1013 2113 55
3791 2674 15
2106 2289 26
210 177 39
2818 2157 64
3234 2405 18
264 1001 11
2987 3252 59
3256 1262 37
2470 1211 27
3650 2739 65
1879 2063 54
1191 825 13
917 263 35
498 959 96
1191 193 82
3007 3357 93
753 1339 86
1218 1128 69
3371 1513 85
2976 2512 78
3469 275 33
226 2618 18
495 1440 83
813 3011 30
1810 1029 59
580 37 29
3604 3110 66
622 3458 89
1460 172 15
2001 2999 26
2079 3424 42
3137 2302 91
2053 947 45
2048 3824 49
925 2801 97
1150 2839 19
1644 3279 51
3237 1996 46
3717 3334 57
7 2743 97
2547 2517 77
2679 1007 27
2197 1881 66
2050 1423 10
20 1114 24
1152 860 14
1590 3839 67
331 604 16
488 2200 81
2652 85 81
1911 1046 13
1986 42 74
564 3347 98
1255 952 59
2689 3514 75
2554 1798 41
492 2847 95
1817 2233 41
2248 969 91
2509 228 17
3571 3105 42
1038 40 33
2369 279 75
2986 3710 28
746 3840 32
1722 2547 66
687 3757 60
1771 1880 59
1058 2202 46
1751 1637 68
2008 2954 90
3499 1754 67
1339 2186 57
299 752 53
1905 2028 46
573 3070 39
2396 2015 24
1559 1991 29
1932 2175 37
3857 1179 78
701 3322 38
1423 695 49
1951 2310 95
1853 2067 55
1903 3457 79
3281 558 87
1983 3555 74
2414 2991 33
2513 72 69
3255 3152 61
3086 300 58
2723 1344 98
1585 2205 15
3068 3545 76
1063 1109 37
157 2920 10
1265 3609 86
3623 518 39
991 1542 85
2698 182 45
870 686 58
3105 2237 100
455 726 18
928 3158 66
3732 1762 44
1567 1930 15
596 2329 39
2402 3696 97
1744 3701 88
113 34 89
3677 3747 28
1540 2700 20
1454 1119 22
2488 321 10
709 2965 61
270 3588 54
2148 168 43
160 1078 48
3435 2782 28
3038 2162 85
566 1403 53
1051 306 51
2358 2649 73
1164 1166 79
1313 3714 11
3282 3462 55
3792 3243 70
3692 3135 12
3703 1003 50
499 2468 55
2151 2227 18
1571 2439 49
1003 501 34
2253 2638 80
450 1973 82
1655 2930 38
1116 2486 58
2448 397 31
3371 3809 24
2147 3687 66
2167 485 85
121 3755 42
3029 3178 74
2658 3102 81
2898 1449 61
860 1551 65
3518 3799 17
1132 1108 18
3670 1866 40
1186 2255 63
1207 2654 24
3181 2171 62
2998 2787 25
3030 2180 27
2084 431 15
3211 813 46
1673 2616 85
3586 3699 87
1420 3462 68
602 2612 60
2537 231 96
2925 2068 70
1598 2316 26
1975 1158 68
315 2435 93
423 1870 95
3395 3669 33
878 804 85
782 521 42
91 2409 30
467 3625 67
1579 907 85
3004 2567 58
2898 2125 77
2796 338 95
3 2106 56
326 3121 98
878 2945 84
3852 3228 100
3145 3636 24
2932 2568 98
3677 2821 65
3777 222 84
2557 3401 37
718 3774 14
890 1862 34
2217 12 89
1366 1073 20
3191 3372 81
3044 3806 40
3655 2281 45
1606 2934 83
980 1491 59
1235 538 37
2000 3750 81
2844 3713 71
2240 2042 69
2331 3432 98
2830 3614 76
2223 394 35
1846 3565 63
1360 2741 99
1353 3004 51
247 2432 80
1637 111 99
685 169 92
2932 319 40
1146 1335 77
550 1709 46
2510 2215 54
974 2740 14
769 177 25
3419 2306 58
1123 1531 83
2440 300 70
3212 3830 80
2513 919 97
1514 861 37
1800 374 81
366 1165 66
2207 1284 17
700 2875 93
3282 867 90
2442 3096 42
2197 1115 29
160 2704 65
3204 1720 68
3856 2002 49
2364 3472 61
3324 3562 84
3541 3795 57
2875 1839 92
1717 588 93
745 1444 97
2901 2157 16
320 3412 13
192 1253 75
1268 3822 25
774 3120 48
1513 640 32
1135 2229 58
966 3814 30
2194 2034 18
3654 1490 88
3115 3736 55
3325 492 34
3190 2519 85
3795 1731 38
2013 345 23
1445 1796 45
2214 960 56
2298 2494 46
3414 2988 77
158 2679 39
2308 544 61
1854 768 70
84 2214 99
3489 2443 98
2848 1884 16
1094 3519 18
1197 970 65
2111 1681 34
3416 912 90
2133 1313 91
2814 940 95
3076 1449 32
1975 1895 24
1665 1457 55
2469 542 88
1562 3811 97
677 984 16
2563 1850 100
2885 414 69
1336 580 49
685 1947 31
2607 1967 44
1501 1331 100
431 2153 38
614 2180 41
679 2165 74
275 169 93
2196 2851 10
3636 3609 69
2561 3321 82
583 3133 84
3712 2867 40
329 2831 23
3830 2513 11
2069 2625 38
3053 2896 54
768 2506 30
290 1015 98
323 3018 89
1974 2727 52
2712 2127 55
93 3171 16
3729 2301 82
1240 3289 94
277 3853 23
1244 2018 31
3134 1615 99
1672 807 42
2484 1374 10
1637 1690 81
406 143 91
2285 3467 80
843 2237 54
2187 3875 96
911 2957 62
1879 2425 77
1950 2189 41
2691 2702 37
2111 2138 100
3649 3487 25
858 567 29
2568 2453 82
1185 3044 44
610 569 34
1146 995 36
2227 2965 99
2636 1249 37
1053 2651 30
2600 671 60
2653 273 64
1755 2899 75
3091 2300 74
496 1390 39
1082 3201 25
3548 3722 49
3025 3807 77
1017 456 92
3576 3388 89
1486 634 77
3252 566 63
2398 3730 56
2072 3182 44
2046 617 14
953 1518 19
663 2424 37
839 70 87
3705 2373 99
1438 1587 66
1485 2158 58
3398 3043 50
3244 890 88
2665 862 67
316 1558 40
2128 306 17
536 3833 91
3628 1447 94
2562 3040 56
1806 1402 40
944 1392 87
3383 2325 43
2311 2073 81
2244 976 59
583 3097 67
1017 756 35
1402 2979 66
2183 2598 71
2700 1541 85
316 3317 86
2747 288 87
317 1875 52
2010 1248 16
349 1923 94
986 2135 10
2164 2851 28
3786 3450 46
665 1531 81
1546 791 35
3024 817 42
2661 213 100
1927 551 11
2243 310 76
1632 328 46
2784 129 30
2662 3243 83
587 1243 87
2254 3386 75
829 1545 66
3067 1833 30
2716 1519 66
2832 1509 69
2488 12 95
183 2122 39
1572 1726 54
2927 629 29
2383 2644 98
1402 695 44
79 2599 29
3616 1094 20
2595 2927 97
2935 3693 39
1233 228 76
2716 3451 33
1160 945 45
3837 1906 51
1190 822 40
3244 1306 70
2836 2880 68
1065 2278 63
3293 3475 42
2448 3585 31
3090 3471 27
2365 3850 27
941 2439 51
3705 2891 77
2505 1967 48
122 659 47
3275 2117 36
1858 2295 22
98 574 67
1958 1129 71
2960 2805 59
1542 2991 76
3374 3279 78
1286 816 80
2023 279 95
2606 2733 68
1305 2827 10
2383 782 13
228 2184 17
2047 2567 15
3508 618 18
326 2399 72
3874 183 43
2530 554 17
866 467 89
2734 3757 24
2680 2436 78
2783 3703 58
1102 3787 90
1410 2715 69
3529 3129 47
1754 184 21
2260 480 54
3722 1953 84
2289 2584 10
2318 3844 42
2715 2786 61
738 2543 84
3312 2507 35
285 138 38
3517 2100 41
286 1522 17
2412 1746 54
147 1665 96
3026 1332 90
2283 227 35
3783 309 91
343 1311 57
12 2689 88
2253 3851 70
2147 2227 27
3032 1533 50
3844 1206 96
2964 1162 56
2305 3808 63
609 1776 47
1791 261 43
330 3135 17
3170 1513 54
429 3636 90
3833 997 30
1064 1523 44
2001 873 42
1290 2880 32
2265 3620 89
1953 2973 57
567 202 64
91 3131 73
7 1622 33
2710 430 21
746 2367 15
344 2384 86
2321 2616 72
2682 2347 25
1694 1837 19
526 500 88
1521 3242 49
2621 494 56
3570 432 90
2951 1298 58
2083 407 58
1384 3669 61
289 1821 68
3595 494 21
2819 961 12
2134 1815 92
1364 333 51
869 1110 68
3074 2181 58
426 1222 32
533 3733 21
2877 454 78
2811 1479 46
99 876 44
1691 3116 44
2506 2544 97
1032 855 79
207 450 83
1614 265 100
718 3771 18
3012 1136 28
3514 2676 13
993 1465 50
2805 3391 53
2799 658 19
1847 137 44
3812 2332 56
409 410 18
2221 2436 75
867 2118 29
1223 2582 34
3319 2062 16
2310 1696 34
1125 3799 43
335 1076 18
2708 3443 82
2227 696 60
2240 2276 94
2365 2917 20
1966 690 79
1930 3836 60
2302 3194 68
3745 1685 95
418 857 54
3431 64 99
3266 972 79
1449 2630 21
3845 85 69
976 3439 30
1140 2173 76
3761 3604 40
1954 842 20
1902 2731 29
399 3569 37
2532 1300 62
2545 3068 23
3514 112 81
247 3735 46
656 1572 88
3566 3146 62
1907 2197 90
2911 835 18
808 2305 28
2168 125 50
21 3782 23
838 617 76
3175 2615 19
3170 1712 84
1699 1211 93
1378 2975 93
1208 3600 35
39 502 46
3037 911 57
372 2366 95
2820 3698 83
2826 2778 12
1982 2520 93
365 3682 26
1522 1730 56
55 3245 26
2249 2321 90
3451 2261 64
929 276 65
2479 678 97
290 555 94
3285 3482 24
920 688 51
1591 801 62
1469 2205 95
500 1361 19
2903 2151 67
455 2704 23
1449 2648 29
1026 3176 63
3595 2570 33
3844 416 94
1391 41 67
3536 2298 49
1081 1243 70
1876 198 82
3546 1576 54
2913 1913 70
439 3178 28
3676 3381 62
3497 3686 91
1774 407 53
3033 664 19
2945 2908 61
1217 2001 72
1856 3796 96
2329 1884 69
1871 573 35
3158 3610 51
2380 2636 75
3291 884 58
2679 762 71
1315 2854 53
3183 496 37
673 3281 65
3838 552 64
954 1525 39
1270 2203 65
2526 3423 21
503 30 12
3673 3125 66
643 1684 38
2818 2981 96
1383 3040 18
3697 3030 28
1421 2624 17
2853 2857 25
934 3040 89
3770 1123 31
3047 1044 85
3216 3784 53
2327 2365 41
1817 2917 81
2109 3179 85
2182 3299 29
2210 440 47
2707 1408 15
2302 3039 73
3213 528 47
785 3042 25
257 472 11
3765 608 69
501 380 20
3806 271 74
1379 1060 35
1142 3741 55
2644 68 100
808 1262 19
198 3201 46
79 3121 84
831 452 59
1533 1218 78
1750 676 18
583 2844 15
3476 2442 17
831 1186 55
3038 2836 30
3788 675 69
3625 488 94
3876 2305 94
2848 2987 53
2647 988 70
2141 3561 54
2260 555 98
3581 3637 56
352 1506 79
3837 594 92
3811 470 74
2138 57 100
2363 319 19
1312 1428 90
160 1645 56
927 1816 43
1114 1856 16
2690 1078 87
46 197 82
1716 3580 65
616 2127 92
2300 1747 96
3592 3754 54
232 3313 91
2769 2846 93
1141 1187 91
1038 2951 52
3486 3504 62
896 312 55
3414 1654 47
493 1793 22
1663 714 71
2720 1917 45
1906 2729 33
3120 1279 64
962 3821 37
2951 2481 60
2142 733 73
1161 2853 96
276 1576 47
1097 394 48
3512 2196 49
1399 2688 24
2909 2402 99
568 33 93
3508 642 90
1060 2703 73
2006 292 45
2161 90 81
895 1774 92
3146 3079 77
2760 1665 76
2607 3498 66
267 2684 90
1316 206 96
1907 2524 36
1527 61 85
2926 3389 19
925 3521 40
295 1891 18
2808 1431 89
3038 244 50
1846 327 90
1705 3767 97
2720 378 11
2783 1182 11
3370 963 91
3387 585 58
1122 1178 50
140 906 29
249 1994 84
559 3212 53
3389 2010 27
1344 3002 95
536 3529 61
2076 2841 40
3275 3335 25
1551 1683 30
2700 1398 46
2463 374 82
893 3819 56
2954 675 99
1347 2316 89
117 2707 67
3597 1578 100
500 3361 56
571 2814 99
2131 1630 49
2512 47 71
240 1272 100
2105 88 45
3401 2052 82
1067 3489 82
2587 3632 87
2368 3043 80
2262 2804 41
474 1558 54
2564 1790 52
2096 2209 30
2845 1746 19
3299 261 55
1229 3754 100
1020 3260 66
2781 2245 99
155 1057 75
3350 3808 46
3349 134 81
1351 2501 11
1238 1081 55
3371 982 73
3592 1718 61
3675 2854 88
80 2054 79
1054 64 66
728 400 92
3404 3083 58
1847 3736 76
2335 2063 87
2856 876 66
1257 3590 21
640 2615 72
3434 892 72
2023 2611 54
722 1529 48
2606 3744 23
1623 3423 33
1645 1896 96
1266 476 56
107 1432 95
2557 1798 20
3785 519 12
3480 1686 50
3437 879 51
2972 1262 50
1849 1241 77
3144 1989 90
3596 565 54
347 1706 46
3525 3018 96
1070 3680 26
1291 3060 71
847 89 74
1355 479 15
1782 725 18
684 3128 52
946 2360 58
3574 1353 89
673 3152 37
320 1748 74
3005 362 92
2921 1744 35
345 3816 41
1389 1334 66
2973 3760 61
3592 1264 57
1109 3084 68
3249 980 47
3306 425 82
3632 687 41
1847 3769 58
1852 3307 25
3401 1427 86
3193 498 37
3413 747 10
488 1626 86
1272 894 81
2510 1035 40
1148 2954 28
3593 1140 44
819 1078 43
534 2143 68
1270 2505 97
1944 2214 29
2368 830 12
1557 3103 35
1284 279 26
1103 2539 75
2639 878 38
491 339 34
2165 1303 31
867 518 36
1658 975 71
712 327 53
3104 3459 66
3690 1552 44
3652 1069 11
343 2099 73
3281 1738 95
2959 669 47
1205 2776 42
1429 37 44
2372 814 80
1494 1554 40
1390 981 90
3094 2719 56
1389 2703 14
1904 2870 83
1293 1994 60
786 3706 46
293 1444 14
2502 149 66
1649 2507 42
3214 2618 93
1959 2064 93
3108 1594 84
1727 3784 44
91 178 36
3028 1306 64
796 1071 91
2392 774 19
3703 2360 35
1478 3706 40
1073 2302 68
1761 1177 26
9 1449 64
3555 883 48
3555 1722 90
2633 2948 84
2577 3548 70
3549 3134 63
2403 3476 53
640 41 32
1750 3129 29
3191 2352 54
148 309 94
1134 1486 73
738 1624 74
76 851 60
3566 2442 82
2384 1564 31
3033 1548 34
3636 1171 26
62 421 33
2165 2237 29
879 720 49
1015 1915 53
1837 3319 54
12 1057 19
3583 2482 18
2523 2656 92
3259 2500 10
2218 2937 28
2723 1198 50
3723 3370 10
1766 2182 34
2236 3436 41
1410 2210 59
2362 700 35
21 1705 89
2979 899 51
934 3827 11
3247 1104 19
1985 2966 26
1863 3495 49
3754 2844 32
1937 3729 26
1542 1077 53
2181 390 94
2636 653 96
3578 987 81
717 60 90
1432 541 86
403 976 30
1581 1270 41
524 2736 29
2034 868 77
2646 1666 64
3493 450 76
2799 1920 38
1621 3135 76
1079 596 52
582 82 74
3838 1671 19
2322 3841 58
3157 3827 25
1261 1182 85
3382 3125 32
1331 3499 94
1569 2925 67
2839 1697 89
3435 1105 19
1897 166 37
3875 3618 34
3650 3798 51
33 3014 88
3269 1900 35
2183 3162 34
1802 1757 18
3118 3456 76
258 1858 57
717 3364 56
2822 1113 47
1465 866 87
2244 3817 35
393 47 15
1937 1931 14
1939 211 86
3815 3058 81
473 3730 99
3566 224 27
257 1917 84
3074 395 98
2064 363 12
3449 3410 40
2611 2018 80
3786 1597 77
2968 1278 67
3485 2859 70
2949 2793 71
1444 2754 54
1556 1340 91
2167 2463 38
3396 19 25
245 809 25
796 3174 76
1178 1927 19
1187 3169 100
2643 2853 49
1621 2423 63
2904 650 64
3361 626 85
3424 2012 28
1522 2663 67
1582 996 68
1473 1119 23
2991 2955 88
3655 218 74
3509 3661 75
3778 1305 49
3090 1755 28
851 3257 96
1278 1133 78
2650 1129 89
1067 226 66
3635 2757 28
1351 1034 28
960 1898 15
507 2726 27
1580 2207 14
2565 1858 33
1039 3087 59
3550 3630 17
3085 3783 64
781 1729 33
2819 1017 72
3277 866 66
3360 3450 73
2558 3667 82
3848 2869 76
1199 1849 100
2050 3234 20
173 3003 79
1363 1752 18
769 547 16
1984 627 95
2067 2360 39
2731 158 20
170 48 72
2798 896 81
453 1185 10
3469 3576 12
3815 698 88
1458 1809 12
133 2737 23
3678 1657 27
642 247 62
589 1418 44
3195 3635 76
1942 3624 18
3354 513 38
3205 714 33
2139 3702 73
1582 2792 18
2873 978 84
1523 647 99
643 587 97
1029 3622 88
3293 651 35
2842 953 22
1186 2336 27
1272 3638 52
628 3582 15
1258 2344 87
1239 1049 25
3148 2886 66
475 2238 87
1286 3302 45
961 3729 32
1416 2714 57
1080 3498 38
1884 3368 35
3018 2296 57
2222 1367 37
262 2053 23
3585 444 33
3436 469 61
3616 3560 92
73 1493 100
2383 2750 50
708 320 82
1257 1361 25
1588 2213 83
3875 1398 32
345 3375 93
3261 2911 67
2023 880 60
799 14 35
1295 866 36
3752 3625 50
1353 3876 48
2100 3570 92
3771 2548 81
66 384 10
207 3854 61
3038 2277 11
3721 3243 81
2411 1605 21
894 2149 59
3117 1129 89
1805 2849 54
744 2227 90
3552 2884 85
3740 1977 90
1830 1832 92
1618 3868 62
123 1146 69
3411 1867 27
511 459 10
1827 1490 45
17 94 19
2079 1622 54
2072 15 23
1261 1775 68
3470 1105 77
1558 1081 71
1907 1546 96
1725 2700 72
2682 533 52
1107 3216 34
3749 1082 75
817 834 24
2290 2930 72
3349 1162 10
2658 544 66
60 864 15
277 2471 49
1579 202 100
3877 3651 50
2055 790 23
2105 2254 10
2296 3073 63
1318 246 52
2516 3217 50
263 648 79
1022 3494 38
2736 2293 48
1608 47 41
3161 1929 15
2540 584 69
811 2119 37
1446 375 54
139 3397 38
1430 744 82
1760 2526 11
2926 1145 66
1486 3737 49
2634 3193 15
2664 3158 10
2490 3518 76
827 444 96
186 2765 76
3542 1320 23
348 1891 42
800 2517 58
1748 3569 33
734 2596 75
3782 47 73
3342 11 91
810 1292 53
988 2052 43
3837 3566 92
2776 123 18
3454 1065 26
2694 3595 71
2678 1825 56
1181 1180 98
2334 3148 69
20 83 17
2625 3487 71
604 1752 53
978 2619 63
2594 2199 11
1631 1581 94
908 2024 59
3611 1032 44
3776 3270 39
745 395 39
1397 1716 24
1607 329 45
3575 1698 29
2712 3082 55
1005 1687 76
3582 1800 75
2988 530 76
1643 64 30
2880 158 66
2464 1469 77
829 2624 14
2960 3187 32
1855 1306 71
2316 3145 29
2506 2320 31
590 3279 83
306 3558 40
1380 1802 40
1119 2481 71
1804 3391 42
417 1406 97
2896 188 17
1636 1718 75
2491 2293 41
2071 756 22
1892 1194 35
12 2659 36
1271 2956 46
2485 145 95
462 871 33
2644 3097 84
3419 3733 38
465 2287 21
2563 2104 48
189 572 89
2603 3577 39
1970 995 15
1232 2755 26
2522 732 23
2426 1687 34
8 294 93
1583 536 14
1726 3339 84
2828 2650 51
2845 60 100
495 381 88
953 1183 54
2642 1976 88
1124 2792 14
2910 2793 55
3448 294 36
3337 1359 62
2586 2282 12
1765 1427 17
3741 777 35
3348 2834 77
59 1689 59
3706 648 52
753 1530 70
2476 3259 14
2746 960 37
3803 125 56
2146 1364 72
1453 339 66
1061 1161 39
1807 866 81
442 2489 47
3114 691 22
1945 3528 57
1155 2745 38
184 1343 80
953 2264 73
348 1649 39
3010 1884 82
3357 2200 40
1333 3312 18
437 3370 94
2013 2965 39
3438 1804 45
1294 2666 82
3805 1961 32
2443 3149 90
3434 2717 80
2762 3282 13
1481 957 12
2404 2971 38
1149 1913 23
2011 2403 53
1900 3738 84
2247 3083 20
3382 1229 50
2385 2225 59
2034 688 59
1014 1853 57
3867 62 84
490 391 100
2341 3507 43
3110 3041 16
599 1385 37
1582 2605 47
2 1942 23
1703 1214 91
3149 2720 96
613 3146 39
3386 2780 52
915 17 44
3668 1809 94
1411 248 18
1190 1172 78
3032 1787 21
1659 1770 80
3074 2370 61
1390 473 18
1283 2871 31
2877 3351 73
2637 2293 29
3258 392 63
308 398 62
2880 3121 17
2559 3139 67
286 2238 30
3292 1310 72
3585 2657 66
2571 1631 94
1550 3264 40
654 2807 63
3814 2657 38
563 2948 17
2626 343 57
3777 2194 44
3448 3129 50
3088 3143 50
1570 2008 46
3011 252 68
2385 492 23
1750 2162 89
39 1670 85
1568 3233 41
717 1814 37
2925 2621 69
3693 1527 77
1250 2639 60
2358 3316 96
3550 83 53
1075 129 54
1654 3621 69
3530 2091 80
3198 1589 16
625 3876 97
421 3364 88
3082 3188 11
2818 728 72
3171 2528 70
2452 2213 36
507 1831 52
3472 2790 13
1954 3248 31
3065 988 91
2957 309 69
753 446 95
684 2680 66
2980 2990 90
3502 1198 93
1883 3465 33
1002 1016 74
1885 2365 92
2367 3290 96
3646 3165 28
1714 1673 95
979 1317 91
3764 1472 42
1444 1192 37
747 3352 51
85 2203 63
2234 1439 53
2668 2740 51
814 2118 33
362 3424 28
3869 877 80
3726 3039 57
2413 2812 49
1350 742 79
2304 350 15
3425 3581 10
594 2228 44
1227 1368 56
2207 2626 40
2013 1924 75
2068 3841 83
1691 272 47
1303 3010 49
378 2891 57
3137 385 33
3257 299 51
600 3228 91
1800 2474 53
2813 2961 99
17 1679 26
2881 122 56
1609 554 19
91 1590 85
3336 3356 93
3371 483 27
1448 2500 96
2504 1273 56
3154 2051 11
1404 3465 32
3109 1589 74
3866 587 47
1909 2297 84
1400 1869 18
3041 1840 34
1038 3666 74
3661 2605 15
3275 721 77
1394 1086 17
302 422 67
2153 3132 91
2583 3365 99
1484 534 91
3694 2928 85
477 1340 89
544 3681 96
64 3030 17
3640 3757 85
1694 2358 12
3324 3419 98
3826 2253 51
2112 1030 84
1361 3457 58
3246 1333 86
1811 286 30
513 704 50
127 2324 71
192 2149 31
2236 1678 22
3825 1384 30
3611 2487 96
3382 2934 100
1795 2742 89
3461 1869 82
3474 2359 68
3689 2410 56
323 1659 79
3558 2376 24
1575 2113 90
968 550 43
3248 1050 37
244 1317 16
468 796 79
1576 2870 45
2220 650 91
3839 1927 39
775 1648 74
793 1443 44
769 459 63
3210 3176 39
3383 1718 45
3824 1037 31
3313 3293 41
1076 674 32
987 3388 36
2089 3043 53
3319 1293 31
1019 2760 28
2996 1771 61
3747 490 29
1108 2089 48
1661 481 51
1747 260 79
3739 2553 91
2065 2885 91
3726 3704 74
2444 3060 41
2440 869 63
3575 2980 81
2124 3810 53
2560 2993 61
868 3537 47
3304 2796 69
2972 766 34
3498 965 66
296 3714 65
575 3623 63
398 1151 21
328 1096 62
1828 1633 91
1355 1599 65
1411 173 95
1727 2898 50
1545 2745 43
3050 1146 13
2297 510 93
2636 1722 19
2466 2279 15
1338 428 90
3267 3092 60
898 2221 68
318 3602 36
736 1142 27
1490 3114 26
1851 2558 72
2028 2296 61
2358 3715 39
2057 1109 25
47 3195 98
2141 2329 82
2866 3721 61
3257 3439 34
3013 1199 41
2142 1136 76
349 2176 84
768 703 77
2994 88 87
1409 2212 26
2918 1463 36
2608 3301 18
736 40 34
3104 600 45
1474 1143 37
2200 2728 49
484 3753 14
3565 3032 14
1950 1889 14
3270 1597 31
1042 3709 66
2493 605 95
2332 978 85
580 1030 87
1324 1570 18
1584 1174 12
2595 627 72
3593 1879 16
370 2550 59
2640 2276 75
3498 1164 79
2324 2683 41
1528 790 46
3560 2595 46
1588 915 73
1452 2617 27
2755 2787 25
2736 40 28
1409 3679 65
632 1510 100
3 642 53
115 2953 19
1780 825 82
2020 701 14
1279 2606 61
385 2861 73
1716 2592 100
1114 1768 74
3094 349 78
3143 3647 37
1889 1222 21
798 1819 26
2574 1296 32
3530 3271 57
894 306 47
2618 911 57
3731 2448 86
2040 2713 96
3000 3209 67
2942 1703 35
1724 667 74
986 1098 71
3674 2871 54
280 3165 54
493 791 62
1732 3079 84
991 1792 69
2702 152 65
3778 3743 13
3711 1734 15
3567 1544 75
1611 1888 97
817 305 58
2637 3403 48
360 3755 15
1553 2988 39
59 16 87
1817 1629 90
1443 2441 37
2642 2688 87
201 2729 13
1265 2938 32
2811 1777 67
1710 2562 37
2748 3617 88
3010 2976 20
1247 1464 90
965 3603 100
2018 3564 72
2074 682 41
2082 3417 41
256 777 97
2166 1220 48
1280 1484 97
1404 602 53
2544 2490 100
1752 935 13
287 127 83
3664 3735 86
1260 1969 62
2110 1277 87
3182 3645 44
1095 2722 85
3795 2659 83
72 2378 84
266 1470 51
903 2563 28
2770 1977 77
1335 291 35
2979 18 67
504 2965 36
691 1004 15
760 1494 25
1224 488 39
2186 2967 25
2539 3803 58
2494 2777 26
2246 1550 69
2212 2935 43
2958 857 26
3532 1884 16
1453 185 68
1994 1861 10
228 3687 21
3875 2173 29
1687 1775 89
695 1237 51
3711 2077 77
1751 787 97
2182 1339 37
3191 1462 51
3580 306 42
1865 3271 90
412 3242 74
3245 1461 36
1265 3723 49
2735 1080 61
790 1307 36
1356 274 33
2952 136 90
3876 760 40
501 3259 10
1227 2458 72
291 248 35
2002 2885 68
72 1396 93
2129 1889 87
2972 2142 50
3263 3505 40
3041 433 20
2959 2995 73
964 3554 24
118 2076 18
1296 2569 97
2114 3016 97
2678 3548 27
2834 1205 14
1884 2118 99
2225 925 75
3354 157 26
2198 1645 36
824 828 94
2308 209 33
3330 93 87
2544 347 61
583 3022 44
632 956 86
2631 2165 53
3737 259 15
686 2905 75
940 361 85
1222 1190 62
1484 1016 23
2438 1897 12
2564 3580 77
3305 648 62
3193 2616 88
3249 2208 53
2257 752 77
3700 1478 47
2330 3618 72
768 2006 96
2614 1541 51
666 2070 38
289 3749 88
2869 12 90
2905 3124 93
3390 2499 14
953 3418 87
2010 1138 74
166 473 12
2919 2635 18
3609 2249 65
839 3737 40
754 3590 36
3549 1861 45
3274 550 27
2809 2592 62
3777 434 44
2982 1423 39
700 768 79
1333 1794 43
1553 1602 97
880 2508 87
850 3840 75
517 1622 43
2407 2792 98
3459 3597 88
3785 3481 90
2704 3736 91
1635 1805 32
3456 2374 79
2469 1790 58
1031 153 60
3437 398 59
2104 1090 22
1204 1114 14
3358 3100 43
3027 2598 54
1210 2356 87
808 2278 14
18 133 100
324 2864 100
426 99 58
278 1735 44
1833 3859 33
1882 725 18
2380 1734 55
1763 2733 78
3532 3818 40
1032 1458 91
162 334 62
320 1048 48
1981 59 38
2662 3840 80
3060 2938 44
1488 2119 78
2428 807 31
1916 219 27
3616 928 59
1532 436 75
1850 3013 95
2211 1957 19
2290 3337 88
1502 2334 57
1548 978 58
713 3126 83
3093 3434 92
2675 3366 97
3600 732 39
2537 1005 26
3519 1121 64
3843 1548 36
2119 1323 36
2813 3815 73
2529 266 17
2076 3129 57
3269 3802 35
2494 2170 11
92 2870 37
1251 2000 59
942 2380 71
2348 3829 11
2759 2131 97
3445 496 52
729 1002 75
623 1558 77
1466 1856 15
76 3226 18
183 976 82
555 1133 57
1492 757 48
17 1441 22
3305 3790 57
1597 693 70
820 1107 69
2558 3805 74
370 1640 87
2188 2851 54
1813 3687 38
1561 625 11
571 1563 33
1734 1570 82
1545 2681 62
3102 190 86
878 1863 68
194 1179 42
2483 3851 36
3460 3591 76
708 1090 71
734 3556 38
823 3645 23
2472 2334 74
1298 494 13
1374 343 42
3742 2277 61
3055 2552 40
1532 206 26
844 3408 45
2358 3748 74
248 1260 76
1235 822 12
1096 2630 98
3533 2393 60
3190 2710 96
3797 1787 20
3291 530 36
1056 3387 93
2162 306 66
188 1165 14
3156 1538 96
372 708 51
1489 585 76
3203 1940 31
2048 605 100
2071 2773 86
699 1023 32
2321 2383 55
1598 3751 38
2929 878 28
2626 803 45
272 2973 73
1910 1648 90
2942 35 85
3421 1077 79
2947 3510 78
572 2661 76
2258 315 40
1563 17 18
2844 3665 14
2613 1333 24
1318 2868 88
1640 936 91
3269 666 93
604 727 84
1501 1661 71
1646 2273 28
3763 1672 92
2707 2125 40
2666 1290 82
2168 3262 25
3462 275 68
1851 422 69
1415 2945 49
1305 1812 77
3421 1871 51
2963 2830 21
2978 2446 48
2542 843 41
3123 293 67
1178 545 79
3135 3651 25
1150 739 50
1661 1860 27
3229 531 70
2319 72 33
2006 2444 73
79 1089 40
608 3450 20
614 3221 34
1535 2539 30
2168 306 91
3199 1309 51
3083 1332 15
1985 1922 100
483 809 86
393 645 41
2653 2640 63
534 3514 81
2666 1619 91
2218 3805 18
2595 345 68
1083 226 88
2783 2237 91
437 1357 45
2143 348 48
524 2387 62
3402 1163 23
2054 3846 58
3162 1019 91
3628 2573 78
3231 2773 13
1517 2006 19
3407 1302 98
67 550 62
117 3304 25
164 2279 46
3649 2821 16
723 583 56
754 1069 78
2997 234 66
1029 2036 23
574 2658 14
2589 1407 79
1398 771 44
239 2481 14
334 1836 29
1228 1961 21
2485 1132 35
3186 3774 37
1448 1637 86
1409 471 97
175 3762 63
3104 1710 74
3446 1966 47
3118 1268 79
3670 3135 30
2514 2274 51
3576 771 84
476 2061 39
2587 1701 85
2992 723 47
538 3469 18
2924 2541 78
1774 1737 76
2405 1000 14
874 2714 77
904 2250 45
1489 1101 10
3023 202 59
3596 3316 18
2176 3816 89
1876 1795 92
1271 473 50
3148 1267 36
1451 3247 27
3119 1649 48
2739 1191 48
2841 3248 88
1137 2728 60
3488 1806 46
477 3485 76
1521 2912 34
3258 2801 45
2904 3345 79
2610 2880 40
1265 1717 80
3808 1845 82
297 2557 17
3809 1039 18
2987 983 94
2534 2980 52
1395 1308 39
1490 2041 86
2261 1042 70
2974 2041 61
709 1700 57
861 2086 86
2397 2140 62
3316 1930 62
127 1353 39
3110 810 63
337 1564 27
1220 1814 36
3256 18 27
113 2157 73
1102 2089 52
987 2839 42
1280 2698 12
3578 3170 85
1817 3542 66
2533 3338 78
543 2928 75
454 2419 97
3405 427 20
3041 1177 36
2786 1256 24
2838 751 20
1959 742 61
1524 839 31
1016 523 32
1982 893 53
2868 2247 12
1806 1158 80
3702 251 81
731 1387 31
2275 1606 79
1026 849 55
3510 2605 42
494 550 85
411 2815 25
3237 3142 26
951 2240 67
2178 2866 26
2530 2163 32
418 3796 13
3801 3010 94
3276 709 14
1721 2354 95
1523 2417 20
3556 2016 81
2615 1135 29
2439 426 26
2106 1249 11
2887 30 19
1842 3646 66
628 1724 49
1429 721 45
1579 1188 41
3246 3825 39
3357 3515 99
3699 869 88
275 3529 25
2975 3094 36
792 270 25
3549 656 27
1712 2373 43
3506 326 11
537 1012 22
559 1309 51
2418 1458 39
2143 709 17
816 799 59
2437 3562 21
3101 493 20
353 3242 56
2111 3633 68
489 3204 81
1927 2118 35
1007 2460 96
762 2107 21
1498 2238 43
1552 41 93
1370 2101 36
2293 319 87
3494 2959 54
2865 2921 88
592 186 16
2447 3112 41
2911 2312 84
309 1082 20
3829 2393 84
495 2792 65
3273 1543 33
3330 954 27
3257 1652 58
1591 1456 53
1527 3232 70
387 1370 77
614 1700 29
3631 2603 83
1975 1873 88
989 1098 44
3352 3088 36
503 3795 17
1203 1995 79
1395 2265 10
752 627 33
3148 3341 57
3748 3324 27
3663 1065 23
2205 851 77
502 2459 63
3689 566 65
2403 362 25
1860 2864 39
2215 1585 64
3460 113 59
2822 2392 18
2136 2078 49
1686 3519 94
2081 237 33
3408 400 91
2726 1242 35
2693 2594 59
2846 269 20
2719 2046 48
2404 448 55
1564 1637 68
3392 62 65
1495 1197 64
2567 2250 46
595 2525 96
655 2572 61
1381 111 80
2813 1094 37
894 1692 50
9 2594 25
1965 1207 11
2454 2828 16
345 233 91
2752 3460 83
2699 3144 53
1588 954 93
1831 3490 55
3469 2368 45
1537 634 15
1546 2593 68
2906 3049 47
1700 3129 19
2429 739 82
1910 2079 55
1248 1293 55
1936 590 87
2367 3853 100
2307 2001 40
2197 2763 51
3724 3660 32
3814 3019 55
2562 553 73
1278 1122 52
535 2100 91
774 1055 88
766 3609 36
794 2330 85
194 2930 17
435 3496 67
449 2547 80
2059 814 22
1631 2224 39
2738 286 96
366 3854 10
2731 224 74
3194 1967 71
2168 3185 61
3280 2406 15
902 1395 10
3657 465 15
3143 3677 100
1667 208 89
146 3641 95
2678 793 70
2529 3710 28
2871 1156 54
946 2929 42
3105 1285 67
3411 2538 58
2043 2655 51
580 3479 58
2837 1917 78
3087 3463 91
1703 520 85
466 865 81
3741 3538 32
2591 2763 92
3060 830 22
157 3150 69
2613 92 26
2041 2559 21
3628 1718 10
3826 56 22
1213 27 23
35 1226 45
3216 2115 48
351 3089 52
2220 1254 79
1937 1188 74
1675 19 66
722 1452 79
2362 2872 55
2675 3059 66
3182 2807 99
80 1370 89
3823 3219 19
681 3283 72
3750 3555 10
223 3804 53
2660 2649 29
3177 9 65
3488 2088 99
2634 170 79
2692 1323 30
2217 2745 26
949 2587 73
2054 2981 71
3106 143 72
3298 1570 18
1486 1186 73
1254 2546 48
3529 3341 33
2192 2269 70
2475 2372 27
2758 1479 17
1674 1209 92
1090 1407 67
2681 3769 77
951 2271 50
3836 1769 28
2429 3457 40
466 3708 56
2353 3510 84
712 3545 10
3636 2709 79
3018 689 20
3305 3213 52
1894 3334 99
966 3365 31
2256 349 14
3414 2324 76
444 533 86
202 2962 29
1681 3661 63
2130 1356 57
1076 2388 35
100 114 62
3228 1139 81
2758 3187 58
249 2159 55
3847 2785 46
3005 1077 94
766 1996 26
224 2204 98
542 2663 15
941 202 41
2608 922 33
3852 1641 68
3137 1947 58
1840 2945 50
3088 2043 98
953 1766 34
2773 1383 46
1795 3647 35
3351 1628 95
3774 339 96
2153 2796 72
3502 3294 31
3443 2730 58
1420 2723 87
2404 1673 12
2552 1727 60
3607 3621 56
3146 3017 25
3056 712 19
907 354 74
1430 407 74
3613 509 68
115 3402 55
2203 3808 92
343 2209 74
1600 2389 18
1071 579 56
642 369 89
558 3023 94
2726 2297 68
3023 1447 75
2509 12 12
1743 2164 21
2072 3170 74
1538 1053 87
1255 1953 20
1573 144 42
771 1832 58
311 3560 67
549 2311 89
1879 1908 86
3019 3843 27
3303 161 84
789 1292 92
1777 1125 82
2096 1251 94
3084 3686 35
3566 3688 57
2904 2893 80
704 1341 11
1795 2561 61
3668 1261 98
1147 912 89
2040 3388 93
1416 2217 94
3603 586 27
10 3836 34
2231 2625 89
701 3447 29
1573 1135 25
2140 2873 86
2650 3038 80
3736 2286 64
2949 3863 52
1073 2308 35
1250 1040 68
1665 2391 58
2005 2640 89
2983 2393 87
137 1980 35
3695 3034 15
346 3224 80
1888 1451 20
3424 474 80
49 549 20
2994 3531 72
1461 3523 81
2475 627 55
3463 2833 37
1049 1773 85
223 2407 100
1371 647 74
265 2473 32
2317 3586 70
2539 1118 41
907 3018 10
1027 3039 80
1782 2768 14
665 1922 83
3455 1729 50
560 3021 24
2235 3033 92
3754 682 59
3809 865 68
2293 1927 49
3653 2653 78
582 275 29
2362 2033 66
1634 1105 15
1829 951 98
2537 2500 70
3094 2790 76
357 2772 74
2932 2961 61
832 2032 91
2230 1710 59
1745 3160 58
177 2583 68
130 1212 63
3876 1628 40
2085 2513 53
1946 1686 49
3844 3392 48
602 3493 15
1817 3213 93
2665 2830 38
2647 2397 68
1089 625 65
1950 2224 21
7 2201 15
1141 569 91
2138 1957 14
391 1172 91
3849 2195 12
2966 1170 12
101 3284 53
1872 1531 24
2287 285 72
413 1526 11
2556 477 31
2645 1376 96
1912 1498 89
1490 1188 88
1327 1976 100
1216 1825 27
1864 906 17
3313 3728 13
1848 446 17
1977 2606 26
656 46 14
1289 3376 51
3445 1467 81
2116 2932 56
2785 1240 56
3045 429 83
993 1756 25
993 2140 74
1986 1938 73
2741 57 24
2278 115 60
1322 2525 93
3518 3218 59
106 133 52
2587 83 34
965 3602 16
2119 1111 85
3476 3397 84
2806 1607 48
2359 1152 10
2148 3636 22
2771 346 40
402 2953 93
2390 3438 83
314 3284 94
2999 3282 56
406 1191 38
1543 2514 25
3059 2067 51
2748 2223 24
3736 1427 46
2142 3689 22
2510 3853 73
1560 3662 47
2216 911 45
1535 872 58
2955 3528 97
1817 149 38
1240 3053 63
2457 2261 87
268 1295 19
3339 38 21
1206 1615 63
1546 3011 60
3158 2472 82
2269 2338 29
2442 932 12
1948 3338 65
2846 204 22
2576 562 50
1374 3522 48
2499 3488 52
2717 2301 78
3155 3182 90
1851 2241 26
542 1585 63
2065 121 26
2097 966 12
3593 1355 22
1958 3875 66
1937 1736 90
2029 1557 25
3800 185 34
818 2455 39
382 1856 34
1591 1395 40
895 2067 89
608 701 49
2535 1715 61
1047 2920 73
86 316 77
2965 3047 97
70 3064 14
3333 1154 73
2683 1870 32
2178 2175 54
15 508 20
3181 1896 71
2867 1183 13
689 2978 47
1220 3544 36
3359 188 47
1489 500 81
1583 195 37
2024 1768 40
2086 3686 61
3610 3834 84
2832 3085 51
2687 770 17
2405 2383 72
943 2334 28
3072 2195 36
492 1557 56
2940 2385 88
3542 2425 25
62 171 88
2320 1651 96
1721 1305 38
450 402 49
1920 1960 62
1823 360 35
107 653 78
3486 3057 97
2996 999 24
260 2982 76
2065 3794 22
929 2057 95
2453 171 40
1095 2750 31
892 3267 95
938 3654 18
3705 3704 89
1534 938 79
2563 3067 48
1364 923 68
94 237 28
3058 2120 68
3289 2108 41
2786 2715 53
3310 1178 66
3772 2131 25
2252 2295 38
2316 621 94
2770 2802 45
1797 2263 71
1517 3249 49
2912 2265 54
2214 1831 39
2043 10 52
2930 1394 26
1043 3486 97
1828 3639 37
367 1610 13
637 2531 60
495 2863 35
2983 1276 88
1772 1664 43
631 393 22
741 3360 22
3508 733 62
1845 2388 60
2713 511 42
3598 2847 56
717 3176 12
3177 1385 90
3018 295 15
61 3363 86
3773 1430 34
1661 2881 43
191 2695 84
2637 1623 51
1377 3175 52
3696 3713 92
631 1391 82
529 3297 26
1486 3466 87
3341 251 65
1579 1352 33
1130 2216 48
3812 2611 49
2321 3597 42
3172 3697 23
2038 3457 83
3648 3731 83
2713 3364 19
1017 2299 46
1419 3312 13
1487 450 89
3801 3087 11
1107 3151 99
2473 2918 81
1859 3165 51
617 930 29
798 3684 41
2836 2407 42
1969 3862 16
1174 3667 32
2575 2328 71
3231 2114 61
2352 1153 86
889 1650 87
1600 1560 85
2201 141 60
761 2735 18
555 150 72
726 2423 78
1999 1343 54
2660 107 53
706 616 39
1170 2453 77
2935 784 55
3422 3248 70
3135 2135 33
2433 2694 24
2799 2931 94
3433 3532 62
1831 1946 13
1207 918 92
882 2523 32
2949 3870 88
3240 1828 34
1259 2799 90
717 2521 26
2983 3354 40
1575 1189 90
2163 3616 64
11 1409 43
303 3666 83
1710 3230 43
195 794 51
3269 2119 33
3722 1966 88
2117 1211 94
162 1688 30
1141 1410 60
2302 628 20
2152 2206 82
76 2985 63
445 3192 78
48 757 31
2149 1973 22
3630 3115 55
1910 112 38
691 2314 36
3443 2203 32
598 939 31
1538 3402 79
2656 2049 82
1136 1591 89
1726 1664 33
1272 170 39
1251 2952 11
3825 2743 88
256 3399 43
1098 2033 91
1287 1235 44
829 149 30
2821 1624 85
2037 922 25
396 445 46
3801 3291 32
3497 542 37
706 3651 90
1246 3103 43
2633 237 71
1681 1609 17
1257 164 52
1961 2291 93
1357 2652 88
885 2327 45
3714 1785 20
3610 1343 65
348 488 12
2007 195 95
1405 2509 29
1848 1885 19
2355 2842 29
1595 747 28
2571 3261 44
3694 3494 78
2421 134 85
2948 1971 48
2346 1387 48
586 3167 86
929 91 87
1732 1851 29
343 1684 11
2892 3633 62
1524 2671 67
107 2603 78
1205 515 59
3364 2528 85
2393 1754 35
1462 2689 70
2172 846 23
1395 82 51
730 3376 16
530 432 27
802 2898 56
2468 802 29
2627 1645 18
3794 1937 44
2814 988 20
2402 1904 33
2767 2750 31
2332 2836 51
57 3605 94
3204 594 33
2995 1625 35
3159 3135 67
1086 548 12
3759 2240 20
2927 468 96
2990 3564 51
1366 3190 91
1204 3767 38
3788 1879 30
1708 904 52
2282 282 21
426 3808 78
2685 3481 77
2142 355 84
124 2249 40
2915 401 77
138 3608 73
2820 3608 73
981 2436 89
184 1370 82
3834 1868 17
1562 3551 24
2702 3777 26
2165 2442 53
109 1845 30
1825 767 33
1671 2675 75
2823 1298 92
3529 3117 100
3270 153 100
1387 3838 40
64 2823 55
389 304 47
2515 3794 16
870 3600 81
227 2980 21
2281 1514 54
366 500 100
36 3642 28
641 194 55
1630 2459 10
1441 1780 23
3144 2876 48
1126 3507 44
3074 778 66
2361 3451 24
1482 3621 34
1818 566 80
1539 2246 86
1377 2655 24
2238 2243 17
3841 1017 73
2896 123 81
1313 1469 30
3226 3181 58
1817 2907 75
432 2127 38
3067 317 64
3762 1022 73
1561 153 60
1823 1944 62
1414 1691 37
3372 1486 31
83 2624 99
1656 3543 73
739 3781 29
2670 2037 41
1024 3277 72
3499 457 40
3565 2891 29
2440 1442 42
915 144 94
3443 1628 16
3842 2005 94
3759 1366 100
1353 1665 88
2222 1811 97
449 3330 47
2859 1715 35
2273 13 79
89 2496 15
1421 2424 12
2989 2914 54
868 3816 86
1256 2619 100
2365 3609 22
2179 941 35
3401 1090 95
2401 951 45
1784 2201 92
842 1110 92
571 1574 44
619 1064 57
2969 1531 24
2039 730 43
3266 1013 32
1045 1726 70
2495 879 85
216 89 72
1149 2545 42
574 61 25
434 1178 54
1978 2166 95
297 1550 10
3825 1721 49
1780 580 30
3672 3039 27
1187 1183 13
3108 2765 12
567 169 80
3602 244 77
2665 37 80
3674 1504 92
1807 2234 17
3674 3071 72
739 1998 92
2161 3814 100
2790 2704 61
140 1180 17
1012 3298 30
2564 3799 93
2270 3805 89
1738 2209 48
2151 3268 68
915 1376 17
580 796 14
748 3698 57
489 455 59
634 1448 10
2104 1838 76
2767 212 66
174 140 88
2224 2383 11
429 3873 49
515 3152 92
2428 1023 99
782 3080 53
377 596 35
2352 465 63
1499 3615 86
387 3864 65
3526 3180 18
676 75 62
3131 2184 64
2259 1151 21
3803 364 81
2771 3500 79
3448 3295 91
2615 1591 21
2378 1654 25
3019 1626 99
2671 3694 94
2072 1049 36
763 3221 84
3186 1496 87
3085 2089 94
1150 941 20
1807 1366 48
3325 3459 72
3319 379 31
113 3148 42
39 491 50
964 2927 86
1397 209 67
1426 2992 63
3038 3067 22
873 2988 46
1368 850 40
3542 1368 41
2176 3683 71
2421 2969 37
3321 685 58
1282 2079 50
2997 455 94
2038 403 90
2129 1725 79
1853 707 38
1861 2027 68
3228 2325 89
2795 2341 37
3355 491 45
1768 2855 32
3302 3570 36
1734 3304 64
182 1343 48
118 2708 12
1013 532 25
2508 2652 74
616 1804 78
2636 382 45
3553 1954 83
1990 1357 83
3483 2151 72
721 894 96
3726 474 39
398 1473 65
217 3758 44
1735 617 82
1526 1146 13
522 1910 27
2377 2651 72
433 1320 30
1731 827 16
3052 822 68
434 3107 64
1517 3098 60
1964 643 56
2126 3498 53
2331 1060 17
608 1468 12
771 180 17
2135 2163 29
2468 1861 79
1397 1661 90
653 2996 74
608 226 78
416 3216 23
1365 3626 52
1274 3567 90
941 1132 68
3443 3539 77
1283 1494 87
1890 853 91
2513 824 48
2742 1938 96
1951 2167 41
1086 1922 62
1356 818 95
2552 132 82
1165 3329 47
392 1677 60
3619 323 33
1573 951 19
222 1222 54
686 388 70
1026 3385 77
2922 2622 81
1646 571 78
923 1189 51
381 3523 78
1597 3414 27
2554 2268 31
1965 977 82
1347 1408 55
2968 1009 60
698 943 52
74 56 31
9 3463 65
1919 236 47
2604 166 72
1467 88 59
542 3757 73
2309 3345 25
3438 1767 46
3325 1116 69
135 197 55
904 533 44
558 2071 49
361 2815 96
3244 3501 26
1647 374 96
2330 1535 72
3851 572 84
3068 2053 51
2910 1174 72
1259 170 92
1851 113 15
310 1031 76
231 1026 39
131 3825 24
2341 3327 28
2784 596 22
650 3033 62
2903 3440 32
3181 240 28
2747 2078 84
2866 20 68
833 749 63
2146 774 45
593 845 82
3468 115 14
63 3640 13
3458 962 69
3706 3382 41
1503 2566 66
1864 2225 74
510 1485 90
3058 378 66
2233 463 24
1321 2802 35
2770 924 21
1709 51 52
3779 2020 29
3163 2005 87
1764 3059 99
1733 872 17
2868 3624 62
3368 2972 53
246 1611 13
191 1882 74
3172 1405 77
593 89 99
1468 377 99
2548 526 93
210 1437 99
2495 2901 76
603 952 99
3741 2961 10
931 2726 19
1934 2030 78
3450 2777 78
731 3747 13
1318 2626 83
660 202 12
80 2077 82
540 3682 85
184 649 59
3320 1653 12
84 361 32
399 2468 88
2016 1912 58
2734 1323 21
3828 1083 91
1767 2369 11
2463 3463 44
2018 1852 25
3746 2439 39
598 1865 26
3560 570 25
963 1800 58
3702 3260 64
3023 233 44
3304 1899 53
2643 322 52
1997 2053 73
3198 2655 36
3135 1733 63
2994 1499 87
1802 3594 18
793 3798 91
2033 3062 90
2741 1701 91
3569 528 63
1476 930 89
542 2124 26
529 1905 57
765 3300 50
1369 139 30
3634 2127 94
2390 2992 52
381 1361 96
962 170 28
2018 1905 18
1570 3321 14
3145 2045 57
3532 3411 61
1857 218 34
3764 2140 20
346 630 76
2767 108 63
758 2933 68
2759 954 14
2969 3695 16
816 3858 34
1381 310 76
2777 3059 49
1372 2069 42
3128 2578 29
75 3721 31
1826 3873 59
3263 2868 63
3278 2200 87
1689 552 69
474 3055 63
872 2040 96
2371 3108 50
2396 2319 28
3347 1166 65
971 2772 41
1511 454 98
1609 277 45
1214 122 74
827 130 86
1026 1838 86
1777 2974 50
3736 2457 34
210 149 30
1482 2684 41
2487 53 41
2345 3427 81
428 2757 16
3614 2581 83
2879 3307 30
839 2132 80
1187 212 20
1339 650 69
3665 2025 98
3875 2372 64
3557 2797 31
1166 706 84
846 947 40
1677 1056 96
2103 2289 84
2751 3444 19
1652 2555 82
2888 3870 70
2637 1019 89
2573 512 65
596 2199 75
746 3046 85
1695 703 14
3298 3201 16
2555 1813 79
2409 3502 89
1372 542 26
380 1398 82
203 857 43
2348 3630 84
1747 2600 37
2863 1170 81
1566 687 93
2888 2495 52
212 435 66
708 375 37
489 2289 38
1883 3521 26
2446 1947 70
1062 1254 32
2639 1100 29
999 3299 84
2502 715 26
1790 1034 93
3641 1384 96
2508 468 60
3039 1555 48
2533 3769 78
3704 3668 76
189 1160 39
2251 1995 97
721 2856 41
3597 2980 98
3020 1316 86
518 2191 96
393 1812 71
585 2669 49
3492 109 61
1001 2977 68
1823 3037 16
3198 2935 46
748 3791 76
2405 2240 92
3047 2415 24
3191 731 78
1441 765 49
1793 69 52
2821 3391 81
3261 1601 10
2291 1498 67
524 2475 32
3362 2079 42
2036 2018 32
2943 2665 31
402 310 85
2126 1518 71
1638 2363 49
1950 880 42
214 3073 13
1570 343 68
146 150 68
698 911 43
1365 3049 66
1703 3364 26
1578 3300 23
1593 2019 77
2134 2684 74
3121 3697 77
2630 3550 76
1431 211 34
2934 2726 80
1026 1104 70
3638 1993 48
153 810 19
3025 3458 97
1565 3029 99
1469 2053 45
2825 1544 97
3258 1918 67
244 3767 36
3163 1902 37
3338 3847 56
1558 83 61
1811 584 28
1411 2097 13
337 645 87
3264 259 45
3593 1532 96
1572 195 34
1490 2705 61
973 3339 91
2541 1894 35
2834 1463 29
2977 362 37
3430 2217 94
2192 1911 36
3670 58 76
3200 3030 45
2707 2928 97
655 434 12
131 545 60
697 610 92
2686 1128 39
1080 698 38
425 1993 19
1215 3571 94
3394 106 81
2966 135 76
243 1005 39
2587 2714 24
1352 2772 28
1841 1381 32
3249 2019 51
1116 2482 79
1928 2177 93
1969 1784 46
2172 2800 41
2993 988 21
2409 2043 38
1887 3375 28
2837 2313 18
1211 2040 15
1214 3475 36
2110 1772 44
3552 3152 61
2523 3716 75
2331 2433 39
2056 2236 11
500 1215 69
1999 861 73
1614 2958 83
867 2938 95
192 3442 97
3000 3853 71
188 2704 67
25 505 98
3843 23 100
1097 307 40
1969 3545 85
3331 709 34
1294 3257 70
882 2402 23
809 393 52
1527 2185 77
1824 3735 69
126 938 21
2236 3082 48
1668 2889 17
2760 2242 10
91 2049 41
3836 171 67
3328 1968 38
2355 3135 57
1906 1081 66
824 3602 93
834 829 54
1658 1080 78
1297 2203 48
2891 924 52
3858 1028 95
3588 3289 58
1844 2011 68
87 3023 28
850 1830 28
1983 526 88
2683 2748 24
2387 1175 80
2060 375 23
3542 2011 11
3460 2428 40
1269 575 25
2699 1192 35
3134 2059 59
3309 3383 81
1036 2031 82
3874 1170 52
1996 1748 81
806 72 31
3780 3310 86
445 56 47
1216 2801 39
3684 904 24
2425 572 12
1314 2383 41
3782 2385 33
2926 840 79
3018 724 21
1390 2923 58
2570 331 54
839 1223 12
2136 3589 34
2760 503 63
1863 203 80
3507 3246 90
672 2662 44
2481 413 32
1003 630 87
1011 1157 90
59 30 79
1304 1616 24
2429 2530 46
3422 47 27
3568 1730 60
3723 1742 99
756 1513 29
2804 590 69
3376 367 53
1101 808 17
25 3619 61
1498 2177 14
47 1489 89
1809 2154 54
2394 357 91
3697 3784 72
1702 2091 61
2828 694 95
772 930 45
1366 620 31
2756 3775 48
889 3049 28
3658 1829 34
3226 3513 10
2717 3421 43
1580 69 68
1647 1662 14
2836 2420 51
2627 1113 88
2352 431 29
3248 1715 20
1262 2556 49
600 143 59
1736 3134 60
3550 1516 37
3810 2473 72
2202 3062 37
173 2970 46
2428 2421 24
359 1258 91
1635 1370 11
166 3497 11
192 1706 11
939 2486 43
2845 3343 16
700 828 98
683 1998 26
3513 897 42
3447 98 31
694 3011 29
3647 2002 67
210 3645 98
1164 737 52
2101 1277 15
2977 3311 91
2232 1317 16
166 582 26
1585 1567 83
3014 411 31
2129 491 75
1878 3048 98
3453 3677 91
3158 2207 60
3604 1674 50
2715 2985 88
3220 3089 23
1106 1168 77
1218 1336 54
389 518 11
389 2265 79
39 3546 71
3498 2032 23
3242 2779 92
79 1832 12
2740 370 47
683 3671 56
1825 1185 55
2276 2188 53
3141 3807 81
3122 579 97
334 1042 12
3786 3661 81
612 3739 93
1858 2420 28
3423 1976 21
2686 1099 77
572 415 94
3017 2155 52
3313 1319 18
3087 215 85
557 2744 91
1702 3490 24
1855 2375 79
3090 2164 23
1917 1081 90
2757 3371 77
1663 1562 87
869 275 13
328 2845 58
3501 3867 59
2379 273 86
2485 2631 66
1458 629 86
2797 287 81
904 2798 13
3511 65 43
356 2633 78
2007 1074 46
1455 1479 38
3054 2146 60
2708 3717 82
3649 819 89
1913 3529 69
1206 3569 53
2194 2133 37
3294 1149 53
1719 3612 39
896 1279 65
1377 409 32
128 1402 74
1246 3792 78
2452 761 38
706 15 44
1091 2455 67
729 1255 93
1268 240 40
1044 1768 85
1243 2944 65
1895 3612 78
2208 2155 90
234 2679 87
412 447 53
1669 3202 37
3799 3431 100
3799 2717 50
3033 2058 81
3359 220 73
2629 1067 99
2900 398 65
1026 2999 52
141 799 79
2225 1392 87
1895 2614 73
263 1876 99
1135 829 56
2084 1730 11
3826 1957 36
1627 1357 54
1003 2390 39
1822 1126 56
2483 3851 38
1417 94 50
778 2685 52
195 2670 31
816 799 84
2990 2167 74
3313 3427 91
1254 1982 70
986 1639 52
1000 1856 94
776 3029 82
3667 2033 25
1663 539 70
1151 3764 51
163 2842 52
458 2499 21
3124 2693 71
1914 1127 51
1518 3360 73
3378 197 17
868 109 55
3431 3638 99
1984 377 53
3639 2529 73
2488 708 62
483 3812 71
219 1052 80
3454 283 10
480 1470 75
699 2306 48
350 3425 81
1048 1848 49
2549 2765 18
3067 1863 45
3568 2855 83
2918 39 31
2178 1750 48
824 2716 11
3199 3838 80
1014 799 58
2151 1846 67
3683 3853 33
3700 1358 87
2245 657 62
321 3115 99
70 3687 64
688 166 22
54 2729 11
1525 3339 68
3034 532 24
765 2250 90
1739 701 34
3191 977 55
2822 3695 52
1711 3375 62
1971 2165 53
2065 538 55
2554 3037 38
337 3240 39
2012 3095 65
1491 1630 45
2065 1243 63
3334 2450 41
3765 2092 84
2621 2212 17
3805 3394 46
2457 621 31
1132 1686 53
2345 3612 83
667 1129 72
321 3577 25
955 2269 32
2042 1014 61
109 539 19
2383 213 67
1998 1987 81
1502 3289 71
2105 793 65
2733 2102 99
3328 1996 45
3078 767 46
3427 2948 77
3866 802 75
2294 2689 98
1002 319 15
346 2465 62
2104 908 16
2809 500 25
1343 1662 48
2540 3069 17
2509 2329 18
458 353 34
885 3728 82
2502 114 97
3271 2742 50
3181 1765 84
2664 182 57
3407 2357 78
490 3673 61
1829 172 60
962 1397 100
3521 1426 81
687 2285 21
394 1495 48
2009 513 52
3445 542 60
1783 2819 62
1683 3401 55
149 1327 72
3078 1020 73
844 3393 79
256 2931 69
567 1964 13
979 3833 97
1837 2022 89
552 2445 44
2869 1881 28
289 552 30
1001 2405 89
3519 417 21
670 537 67
3706 741 93
3788 1473 79
2410 3129 26
3626 2071 20
1457 2769 17
1626 1366 58
417 3070 24
3287 2957 75
148 1018 49
179 2550 30
3615 2945 92
2599 3058 24
819 1217 20
106 3807 20
2716 574 90
1345 3653 17
560 1886 78
2014 275 68
2496 3314 31
1540 2784 87
1286 2043 13
759 2768 51
1947 579 34
2955 2886 52
3148 2722 80
500 608 42
3434 494 63
2291 3723 11
2442 612 70
3338 3590 23
3265 1369 14
598 3063 97
617 139 50
3063 3232 25
3484 1320 30
1492 312 84
3381 2973 88
1006 637 22
103 1413 42
885 2957 68
715 1190 99
353 2132 86
3318 1784 16
3193 777 44
1259 2951 79
2797 3489 64
3376 854 92
3583 1889 14
860 2205 55
876 1279 70
2293 633 65
1866 189 100
23 683 11
3718 3606 87
166 1973 35
2327 1934 54
532 1917 52
960 1309 93
855 3783 69
2038 3311 24
3171 2645 95
1170 2111 10
1839 3595 14
1651 2948 85
140 2696 63
434 3522 40
256 426 96
3861 2688 21
3877 3430 74
433 2388 76
3477 988 80
907 2253 98
1773 3464 65
2762 1680 34
3481 3653 74
2947 3357 33
610 127 42
1738 2220 38
3528 1689 26
361 340 76
1709 145 69
2664 1739 27
3873 1877 34
2541 690 88
2164 2972 85
321 3234 36
3041 3189 93
3133 3159 33
3373 3495 49
1259 2989 54
175 554 86
3493 1714 95
2167 2922 49
1582 3059 60
62 1967 55
2143 1621 62
2078 1313 54
2909 2802 73
2139 3265 95
1735 1619 81
738 747 19
682 3469 100
884 2412 65
545 2027 75
214 233 59
3138 278 51
1338 2290 80
978 1988 52
813 3534 96
1650 2688 56
3197 2130 82
112 157 65
1461 277 25
3193 1160 15
2556 2733 87
1777 272 82
1140 2657 43
86 1324 72
3283 33 60
3539 2274 29
97 1618 58
1238 1273 40
1854 1455 92
3700 1155 70
1240 98 31
1892 466 60
48 2089 37
1088 571 89
182 3515 70
3829 896 29
800 1846 13
2357 991 100
3747 2421 49
3434 3511 94
1457 3675 23
1760 2912 97
1073 2454 29
485 2972 100
1949 2734 90
3766 2995 44
2934 1937 48
3148 3366 94
1993 2371 92
985 2813 76
3668 2721 65
2519 1011 50
1039 3717 44
2223 630 84
1043 3452 70
2895 2969 80
603 3067 17
301 3463 52
2777 600 32
2571 150 35
1612 2768 27
2105 3245 51
2183 3377 70
1107 2568 40
1013 3323 29
3747 2476 22
1854 3024 16
2819 1744 75
2695 2828 60
66 1167 85
3427 2012 41
2376 542 76
2693 1172 17
487 1030 52
1542 565 81
1606 1446 78
1182 2247 39
568 2440 17
2007 1865 13
3660 431 58
1328 1224 20
3703 2715 84
3229 3197 41
3504 3316 27
3690 3007 13
612 916 94
3817 817 49
807 1354 67
1903 2920 54
2489 760 68
703 3563 54
2083 3354 48
453 2937 10
634 145 95
3860 3481 10
3780 3011 42
399 3066 52
1239 3722 95
1990 1770 56
2770 1772 31
3193 2786 78
3377 2880 78
2774 3002 28
2463 2192 42
3688 3609 60
567 3242 98
2966 1531 87
3051 215 54
2903 177 27
3342 3867 42
1268 2714 24
326 2776 92
2978 1408 75
3572 3599 34
3506 1330 96
995 1279 21
344 2393 11
231 536 13
717 746 68
1941 206 34
2102 137 88
912 2736 37
3033 132 65
80 1927 54
3714 1721 46
2402 2327 40
3252 3411 93
2360 2001 77
463 2291 42
1494 744 77
1509 737 77
374 418 61
1693 807 16
901 1149 39
3049 1415 89
1099 27 83
3667 1606 52
2710 2170 11
2955 628 84
2065 2293 84
995 858 66
1622 1592 93
3426 3257 94
2471 2381 59
3546 948 98
1300 3272 98
884 3153 27
2549 1030 94
1507 2620 12
3372 2385 28
542 1517 11
2114 1332 57
921 1847 37
143 2491 34
3613 1286 75
3680 318 33
514 1337 23
444 2796 76
1472 816 23
3824 2280 63
1504 1734 68
1076 2986 86
1450 3304 45
1373 437 29
3151 1988 76
3009 962 24
3129 1597 17
1933 133 21
3794 1166 51
1530 3061 46
2123 1897 79
3778 1708 10
2625 191 34
1449 101 89
1217 1348 19
2963 1594 14
351 141 74
2453 3735 95
3875 1415 94
110 2791 23
3438 1215 84
2480 2586 98
641 1388 42
3684 3066 19
2321 2931 84
782 1151 87
712 3292 81
331 2166 80
3218 856 87
1150 3351 48
3679 1847 24
2460 2750 57
2129 62 72
3192 1206 37
2654 1647 58
347 2506 96
1850 779 78
225 1133 78
2354 2268 35
1207 3757 96
2050 3504 12
549 3219 87
423 3087 85
3094 2588 99
89 3186 51
1240 580 58
2741 3217 11
2250 2232 23
263 1389 91
2387 3567 37
2155 2801 36
2118 2090 41
481 1399 41
3440 2339 71
2016 2889 65
2992 1580 35
3630 3553 68
1637 106 98
824 1091 87
3196 717 52
2213 2813 98
2667 2873 40
2710 2284 64
3403 1968 78
2826 3101 71
114 3321 21
3011 3797 84
1458 236 27
3150 350 46
2102 3518 82
3555 2080 63
2117 3250 35
1861 3073 16
1667 20 67
1930 1971 65
1607 3878 34
156 1495 17
265 3574 51
628 523 40
748 3040 80
3035 2334 11
1487 3349 53
3607 2934 45
3053 837 69
680 208 22
1281 2543 89
1975 1663 29
2438 2535 67
948 2429 66
1571 1477 52
2392 149 43
2648 908 91
239 119 39
2539 3251 16
1275 139 12
2242 3761 28
921 1837 100
2223 1734 31
2014 2386 96
2576 1654 34
324 2614 88
2446 3495 71
2920 860 25
292 912 91
2166 3185 97
538 769 30
888 48 83
2086 2560 61
411 2004 42
1677 2636 94
3719 2968 61
1832 1055 62
1236 3403 70
3577 2403 24
3049 2262 61
1214 1800 83
1445 1498 35
393 3734 21
2715 3524 65
1655 2837 30
1474 3176 87
1019 3488 80
112 3785 98
547 251 90
1535 3780 74
2553 628 51
1641 1398 96
1141 3245 100
39 2438 91
3030 2046 25
3442 1138 23
1536 540 21
2163 2659 98
1323 323 29
2309 3574 52
2604 2470 95
2966 2568 56
359 1942 20
1918 2192 58
67 2748 96
1680 191 40
467 844 85
3665 2754 14
3572 2912 11
1368 1046 43
3116 1369 93
1601 176 78
185 742 27
1829 2113 74
3385 2137 51
2922 1492 67
3258 3850 27
1119 282 20
1728 2331 15
3043 1973 49
49 1949 79
3685 2656 84
3749 3176 76
2139 2507 95
1880 3839 75
2765 1775 28
2 1047 42
2664 865 83
1132 942 23
2748 1963 76
1257 1699 100
1658 2007 61
572 570 45
2210 540 41
2551 163 54
1244 175 10
3145 1330 24
1648 2539 96
3166 3667 75
741 2788 87
1207 2279 27
2825 2563 78
3845 2578 15
3262 2286 42
771 2035 28
1000 651 79
2504 2681 46
408 2167 61
3867 754 96
2800 1439 79
2423 434 69
1318 2569 43
1061 3207 38
2757 364 49
2229 3165 96
3528 1612 57
3503 1916 16
1436 146 59
3237 2824 10
3529 3131 66
2613 3758 11
1686 2317 11
587 1807 18
2904 2685 22
371 3867 47
3719 1550 35
3077 1297 79
488 3722 64
691 1601 11
715 1320 79
3019 2802 87
632 1162 70
2081 2418 14
1203 480 72
3227 2473 51
785 475 29
790 1763 46
2014 3375 25
2060 979 47
899 1730 34
278 194 58
723 1182 13
1184 1980 87
1994 2526 33
2354 1545 55
3418 1608 58
552 1565 57
1070 2790 72
2752 3578 42
3842 192 98
802 3543 69
622 1283 46
73 3693 67
3447 1154 66
3249 3826 96
1479 2647 50
824 2976 42
3231 3856 92
2988 3663 76
1165 1272 96
1202 588 60
2409 735 41
3009 3877 80
3343 1156 23
2038 3593 31
1874 699 45
3743 203 84
1121 2021 41
2826 2787 42
1053 1582 63
2451 2805 16
1950 1659 48
3039 3877 23
2356 2099 88
1220 1015 10
699 3261 32
3726 3455 66
1567 3678 91
3699 162 24
1834 42 44
2418 3472 74
2901 171 37
576 2131 20
1026 2514 12
1425 1575 91
3517 1619 62
3309 1863 91
1819 2692 99
1286 3568 88
417 2086 54
1773 49 90
297 313 81
2839 611 21
1606 3767 78
3254 1313 96
154 790 25
1998 2271 86
466 1420 28
3625 2148 67
3089 2193 95
3135 1168 56
3807 2150 80
3132 3061 10
3540 661 85
1378 3361 87
570 426 46
1218 935 32
2593 3500 48
3625 1781 82
3823 3607 14
2610 3816 92
122 2973 48
1629 766 74
3081 874 82
3326 1773 69
2539 2104 34
3416 1620 18
774 1784 51
2589 3465 19
903 3230 55
3614 2502 92
2243 2667 39
3644 122 16
764 3454 100
3430 7 41
1788 2101 37
1339 1505 19
475 1733 89
2660 1996 14
3190 712 26
3822 823 48
960 3613 20
2306 3266 40
2473 1232 63
946 1092 29
2571 444 45
480 3000 10
3152 3411 21
2750 1839 40
1261 2655 78
1410 134 30
3298 720 12
3058 1592 62
1408 2731 86
2693 2148 32
3730 3607 97
121 1370 21
1487 2760 54
849 2795 30
1568 2928 24
3762 1206 99
126 1706 71
2378 509 77
292 2710 67
3173 365 55
648 2150 38
712 911 37
3304 1046 70
1278 3646 38
1956 1770 88
1040 3603 68
3580 1677 64
2300 1551 59
909 3663 45
2087 2843 22
1150 1797 81
1799 626 23
1262 1500 39
1779 3371 53
1007 1431 51
2388 871 23
2453 3818 11
535 2865 34
2862 1635 92
2302 1276 77
2089 898 98
1160 2523 92
1507 2550 17
3573 2105 93
3535 2802 59
3587 839 51
1458 961 85
2625 3396 88
2713 354 76
3635 147 80
922 2885 74
2833 419 79
2641 269 69
2006 3366 38
2422 2559 43
1642 3587 63
267 451 36
1182 629 21
528 3317 85
1840 2853 20
13 783 72
1865 2492 47
2137 2040 78
2697 3689 81
1872 3113 47
1293 1503 35
2762 1901 76
3618 1384 52
165 2278 46
3151 2211 87
2447 1973 25
444 2530 90
3530 183 10
1642 2289 82
1147 1228 37
2997 2964 97
1456 2156 88
2413 3069 67
2192 1954 72
97 349 74
834 3735 84
3055 361 21
2805 841 95
1263 3306 28
2725 3733 20
557 2710 10
2609 2992 59
2955 3762 75
2184 2101 11
3569 2339 30
1177 3501 90
2305 1892 79
3261 2003 97
3412 2833 33
2429 1930 82
1198 1495 80
1835 1987 55
1236 288 89
2047 2433 33
3538 316 49
2732 2526 44
1612 1265 39
1514 2552 53
1803 2751 72
464 3622 92
1040 446 90
1667 3677 39
3372 1307 91
1877 1037 74
422 246 34
882 2426 29
1337 2854 71
2274 175 22
3553 3475 96
1732 1527 79
1236 3141 77
3082 3077 12
837 3754 94
3570 831 26
1866 1596 77
1770 2258 66
3554 176 63
3610 558 69
2525 188 93
527 3106 54
793 1832 66
664 3610 53
527 2554 57
2361 1571 57
2160 79 34
2253 208 63
2521 2631 59
2213 827 61
3064 1068 61
2923 3309 46
3876 3054 72
75 1298 42
1842 575 90
3543 2286 86
450 1211 44
1305 2650 90
2049 371 24
2924 3643 70
2388 2846 72
256 3817 34
1447 408 30
549 869 49
1991 2995 74
545 2253 21
1444 3174 17
498 3058 27
1284 1522 42
3105 3374 100
88 894 41
2479 522 58
2742 50 77
2671 2921 78
1518 2121 96
2918 1624 72
575 2162 87
940 3330 80
626 1474 41
3573 1649 71
2169 2774 82
2120 3459 90
1075 3848 30
3656 3539 81
12 1568 22
944 1479 22
3757 847 39
2956 2538 76
162 2584 80
507 822 51
2685 1863 77
2521 303 68
2741 2679 26
923 3568 50
3072 622 55
1394 3 63
1071 2000 77
1574 1563 11
2409 2770 29
3747 118 16
1262 3749 29
85 3603 23
244 1397 67
573 1145 12
3443 2995 51
827 2177 94
523 3154 28
893 3361 67
795 3755 24
2324 1247 34
2033 1786 56
1111 77 60
3383 1092 31
219 3331 52
762 489 31
1737 2702 73
3005 3654 94
366 3163 66
1405 921 25
3288 748 45
3173 786 86
1493 963 27
1004 505 93
311 1941 35
1545 1232 75
722 2104 80
454 3107 37
1917 331 25
2507 534 53
2002 1396 44
3853 3020 61
2208 874 75
3104 1985 98
1469 2057 72
1432 673 71
3527 3558 70
2471 2639 22
2196 852 69
1939 2368 100
3105 2392 74
341 328 38
498 1092 12
2186 1542 31
728 2507 12
3219 1060 24
2958 1178 62
1582 295 71
3522 3389 78
3250 1916 95
1623 3848 96
447 621 42
1322 3454 16
277 3512 98
757 517 51
670 2154 26
2387 559 72
911 51 13
1048 3157 47
1848 1459 19
2241 1831 58
1171 2231 51
2351 46 59
2616 908 68
3566 1381 68
692 1880 80
492 428 90
159 256 48
2519 839 80
2313 2394 49
2112 3362 89
568 2163 76
394 984 53
2480 3834 90
246 3258 22
552 2519 37
3584 2162 47
2048 2673 77
2715 512 22
2014 1603 27
2780 1206 94
3120 2726 64
1204 709 66
1694 2013 43
2909 508 23
1892 2857 45
3347 460 43
2015 2841 34
1690 286 21
1065 523 82
2095 924 63
2659 2258 84
686 1595 10
781 3622 60
3438 1701 33
649 2394 99
9 729 63
2422 1576 98
2380 3840 25
3615 123 67
2311 1840 87
3016 934 16
3576 2989 56
3246 1737 27
384 2333 28
1454 3764 22
3225 1028 85
1501 3603 89
497 2428 17
3054 1658 22
2204 3033 25
1709 802 76
1532 1230 68
270 1569 84
2135 862 68
2499 1242 35
2989 372 98
677 147 19
3156 2427 65
3057 3228 42
3863 1594 79
1142 3408 20
505 2532 89
1618 1399 75
2670 643 21
312 565 59
345 836 24
1311 941 84
1481 3003 34
1422 2322 60
3467 3695 47
857 797 86
1219 1467 41
1406 3175 83
378 3315 77
1015 642 28
718 3398 13
1629 2873 53
3486 2032 90
836 377 90
3403 885 35
1336 1362 14
103 3667 67
2386 2123 35
802 3436 78
766 162 22
1794 2330 16
2197 864 66
2553 3460 53
286 2897 40
1864 1397 44
1113 74 99
557 566 36
2179 1134 98
3130 1476 94
1139 3166 49
556 3207 62
3427 3419 69
3791 1204 69
2052 3434 93
289 3516 43
1375 1605 75
3497 840 20
1900 306 57
3207 3032 31
2508 29 95
202 1372 52
3012 2707 10
3655 1420 54
1421 2765 96
1364 2646 18
1824 3530 48
3586 3811 59
689 1156 50
576 2154 55
1753 1025 72
1810 1050 88
1540 3134 45
1234 2625 69
2123 2597 23
167 1751 75
1369 109 27
1424 3237 16
1465 2721 58
2297 3348 51
1390 3478 95
1784 342 32
935 2305 32
448 1022 27
1346 198 43
2272 2754 63
3315 1474 68
2949 537 16
3418 2108 95
1713 2257 23
61 3667 22
593 3860 90
1794 1408 90
690 2043 52
338 2946 93
1344 2916 95
2909 546 80
3542 2671 66
1000 2939 49
333 1192 47
894 246 33
2125 2760 16
972 977 64
505 3748 57
2092 451 71
1791 1033 97
2356 1037 13
3180 657 28
2440 1367 94
574 869 100
2767 2464 84
1414 625 13
3138 1555 44
607 2759 43
1819 2211 76
2830 3670 38
1568 2748 60
1006 1170 92
3622 3566 91
2592 2058 27
3671 2476 20
2001 23 74
622 1512 95
1797 2941 44
27 791 83
1046 3813 12
1267 1422 12
443 1098 36
2874 274 50
977 820 84
172 286 51
2337 3238 39
2041 833 83
2707 955 79
3131 530 94
1288 659 75
3334 807 34
1197 1348 63
364 3333 58
1727 61 66
216 3839 36
2828 1172 84
1861 2556 68
2999 1395 58
507 1844 39
2257 320 44
1607 3739 18
2852 2783 37
1601 528 87
1378 728 56
525 3777 65
1515 2176 83
2275 2325 52
2098 3535 80
630 29 95
2424 2591 90
1422 928 27
1061 106 16
2045 1804 10
1894 1741 49
60 3868 99
3391 471 93
3705 282 49
2990 2632 22
3500 2134 59
3155 2171 24
269 3292 80
1958 2524 14
1344 1046 32
2720 2996 95
169 3270 71
2641 2772 31
514 669 72
1760 9 58
478 671 52
310 2905 65
872 948 69
1893 717 45
1216 2979 49
2366 1846 92
778 1144 30
3735 1993 39
3755 651 57
3726 2794 22
2650 1270 41
1206 2424 34
1101 1941 63
2518 2120 21
1465 2157 36
2795 2973 91
2 1834 37
1666 3107 82
376 3445 90
1341 2254 15
930 445 29
1681 3752 80
2123 1629 50
572 2525 48
3409 3655 22
1301 3686 16
3604 236 33
230 226 55
1286 3446 90
3599 2423 94
1762 2890 32
3782 2666 94
3468 256 43
3244 1796 54
1517 655 92
1470 552 77
2998 306 57
2532 541 61
2186 1344 38
1539 1260 74
2082 1882 44
3209 1488 82
7 3290 71
3722 556 99
1679 307 100
489 3624 29
1857 2292 100
393 3212 43
578 102 48
3686 3780 63
1965 1405 12
1236 874 59
1492 3725 51
137 3047 43
3036 1552 24
1141 2206 29
806 1604 53
3750 2120 84
789 914 60
1718 1297 39
343 2919 23
3617 1082 77
2562 1314 77
1774 3645 35
2696 916 17
640 2751 82
1493 3829 52
3390 2533 14
3041 2735 36
2703 3749 17
1545 1514 42
2610 3616 42
697 2515 22
3223 3577 62
2740 170 85
1733 682 45
1704 2358 40
896 2297 41
2470 3784 17
2432 3117 76
732 3761 31
715 1615 58
2506 323 60
3582 943 62
3814 1655 53
812 3206 66
74 3643 41
3671 1796 50
872 1037 43
3020 3793 80
2839 103 53
2616 2436 58
1346 3634 60
2488 3131 36
3424 3567 82
433 1649 93
2162 1737 10
68 1830 80
3471 2456 20
2038 1768 66
1711 1492 27
1155 3766 82
2119 479 28
1062 2346 84
534 3503 64
730 2655 71
3273 654 34
1614 1851 78
3264 3821 56
1903 1093 66
468 2310 77
322 3042 30
2176 1426 82
2188 1786 82
167 1774 42
3766 419 90
1992 3476 36
3732 3478 82
560 1086 74
244 2519 33
294 2681 64
3765 1170 84
1563 689 59
2718 3038 56
3709 132 47
3806 1522 76
945 1756 43
3676 2222 50
2500 745 100
3310 1798 48
1260 1267 46
515 3793 11
2837 505 98
1229 3410 97
2349 1644 63
909 2288 50
1556 348 73
3718 702 38
1627 3323 49
1221 778 86
983 3337 66
3640 567 50
194 3737 54
690 542 21
3284 1219 75
1842 1145 92
1280 969 33
1992 1965 16
2243 1321 98
1509 2515 77
897 3404 10
3493 2219 52
474 642 27
75 2566 76
261 499 51
925 3813 37
1100 2707 68
1476 203 77
2304 644 14
1617 3737 18
2713 2990 50
3596 3848 44
3433 3058 40
3561 2796 29
2702 3726 72
68 3306 33
1176 573 94
547 3626 93
1287 882 64
3019 2976 33
692 2414 13
3438 2086 55
1803 2972 61
1703 3571 72
1921 1542 52
1236 3246 96
3162 958 76
3797 928 30
3559 3683 64
2433 2390 79
3064 3776 30
538 1511 62
1338 350 66
2916 1148 64
1185 2846 14
905 3607 24
2197 3178 44
559 631 72
1286 3177 84
3571 2482 33
3178 3170 57
2780 1192 32
68 2353 11
699 1595 49
2828 1854 63
329 3073 28
421 3233 48
577 1452 15
382 2300 42
3351 2914 74
1792 3375 44
3477 2482 26
363 1566 76
1870 2051 21
2478 2016 97
1254 2338 38
3100 1863 36
3854 2288 30
3070 653 91
1214 665 67
1274 640 31
1140 2836 75
3775 330 37
2443 1329 25
453 3716 84
2260 3202 89
2028 2401 57
2869 1201 58
577 2027 66
3545 1387 43
901 533 98
3621 372 76
3365 1732 12
2090 2803 77
1062 427 62
726 3467 76
1838 2719 34
1507 1962 25
866 2743 46
3682 2798 50
339 405 81
770 1095 48
3424 1042 15
390 1730 85
3447 1323 65
1877 3341 77
3821 1425 43
2767 3235 85
3459 1955 94
2821 1565 71
2332 294 39
330 175 55
14 3687 86
1369 925 97
3347 3108 54
2643 3799 78
168 415 10
181 812 20
1783 715 66
1619 2197 71
3820 2160 98
660 1362 11
2774 2406 99
3173 1556 24
3496 1390 94
1299 3220 22
1372 3573 53
2592 2764 72
385 1121 58
203 3234 66
3053 1966 75
3705 3477 48
2098 3333 58
3238 5 34
3858 2485 55
3675 2658 19
3062 604 57
3700 399 61
1479 3279 83
621 591 34
3639 3368 98
3081 239 29
2805 2892 59
2813 3031 78
1257 1659 76
3168 922 46
3192 242 36
1038 541 97
1286 3455 75
953 549 97
1412 3518 78
27 867 49
3705 2259 30
3382 2002 78
821 1772 64
36 301 94
1095 3576 39
2956 2284 16
2308 1592 78
931 3281 51
887 3755 42
107 3451 31
1480 2572 14
943 3287 60
1762 2379 56
1923 2434 81
560 2957 70
1570 2224 63
193 1230 64
1538 2119 47
2259 3502 25
3322 1414 56
3811 3072 70
1376 2321 100
503 1219 27
3195 647 64
3569 3584 85
1699 3557 26
3113 2906 25
3810 1305 14
1970 244 41
3087 2778 56
1355 1114 16
492 485 92
1511 2580 91
1831 1702 95
3184 3621 80
70 3516 25
626 1746 40
1368 1669 66
2146 3161 99
412 2218 73
2933 3746 32
3331 1301 97
2816 3300 34
2732 144 39
3099 566 90
982 1380 49
2714 3751 31
2217 3739 28
578 3293 41
1888 2916 77
1176 3579 87
2218 1465 89
2134 3658 73
1926 42 68
158 121 100
2935 1962 94
471 3607 84
2920 2805 50
1067 2985 81
2434 2706 58
3363 3819 85
43 3496 88
2330 409 25
231 281 96
751 150 25
657 3275 54
3103 2006 35
261 3638 68
2200 43 55
1272 3103 50
399 305 15
2957 1783 92
1861 319 48
1172 1183 63
2512 2612 96
1758 2740 62
471 3571 83
202 3183 66
3614 1945 52
1854 1679 39
102 1850 86
2248 3725 28
1571 2769 67
627 3473 30
1115 3217 75
562 979 57
980 983 73
1066 502 29
1406 1355 94
3176 100 48
2327 2990 30
1410 359 16
1367 1979 70
2522 2953 40
2593 3105 60
3449 2792 16
418 291 20
2294 625 38
2704 1886 32
228 2348 17
2261 2519 48
2734 1009 42
667 2558 40
1768 3236 45
2910 586 18
110 100 24
2639 2405 10
1900 2333 13
3426 874 98
1450 2215 25
3469 1544 52
3739 2341 59
3812 3774 80
280 3658 12
2006 1399 59
3104 2073 68
2010 398 64
2116 3250 82
3632 3515 83
1625 1247 83
2247 1054 20
523 956 80
272 581 89
79 891 28
2510 1 17
3316 3253 81
558 1042 25
3159 238 14
86 971 51
1773 1490 21
1887 533 93
2387 1946 29
1520 807 66
1858 2999 65
430 1021 21
1549 166 33
1068 2296 64
1751 3713 34
1419 3029 70
2085 3524 16
1272 333 32
3291 638 62
866 454 97
459 754 63
840 3840 57
1691 3389 27
1500 1602 25
1469 1981 58
823 271 60
1955 235 98
46 153 64
378 3710 13
2902 2158 45
3719 3147 86
201 653 56
751 1633 19
688 2068 43
3536 3134 36
349 3039 96
2596 3700 27
783 671 31
1607 2374 31
1349 1822 97
914 577 30
12 1739 83
1668 1545 93
393 2118 15
2 184 19
2629 1657 34
3772 3 31
1718 2683 71
222 3838 18
2814 1107 86
3330 132 19
1587 704 80
2376 3335 55
525 2650 100
115 2447 82
3584 3345 34
567 3599 39
64 3628 87
3063 1040 79
3839 562 78
2850 3151 49
3187 2775 15
1687 3788 24
2267 1564 71
3232 3235 84
840 3812 93
1225 2539 57
12 590 77
2956 2478 92
3064 3347 32
2602 2730 17
1601 3445 89
3317 1813 31
2275 256 50
2168 3692 85
774 3598 14
2707 3754 24
1818 2239 74
205 1727 33
2300 3183 80
2840 261 45
825 1615 26
2372 335 78
2565 3268 33
573 1343 45
2456 3193 89
2400 933 38
342 1206 95
1139 180 44
1701 524 30
1007 1611 70
942 913 54
2111 1161 24
257 2803 88
184 3446 33
722 2469 62
671 310 30
900 1288 13
970 3514 41
470 2844 45
2582 1602 14
3726 2676 99
2089 2914 14
3025 1621 83
1578 2219 21
2902 893 75
3311 145 78
189 867 27
2850 1525 14
2004 95 11
3177 1378 10
2571 2306 37
1373 155 59
1052 727 79
1786 3295 25
2669 1143 11
2674 2734 74
1005 1982 23
1035 3042 33
374 563 45
724 3330 76
1374 2140 59
1150 1040 51
1305 2954 51
648 766 48
3244 459 38
1269 3276 55
1605 1738 25
2323 3844 30
1019 3601 42
3156 1076 18
1022 525 48
3278 1289 29
1508 590 48
1864 2184 69
3388 1795 60
57 751 29
1611 345 76
2222 3757 72
1161 1944 41
1246 211 68
2322 3870 51
3193 549 16
3453 1846 15
1989 1828 70
1970 94 22
2265 207 66
839 1993 46
3723 2149 75
1212 1060 96
1323 3874 10
1132 2074 64
2544 3060 85
1430 320 92
3314 2867 13
187 2554 16
2630 1987 12
1168 2456 22
2563 2359 56
1297 256 58
3752 1411 73
2226 614 68
267 2004 29
494 2298 74
2774 1265 52
2729 1650 20
3126 2457 72
2126 983 83
2441 1219 72
3130 1379 26
1474 1969 31
1711 198 52
115 451 85
286 3267 16
2751 61 25
3792 798 47
2088 737 92
1993 2571 55
3113 2678 18
1660 2492 22
494 1559 86
1344 1364 72
2882 194 18
706 685 37
3190 3445 54
3247 2622 62
1304 3518 81
154 1467 48
2993 2041 96
3524 2002 31
3251 1993 58
3483 1977 38
44 2029 66
2475 1395 75
1104 3148 47
25 214 33
3669 1479 95
843 1784 50
362 1743 20
2376 399 51
2432 2387 85
1219 329 49
2985 472 87
3483 2831 79
3529 46 62
3498 358 55
3729 1724 96
3089 236 22
3111 2266 61
1690 1869 30
3646 666 63
2240 2157 47
1202 510 74
2038 3455 54
3713 3441 48
2407 765 42
3803 2464 34
2145 2247 53
1605 1525 57
2420 2076 76
211 591 10
230 331 97
2424 1285 66
1434 979 52
3206 853 52
2545 3193 83
1004 3691 54
3742 2579 90
2346 950 17
1202 681 46
728 400 78
101 3661 71
3602 3567 52
1660 1323 66
618 3678 43
2212 1761 89
3110 481 26
737 3051 19
2008 2167 44
205 368 100
1762 2675 39
1991 2497 43
2106 3594 54
3497 2208 79
2920 1665 17
1662 2539 83
1969 97 49
2053 2813 49
2217 2905 29
941 1341 65
911 3502 100
3017 2939 44
2586 296 11
2147 2805 33
2296 843 64
2006 244 84
281 2799 67
2701 1403 93
70 1222 68
2110 1359 72
2826 209 66
193 2383 52
712 2231 10
1981 1887 25
462 1269 66
1936 2671 88
1649 2510 44
3492 2130 58
2005 747 12
1042 377 83
2829 1906 43
2832 1945 61
599 3198 17
3430 3345 16
3582 246 84
2449 665 28
3637 2629 17
3170 190 48
2488 3540 47
1954 1413 10
3140 1640 53
2396 2231 79
3801 901 75
3129 2895 89
2201 3225 83
1984 1511 18
1762 2223 39
2738 2432 86
2288 486 55
3186 3183 36
462 3210 32
2020 2700 41
2715 855 74
2677 39 32
2092 2106 63
101 2847 35
2622 508 53
1852 1796 86
2113 3725 57
923 3548 53
2561 614 47
1013 2214 82
2004 1598 42
3638 3299 68
1769 3811 49
235 1503 70
3609 2115 40
1591 74 32
1832 626 66
3435 1453 88
918 3403 66
3152 1447 41
3113 2646 21
2924 3033 25
1108 2876 61
2703 2667 10
3873 2993 39
2966 964 92
1857 3690 37
3493 3648 89
2846 3776 33
931 3197 33
1985 2042 72
3622 3042 77
1924 3675 85
1865 1127 83
2408 2477 25
2550 1891 80
1645 3512 66
853 762 99
3655 2057 10
1813 2191 88
3258 3721 43
2997 3372 39
1645 299 75
3093 3611 78
143 1551 14
2608 807 83
2464 803 86
283 1111 83
524 1405 88
695 3802 92
1181 368 67
2224 1596 68
696 1065 19
2535 1996 51
372 2271 96
2054 1221 31
796 200 78
1373 3291 23
3284 2514 71
642 151 46
2613 507 80
576 3666 83
3308 2244 21
3798 2778 78
2868 2738 56
2078 3085 57
3182 2484 30
2134 3544 22
90 288 92
3738 2197 11
3228 1364 10
1196 2663 58
141 1950 28
287 626 96
667 3479 96
692 3515 60
2560 986 24
2411 684 82
2473 1957 70
203 2061 56
712 1074 81
3149 1926 93
1919 1549 50
687 1126 66
2113 2646 19
2547 1780 44
2183 443 65
671 2282 66
3461 1964 67
2227 3768 94
2052 487 78
2293 778 93
3330 3156 65
2467 2572 74
1350 1632 19
681 422 90
268 3049 72
2228 3099 38
3571 2457 70
580 1685 41
1931 1403 47
1720 198 89
2604 2156 93
1527 3877 73
532 2426 89
3153 2483 38
2423 1138 13
2400 1749 80
1924 55 35
1957 3512 82
2534 1294 40
3012 284 52
3444 1894 46
496 3201 30
1480 2751 40
0 684 22
3141 150 100
271 324 65
2599 2289 85
3447 2812 40
2046 2228 92
2764 2435 88
2475 719 15
202 3752 48
1593 986 23
2663 170 62
453 517 62
1679 2910 81
3225 1415 84
1634 3835 79
850 2400 10
2454 1482 60
2527 633 83
811 2879 100
2939 2346 76
944 458 45
2012 1324 10
983 1249 80
117 228 17
3683 3214 48
975 141 81
3167 3007 61
1370 3394 67
1690 111 42
1720 3006 92
840 3532 70
2919 1576 66
3277 1819 39
3091 2948 33
206 1197 50
74 3731 88
1280 111 82
1339 3045 41
3616 1077 61
2550 3081 21
935 49 84
3504 128 40
1521 2249 19
2776 2906 77
1379 607 55
2790 3660 22
3776 3036 38
1755 215 20
1358 925 48
3319 1380 70
2862 1761 95
1478 2468 64
2804 3259 22
1499 3038 79
47 617 38
920 870 36
1971 3536 27
1550 850 100
2355 1456 44
1738 3834 87
277 1042 41
849 3733 69
2103 1163 42
3628 3715 89
1440 2799 82
2930 3326 32
1228 341 17
1886 388 46
884 1877 63
3064 2427 47
3853 1197 45
3602 3138 79
937 463 14
1580 2187 87
2605 1032 30
857 1371 86
3023 1838 68
3412 3478 39
1863 2637 71
2301 2599 45
2363 2473 10
1517 1832 59
16 1824 15
1915 3130 92
90 3869 51
3085 516 35
2384 1666 63
1127 1885 92
372 1279 75
3140 3786 82
982 2524 86
2815 1032 53
2585 2432 28
2335 1904 70
2938 1195 18
71 3345 97
2442 3222 24
446 585 51
1873 1199 31
878 83 11
3262 2147 18
1546 897 44
3054 2571 79
3515 913 83
2461 2903 92
2110 971 38
3643 817 46
818 740 14
2412 1092 11
1181 1797 17
3425 1454 41
2590 2047 30
1226 3833 87
1209 74 67
2846 2436 89
1741 2486 13
1353 3190 17
1642 91 27
1114 2157 78
1884 3713 64
3606 3037 79
1131 3484 70
1782 876 43
3174 2736 66
1871 1833 36
427 2610 98
868 1594 55
1430 1686 63
3122 2038 84
3311 3503 12
999 921 42
691 1500 52
509 3585 29
3072 1754 80
1181 2086 11
431 1818 72
1270 1051 19
2569 3651 61
1661 1862 72
1625 751 40
0 3302 35
3681 270 94
1678 1642 81
873 3166 52
3296 1046 13
174 42 22
3746 1580 68
1865 1894 79
2936 2109 89
680 3469 88
1511 2071 17
1252 2565 21
1885 863 36
3825 842 63
2611 2525 25
2272 30 13
3118 210 32
3832 151 76
202 3241 53
3037 1949 70
99 496 10
3856 2385 100
3335 3525 73
534 801 28
2588 1637 46
1555 3470 30
2875 3080 62
3749 541 48
836 2500 59
1098 3093 20
514 1423 97
534 579 51
3282 3628 94
3090 240 93
2133 1028 97
1055 3754 92
74 1158 56
3435 930 88
3762 811 75
422 1378 94
2594 943 39
669 732 11
3755 1317 64
2553 3520 23
3481 471 60
2740 396 79
233 1211 60
327 2493 82
1896 1520 92
3566 2290 63
410 758 41
3489 1224 21
3640 2955 34
2757 1368 50
2598 3256 49
719 3781 85
2834 3391 18
728 1316 70
3202 238 87
3577 2917 21
1903 768 25
3867 486 75
1841 3324 64
131 388 20
1071 2638 49
3545 2976 24
3597 3665 74
736 1042 92
1683 3386 90
3184 81 37
3681 1192 31
3516 1281 60
2057 2620 43
2348 1805 87
1961 1405 69
3511 2729 97
3794 810 24
199 2672 93
21 1586 72
3594 2659 37
1427 349 14
1458 851 43
602 246 41
2809 2280 33
928 3789 82
3210 2785 10
3381 3111 78
2357 738 80
2610 2986 83
1991 3812 76
215 1869 54
2938 2037 58
1162 450 45
3315 1412 51
2582 2724 33
3207 3793 84
316 2997 98
2476 2594 73
1812 745 25
2477 1411 21
991 1066 37
2245 2178 23
2097 2831 47
2209 1045 75
2862 3383 57
616 2807 66
3076 3153 18
1095 2927 79
1396 1995 79
1529 194 47
685 3744 56
1169 3796 50
164 2558 41
1455 274 38
2862 1848 77
1918 2192 41
1458 471 76
3593 773 99
3824 822 98
1526 3206 37
3566 2505 71
2724 1947 19
1038 2452 42
3841 534 88
1640 3588 25
1532 3008 11
2076 1977 67
1609 1386 23
2778 1316 87
43 1949 38
2931 3496 52
1283 1975 95
3569 801 53
2479 1842 24
135 2715 27
2503 872 81
2636 731 24
2746 1919 87
2285 746 29
2019 1361 12
2719 85 80
3513 2040 52
995 2100 51
2072 3121 58
2353 1952 43
2682 3004 81
1932 2771 82
2242 178 99
1371 934 100
690 1521 17
1105 81 95
2462 2466 100
1570 50 12
187 1937 70
3200 306 34
792 3317 97
1744 2487 88
2940 3145 92
2502 107 20
1048 2590 15
3452 1169 53
3638 228 75
734 1474 92
778 2926 46
2503 1914 22
3681 2109 95
3367 2051 89
3456 2238 80
3154 381 82
3001 1726 10
3137 3869 20
1957 3842 38
3184 33 21
2178 3453 93
1513 1488 27
897 2849 80
3845 1590 59
842 1836 40
2209 462 33
2626 3069 87
40 649 56
1748 1025 27
1078 2323 40
2364 3264 69
1126 1883 38
2585 1834 99
2948 321 27
852 3209 33
2768 971 14
1976 2996 17
3802 1160 68
2111 2177 53
3400 3740 34
587 3242 65
1610 839 35
566 1090 67
3678 2146 82
178 1732 73
3807 836 94
860 2382 22
337 1100 45
2242 3451 34
2957 1312 12
873 284 81
935 1833 42
2721 80 99
1603 492 37
2890 970 81
742 1612 19
3721 63 14
262 2165 95
2984 3317 85
2111 2255 91
552 2564 21
479 1888 38
407 2596 47
3016 329 40
1907 780 28
1237 3753 69
3314 1813 74
516 3739 99
3430 3445 71
871 2930 90
1991 2862 73
3823 679 85
2340 1235 17
1354 403 69
3650 3182 13
1378 2306 84
991 1693 49
54 486 75
