1002 6963
385 580 44
903 606 38
465 322 99
844 480 16
641 172 100
154 33 43
817 768 88
219 687 76
889 73 61
44 890 19
328 338 98
963 672 20
533 478 83
344 550 94
714 209 58
678 363 97
441 701 23
815 326 21
364 606 17
682 553 72
412 594 60
284 221 14
706 569 58
754 404 65
85 632 77
577 421 82
780 926 18
740 456 55
359 647 20
340 867 40
795 502 46
423 488 46
67 232 44
313 769 28
887 70 62
392 487 33
430 357 73
287 223 94
279 670 92
705 24 24
725 815 97
490 293 92
883 19 21
545 72 33
641 263 33
172 853 68
655 427 50
755 199 52
718 185 91
138 365 60
715 848 20
447 302 27
430 295 23
570 483 93
905 289 69
684 451 79
614 452 88
434 846 24
911 257 22
340 30 12
203 59 89
674 484 63
38 323 41
339 897 85
908 139 97
20 726 22
925 200 17
585 548 58
540 887 84
38 110 14
377 85 32
850 596 11
434 259 62
890 872 70
675 670 52
397 637 41
738 418 50
578 952 56
352 127 97
487 95 81
119 885 60
444 190 89
852 939 29
93 585 58
555 864 71
170 895 56
711 8 66
169 631 89
628 815 40
62 583 53
285 28 25
216 916 61
585 297 72
18 371 31
164 978 18
936 264 81
15 471 39
388 871 58
450 322 13
864 824 18
435 842 10
630 235 65
710 232 28
688 236 21
672 313 28
49 342 42
448 580 78
112 595 83
212 264 85
86 659 67
647 342 19
368 380 63
403 846 33
951 150 57
202 484 17
645 463 55
713 253 29
717 774 29
699 643 12
471 371 34
745 247 41
701 382 34
175 264 51
780 85 40
218 752 68
73 20 28
771 318 24
346 452 67
740 884 97
865 550 29
183 6 70
0 481 19
356 973 25
733 292 90
304 168 75
627 883 25
96 871 61
757 642 94
823 19 17
710 873 79
366 376 93
142 520 93
179 30 54
121 847 100
269 380 67
685 968 100
212 244 98
515 728 71
192 10 45
75 267 81
427 826 58
234 559 17
232 243 56
776 891 48
114 395 17
476 865 75
334 836 18
182 522 20
731 923 40
350 860 27
656 522 34
580 885 12
657 184 78
823 568 83
3 539 92
58 613 24
410 570 50
810 162 24
396 399 28
79 268 88
666 388 43
755 427 23
998 65 65
893 465 63
9 319 91
709 456 55
732 733 48
856 507 90
924 602 100
42 622 72
323 692 26
460 386 23
523 389 78
471 161 57
963 452 12
718 896 11
596 65 60
532 868 96
730 560 92
118 71 55
481 429 44
975 959 68
849 312 91
277 787 95
921 972 16
524 422 86
120 638 77
262 176 61
529 673 75
53 533 12
467 898 56
149 594 60
854 543 39
327 933 42
85 78 42
72 384 89
325 697 49
104 717 93
668 272 52
868 125 45
221 140 75
614 238 64
216 340 74
628 586 85
780 620 37
778 644 23
296 690 82
326 20 61
154 224 23
882 403 42
274 25 68
504 726 92
321 708 67
618 903 83
50 299 35
221 363 81
845 181 76
325 781 34
100 106 26
328 123 63
22 210 74
861 227 11
600 679 37
628 332 78
493 700 62
693 827 56
241 876 33
341 173 80
615 622 78
705 425 23
867 553 64
848 553 57
15 146 24
44 262 47
39 282 84
42 864 20
972 295 30
526 739 18
250 1000 82
673 288 77
909 498 10
735 871 64
83 443 30
497 880 83
628 109 36
274 600 42
127 557 78
777 928 68
316 592 37
132 535 33
147 220 96
587 339 76
885 600 44
549 809 54
95 337 98
558 177 50
525 476 100
176 417 84
286 623 32
884 5 87
400 115 22
305 303 83
487 936 67
417 971 57
567 528 53
712 347 30
628 391 94
450 769 96
158 451 82
718 151 38
914 159 15
132 885 74
934 204 76
398 87 83
89 224 88
1000 105 26
994 498 47
329 93 62
322 333 68
59 899 80
986 792 30
305 765 70
325 907 41
102 371 55
739 40 47
890 561 29
925 731 76
266 247 44
43 720 66
334 410 90
424 0 40
868 533 68
646 459 54
346 657 82
777 148 36
19 556 22
95 656 13
856 992 98
229 147 33
75 26 15
196 780 20
604 757 64
486 100 91
197 253 37
830 145 83
89 477 46
780 26 94
70 572 57
211 749 70
142 900 11
112 758 13
995 650 56
994 763 89
340 858 68
954 442 20
449 605 78
396 878 96
901 536 57
584 43 56
14 245 37
474 598 70
189 121 94
89 249 92
95 298 23
217 698 54
367 421 28
388 47 42
270 37 88
142 320 81
678 248 48
864 567 49
292 607 16
982 60 95
823 673 53
701 208 78
198 613 91
241 110 68
812 628 25
628 920 53
11 415 15
883 607 38
290 330 70
676 242 33
481 7 14
150 556 62
509 18 28
888 165 61
129 139 57
228 470 27
438 867 73
790 903 38
694 789 10
910 569 57
775 102 30
119 842 62
635 533 80
882 502 38
646 981 85
713 509 73
623 920 11
303 449 83
894 36 35
197 516 67
595 873 68
658 25 65
758 292 27
252 330 75
538 69 19
999 219 56
685 424 15
975 374 10
331 183 36
263 119 76
904 250 43
73 205 45
442 100 95
964 906 28
653 97 23
228 783 14
435 972 47
980 407 47
922 726 100
624 134 30
411 45 82
997 194 60
406 487 88
868 866 13
961 730 23
709 491 48
35 57 45
151 588 23
62 392 94
476 217 85
308 902 22
844 130 54
965 494 70
245 293 47
1001 372 75
884 908 30
739 966 95
951 471 64
206 581 75
79 159 11
979 767 73
676 433 46
901 348 55
343 20 12
2 390 52
821 155 69
654 772 21
671 195 44
177 91 73
117 227 89
606 39 79
778 868 32
97 240 23
980 557 20
503 206 14
370 993 68
860 370 96
224 109 71
489 869 94
205 579 25
409 444 19
502 384 82
83 126 34
187 892 88
807 705 89
478 727 29
525 353 63
470 845 74
699 288 55
456 689 54
22 28 31
658 724 53
463 124 55
418 884 57
67 357 15
779 768 72
991 21 15
804 144 49
68 50 62
289 200 40
394 379 77
415 516 10
249 599 32
463 767 64
520 484 48
62 517 60
891 222 40
479 670 32
874 655 34
13 761 65
771 94 24
222 574 98
346 432 65
559 567 19
789 571 36
145 279 31
522 823 43
267 326 63
440 217 61
283 995 55
50 619 80
316 395 40
585 698 45
46 290 50
721 999 51
727 737 86
827 793 26
365 717 44
606 354 75
898 406 49
703 903 28
701 441 33
657 440 96
524 970 66
80 919 78
221 325 52
58 238 87
914 362 53
164 628 45
797 429 39
916 642 57
312 752 79
97 638 80
693 188 62
100 551 72
215 715 74
888 829 10
930 388 26
882 351 89
936 844 13
4 74 55
12 344 41
972 609 18
833 84 55
568 141 90
875 956 56
865 451 59
488 185 98
28 390 61
437 860 85
189 333 90
816 63 83
97 171 43
429 738 14
354 235 96
545 611 45
409 747 59
626 98 30
654 584 79
470 239 34
19 972 94
550 881 98
763 911 74
263 448 45
737 682 85
995 533 74
832 301 74
216 517 40
255 614 47
487 290 28
829 114 45
548 672 100
936 572 56
399 123 33
570 983 31
580 433 58
206 57 94
136 444 27
951 595 40
279 260 36
247 549 47
186 176 23
350 777 38
5 556 77
940 662 61
890 908 52
824 632 55
376 473 24
265 831 15
345 220 33
488 890 96
680 31 55
153 481 100
799 79 25
448 341 91
462 523 85
515 755 87
670 329 97
157 334 45
670 788 10
394 233 63
734 670 71
787 457 75
754 675 55
479 478 100
953 330 81
773 108 66
320 896 30
598 919 65
723 415 19
381 442 49
112 18 88
71 233 54
700 965 38
216 1000 55
744 790 70
134 957 19
840 228 29
740 783 17
503 896 69
969 78 15
944 80 69
386 28 90
519 238 18
870 535 91
566 839 65
997 466 35
901 685 33
308 667 54
136 297 70
677 821 28
517 996 59
170 34 53
444 451 79
677 719 48
238 818 18
301 127 48
2 168 79
999 558 53
857 750 64
214 733 38
885 894 36
315 163 44
540 875 40
388 633 29
61 858 29
73 876 16
904 893 85
598 951 93
656 125 82
545 879 89
85 603 62
194 721 34
701 332 99
903 980 79
178 42 58
767 718 28
50 906 46
599 155 33
678 948 87
163 399 36
702 447 61
604 670 91
602 301 54
236 683 98
915 919 16
933 568 85
940 491 11
857 281 29
317 944 37
820 755 63
518 510 10
367 666 14
172 13 94
198 733 27
704 953 64
451 515 24
486 221 54
579 459 52
79 380 46
388 110 79
874 26 68
933 26 28
771 363 55
241 611 85
941 540 14
625 12 54
304 427 91
379 177 62
773 351 74
869 888 12
619 913 31
676 610 38
496 107 19
632 776 58
38 484 94
262 153 21
305 849 80
715 53 75
880 118 60
106 350 98
586 320 43
728 868 82
868 832 89
593 304 51
503 919 37
309 235 15
10 839 62
883 877 79
784 939 38
153 565 65
892 170 19
92 922 31
550 670 37
865 986 44
497 149 95
536 554 97
677 648 42
989 970 60
899 917 22
406 306 50
54 559 71
773 850 85
450 348 54
723 886 97
460 863 45
194 633 75
183 363 64
804 79 95
760 378 79
392 552 25
969 971 54
435 784 13
692 338 63
317 506 29
775 981 13
827 497 37
488 918 21
961 773 11
472 126 87
275 480 31
94 577 21
917 640 64
885 537 78
843 326 78
340 325 78
366 236 63
57 668 27
820 20 54
217 352 66
199 907 68
523 160 35
108 958 72
411 417 74
406 614 47
566 765 24
735 823 79
30 521 15
189 719 34
905 370 41
21 296 16
684 165 36
701 678 43
486 515 12
951 545 40
861 757 24
606 197 38
458 314 38
906 896 15
654 307 45
177 354 41
439 828 86
682 971 63
719 742 92
319 356 23
345 106 64
766 377 34
468 250 38
646 237 13
660 150 20
123 836 56
91 39 33
505 573 38
908 643 83
105 255 80
283 874 13
711 681 95
899 793 39
806 372 12
587 439 60
100 238 96
958 369 14
521 491 84
817 473 23
427 825 95
751 715 34
959 53 71
610 659 41
767 682 44
395 95 49
672 772 51
398 262 30
775 568 88
250 589 53
460 641 67
423 740 17
332 257 65
727 868 13
841 337 15
618 272 12
944 218 91
474 239 31
381 69 51
956 889 88
785 231 49
365 700 23
33 415 68
975 703 96
481 44 13
127 296 54
821 760 98
861 395 61
339 133 62
900 113 93
772 62 54
465 844 44
543 178 32
188 348 63
817 181 37
57 896 40
740 162 44
448 549 64
634 803 73
330 581 89
443 262 45
31 43 20
42 254 29
401 240 74
288 587 51
761 669 57
963 254 30
444 626 90
255 130 26
183 613 21
88 890 43
312 268 41
731 375 71
133 441 99
873 435 78
601 874 49
386 918 46
205 328 71
211 401 38
124 92 71
206 730 28
121 699 86
194 321 42
2 957 58
577 617 13
918 310 54
744 704 85
781 40 55
36 955 18
373 261 33
703 141 37
130 243 88
471 774 47
896 184 85
747 776 26
181 716 29
325 706 99
896 976 73
652 282 79
578 157 24
513 952 91
780 264 45
862 557 82
451 816 73
386 203 44
981 985 13
913 280 95
317 628 87
228 452 35
778 266 35
710 683 86
73 426 95
619 118 96
656 444 73
285 412 98
820 23 18
193 89 99
661 676 84
975 78 73
299 427 58
621 554 37
528 797 36
47 181 18
764 362 90
217 877 38
524 395 27
322 638 50
940 622 42
710 682 83
916 432 21
441 900 18
954 305 72
601 357 83
112 980 75
532 476 79
962 807 92
231 550 12
498 59 93
85 208 82
21 656 97
220 886 54
112 814 19
483 969 60
253 387 49
670 943 13
358 712 80
179 809 99
261 661 78
300 96 17
195 971 14
387 685 49
98 945 69
282 601 16
711 954 79
970 887 25
230 939 97
218 70 22
975 2 95
762 211 92
249 884 57
259 719 40
178 842 20
180 669 56
350 165 53
406 1 50
427 957 37
394 827 57
715 943 25
142 572 25
210 471 82
231 791 50
69 994 83
36 433 25
231 214 97
745 186 93
891 1000 82
476 165 28
127 426 14
488 53 13
523 44 40
809 425 86
394 717 52
969 360 23
35 677 24
559 533 68
475 447 91
913 283 74
916 494 25
317 66 81
275 723 15
586 527 100
251 620 91
916 758 83
773 230 62
401 452 83
594 95 45
419 897 65
928 680 66
493 485 37
703 61 51
100 0 92
144 820 58
884 207 39
519 469 30
837 736 15
525 918 19
700 503 74
638 691 56
984 211 57
809 390 56
306 142 63
528 480 33
251 800 75
214 918 19
674 758 63
795 454 30
602 152 55
483 541 40
298 688 19
260 33 85
110 465 49
143 467 30
194 597 49
397 712 72
901 904 59
795 441 60
350 811 12
673 30 82
271 126 69
375 592 68
870 171 78
109 113 83
299 305 90
537 775 30
765 407 40
411 859 48
435 425 99
885 621 32
236 924 94
607 531 86
485 143 95
29 760 20
645 233 24
796 780 77
219 551 97
308 116 42
248 970 86
534 88 62
867 433 55
300 552 30
505 678 39
766 758 82
273 587 84
592 156 60
101 2 14
237 722 31
535 979 49
594 818 77
278 364 69
163 156 72
1000 931 18
510 741 67
684 293 83
27 482 51
941 898 22
921 177 69
461 991 45
202 745 74
885 979 24
342 23 36
61 135 34
626 554 73
450 288 85
77 5 66
910 318 63
477 93 60
136 73 79
139 641 61
528 365 82
185 143 21
278 808 78
805 86 95
920 325 12
944 76 93
298 129 75
41 779 18
799 491 52
154 715 14
519 161 93
505 197 98
356 99 53
624 985 77
284 76 29
96 203 53
951 846 19
922 935 80
24 920 76
450 284 93
282 366 38
820 451 46
616 781 96
431 308 61
289 75 41
67 454 68
644 110 48
58 805 10
65 202 58
574 347 83
167 52 82
692 603 27
660 827 46
675 112 41
487 253 76
193 664 30
273 882 14
675 63 19
184 372 17
658 314 70
140 12 48
206 611 49
801 310 76
873 458 34
669 398 51
721 635 92
684 885 93
56 638 30
704 575 74
869 758 69
10 268 43
941 931 60
224 578 78
179 910 70
0 99 68
18 734 24
878 315 73
348 908 38
488 767 98
464 5 85
367 583 92
60 936 88
139 715 49
735 558 47
277 37 62
894 142 35
258 630 80
170 217 43
296 581 37
332 479 52
90 362 61
117 965 90
909 694 12
561 4 58
876 438 74
99 794 41
267 29 19
725 141 35
810 412 20
403 248 13
341 651 91
782 373 51
863 263 83
129 802 35
164 181 56
54 799 85
976 802 10
201 380 47
5 217 16
576 104 52
512 554 59
606 297 45
502 345 99
561 187 28
571 601 30
123 596 94
136 318 51
378 349 96
353 614 74
403 128 82
468 660 73
512 860 15
947 636 88
584 427 70
401 202 80
62 219 26
929 596 52
30 238 94
633 598 74
463 83 90
466 657 94
685 19 83
999 974 67
648 401 86
241 169 80
398 662 21
109 954 23
237 778 24
836 622 74
213 895 16
687 594 88
849 503 54
895 516 24
531 68 13
79 762 95
960 419 100
90 548 35
498 917 92
947 239 98
971 119 94
4 106 73
563 898 97
320 328 79
510 340 41
396 195 53
461 308 55
768 518 98
117 948 21
264 56 66
776 868 20
903 343 24
926 748 50
285 155 30
61 817 90
314 961 19
471 340 76
246 879 37
747 707 53
259 738 71
215 901 83
323 231 74
588 339 57
968 687 69
55 114 92
44 591 29
97 894 30
78 460 22
572 383 81
78 493 31
288 935 18
532 218 27
869 136 78
135 812 86
874 406 92
914 609 59
3 144 98
711 936 58
25 371 95
576 477 32
262 675 57
741 9 22
848 740 58
495 619 57
865 101 65
91 104 39
592 744 57
453 267 10
741 451 13
554 420 69
981 680 21
150 884 59
149 865 58
562 851 92
386 243 60
637 900 36
592 499 76
793 673 45
529 931 98
387 296 98
12 251 91
422 984 77
908 374 39
688 150 20
614 327 20
146 34 99
461 72 16
389 689 33
717 62 16
767 364 49
363 882 42
340 276 58
837 199 70
202 582 55
267 511 79
810 751 98
996 268 93
548 100 36
664 904 80
253 722 62
325 733 40
347 177 84
121 560 96
805 333 14
112 713 95
816 900 70
909 765 22
253 372 45
58 40 61
92 432 86
884 678 70
62 754 94
623 553 39
514 27 29
6 388 67
596 276 50
496 595 11
954 610 17
507 822 39
941 875 82
527 87 77
750 725 79
175 286 30
813 468 87
350 406 59
409 560 26
461 787 21
498 818 63
8 100 33
959 164 64
418 380 64
658 411 53
177 118 10
922 617 50
313 282 72
758 304 65
147 103 48
82 727 56
222 333 83
452 768 11
405 441 38
612 311 20
515 187 91
185 222 75
582 124 71
127 877 63
154 634 21
221 588 72
887 188 16
363 331 28
416 747 27
358 47 91
90 536 62
927 449 53
635 287 32
721 910 48
929 166 74
496 241 76
374 398 95
850 791 21
880 261 80
653 421 48
771 618 77
275 777 64
694 758 54
796 266 83
689 783 76
327 864 91
786 36 59
781 348 47
905 380 49
560 705 87
267 251 73
54 549 60
910 352 24
648 595 37
587 983 92
753 910 39
552 174 70
273 441 86
474 378 88
176 22 88
535 792 75
249 493 13
623 345 82
876 249 75
367 460 20
25 716 95
460 229 13
911 242 41
403 691 44
268 899 83
500 862 49
544 255 58
194 555 97
196 608 16
379 753 89
13 703 72
458 818 24
517 71 95
202 148 90
764 11 38
138 294 73
476 369 86
757 89 70
144 620 75
300 406 45
599 959 58
723 498 21
315 463 12
725 563 32
98 746 12
971 982 29
127 91 26
431 892 35
324 947 15
717 860 86
570 544 12
741 10 34
870 912 65
588 999 91
126 141 80
768 698 57
314 533 46
136 624 26
714 145 88
619 387 99
209 747 16
960 24 39
724 529 55
769 620 45
137 575 98
548 211 15
142 546 82
248 724 82
887 502 81
751 671 60
326 678 38
664 504 76
16 361 79
633 503 69
397 719 87
973 3 79
663 603 21
420 490 74
559 712 13
415 139 97
100 544 10
822 742 78
895 521 75
254 837 45
550 353 61
379 276 87
581 342 86
471 858 38
366 908 10
423 889 19
708 751 16
62 833 98
17 493 42
235 842 84
397 867 77
713 60 85
837 473 85
891 463 16
496 767 12
841 366 45
985 872 10
57 275 91
642 200 93
452 20 95
963 429 85
404 664 67
791 343 46
782 687 50
503 241 55
8 780 40
196 764 95
165 898 33
955 992 20
747 926 10
515 272 26
510 507 13
915 72 93
91 673 64
171 299 35
416 341 27
104 547 56
949 349 67
350 387 14
144 275 45
103 708 65
913 737 31
369 820 62
159 927 36
353 148 51
880 864 35
608 403 27
143 588 73
529 584 41
859 523 35
313 616 48
989 168 49
486 807 55
985 775 80
60 160 83
19 961 11
210 693 61
221 151 34
393 649 80
68 946 50
549 859 35
65 444 98
685 96 41
788 768 41
574 406 26
395 216 50
935 457 26
399 438 77
111 728 25
125 631 82
6 26 22
87 918 53
354 845 48
208 103 71
264 734 54
229 660 97
394 860 65
268 724 37
825 636 31
201 280 36
374 866 13
48 828 46
746 385 77
851 587 97
135 215 91
818 884 89
725 304 11
92 949 26
152 483 73
993 750 11
215 101 72
687 78 98
389 360 66
321 257 66
657 341 72
906 940 90
746 293 68
923 373 36
311 8 41
6 815 25
256 249 59
412 130 23
149 186 31
71 319 48
316 207 24
628 410 40
481 914 66
46 262 98
776 564 50
869 231 61
213 844 42
491 58 77
396 730 21
848 429 75
9 80 59
901 993 94
469 787 49
756 282 13
159 186 98
621 947 48
253 324 30
206 9 42
270 384 44
422 724 92
2 531 18
134 750 62
531 679 26
760 145 45
671 362 11
1 549 98
82 662 32
603 45 40
754 945 41
53 946 60
339 824 53
116 168 72
473 866 33
299 369 82
544 627 89
953 886 28
399 519 56
140 573 63
109 737 53
433 432 58
851 75 20
261 80 30
971 887 86
572 812 27
342 562 45
216 340 24
125 676 75
566 822 41
223 589 76
456 258 94
861 459 38
555 274 39
212 98 54
63 951 37
208 424 28
584 161 80
192 442 40
253 696 23
396 726 54
244 793 77
727 252 56
924 768 82
1001 637 51
300 471 51
156 319 34
711 689 57
305 824 21
702 815 79
780 308 10
214 784 65
911 457 59
578 339 28
378 689 87
629 573 72
646 891 73
777 897 25
738 751 60
331 723 40
792 110 14
164 921 83
372 743 33
877 362 79
881 334 51
759 925 54
843 272 83
182 670 50
289 268 12
416 309 42
369 841 64
115 456 56
459 175 28
961 768 23
942 503 63
652 675 50
655 382 29
229 442 69
724 39 62
26 304 25
246 652 79
618 195 89
396 939 53
57 871 69
48 808 87
114 629 66
470 172 43
750 171 13
488 503 97
89 414 41
356 400 25
604 915 67
115 508 69
290 710 67
117 120 39
505 750 45
50 858 88
452 234 91
968 987 15
876 900 52
50 586 78
46 536 13
765 810 74
211 642 95
71 561 12
162 61 32
798 810 66
349 617 10
174 326 70
129 327 46
356 282 78
801 443 91
617 410 86
512 851 15
569 120 78
43 682 23
212 941 18
137 911 27
539 6 94
809 137 29
125 702 65
554 366 24
500 832 22
318 418 28
952 344 80
106 467 20
565 599 47
459 992 78
630 674 36
142 462 47
613 35 85
76 576 80
384 882 94
884 4 96
281 38 65
155 221 13
585 630 88
441 275 21
752 401 15
343 270 34
726 953 17
193 452 77
404 275 86
498 406 76
434 326 66
294 868 75
679 325 24
689 322 76
971 196 35
465 627 89
734 350 43
939 659 16
759 139 35
503 285 83
736 478 99
447 488 21
41 67 55
432 663 36
784 897 60
139 748 19
217 661 90
125 832 16
750 457 48
795 124 71
341 805 32
341 342 73
671 74 49
716 951 56
447 310 98
518 523 59
993 310 69
794 635 83
520 848 60
266 413 79
74 927 70
689 943 66
323 773 68
329 517 45
435 317 14
293 276 44
916 875 65
177 975 72
99 905 87
34 355 97
810 567 58
268 514 56
52 987 20
308 542 19
747 911 61
122 417 33
436 274 25
515 537 30
811 505 35
387 604 57
746 749 34
774 649 27
84 334 22
634 194 43
820 770 29
394 704 81
170 136 44
29 714 69
536 1 41
45 469 77
977 313 22
801 7 80
179 139 73
540 845 29
214 780 78
768 692 33
958 204 27
976 620 68
707 420 80
749 528 53
480 778 92
489 460 78
436 393 18
880 475 67
870 253 59
476 599 93
875 908 24
424 399 92
329 842 75
398 121 72
651 775 17
653 568 56
98 615 45
445 857 24
486 766 71
827 939 29
212 893 50
877 233 76
624 299 69
762 239 74
590 855 54
136 718 28
448 886 15
919 59 91
738 436 56
221 108 59
627 758 26
361 432 14
146 180 84
893 912 90
372 549 89
887 498 79
513 469 27
155 76 96
329 41 65
416 217 90
478 188 93
450 416 71
500 527 95
594 540 56
279 280 15
607 186 79
360 365 61
611 861 22
132 815 33
291 158 78
120 343 64
548 401 88
697 797 55
145 629 72
773 905 13
700 418 15
330 99 74
765 297 15
876 129 56
464 249 59
341 646 47
379 603 41
319 16 41
723 973 89
145 836 60
92 931 31
276 265 27
200 178 74
620 297 69
750 343 27
355 198 66
860 735 89
96 660 57
799 137 80
184 959 19
733 675 63
484 666 42
60 179 51
380 941 19
773 922 42
222 8 32
749 242 57
642 242 39
236 789 13
164 485 28
208 176 19
235 306 94
289 578 38
941 99 76
423 103 97
226 321 89
942 62 67
184 419 33
506 40 40
256 990 38
381 352 49
582 134 34
36 586 32
582 98 34
102 783 63
335 946 26
465 430 31
486 359 20
335 814 54
899 702 85
595 126 91
112 766 34
644 786 69
641 716 31
288 416 15
406 17 51
320 768 50
991 460 99
482 808 49
841 419 97
12 863 29
10 734 56
501 948 32
265 949 30
733 441 73
325 587 99
747 134 13
145 374 42
157 248 95
86 328 14
642 937 85
977 251 89
729 586 16
405 696 91
761 931 100
134 964 46
270 941 70
142 985 62
19 470 71
334 524 59
854 623 75
364 375 45
305 107 37
928 479 21
907 406 69
845 856 99
903 591 87
153 803 58
257 225 14
268 511 72
745 313 66
292 542 71
94 289 16
285 602 72
400 780 53
579 516 25
781 118 94
79 729 64
279 338 50
350 952 43
41 422 66
390 514 74
205 897 54
1000 738 60
522 130 61
478 15 16
733 865 71
592 973 72
840 870 57
145 9 43
470 531 84
201 174 91
952 619 42
592 902 40
736 686 44
744 512 16
228 611 51
996 520 10
663 320 50
875 860 56
852 154 49
793 132 15
852 354 58
204 93 35
851 23 32
378 763 55
651 994 55
354 832 99
558 397 27
393 925 64
447 322 44
780 797 65
146 388 79
902 426 46
673 881 61
626 26 59
805 129 30
552 1001 60
66 151 68
223 171 60
936 462 57
728 240 51
118 39 29
773 913 38
809 667 95
478 691 10
661 205 88
797 543 66
731 675 57
450 464 68
803 339 21
945 588 96
616 145 81
658 255 14
702 548 15
623 3 38
140 127 97
608 487 43
410 210 71
808 70 37
595 415 70
939 422 30
429 801 90
963 989 90
812 633 84
959 355 22
384 49 22
805 562 19
347 760 60
971 392 90
696 401 82
715 183 45
640 498 29
818 962 18
509 694 94
368 610 54
242 752 58
411 597 83
253 446 72
476 285 73
83 13 82
322 820 74
976 558 97
306 582 12
262 417 68
948 14 80
83 810 53
464 626 38
317 90 98
904 665 27
717 34 11
234 706 81
356 814 14
412 117 62
369 192 74
964 740 99
805 724 16
591 848 42
87 240 14
679 716 49
586 36 88
567 222 36
383 841 70
279 152 88
329 797 76
971 426 89
953 133 70
795 539 10
597 370 26
185 64 95
206 414 61
592 28 46
721 305 83
476 163 80
774 424 75
57 502 15
432 59 32
354 89 23
488 276 42
47 769 67
497 677 33
704 508 45
152 786 90
169 957 14
48 500 26
188 898 20
305 899 51
886 863 69
810 372 96
564 685 53
340 381 47
577 492 100
481 195 67
438 483 15
510 848 32
892 341 13
890 465 53
369 890 75
849 719 68
908 258 13
237 348 57
317 374 43
207 523 81
295 422 75
598 427 18
833 564 73
893 9 95
334 226 21
177 249 14
731 996 66
585 173 94
506 807 75
511 981 76
859 968 74
223 203 33
594 661 32
64 700 49
40 24 10
683 117 70
108 186 29
434 180 40
919 769 10
216 767 64
95 5 71
852 557 31
227 774 45
423 874 77
7 127 13
468 599 71
810 883 53
552 546 80
904 928 34
643 768 57
699 489 87
669 732 53
807 288 94
818 17 29
741 918 45
933 945 41
784 825 57
751 49 85
729 685 46
663 755 54
577 686 84
601 625 57
507 929 74
782 217 18
966 737 99
250 582 55
724 617 55
495 171 63
962 283 11
587 731 28
805 970 98
614 196 61
460 247 89
421 218 62
130 799 60
778 36 92
553 774 39
305 662 98
870 628 14
21 778 66
265 752 83
533 738 64
925 718 23
476 886 25
682 838 92
335 604 99
282 352 74
249 658 97
17 987 97
569 75 57
79 75 48
75 479 89
15 482 72
377 564 24
408 362 94
137 768 32
784 518 89
226 240 26
389 170 69
881 765 61
570 845 62
51 277 73
309 928 67
388 420 27
39 612 55
535 178 53
298 817 26
838 189 50
97 338 31
909 810 66
900 748 62
954 337 59
458 556 36
382 892 76
133 461 88
697 472 71
288 878 45
661 185 29
699 896 59
721 904 61
990 783 83
342 353 27
709 104 98
73 354 89
388 491 63
215 677 17
766 838 45
763 925 18
49 700 18
85 779 10
609 485 63
315 292 96
101 345 98
864 823 43
676 784 84
838 921 84
343 777 77
828 244 19
259 773 64
782 335 13
361 506 52
480 432 100
967 173 75
987 94 88
417 824 17
964 937 88
574 42 80
228 530 54
618 641 63
620 956 23
711 45 38
231 899 84
904 132 40
487 112 94
29 395 32
800 487 45
55 450 42
673 346 25
381 620 57
991 494 54
875 478 55
826 659 71
102 453 18
679 718 70
229 259 29
444 529 81
614 802 17
957 464 53
290 749 58
853 497 61
119 751 60
576 467 32
522 149 80
819 458 52
670 928 69
426 168 67
149 78 14
371 324 62
151 492 86
369 120 78
335 121 54
686 408 55
851 26 75
384 319 15
406 112 20
572 115 71
432 903 39
575 726 41
710 595 23
322 333 40
275 85 56
115 391 56
536 177 84
402 988 79
52 500 83
930 935 24
427 2 75
743 334 10
886 712 88
52 571 85
210 285 62
495 257 30
588 773 11
742 53 28
57 664 72
575 468 59
489 254 76
256 415 50
210 122 21
250 173 35
891 843 88
428 104 56
340 545 64
256 526 27
385 235 83
560 371 81
733 779 90
868 800 21
132 953 13
850 353 80
729 80 28
32 861 57
634 455 60
849 912 69
691 219 16
1000 913 60
966 560 100
983 658 13
274 562 33
820 393 11
235 253 23
666 330 27
785 793 26
787 239 58
580 200 22
342 985 87
216 263 42
181 148 99
611 107 35
988 826 100
103 140 80
120 252 75
640 814 88
949 769 44
391 122 14
129 737 78
749 157 44
695 783 97
936 14 70
741 695 37
137 605 85
954 974 96
829 194 12
205 721 59
998 455 48
24 105 17
158 797 44
463 797 41
137 643 94
785 508 91
457 815 40
854 303 29
666 280 37
620 882 72
598 620 96
882 413 21
886 754 36
414 34 29
948 205 64
775 815 67
884 547 87
136 309 98
966 888 10
762 358 71
323 294 37
289 782 18
635 151 77
420 670 20
720 385 84
123 429 32
934 994 87
890 317 42
39 493 84
542 779 51
487 488 65
694 841 19
206 369 85
552 768 14
749 234 72
862 208 15
209 321 49
140 76 93
292 622 84
691 112 29
27 263 36
727 630 72
995 705 21
292 991 18
990 134 35
215 261 86
116 19 67
828 781 85
227 238 40
400 702 93
208 616 80
852 622 12
702 464 43
301 128 12
936 940 32
947 410 99
408 657 87
144 953 57
757 794 28
820 967 23
789 98 74
539 277 68
384 148 41
584 499 81
193 653 98
774 363 58
118 481 47
195 624 82
428 943 55
794 11 11
645 364 89
345 644 85
851 681 38
594 679 40
818 287 90
306 860 18
835 144 52
51 425 71
971 805 97
66 156 82
20 379 65
637 469 73
54 741 42
159 498 43
353 750 34
605 623 40
304 74 72
611 581 52
825 344 85
312 745 45
297 876 30
843 341 30
815 593 30
136 184 90
278 778 24
269 15 18
654 354 35
232 88 34
764 335 17
16 584 58
116 1000 79
289 454 50
872 756 47
210 232 79
288 967 25
949 741 29
89 779 87
808 366 26
71 347 92
681 955 35
267 105 95
281 369 21
29 994 39
283 124 56
661 943 74
938 66 98
906 729 17
916 0 19
66 865 99
8 683 19
962 707 95
396 586 55
149 405 34
586 739 17
68 164 58
936 639 69
339 435 91
76 829 32
714 404 40
782 271 80
810 594 84
423 373 27
679 144 91
89 300 14
188 260 72
403 329 53
311 141 41
118 895 27
762 641 29
555 123 92
448 694 90
548 642 33
298 490 96
870 285 24
259 245 88
484 576 19
51 714 22
346 556 15
460 330 33
527 80 21
670 847 62
636 223 32
13 975 31
450 176 62
706 300 16
401 421 61
520 786 29
347 400 99
839 103 53
580 398 86
949 547 28
592 451 40
502 773 14
770 855 100
883 456 58
546 907 35
612 778 14
410 888 70
677 213 56
15 705 47
87 689 96
820 438 25
556 500 98
446 289 64
445 198 81
1001 592 19
879 142 84
577 890 16
156 363 15
50 970 24
281 2 95
844 688 29
203 970 100
61 302 17
894 201 74
102 610 19
839 137 88
26 294 13
849 480 67
630 858 100
543 892 59
492 249 84
652 657 69
987 283 66
279 555 90
990 846 96
939 314 84
806 283 49
336 413 48
140 635 56
415 292 51
810 428 91
602 436 15
444 205 17
997 392 30
2 74 92
142 800 87
62 749 21
538 29 68
862 62 51
877 459 50
634 654 50
658 160 47
52 165 20
838 320 89
191 775 94
88 179 74
403 245 45
330 778 80
170 793 12
57 55 50
924 750 43
954 160 57
961 584 40
709 976 96
189 629 65
59 514 94
928 621 64
866 530 53
377 809 87
144 775 86
502 340 95
877 958 37
72 324 39
463 112 36
485 963 32
125 590 93
375 338 45
99 120 47
966 695 86
281 674 36
183 661 79
283 979 74
651 996 70
299 852 49
890 916 58
474 50 76
501 120 49
368 646 61
153 711 11
385 858 95
319 794 24
826 534 44
923 987 84
758 946 41
223 787 82
967 449 69
140 458 61
315 319 14
736 983 80
368 626 95
400 407 61
527 616 47
389 490 72
702 333 40
371 316 97
877 463 17
840 671 94
232 415 72
496 131 45
966 447 84
416 660 10
845 678 22
820 208 50
583 621 94
505 787 84
630 709 97
6 752 74
782 863 99
625 383 31
814 52 33
822 389 12
909 987 32
474 721 59
483 826 48
570 144 15
625 464 19
413 1001 90
724 504 73
239 476 81
386 1 67
58 940 65
548 592 10
741 697 74
121 232 77
448 972 92
693 439 41
352 494 25
652 951 11
895 865 26
40 400 38
53 674 74
725 274 97
640 204 43
23 487 25
928 477 75
221 628 74
248 469 79
900 862 97
921 304 96
477 891 40
662 50 33
648 607 67
421 974 52
857 329 40
878 985 96
496 364 50
123 840 69
472 470 76
946 109 22
433 399 53
648 14 70
98 146 89
290 696 54
343 263 79
366 456 19
46 963 71
520 370 71
837 734 21
999 210 23
111 530 86
950 75 18
660 614 36
726 563 15
272 276 63
28 350 91
725 929 43
280 13 29
739 729 74
156 80 17
917 404 51
608 211 54
222 673 16
557 30 63
233 135 87
710 268 57
588 632 22
153 73 23
342 958 17
725 260 56
309 957 39
345 506 73
55 564 93
509 670 71
342 197 55
833 291 100
563 225 79
522 460 36
840 205 12
323 81 41
680 934 72
890 68 37
337 56 52
907 827 54
82 314 88
693 635 10
788 887 60
962 217 53
557 655 40
589 292 26
279 838 77
760 789 83
852 554 23
164 648 93
40 48 63
478 566 56
37 223 100
881 843 96
826 616 30
947 229 47
883 621 94
619 825 73
58 905 96
623 788 66
127 215 48
245 961 25
206 165 16
453 488 14
643 571 78
180 934 94
35 534 83
598 753 84
429 524 58
380 168 44
36 989 74
702 444 40
393 105 79
403 862 36
955 549 62
115 265 72
114 836 64
87 154 62
348 416 30
892 890 78
428 861 39
845 860 74
826 105 22
776 453 79
552 195 39
547 629 92
581 113 70
711 41 39
111 346 23
607 770 13
465 687 31
608 755 87
952 974 66
254 217 38
840 186 62
395 866 69
17 180 13
800 369 61
359 559 35
982 268 62
348 814 57
533 72 87
290 285 42
300 913 61
289 643 75
82 370 95
9 587 79
392 238 98
279 0 98
480 581 53
967 806 13
920 909 14
417 623 13
154 782 30
606 40 49
153 770 68
427 555 75
496 408 80
944 517 19
767 101 31
909 664 82
679 72 39
718 719 45
83 310 41
15 526 91
958 518 20
615 269 12
337 635 60
691 587 60
351 458 73
790 931 60
329 634 88
138 894 83
477 246 57
94 54 47
155 556 98
297 873 26
20 498 19
182 777 21
105 497 37
243 646 28
120 759 94
339 719 20
296 412 27
774 861 47
638 195 68
955 363 19
459 95 71
54 97 35
722 980 53
870 256 10
751 110 26
177 310 15
849 370 63
667 792 37
861 666 28
53 783 17
478 816 14
516 863 71
87 905 18
415 153 29
416 648 16
992 785 21
801 583 35
158 434 16
12 454 48
573 886 60
743 773 57
789 40 87
606 726 46
397 505 64
798 323 95
50 978 37
836 10 61
397 231 91
740 403 50
576 222 21
651 209 50
367 740 10
167 24 75
626 447 26
206 723 96
293 80 53
67 269 11
244 504 30
405 140 91
758 413 31
169 709 33
561 303 26
904 395 18
326 346 91
634 691 74
353 320 78
778 278 25
881 614 60
845 371 36
576 598 75
139 418 56
256 971 11
778 56 76
714 487 36
629 668 96
901 136 10
39 67 75
331 190 76
715 224 16
373 664 39
251 678 90
121 211 45
606 485 94
14 436 33
978 163 56
861 984 19
28 86 33
253 347 28
503 122 52
625 549 11
933 411 82
533 45 43
734 172 65
700 985 53
994 753 57
269 403 70
203 356 11
331 633 35
364 889 37
303 92 47
737 789 70
116 61 65
594 649 30
493 903 59
804 896 44
395 235 11
572 161 46
896 225 72
883 307 76
81 862 73
538 175 48
993 451 21
790 305 39
307 84 55
955 853 79
263 402 64
860 155 42
258 252 15
434 966 81
345 917 15
589 965 49
298 36 83
924 509 45
150 618 100
166 213 79
177 798 80
889 578 72
759 263 32
390 310 91
567 389 87
164 60 32
342 793 46
262 834 63
539 915 46
281 303 32
932 980 19
206 368 93
998 844 57
704 160 46
93 939 88
279 821 75
619 627 16
173 357 77
950 926 17
989 529 89
416 850 72
119 626 72
55 177 82
725 969 66
975 231 84
237 529 29
928 495 64
868 151 48
610 166 80
450 287 76
945 956 36
802 304 63
759 730 35
567 126 67
547 833 11
320 359 49
477 791 26
748 728 98
977 617 48
433 899 27
145 876 17
515 467 66
406 706 99
802 434 73
83 305 13
863 261 33
556 793 59
175 330 17
341 7 29
376 904 53
248 97 33
53 549 95
452 167 75
715 76 71
22 235 18
37 938 82
493 89 57
447 148 86
430 107 42
180 266 35
446 596 82
679 677 51
710 458 82
333 9 74
990 76 99
556 965 44
990 222 82
875 115 32
505 204 52
253 998 57
152 634 37
106 88 60
60 188 17
608 203 37
892 328 95
400 908 42
98 229 24
832 742 13
643 146 26
799 841 46
177 724 33
49 80 56
589 300 26
465 486 50
628 825 91
156 598 75
1000 121 23
791 834 41
915 282 96
464 313 41
392 37 22
323 426 96
514 242 18
418 444 79
860 442 21
150 88 12
554 150 58
357 120 18
241 630 54
440 263 10
1001 458 12
262 905 28
181 130 34
402 805 86
287 539 76
268 290 49
330 272 43
440 345 97
950 787 87
384 526 56
805 497 35
112 939 68
306 432 20
138 601 63
91 886 51
829 703 50
377 408 88
95 535 66
4 278 97
934 677 35
52 680 91
0 627 41
335 628 30
241 182 62
392 809 94
536 793 96
761 12 63
226 507 91
876 862 29
890 57 14
782 893 70
747 392 17
87 966 71
604 490 58
51 45 69
502 957 23
762 427 84
654 956 26
58 380 77
562 902 75
980 712 69
433 377 89
720 987 100
760 970 34
835 457 90
24 961 76
837 494 96
556 855 55
313 782 71
496 210 73
624 170 36
420 581 64
645 235 52
344 52 15
163 539 14
856 575 55
950 0 93
401 651 91
679 571 49
709 225 73
66 463 11
665 107 71
885 892 20
949 218 85
397 901 96
300 800 68
69 878 93
511 699 24
468 65 56
912 72 79
356 65 58
34 77 24
51 577 59
87 263 37
499 20 40
382 960 28
1 686 97
762 927 35
749 653 92
939 254 70
437 4 40
1000 83 91
367 97 83
701 88 50
329 976 64
60 713 92
136 880 40
669 535 38
288 784 32
432 837 61
931 849 11
570 201 29
623 165 19
722 196 32
935 368 40
555 335 65
764 460 17
964 649 24
913 243 44
192 805 61
19 201 55
658 843 60
566 498 55
120 716 71
314 324 95
569 747 93
270 830 11
181 852 36
351 441 87
337 501 31
781 205 17
300 467 42
18 810 69
716 668 43
155 303 37
819 556 31
57 271 27
806 214 24
317 56 49
232 436 64
539 248 23
696 614 74
144 600 42
935 872 22
238 165 46
13 546 28
399 84 44
371 604 67
488 656 83
567 616 53
519 652 85
28 805 65
322 757 82
459 419 23
380 963 29
775 339 20
521 906 49
43 503 35
51 613 19
373 253 33
633 54 84
529 34 73
459 761 39
283 742 52
276 273 42
62 754 30
54 534 89
239 244 82
746 884 33
83 289 92
411 990 76
667 957 30
688 336 11
346 405 45
466 816 15
226 108 78
851 280 25
357 892 96
939 432 96
767 865 80
894 955 50
674 61 23
901 414 29
130 232 28
697 365 55
471 567 27
407 9 42
49 281 21
802 580 10
51 862 35
537 925 65
139 305 78
711 139 13
264 323 22
954 52 23
222 169 98
452 58 26
242 454 20
389 121 10
488 486 71
813 882 29
611 668 70
56 521 18
806 419 67
525 647 26
350 645 92
609 832 11
275 701 65
55 519 21
281 952 41
411 589 39
462 986 42
160 696 95
535 315 99
750 774 33
498 693 73
827 967 66
598 214 22
159 757 14
566 409 38
1 882 34
601 502 20
633 347 23
677 226 32
730 318 10
98 364 91
519 763 22
165 159 82
430 72 79
529 780 25
84 32 51
312 309 12
266 759 100
110 53 41
481 218 23
595 634 71
79 565 66
338 517 33
633 212 67
946 234 42
772 763 60
471 678 35
724 900 23
143 506 53
927 110 17
402 686 70
751 673 40
121 4 10
181 88 66
548 304 55
871 248 99
473 835 93
225 13 36
867 678 69
921 931 31
553 275 53
697 161 10
934 342 14
485 282 16
201 914 73
758 963 97
973 270 75
646 450 67
887 884 48
670 690 65
987 556 57
142 879 60
664 956 81
711 48 79
212 882 58
301 288 73
240 559 36
727 354 48
621 438 58
643 57 99
590 888 83
725 376 61
454 389 98
446 527 15
412 896 34
496 146 100
682 565 45
660 211 17
934 29 35
660 839 79
819 56 10
147 423 61
131 163 16
663 568 53
847 504 54
88 923 34
460 957 38
729 26 21
376 955 79
642 531 43
258 139 60
387 499 86
414 11 51
970 646 84
624 410 93
441 430 81
395 517 83
416 719 76
195 625 44
1 559 62
337 65 36
664 247 38
150 574 78
140 999 41
183 15 33
39 825 24
773 76 88
995 203 40
482 38 79
568 376 27
611 426 41
133 351 11
417 105 23
864 502 88
533 816 87
32 364 37
434 292 24
858 306 57
906 405 79
81 224 74
458 294 17
525 999 41
405 775 26
956 528 24
307 718 10
86 96 14
309 218 33
668 397 97
323 852 49
716 445 60
732 405 80
129 696 90
997 792 65
850 345 53
692 920 72
816 233 69
417 701 29
497 512 86
697 322 54
149 487 80
574 58 31
968 431 81
970 612 86
974 489 54
261 366 23
80 48 20
204 399 78
191 595 12
753 604 33
356 763 78
571 829 27
285 574 67
40 282 18
502 881 28
224 136 97
247 183 50
975 585 89
662 688 61
723 930 14
642 218 100
341 256 39
539 176 88
548 715 18
706 123 20
376 789 53
456 326 54
450 181 34
189 635 63
530 64 80
337 210 34
780 942 30
209 612 95
625 483 95
265 293 46
9 809 27
296 661 36
567 742 67
596 188 49
514 655 69
80 273 92
2 302 77
201 308 58
556 46 77
947 165 75
903 235 10
980 833 13
657 242 48
781 641 76
106 942 84
699 175 51
688 441 49
553 429 98
591 557 74
16 22 71
980 824 19
365 178 70
246 140 69
318 996 91
47 903 30
329 565 85
518 865 87
499 722 17
762 763 16
740 337 73
33 91 21
43 286 90
622 719 54
883 392 97
311 458 46
96 368 44
926 20 48
301 579 23
607 116 95
980 209 75
481 325 29
277 321 81
936 718 62
15 869 77
995 457 49
524 266 36
256 0 63
969 654 60
700 612 48
647 1001 45
298 368 43
294 908 29
385 4 49
259 659 38
993 367 73
256 386 70
698 49 48
234 375 35
831 419 82
867 349 53
990 4 71
683 252 52
752 48 87
242 848 34
851 836 69
737 392 86
249 245 68
150 672 89
487 312 83
637 543 51
505 540 63
153 629 13
725 216 42
457 601 22
207 219 82
443 917 16
570 267 87
876 649 42
369 507 29
414 33 36
736 787 42
707 193 29
555 149 11
783 857 94
763 358 30
104 559 15
196 924 59
705 533 49
843 604 70
482 71 19
265 469 50
111 252 42
877 175 78
723 985 80
157 235 43
749 921 59
523 416 81
714 516 28
65 460 90
247 970 19
382 912 29
158 863 27
306 350 53
626 282 66
81 293 34
301 217 39
555 421 69
894 540 32
121 504 71
144 612 32
54 250 42
651 661 34
786 408 70
533 191 70
990 331 11
937 849 20
145 52 87
531 360 67
493 978 62
926 387 76
408 881 52
113 841 75
858 854 14
494 399 40
63 67 45
595 130 73
792 900 35
781 612 57
68 685 76
82 918 73
153 214 92
718 772 17
528 549 74
988 15 75
742 659 60
552 764 73
974 836 65
307 39 54
361 730 28
292 970 72
49 139 52
940 605 73
420 305 71
461 144 51
40 527 91
326 634 100
200 158 90
306 792 70
206 641 14
238 514 50
123 412 90
645 842 17
321 23 48
111 850 74
628 333 78
185 772 13
834 568 26
521 435 42
909 198 77
960 796 13
400 645 16
923 304 92
43 382 75
959 188 29
25 327 51
594 995 75
406 810 72
546 80 47
583 339 79
280 21 67
104 389 99
291 319 51
613 263 17
316 805 56
892 617 28
137 551 100
334 651 82
806 936 59
816 116 46
379 520 50
414 748 79
434 279 54
558 386 41
799 667 98
110 799 83
838 658 88
537 1 77
806 678 10
428 574 66
304 173 66
131 791 28
400 974 57
789 912 57
203 173 65
952 664 38
546 60 89
374 597 35
61 813 65
572 315 23
910 373 60
280 518 94
338 701 14
350 367 22
347 606 61
209 183 98
81 604 77
98 786 83
313 795 87
258 529 49
206 999 38
825 46 67
949 701 20
390 93 17
607 245 63
510 67 69
701 566 65
494 733 85
847 144 76
77 596 53
1 581 77
190 419 44
784 564 91
682 322 84
236 824 28
769 656 50
678 611 39
210 1 37
862 735 30
800 557 10
380 399 72
294 135 36
720 610 62
732 383 49
454 870 100
233 335 83
17 707 39
182 419 96
368 554 10
993 253 22
651 676 51
763 711 81
300 246 38
777 128 23
480 770 74
312 925 38
304 699 95
540 463 22
51 623 89
349 107 83
141 787 88
54 107 88
966 1 74
45 713 13
10 620 76
210 733 15
443 29 17
51 295 42
210 605 49
349 803 91
669 250 47
92 730 69
150 506 90
580 504 58
721 158 84
549 781 61
934 838 31
919 150 34
437 594 99
896 559 47
329 955 57
24 669 13
738 348 15
899 583 64
529 770 32
997 292 88
818 747 99
517 206 24
29 679 29
844 929 11
131 870 23
139 785 86
56 957 87
749 354 32
772 478 74
831 914 68
210 287 57
702 164 91
562 538 16
967 48 55
709 161 78
794 791 63
904 383 12
69 139 59
373 784 11
629 581 50
816 159 13
857 284 29
650 604 85
296 687 70
473 293 55
333 298 36
398 891 55
63 852 17
135 949 85
610 188 53
887 25 81
438 220 58
850 358 73
675 42 39
853 619 91
54 487 38
598 503 11
226 101 18
599 613 31
33 556 49
890 78 41
488 304 45
251 757 63
214 723 32
471 321 26
893 257 59
453 164 33
450 121 97
937 166 39
787 886 29
397 83 55
76 682 83
337 239 59
668 298 84
961 119 20
375 161 49
48 865 68
34 330 99
660 416 46
890 268 81
613 377 34
628 498 67
718 206 47
38 822 60
506 268 75
132 92 76
414 951 16
528 98 94
443 222 91
898 925 49
136 189 33
618 375 64
498 699 14
563 491 57
426 828 47
716 606 60
862 847 86
493 312 59
770 85 53
442 162 50
44 214 78
623 400 81
925 431 62
628 56 30
461 501 62
441 496 60
901 714 94
451 847 70
456 821 12
722 140 69
995 436 70
131 67 23
762 0 35
895 463 59
976 106 81
718 517 48
502 363 69
591 167 79
151 765 53
138 508 36
70 970 80
14 191 24
315 663 77
3 748 94
755 967 21
98 765 32
428 439 63
775 281 35
950 575 29
187 836 75
389 636 69
440 32 76
358 289 80
876 605 84
919 254 82
151 491 44
127 644 27
144 240 10
27 346 91
702 226 59
765 872 37
59 913 97
893 490 14
836 357 26
342 302 82
402 41 97
881 680 37
361 497 12
636 181 52
196 138 64
903 456 65
553 515 82
781 20 59
402 651 87
77 604 70
532 115 80
857 385 78
811 733 54
694 512 42
274 78 75
150 339 38
910 732 13
620 532 44
423 789 11
513 182 13
973 523 96
111 755 73
657 995 22
839 861 71
797 70 52
842 551 79
59 813 19
769 816 16
604 639 58
503 230 35
200 578 54
234 869 13
262 758 17
100 109 63
481 302 40
322 857 85
214 997 80
969 920 55
1000 313 92
607 0 28
74 346 80
402 85 46
198 18 66
544 348 46
437 117 84
167 941 53
300 807 67
25 320 43
354 732 54
724 746 76
46 864 82
14 829 52
939 763 13
654 792 75
24 260 52
736 587 61
526 920 58
56 940 38
248 671 95
768 767 28
364 23 63
615 540 99
162 348 63
842 393 10
437 192 78
19 46 48
75 383 22
720 721 40
401 706 83
94 475 17
269 294 65
359 999 64
488 525 20
631 120 46
766 46 49
665 657 14
594 266 39
674 910 84
282 298 75
417 397 68
787 72 41
594 313 61
897 451 66
354 236 86
484 972 11
814 925 88
847 762 68
558 776 45
35 936 29
709 636 43
390 322 99
878 537 97
838 355 41
880 870 30
718 403 29
663 0 92
225 560 85
557 119 92
444 461 38
812 929 41
400 240 32
383 845 63
764 396 10
456 597 22
346 831 65
292 710 89
653 646 68
922 123 80
57 93 81
990 359 99
55 731 20
596 36 57
821 407 96
136 638 72
119 348 89
25 890 20
109 652 26
866 446 29
243 335 83
615 565 51
161 982 27
655 35 64
470 387 25
180 99 72
359 471 19
184 452 23
294 523 72
280 552 85
426 936 59
837 121 37
942 881 42
88 730 60
120 142 36
849 858 43
443 145 18
742 487 10
707 609 71
255 388 70
658 811 39
912 220 92
78 510 41
242 265 77
162 598 14
372 132 89
248 849 67
221 888 38
479 996 80
79 251 47
61 956 34
540 835 72
85 157 10
639 442 10
75 19 26
856 250 30
659 334 61
150 222 44
964 638 77
322 473 95
110 799 43
1001 581 93
703 318 55
611 947 63
162 759 17
936 522 74
905 23 80
475 971 56
116 33 18
117 290 69
891 794 11
858 169 29
137 620 91
902 792 59
586 508 10
285 336 12
854 250 37
698 348 100
355 504 77
314 96 76
474 998 17
582 939 50
61 89 84
878 436 32
419 972 34
160 26 56
27 931 70
324 867 50
986 468 98
680 387 28
801 521 94
24 637 20
112 106 26
199 165 90
400 876 93
593 456 99
365 376 11
872 283 65
632 99 36
358 751 100
142 824 18
126 690 79
156 414 22
143 950 91
576 658 56
840 803 22
948 737 36
384 252 99
801 807 76
491 642 93
292 891 20
177 636 97
918 818 12
839 534 76
644 197 38
143 836 80
533 948 92
514 912 65
776 430 44
613 625 29
109 805 50
629 924 72
563 127 48
19 936 64
871 472 97
792 181 88
608 479 72
257 141 100
289 389 62
246 813 20
654 132 56
100 930 86
441 668 11
346 240 82
1000 128 18
70 842 77
108 276 45
864 921 85
368 989 33
621 841 72
775 122 62
712 577 53
919 575 59
32 125 100
325 230 92
44 75 81
8 353 77
423 461 90
521 287 67
370 576 42
821 468 49
713 702 65
204 892 88
209 929 65
713 34 67
756 304 85
573 364 68
165 524 29
597 692 10
293 402 73
219 735 79
795 89 15
656 939 22
826 665 81
937 431 75
8 805 96
125 444 62
818 699 87
156 494 44
842 880 75
829 176 45
383 781 95
294 181 43
878 48 54
454 474 37
761 972 60
766 171 33
928 888 86
750 781 20
770 331 75
695 231 22
628 856 57
296 180 11
464 646 84
670 44 56
906 624 90
468 848 13
132 502 41
964 612 28
230 434 87
289 815 76
805 394 76
696 886 47
121 668 68
821 299 29
680 137 92
551 73 56
670 612 100
375 918 85
533 834 11
277 474 14
347 916 34
929 480 50
66 506 70
216 249 30
123 55 77
601 110 61
74 587 19
264 103 20
848 393 30
317 686 12
277 837 37
504 283 38
601 268 28
676 363 74
681 384 26
746 522 25
231 504 48
609 713 77
126 598 95
643 44 95
966 48 76
139 109 87
893 16 16
720 324 74
308 479 67
715 916 37
429 92 35
393 491 62
100 204 40
287 549 72
8 418 56
140 429 54
943 492 49
520 455 48
847 127 97
58 948 83
165 377 20
246 276 95
229 747 70
668 536 99
105 477 26
372 561 70
693 898 35
574 855 48
68 366 17
618 731 46
249 676 73
409 619 80
517 687 65
260 553 68
681 691 17
543 716 37
532 62 65
736 582 51
751 939 57
614 56 25
237 652 39
195 304 10
87 709 33
729 385 59
739 291 91
359 678 31
993 58 76
953 567 98
160 358 85
484 86 51
400 46 46
259 111 50
340 547 50
860 416 27
698 126 46
319 321 99
972 860 85
646 353 13
728 136 36
977 400 33
355 458 29
410 179 10
190 375 39
196 184 59
292 815 36
24 866 37
8 2 24
291 119 75
914 345 73
828 716 72
619 272 53
863 388 32
233 717 90
301 204 37
359 683 10
910 616 47
850 675 97
977 809 20
894 857 39
6 455 96
292 612 99
809 564 52
260 119 69
188 581 37
771 992 98
463 139 90
903 722 38
939 314 48
458 12 47
402 121 57
650 472 96
382 408 95
39 594 11
786 121 90
221 633 19
563 824 83
940 615 22
334 953 56
654 451 27
735 239 77
119 192 86
618 730 79
7 796 18
368 746 20
440 612 29
657 421 93
106 642 32
76 872 33
999 151 10
487 434 62
474 840 59
700 969 20
83 647 29
40 469 86
555 224 46
71 730 35
605 705 58
329 753 95
402 944 86
309 98 10
733 811 42
671 21 11
830 682 11
200 436 96
919 442 15
76 789 18
502 659 82
911 536 12
430 51 20
625 274 75
202 828 92
74 833 99
421 30 100
934 576 57
815 570 24
433 716 12
520 828 68
111 469 89
667 494 11
831 478 67
998 446 13
261 36 14
341 647 18
661 126 96
285 562 26
565 443 83
399 897 94
428 964 68
171 840 51
742 376 65
622 107 19
944 811 53
353 514 88
113 807 18
794 135 41
75 4 12
871 922 78
12 376 23
395 432 54
135 983 17
117 371 40
278 950 74
508 966 93
977 559 81
629 493 48
157 175 76
904 332 88
653 420 96
607 64 77
419 865 99
660 121 48
926 98 42
900 375 77
86 95 86
216 599 99
591 262 32
97 214 97
265 48 25
433 377 89
409 455 98
418 841 77
696 85 13
551 849 51
526 788 99
115 212 38
109 925 78
248 63 100
894 240 65
751 458 22
343 928 79
413 450 50
881 760 41
343 981 84
851 608 29
817 515 89
480 575 33
665 940 43
839 416 38
618 578 55
559 601 39
786 301 77
594 494 38
919 785 18
403 572 72
218 319 100
86 25 51
264 261 12
466 92 47
697 7 47
199 822 34
504 460 93
173 579 56
21 245 31
716 918 99
732 657 68
832 551 15
692 606 84
250 66 75
647 917 38
908 329 23
998 501 51
502 438 49
954 464 87
768 844 72
748 38 93
706 628 70
963 878 85
995 587 60
376 369 67
642 576 39
372 769 92
535 334 81
395 955 42
110 188 42
581 228 18
96 328 10
872 879 86
627 745 79
621 414 75
619 249 44
42 109 49
29 522 16
764 148 30
584 303 49
19 415 91
614 440 27
640 64 96
363 25 29
506 446 33
882 230 55
26 822 91
463 761 36
188 703 24
371 173 42
183 765 98
575 88 18
600 49 96
883 682 37
998 316 76
554 672 11
813 593 48
620 18 10
125 183 49
402 794 86
302 590 64
157 723 40
387 56 12
834 262 68
345 100 10
178 440 56
45 829 10
926 721 91
520 252 90
396 237 47
557 989 20
754 859 18
54 109 60
752 628 38
585 559 36
897 392 92
902 771 39
856 891 44
664 124 74
442 47 63
17 892 100
23 676 71
342 988 14
642 714 21
573 289 10
537 259 44
616 58 99
894 812 79
996 524 53
555 889 84
615 758 71
251 778 38
620 50 73
996 229 70
365 859 64
860 828 87
450 452 95
580 713 70
836 758 71
45 316 52
505 165 51
488 565 80
733 394 57
6 928 21
713 972 20
366 468 68
811 180 42
186 701 42
514 24 47
850 684 20
345 650 22
405 926 30
629 673 18
124 872 67
360 757 23
541 998 11
136 916 93
498 864 71
857 554 41
294 696 38
114 473 55
532 238 51
915 899 30
400 34 100
475 888 84
924 304 71
407 765 93
528 349 89
298 647 12
639 278 93
48 253 94
512 705 83
184 467 38
593 523 85
113 102 25
243 631 36
790 265 80
694 97 79
285 71 71
481 56 54
427 521 82
351 285 43
24 881 23
478 861 62
624 969 62
858 576 17
609 261 63
549 90 29
471 26 88
94 797 55
488 802 78
780 85 89
842 821 82
20 143 61
884 785 77
190 147 68
730 831 77
879 729 78
440 398 56
918 165 51
864 161 52
383 907 70
956 542 32
937 73 88
754 818 76
761 718 45
917 621 38
681 304 58
507 162 39
896 369 27
787 525 48
353 178 16
164 982 24
306 130 99
584 9 44
402 425 62
745 309 81
436 424 39
924 347 87
698 11 80
303 34 33
855 133 72
329 212 48
934 986 83
132 678 100
322 866 19
529 375 88
943 740 76
551 631 30
418 542 90
928 718 16
974 43 86
240 209 83
27 353 89
197 631 20
774 408 28
782 249 35
844 416 50
747 179 13
861 92 40
419 251 14
695 856 53
610 223 53
711 580 20
638 973 39
483 120 83
175 864 45
228 331 12
83 278 60
236 929 100
555 921 23
975 297 52
162 462 65
873 748 78
56 644 37
568 522 96
852 223 27
575 995 90
171 648 30
2 487 46
802 32 46
386 261 60
670 271 41
450 155 15
879 153 63
978 150 16
909 214 22
668 649 69
692 420 35
658 860 69
793 567 79
193 11 91
628 419 67
470 245 22
509 227 87
86 229 92
517 420 76
907 232 48
366 173 33
764 225 47
674 83 38
378 308 15
456 255 14
492 762 74
182 823 85
255 271 35
597 216 56
605 7 67
637 606 19
927 995 97
23 759 20
713 268 95
266 320 92
339 657 71
853 917 38
574 309 62
862 686 80
720 71 92
737 610 10
918 138 55
770 328 27
711 745 27
559 878 30
416 44 42
648 493 90
491 334 63
987 517 88
63 82 84
973 114 40
28 297 37
649 484 61
116 156 53
55 803 39
174 225 31
995 587 45
780 446 27
111 182 25
780 416 93
538 261 79
581 686 39
373 526 49
796 220 23
515 942 19
15 156 29
473 496 94
949 941 66
892 428 78
233 747 31
914 378 97
507 984 36
84 738 45
47 671 44
985 446 63
988 445 90
6 646 23
338 192 48
543 711 43
146 677 41
295 220 44
968 593 25
848 567 94
266 675 78
735 168 39
58 74 34
533 731 13
252 314 18
210 649 89
301 415 89
357 551 79
621 711 96
634 563 25
99 908 55
874 839 26
783 40 26
74 811 56
981 803 89
852 249 79
383 242 21
752 355 53
412 422 86
685 24 21
688 619 38
523 409 98
274 613 92
353 320 84
575 105 30
780 167 64
982 835 17
288 713 36
40 812 22
56 205 18
966 827 84
462 552 26
258 637 91
982 105 51
941 979 86
137 682 73
800 812 33
808 985 90
864 982 31
969 699 40
18 544 50
783 254 65
144 790 66
680 384 100
684 744 85
655 918 96
926 131 71
203 362 85
914 747 97
829 235 33
133 630 99
768 138 78
316 715 20
897 895 49
788 102 24
144 337 11
627 30 65
43 924 74
786 522 90
342 886 53
347 130 71
552 74 55
933 72 62
566 54 37
749 350 12
327 895 47
429 113 86
6 873 56
769 772 66
661 186 66
480 33 57
168 53 14
539 704 32
649 985 92
112 491 41
84 70 90
893 508 86
180 448 83
237 458 59
66 858 89
520 626 99
550 825 71
149 587 88
272 933 42
671 332 69
615 302 47
705 566 74
88 724 71
611 659 61
447 471 27
198 850 98
708 431 17
529 100 22
422 765 32
470 560 85
689 901 63
916 856 65
639 306 70
343 802 58
8 516 56
177 125 71
546 421 18
384 808 14
824 781 88
525 942 60
224 741 67
717 995 24
771 656 30
394 920 31
786 170 72
303 890 85
90 841 65
954 639 56
295 924 74
166 136 92
603 236 47
27 298 34
142 977 79
816 111 60
193 179 35
937 340 40
936 664 48
70 752 11
970 339 13
45 131 48
267 855 58
407 911 62
171 502 42
597 626 48
570 248 18
491 69 57
249 734 68
598 304 56
656 629 76
251 221 16
972 199 90
112 509 52
54 962 20
57 781 53
886 343 41
184 815 33
685 811 21
603 177 71
323 127 78
566 759 89
16 743 38
508 138 64
298 146 17
127 585 69
668 456 73
534 915 57
319 22 22
346 461 69
912 862 66
434 861 17
53 290 26
454 15 32
909 663 88
9 700 13
778 59 74
974 617 82
42 178 13
644 436 54
358 207 38
519 240 61
844 272 24
57 460 61
23 115 19
979 505 94
896 18 50
870 228 20
29 778 100
496 647 13
609 374 67
686 91 26
267 510 50
69 485 97
212 594 36
631 481 24
564 624 68
389 274 86
200 227 72
622 286 15
852 949 38
453 370 95
46 946 57
612 571 73
738 231 50
234 537 80
322 340 83
662 749 16
792 150 17
615 164 93
512 341 60
524 970 10
866 134 56
920 658 72
867 1000 97
148 323 97
12 985 58
869 676 21
278 784 59
420 407 95
915 606 40
456 952 57
609 173 79
307 215 81
88 585 74
832 682 41
575 600 55
38 797 46
646 287 98
537 759 10
903 778 16
94 726 14
151 316 79
526 884 22
394 86 52
950 141 76
583 162 56
507 148 58
685 984 56
208 53 80
693 747 61
252 619 78
376 182 40
661 518 86
648 397 30
647 734 46
651 581 94
475 604 39
553 22 73
868 765 13
264 280 85
55 359 88
917 228 41
317 63 75
186 572 78
941 329 87
600 969 36
857 69 17
222 37 13
295 279 43
886 928 93
498 754 21
526 146 21
199 878 40
575 288 87
421 353 24
676 330 81
86 17 45
921 278 50
972 586 94
888 763 48
312 897 40
274 357 82
919 60 57
891 795 81
251 206 55
189 77 19
322 84 10
39 568 100
502 462 61
74 629 62
725 854 59
362 684 14
697 23 42
827 571 18
605 946 32
546 143 31
725 407 90
634 74 23
303 50 39
414 153 60
717 973 37
94 992 60
228 782 99
392 611 28
791 8 73
31 254 80
537 833 70
618 399 51
672 685 24
749 119 11
253 743 93
152 818 56
982 384 27
385 130 60
307 522 29
226 853 59
658 853 29
419 424 19
539 593 91
540 934 92
293 83 52
493 242 63
626 729 14
870 655 29
942 394 61
720 560 67
88 771 80
887 565 80
489 204 99
459 273 57
394 886 75
51 377 69
890 647 70
628 738 68
26 243 36
705 803 49
527 620 37
130 122 84
372 505 86
204 105 60
822 725 12
909 84 56
219 802 62
604 134 28
322 655 75
340 325 44
746 539 19
566 549 21
906 657 30
381 138 28
280 57 56
586 914 59
531 115 23
707 34 78
296 216 57
891 266 34
130 566 10
61 640 20
687 616 15
619 683 65
500 265 46
575 366 30
922 476 85
677 249 20
608 158 89
44 394 18
297 459 38
642 230 27
1000 328 29
90 845 59
149 776 79
241 201 57
266 449 98
174 166 37
423 334 44
440 745 19
989 256 99
960 736 94
397 181 33
538 774 13
565 50 55
936 136 45
460 211 52
538 654 100
946 307 23
503 772 48
813 331 80
525 793 100
45 774 86
641 965 35
921 396 35
595 68 48
288 690 20
546 193 88
382 262 36
1001 8 29
667 128 88
427 989 33
551 21 65
570 753 57
875 879 87
249 848 44
521 327 76
323 83 72
783 946 82
661 322 73
540 921 78
85 115 75
860 710 24
795 726 87
827 212 72
492 535 41
879 88 61
588 141 62
391 275 44
458 1000 54
451 523 90
18 772 29
477 632 57
473 22 47
522 307 42
990 396 45
552 173 32
4 454 80
188 140 33
976 810 33
659 181 85
193 903 24
318 122 61
322 657 56
336 389 40
745 409 74
527 201 26
587 477 52
826 602 83
116 985 73
265 948 19
609 567 89
201 237 69
175 878 59
635 719 28
941 219 18
274 181 70
851 143 12
530 489 34
847 226 38
623 173 41
325 590 35
418 655 14
156 777 97
890 895 36
332 776 84
975 441 69
416 421 68
806 207 31
292 211 59
936 323 20
519 784 69
901 45 96
453 370 39
45 152 70
831 641 72
174 557 81
400 7 44
154 830 62
588 285 16
473 256 69
804 954 60
361 666 49
244 190 31
791 158 36
502 226 36
942 839 97
571 573 92
571 663 48
13 125 20
666 182 47
668 452 47
972 240 58
599 874 82
174 649 73
276 655 74
609 210 67
41 383 68
89 719 12
523 395 74
500 365 18
257 944 22
511 442 27
520 319 36
899 947 79
301 481 81
545 403 65
549 33 60
940 678 41
349 783 100
878 850 95
386 364 99
576 24 39
339 609 95
253 381 20
268 716 42
885 586 90
584 697 47
600 281 17
59 390 46
4 689 24
136 642 82
36 579 65
215 676 29
417 370 24
934 666 72
615 229 90
79 554 36
505 951 85
527 354 27
920 765 90
32 662 48
984 289 44
401 340 34
284 199 51
959 264 54
940 338 53
965 496 96
522 316 56
696 924 91
963 780 52
919 311 89
606 981 72
241 10 39
252 830 82
355 704 31
226 284 83
921 200 18
182 523 70
931 832 83
143 925 97
557 202 41
563 559 22
700 163 43
894 45 14
716 19 65
191 897 70
467 129 31
312 697 100
557 853 22
953 622 81
220 841 46
903 431 53
149 289 49
544 921 91
217 942 27
134 171 31
254 165 84
888 654 42
443 664 21
162 375 79
555 304 85
329 703 33
438 285 78
86 954 13
776 456 82
392 293 74
887 145 81
392 583 18
432 327 10
567 167 92
912 478 18
739 968 24
656 357 12
144 120 15
681 864 89
799 853 52
579 711 42
226 663 94
66 535 41
996 927 31
618 568 76
920 591 28
589 952 56
764 999 62
974 175 70
819 32 65
474 636 18
900 49 29
132 730 86
508 323 78
423 914 16
440 753 68
129 145 54
944 367 37
323 485 44
782 736 43
85 680 16
878 462 93
267 379 100
730 833 90
281 287 94
636 195 27
831 979 96
137 531 51
522 527 58
381 631 83
32 50 37
881 854 47
666 300 54
541 338 57
100 963 81
996 458 83
742 330 47
728 484 92
228 904 85
123 201 65
186 749 12
956 850 60
456 58 33
527 751 53
119 320 66
758 369 46
368 756 90
618 903 90
361 216 68
241 237 52
163 653 71
365 299 48
574 237 98
234 488 27
555 486 95
483 540 33
376 458 26
648 609 23
129 1 91
503 918 43
599 178 77
944 884 84
777 307 60
27 859 46
805 601 65
270 133 97
695 524 66
573 526 35
369 41 13
910 896 92
979 280 98
716 50 17
44 305 16
769 447 25
425 275 33
822 357 94
566 383 56
58 118 55
738 846 41
293 774 38
784 67 62
434 900 96
694 318 55
849 278 64
174 731 45
9 997 15
149 355 68
399 8 42
236 443 55
681 238 48
17 266 96
28 51 32
806 888 97
204 906 70
120 399 11
541 10 86
446 417 28
589 65 90
753 272 48
992 443 81
540 359 41
964 832 98
129 844 10
561 994 76
147 195 29
640 248 74
54 550 83
128 452 50
317 872 60
338 998 38
607 770 77
167 243 36
506 22 23
159 77 42
509 482 23
805 146 80
556 528 99
332 875 91
703 82 38
340 451 37
138 52 67
423 586 67
240 608 11
182 327 14
779 384 96
378 900 79
479 431 58
956 108 97
565 273 51
43 604 19
220 396 71
178 647 48
999 616 20
537 670 63
883 492 94
272 94 16
519 384 87
422 265 55
85 441 99
884 293 48
176 621 85
720 710 11
644 209 21
603 103 76
911 578 27
655 14 46
157 300 80
704 271 70
695 96 16
415 325 43
942 211 70
708 312 44
771 969 95
207 825 94
13 533 20
998 160 20
122 191 79
769 37 53
987 486 25
331 404 14
962 697 39
560 72 56
603 334 68
655 868 57
89 62 24
662 377 73
387 755 40
35 839 60
171 613 79
67 968 67
935 220 39
831 608 65
483 994 27
306 730 44
38 604 90
643 335 23
876 564 18
89 524 21
495 349 42
641 996 12
949 633 85
51 33 16
316 437 27
7 393 79
305 577 13
688 609 97
864 24 15
976 166 46
442 753 14
491 979 43
180 780 25
458 115 67
312 726 23
295 759 66
720 689 98
63 223 90
850 805 54
477 491 30
802 909 47
998 942 69
564 193 66
813 882 26
557 866 95
360 474 43
994 417 96
831 198 23
763 685 49
349 909 59
11 198 39
427 174 56
140 139 19
890 365 27
743 14 89
491 101 18
775 647 72
949 435 87
785 238 10
232 78 38
388 380 87
531 325 36
393 127 83
584 714 51
931 795 11
775 938 79
610 991 63
731 223 65
752 36 95
437 406 95
380 50 79
9 839 87
698 180 32
315 772 49
476 647 61
767 565 29
745 882 86
521 627 63
656 251 86
886 597 64
6 262 85
55 354 71
146 180 50
163 904 80
214 745 36
349 351 100
992 805 75
581 117 67
893 447 84
488 492 50
138 717 81
459 642 66
896 543 43
88 985 98
35 947 47
550 208 66
255 160 50
714 213 33
354 3 28
572 325 34
226 328 73
73 819 27
418 301 55
139 568 60
688 283 83
610 789 44
32 731 35
92 331 36
162 692 39
149 524 32
656 514 64
805 616 13
255 368 11
985 897 21
563 391 14
910 230 72
672 119 60
341 759 49
410 123 83
575 982 43
118 985 76
621 256 72
764 55 24
18 461 67
983 471 92
936 136 86
902 684 34
536 64 63
182 77 73
519 911 68
393 46 60
140 215 75
823 156 16
933 40 82
216 361 90
681 347 34
940 305 49
97 836 61
423 41 70
120 577 87
587 871 77
426 623 30
850 193 67
350 35 73
997 910 51
749 584 11
521 169 33
288 423 47
921 833 71
30 842 98
538 1000 51
654 361 44
113 296 34
91 452 67
508 875 30
483 744 51
490 743 97
706 764 77
417 178 31
755 716 55
476 390 34
452 209 13
739 744 36
91 35 56
599 104 32
848 743 41
834 42 38
609 426 38
397 922 46
366 222 16
754 546 85
737 611 97
657 664 76
45 941 99
495 427 66
57 285 39
554 694 36
479 734 75
503 670 50
936 274 47
768 233 92
938 356 98
171 648 94
375 175 35
1000 696 26
422 138 100
465 568 87
245 196 37
649 178 41
681 954 58
512 994 89
224 452 10
892 30 79
755 686 43
65 230 32
102 588 69
65 742 44
522 449 64
12 444 12
924 126 55
144 960 73
76 632 33
607 882 56
250 855 52
523 889 33
558 785 88
124 6 81
624 547 64
373 956 87
605 621 63
266 559 47
867 561 79
926 499 23
613 114 36
244 958 73
112 934 95
373 403 21
49 873 22
138 733 56
540 53 60
593 515 60
942 852 32
345 224 70
780 935 99
308 596 26
988 835 59
930 281 82
407 190 19
419 426 15
368 228 78
447 144 44
904 140 61
717 62 45
43 325 10
194 380 78
555 25 38
296 849 17
820 797 86
926 11 71
475 254 64
111 222 87
213 253 51
586 796 26
375 354 88
96 909 22
859 432 91
361 378 93
902 851 79
546 772 52
545 769 27
713 217 38
460 783 71
75 268 67
558 354 44
955 974 78
660 294 89
658 0 48
391 181 14
871 16 59
782 43 91
841 513 60
69 986 89
145 492 65
236 794 13
54 925 35
792 191 42
528 614 90
947 208 53
403 140 71
407 381 23
541 507 16
633 412 27
956 233 16
102 620 11
92 716 41
94 295 79
329 972 53
135 834 10
556 583 81
22 97 41
49 198 37
218 642 56
917 395 84
596 329 21
538 685 71
430 185 67
534 954 57
101 723 44
454 834 95
841 268 10
814 72 66
143 502 61
1 635 88
56 933 56
450 589 59
49 127 16
926 634 30
689 565 59
393 125 78
802 884 36
700 706 42
87 986 39
143 370 13
719 42 59
500 932 21
399 16 99
519 511 24
76 202 45
749 39 13
517 918 68
678 462 93
504 302 76
317 157 10
13 89 97
481 810 77
406 574 79
153 651 52
384 409 19
898 540 81
266 177 86
132 493 58
341 175 17
53 832 36
838 106 49
611 861 76
409 925 90
613 56 58
73 416 24
719 76 86
829 167 46
79 957 40
144 869 80
526 797 46
515 762 40
385 928 47
287 215 32
858 979 19
378 122 12
817 972 93
36 383 46
535 518 11
319 966 76
759 921 21
348 687 50
922 441 55
576 386 61
749 815 49
239 802 52
206 901 39
437 105 93
36 708 54
915 773 22
247 29 18
395 973 77
28 405 12
549 282 94
662 170 98
932 473 15
822 281 86
951 764 34
454 494 55
982 29 92
720 851 82
810 470 74
270 685 36
766 285 40
897 5 49
317 447 45
563 876 63
86 386 98
413 611 51
114 50 24
528 327 52
284 455 29
525 267 53
947 219 93
222 721 29
97 290 12
799 325 42
838 396 45
688 455 54
541 999 81
134 880 20
937 826 13
447 284 41
594 416 100
222 165 10
635 554 68
758 114 16
668 587 66
503 224 11
903 157 65
679 800 31
296 327 84
575 276 46
503 511 61
840 20 68
313 215 34
693 3 88
486 683 22
201 108 22
161 419 10
596 603 48
550 190 23
840 944 13
454 861 16
106 145 76
446 381 46
581 619 87
58 473 46
14 306 93
956 317 70
1000 867 94
35 199 29
684 472 45
343 335 100
347 717 95
140 836 11
571 976 63
104 907 65
88 487 15
330 325 38
838 889 88
338 311 81
824 564 80
847 931 86
709 613 81
465 366 62
933 179 59
595 478 35
809 121 39
365 660 36
619 875 53
976 196 53
806 805 82
614 257 27
828 935 12
812 540 62
416 805 34
813 987 87
231 313 66
799 574 81
948 111 41
222 756 63
879 166 19
553 957 40
31 792 33
401 604 66
918 299 63
90 794 49
505 795 19
6 437 33
503 434 81
403 695 23
48 394 58
535 999 91
445 12 29
384 110 40
105 118 25
12 94 87
455 38 23
799 386 95
135 404 74
181 587 68
72 595 27
973 760 35
498 608 81
236 362 58
594 878 17
382 700 21
485 661 87
860 813 100
700 408 67
684 602 61
551 602 84
421 93 25
888 891 91
868 228 65
563 140 88
461 782 58
249 590 95
228 632 64
253 202 72
704 127 81
1 598 97
192 225 70
142 727 15
276 403 92
925 458 99
458 962 73
181 377 18
967 819 31
703 232 97
952 549 33
506 910 46
222 466 65
484 518 45
797 482 56
237 397 100
364 501 90
324 450 30
873 707 80
181 209 20
700 69 35
910 871 17
383 31 13
11 332 27
941 326 11
912 809 59
742 282 75
50 69 73
426 841 32
607 850 40
957 337 17
769 32 14
336 667 76
569 451 13
35 879 21
705 556 54
53 733 98
299 218 38
739 0 71
468 732 51
678 993 79
737 48 12
258 220 100
933 452 57
38 711 74
610 604 39
414 94 76
583 293 66
1 286 57
668 932 44
239 446 66
665 223 70
184 452 65
320 936 98
240 428 22
950 501 48
670 989 99
983 714 75
435 118 19
108 539 54
407 188 30
104 628 82
811 534 31
193 685 27
132 167 54
147 136 37
420 178 11
121 501 18
229 91 24
833 224 25
721 451 70
457 955 54
682 139 44
769 868 11
735 925 14
350 205 90
330 707 77
76 741 72
990 9 94
913 547 80
23 755 96
960 910 68
299 51 23
724 542 31
255 464 64
260 599 29
231 556 18
198 12 60
90 293 21
822 446 10
700 908 96
112 483 49
45 966 97
163 878 45
234 19 27
157 54 58
190 142 19
224 518 71
344 912 51
842 698 36
775 328 99
409 383 66
373 465 50
882 431 77
3 467 59
698 933 46
820 520 64
819 659 42
613 869 16
599 497 20
761 152 40
600 430 44
634 622 56
723 104 40
44 654 57
839 905 47
267 119 71
766 95 21
304 16 33
201 279 22
769 90 29
980 188 97
981 2 28
198 61 68
262 755 32
602 773 26
476 457 60
892 649 83
856 650 86
72 995 32
262 259 85
856 834 35
441 209 77
715 113 99
642 561 49
856 29 87
31 229 76
200 190 19
68 302 86
420 667 44
813 124 28
538 460 33
199 118 92
374 59 19
107 632 29
763 158 45
723 791 32
377 642 75
752 928 57
893 698 30
515 835 84
497 131 84
587 966 28
194 271 76
812 1 59
238 786 66
888 702 20
493 823 48
237 358 24
177 285 93
542 705 71
581 993 41
299 315 76
688 470 35
538 531 27
985 638 30
432 694 81
26 792 58
71 447 100
456 999 36
298 530 45
363 335 23
135 989 82
414 108 29
618 58 99
974 960 19
202 884 84
553 300 31
361 554 52
514 112 59
411 230 38
541 473 49
812 362 55
846 224 35
86 668 72
857 743 71
172 83 63
613 342 90
528 548 53
915 928 70
227 696 88
95 15 39
409 831 25
998 21 64
563 736 56
863 594 95
128 298 96
768 687 18
698 85 48
524 497 42
211 620 93
172 322 47
568 758 76
853 789 43
137 956 54
725 523 79
602 397 88
43 22 15
61 224 35
960 736 27
859 653 58
792 300 41
741 314 37
726 665 89
897 118 80
891 545 75
833 724 38
669 208 75
336 652 87
765 802 85
279 832 85
978 751 71
930 98 26
122 600 35
769 905 95
257 352 66
443 19 73
390 193 78
568 609 95
530 753 65
227 921 39
925 865 34
636 586 24
6 856 40
617 833 57
67 746 10
65 34 51
258 863 92
635 35 12
332 275 87
303 362 70
745 881 64
730 727 71
409 896 28
952 912 17
364 17 78
683 195 13
249 429 34
112 600 30
169 424 24
98 552 59
517 259 19
165 522 99
715 755 82
536 387 90
7 239 11
548 390 32
978 548 89
32 986 24
441 570 81
487 347 93
1001 710 64
815 537 77
566 844 14
217 829 71
17 382 30
898 697 38
235 726 76
619 620 92
207 459 91
21 145 39
813 730 57
125 820 32
673 348 94
897 318 20
891 749 93
747 437 90
781 920 32
598 850 33
636 183 11
187 789 63
742 639 75
68 35 63
893 91 17
198 773 97
777 80 29
374 961 93
779 579 66
248 833 65
554 107 65
553 778 47
173 619 86
94 112 34
486 836 84
776 864 72
1 129 84
690 583 63
782 1 59
342 165 49
586 700 51
204 34 58
917 730 25
912 88 22
315 358 54
584 364 69
281 302 43
86 584 22
609 76 95
402 474 73
575 303 63
646 496 70
938 622 91
197 230 60
993 183 14
77 411 40
216 381 84
650 322 78
560 71 24
26 758 52
733 476 17
286 594 96
454 141 73
506 927 78
425 303 14
585 890 97
633 521 75
284 930 23
105 620 16
301 91 66
297 16 47
849 345 19
170 991 28
973 967 64
63 138 30
660 418 89
169 670 44
875 983 45
404 927 33
432 108 65
204 281 41
525 183 29
701 36 60
823 681 46
618 703 17
14 455 67
621 860 29
448 273 38
638 762 87
959 709 90
852 820 17
174 506 48
834 286 97
492 939 71
796 69 65
821 830 12
820 112 79
379 382 79
430 971 20
742 983 37
947 662 73
658 61 14
941 905 65
62 616 12
32 507 27
206 496 96
664 574 68
919 850 63
462 982 88
337 597 69
460 937 62
151 39 29
362 149 23
35 900 79
223 873 20
924 656 20
917 349 29
293 55 81
86 5 41
607 170 87
783 501 70
311 215 33
206 168 94
51 225 64
597 175 87
952 131 39
812 560 49
204 617 28
240 724 60
846 729 11
376 755 26
285 48 47
903 356 71
902 341 21
412 788 27
585 387 34
298 101 67
99 1001 28
11 400 14
92 477 67
862 554 64
853 272 13
598 489 18
679 776 38
475 237 22
201 807 98
568 22 42
163 507 93
374 258 75
50 645 83
493 720 69
132 573 68
383 563 66
277 517 74
819 503 78
611 763 73
404 416 25
280 662 52
248 1 57
202 953 84
837 295 62
845 778 55
221 56 60
881 965 58
516 670 47
259 105 54
406 507 79
696 47 52
580 810 31
103 67 48
4 127 81
95 932 79
514 274 59
527 865 91
891 32 44
919 457 44
513 237 33
12 13 52
146 352 39
581 268 11
681 421 10
891 969 27
195 77 53
963 863 47
112 11 75
791 264 44
115 160 18
241 84 42
411 752 28
232 225 54
822 946 37
27 243 50
91 388 21
491 192 27
159 40 20
611 414 44
256 30 10
203 906 19
171 454 40
543 148 47
781 107 59
699 508 10
837 709 85
345 143 93
442 762 98
315 478 46
813 888 77
403 493 72
129 24 26
834 144 93
202 357 78
382 966 70
622 617 95
24 899 79
469 386 46
666 614 49
312 38 47
608 911 61
590 378 34
195 296 12
189 80 71
718 28 12
994 184 21
699 703 100
222 462 13
587 978 63
781 25 60
663 697 42
598 74 29
727 565 78
485 872 46
798 176 30
209 593 48
459 739 73
215 250 55
963 372 39
190 256 72
56 820 40
858 940 70
763 894 43
782 707 62
500 746 28
610 671 87
102 79 61
742 753 50
662 999 81
706 393 25
531 574 49
685 142 27
565 383 89
829 625 69
668 570 100
348 572 27
978 394 76
350 639 65
391 437 69
232 853 56
411 32 73
433 675 59
26 344 17
997 142 69
873 614 65
857 547 13
561 552 85
343 217 88
762 151 94
912 777 92
813 1000 73
123 829 15
136 231 30
345 545 48
65 56 16
491 619 51
876 178 97
264 460 80
962 296 93
131 122 34
529 2 100
868 65 21
175 380 93
348 300 24
866 882 87
348 398 42
401 72 69
230 853 94
801 983 85
624 273 59
368 236 17
341 434 45
69 74 41
708 768 80
751 379 27
182 721 68
576 243 77
13 284 99
694 136 28
990 606 59
617 936 100
174 679 81
318 274 65
845 228 73
628 456 59
44 129 28
340 183 35
831 793 22
845 860 26
873 65 46
694 862 85
782 431 66
168 369 96
301 283 96
473 205 86
991 325 92
3 135 66
922 282 27
555 179 98
339 984 34
588 582 99
468 901 23
704 739 37
445 392 94
599 966 27
885 810 39
105 48 13
661 240 95
785 890 41
395 130 35
328 704 78
454 121 53
934 520 35
965 1 74
612 185 34
788 806 26
348 640 86
9 36 91
837 320 74
794 574 36
828 426 61
834 678 53
197 300 93
862 7 62
996 658 49
250 373 48
743 445 64
505 422 84
546 85 53
796 384 10
166 738 92
136 949 80
329 767 14
473 181 14
973 665 46
809 137 57
1 251 27
281 260 13
114 459 10
383 479 67
48 667 38
500 525 94
369 317 20
888 906 36
435 584 45
481 287 78
465 240 24
308 417 40
903 782 33
81 557 42
691 136 15
555 405 34
430 983 81
439 156 34
740 721 77
942 98 18
78 363 12
272 519 91
128 986 62
615 325 53
852 356 86
824 852 12
203 783 25
840 769 52
640 648 41
973 630 56
102 436 24
544 966 43
685 443 15
548 700 95
781 690 91
278 377 43
107 545 47
295 452 79
530 969 35
539 445 37
815 690 44
854 889 22
378 122 20
153 905 81
653 395 92
301 899 65
122 699 97
354 149 84
608 559 62
425 298 47
662 389 96
666 262 26
367 28 21
30 612 45
682 636 55
240 910 44
839 516 77
262 856 38
321 697 15
915 210 38
883 796 89
286 944 27
346 533 92
691 599 67
320 860 63
258 291 75
955 534 33
662 548 43
451 400 52
153 83 29
745 705 79
581 897 66
65 950 58
446 431 55
77 335 33
795 30 37
132 117 74
275 735 52
1 622 14
774 305 85
543 933 61
706 451 57
345 797 52
661 970 19
7 248 41
979 59 24
624 376 78
741 36 56
830 903 59
496 780 20
680 508 62
708 216 29
564 865 67
940 898 18
715 364 38
878 852 22
662 393 98
211 407 73
456 609 67
921 110 86
116 288 51
728 313 66
858 145 28
845 808 91
412 360 29
326 833 32
430 706 49
465 93 12
818 469 42
832 366 47
340 4 41
756 371 84
123 889 56
551 675 17
847 984 25
913 395 57
112 865 11
448 967 28
569 0 85
233 226 44
548 170 75
183 358 96
65 391 28
809 730 34
889 692 86
587 474 19
771 886 12
598 112 83
469 410 45
563 33 44
963 952 38
414 936 34
932 413 30
61 542 38
94 137 14
275 209 41
112 124 67
918 501 95
532 737 97
895 954 64
483 360 95
533 545 49
359 364 37
213 431 65
542 551 99
778 45 85
453 752 20
729 97 85
616 994 78
935 193 24
513 374 49
745 808 37
434 205 15
259 914 88
171 701 84
26 644 33
908 54 12
209 375 82
687 431 59
924 533 37
714 335 94
945 241 24
973 224 74
605 468 26
433 821 100
640 269 96
301 668 62
922 42 82
245 21 32
976 594 44
374 613 27
407 607 99
319 224 100
394 109 87
751 438 44
730 149 41
343 123 60
365 784 79
802 440 24
396 438 23
557 789 35
674 226 45
756 867 68
896 922 73
878 568 83
208 356 85
888 589 70
219 447 14
39 514 35
974 983 85
908 835 95
849 552 81
184 894 70
639 392 78
766 883 28
586 213 64
233 549 15
622 158 13
991 190 77
622 212 37
346 515 40
988 479 18
222 843 23
38 127 35
361 896 57
722 288 59
989 228 18
95 32 35
297 447 81
316 768 24
902 589 34
174 367 53
939 26 65
957 143 45
61 665 92
966 10 78
998 73 46
675 813 23
466 431 26
992 468 44
910 951 87
620 731 39
836 240 44
578 588 60
102 807 58
993 934 65
480 206 95
627 813 98
98 27 16
796 174 68
109 729 47
539 476 77
311 664 73
601 760 69
811 769 10
217 931 42
414 125 91
684 579 26
803 417 97
233 561 21
227 436 71
933 72 97
961 934 88
247 991 70
272 953 27
985 642 62
997 502 36
912 162 79
609 654 79
346 284 85
478 858 63
496 580 80
305 628 92
53 446 94
335 720 44
928 351 75
905 371 38
644 428 94
638 300 78
114 518 18
682 414 76
694 428 54
162 373 35
814 462 20
392 737 77
779 500 20
240 463 96
712 649 32
74 600 40
466 8 86
255 777 56
141 351 41
951 874 59
613 456 63
114 507 86
238 444 62
198 909 45
682 942 79
306 9 31
833 192 40
984 581 26
183 389 68
859 797 31
363 504 57
229 248 23
183 789 47
814 548 52
675 62 11
508 752 92
234 183 96
315 212 76
508 1 22
737 919 74
183 113 98
32 553 76
607 775 14
957 686 17
726 756 33
949 39 92
180 813 71
452 564 15
167 254 49
968 430 35
754 190 31
382 85 10
804 846 60
226 603 46
443 92 44
41 994 56
334 709 90
906 10 71
628 61 64
40 741 46
660 907 38
777 670 77
949 69 71
806 19 52
200 463 21
339 831 42
782 33 34
276 406 25
945 597 34
19 768 95
185 343 58
983 587 84
262 156 64
913 203 26
18 965 81
809 777 40
1001 44 36
130 43 71
953 176 15
33 966 58
304 382 56
421 888 95
99 354 97
501 171 82
473 14 21
830 583 51
390 530 60
681 533 24
654 378 85
949 163 30
800 803 61
350 514 99
842 166 14
589 314 43
12 829 60
745 708 85
383 501 88
338 503 14
552 673 17
938 725 19
480 341 16
688 495 14
807 328 69
970 83 67
242 672 98
674 969 49
612 614 73
572 598 75
452 403 43
998 773 75
425 570 51
983 719 39
256 941 91
688 169 57
846 282 92
277 922 58
966 14 60
616 779 35
849 378 33
386 23 81
195 753 24
996 551 60
25 31 83
784 720 61
748 952 53
93 64 84
662 614 38
746 706 12
592 600 61
826 195 12
418 571 39
465 43 23
179 308 25
637 302 63
814 174 34
568 137 67
967 906 78
610 798 55
98 507 27
632 235 31
819 121 34
214 715 25
695 910 85
795 719 12
625 683 32
731 687 39
136 545 91
170 514 73
423 50 76
376 268 14
170 186 72
674 185 23
199 231 81
22 382 60
82 206 19
490 137 45
805 554 43
392 90 33
11 209 23
132 833 64
509 985 36
477 476 33
675 801 80
929 649 82
798 348 58
673 505 69
710 824 21
970 782 22
884 3 81
121 806 50
120 925 73
594 52 70
885 42 41
420 609 89
789 224 77
447 237 29
765 131 74
616 248 19
66 434 29
828 899 40
805 372 30
443 487 71
339 313 70
916 461 69
499 580 74
275 874 64
16 726 87
53 609 37
47 804 12
289 357 35
360 977 60
701 666 15
345 101 15
745 437 52
315 275 53
18 115 83
890 293 14
122 543 58
212 416 88
44 969 39
902 718 64
491 549 63
920 789 42
87 649 70
822 322 92
465 411 12
652 358 97
867 58 98
938 798 16
314 283 45
489 67 57
128 718 37
722 76 63
814 702 43
588 470 70
212 382 26
396 78 100
175 244 62
974 534 85
693 997 13
197 987 41
58 852 29
795 578 61
55 835 59
51 361 88
262 694 86
587 320 69
85 406 54
671 19 43
23 107 15
198 826 42
755 777 95
849 477 38
650 580 39
122 667 85
322 929 65
342 977 25
446 882 76
975 175 58
405 246 28
461 943 46
665 221 14
160 632 39
449 165 84
656 204 81
90 814 81
482 473 89
987 145 46
599 954 56
897 404 72
749 795 94
863 657 76
968 279 85
1001 435 34
358 646 69
410 106 14
698 394 85
868 435 62
140 303 77
564 81 87
693 36 82
5 707 66
756 377 61
143 946 48
738 896 66
507 113 60
189 625 27
272 88 19
768 655 100
707 544 15
773 944 97
882 676 41
932 305 47
906 825 27
477 394 19
980 124 15
693 748 58
567 64 80
77 134 80
394 783 34
845 681 75
445 1000 82
719 587 58
965 571 44
244 560 18
847 981 69
618 331 72
367 940 79
922 430 56
597 674 65
151 480 16
422 475 39
983 381 30
548 340 57
782 628 60
611 777 60
612 616 89
251 274 76
910 454 74
802 978 92
656 710 26
424 67 72
805 467 11
608 658 17
687 583 12
140 920 94
581 834 33
520 240 69
170 442 94
351 32 81
527 155 50
913 547 49
106 350 60
145 646 85
537 182 11
678 241 74
31 202 46
461 93 72
554 778 34
419 802 85
995 644 40
92 538 10
791 664 73
27 236 56
535 259 48
479 911 68
970 835 29
51 868 90
687 621 86
260 446 85
885 217 24
217 355 52
638 458 84
616 484 29
257 160 33
540 853 40
375 626 48
864 360 69
532 60 21
103 535 87
353 958 49
438 35 19
783 631 41
759 408 79
741 642 59
416 28 96
944 555 69
886 713 62
476 543 66
923 160 80
350 458 74
422 738 56
723 382 29
981 744 67
889 336 28
248 377 92
15 546 44
788 730 93
534 960 94
517 679 71
610 615 48
704 413 65
16 961 66
4 789 16
763 275 93
250 328 84
508 100 94
604 277 71
499 169 78
669 849 42
590 852 21
585 961 68
982 652 18
291 88 33
218 801 68
245 1001 39
470 824 27
449 420 17
73 11 81
988 372 26
911 795 26
854 954 100
499 725 41
788 704 100
741 629 51
104 367 67
237 342 13
473 406 66
266 981 75
489 510 59
116 400 68
737 985 74
478 370 69
745 165 18
736 466 13
468 455 57
553 859 42
290 621 20
894 41 72
906 94 10
558 481 41
258 21 97
579 965 33
537 472 61
628 703 57
375 517 13
632 933 98
209 432 84
274 923 41
398 588 62
905 536 14
291 146 30
10 911 42
657 818 98
819 193 30
412 858 16
