541 4354
124 313 65
400 257 73
407 187 55
362 311 40
453 163 68
481 501 33
536 286 16
447 109 17
323 529 63
262 453 64
67 78 29
20 79 32
279 39 97
454 160 66
460 141 40
425 119 87
65 83 67
102 264 40
316 35 18
523 190 18
197 232 41
148 522 76
147 308 58
394 518 89
471 260 63
285 79 17
131 199 12
180 32 31
519 91 52
93 404 21
286 249 42
438 282 42
190 55 25
208 103 35
346 46 42
1 11 25
379 386 76
187 50 49
352 48 14
124 94 14
14 476 52
278 422 44
241 110 75
371 129 56
18 106 22
96 158 65
160 103 68
512 262 34
429 438 84
31 278 71
86 338 31
485 139 38
170 138 25
40 144 91
475 270 77
0 473 49
407 485 79
537 104 70
384 337 22
47 224 40
410 523 19
353 290 90
314 207 99
291 84 89
297 141 26
74 235 57
137 242 92
160 189 25
70 316 19
8 502 60
396 53 20
33 368 15
262 16 36
133 235 99
331 7 65
444 132 38
31 533 60
131 483 24
222 297 92
291 490 38
256 283 25
16 251 96
168 334 86
127 374 58
393 437 21
22 116 77
73 349 96
128 151 41
145 72 69
51 391 32
381 300 81
396 131 14
538 470 85
376 532 67
371 33 99
1 151 78
317 25 98
384 33 22
411 195 36
32 3 93
315 364 55
323 77 71
378 223 73
301 415 46
337 503 33
287 397 32
419 463 16
134 254 58
262 477 20
483 307 40
433 223 63
178 196 28
21 17 14
151 432 49
124 227 22
484 455 19
224 384 69
330 80 94
127 350 61
24 91 73
237 164 25
459 187 76
468 70 64
117 522 47
253 507 32
139 196 98
151 179 87
281 123 61
349 132 72
308 487 32
23 254 58
168 520 89
138 185 61
444 96 21
141 149 51
404 45 68
275 519 79
336 417 52
206 435 15
6 382 85
410 153 17
403 518 13
287 285 47
224 440 76
444 88 16
192 16 63
297 201 21
358 35 67
506 306 98
345 304 17
245 308 58
317 152 65
251 77 14
65 35 73
8 447 88
334 79 92
233 410 25
349 201 42
309 430 53
475 249 91
38 348 61
487 374 63
231 443 15
516 443 73
65 18 59
140 134 58
377 52 77
359 170 47
381 146 25
113 382 84
173 136 42
61 435 88
295 160 49
491 508 94
179 505 56
498 414 39
289 88 37
278 72 21
25 118 31
371 508 15
375 428 76
229 25 69
392 47 64
124 121 45
63 524 15
330 145 45
301 537 90
491 295 45
82 10 68
325 42 43
162 155 14
311 393 22
265 254 92
519 247 69
391 228 23
359 244 30
401 267 28
157 353 61
15 355 18
321 16 74
49 333 41
341 142 63
522 409 63
460 437 60
302 38 22
399 188 22
324 446 67
404 265 62
78 525 48
413 161 44
510 192 12
66 102 85
537 266 17
344 66 19
260 295 97
166 278 100
245 526 56
433 297 18
255 533 48
497 391 60
343 139 26
318 418 85
237 340 75
105 440 73
60 52 22
298 468 11
476 400 100
447 20 35
515 133 11
169 15 38
447 256 13
453 76 59
462 480 30
410 277 99
405 513 100
243 404 93
126 374 10
15 21 92
525 96 94
346 274 34
108 311 72
138 108 43
531 453 74
449 518 64
91 441 57
424 511 15
405 8 76
257 32 86
37 415 31
104 478 56
223 17 13
244 308 67
493 219 39
215 25 33
425 384 93
160 186 74
312 206 58
296 182 34
436 405 27
377 511 53
267 15 73
504 185 77
329 44 63
162 398 14
328 146 29
446 137 61
104 352 100
23 52 56
186 116 58
92 209 48
207 25 50
421 459 67
515 426 96
123 531 19
534 158 31
281 366 15
130 278 15
146 152 20
390 178 46
365 248 43
17 239 84
433 211 32
302 24 78
195 10 99
39 494 55
146 466 20
48 251 50
291 153 64
12 81 50
297 509 35
203 96 89
93 161 11
306 44 74
255 189 92
114 10 14
268 312 53
514 272 59
428 234 97
518 84 78
192 168 73
404 66 33
310 284 39
89 531 70
437 281 18
357 59 21
301 172 82
133 17 93
108 390 68
534 291 89
340 466 82
84 511 72
321 483 40
274 531 92
88 280 76
428 271 55
425 17 14
233 365 71
208 103 69
423 157 21
261 241 16
344 320 72
104 300 30
312 524 70
400 348 74
84 218 89
232 73 39
69 532 59
514 491 27
370 221 95
291 436 45
467 310 88
344 430 47
52 87 67
533 323 46
250 285 38
29 362 86
9 67 26
203 462 59
141 345 41
4 112 96
445 207 48
452 225 22
466 330 59
265 146 80
290 254 71
307 539 20
85 242 36
32 140 29
330 474 71
89 362 16
235 52 36
100 309 44
309 388 71
246 150 50
428 69 40
50 98 69
417 89 100
204 370 43
26 56 52
368 451 89
413 507 40
214 368 100
226 356 69
215 298 79
109 34 51
128 129 63
496 520 40
368 528 25
361 260 29
10 120 83
6 241 82
81 206 29
436 199 27
324 267 50
1 515 68
113 408 78
384 240 62
88 106 24
146 323 53
130 54 94
145 497 79
233 13 59
244 427 79
102 58 17
527 506 81
373 152 38
204 395 68
173 392 17
504 534 30
173 179 73
297 107 15
289 396 79
98 318 35
321 325 29
429 121 44
67 89 41
346 181 82
420 140 95
201 54 81
135 26 84
141 275 32
395 283 98
10 216 62
508 26 69
346 411 57
439 360 23
475 487 19
465 303 90
468 403 69
479 403 20
0 11 82
302 378 87
121 304 74
529 232 64
123 522 84
50 408 81
148 196 75
37 125 70
371 370 41
92 446 25
50 215 88
104 189 25
373 279 35
354 125 27
394 408 84
515 232 72
290 52 64
423 297 97
326 502 89
82 526 22
125 133 39
217 13 87
523 388 93
481 439 90
327 174 49
0 217 63
4 122 36
537 485 53
521 378 24
49 288 73
495 438 98
164 202 26
426 508 73
26 370 81
237 305 97
6 444 77
374 527 73
500 225 82
517 92 95
520 74 42
434 25 23
371 431 20
223 235 16
444 11 28
304 105 64
446 385 71
308 18 29
106 352 85
64 480 53
102 186 33
124 431 58
358 8 98
465 117 43
234 156 23
354 391 10
327 497 85
129 344 76
15 527 47
268 295 17
210 126 62
475 305 49
280 318 61
368 198 96
133 496 90
139 233 31
389 65 32
271 504 41
323 121 13
270 254 58
537 13 35
448 253 10
4 419 49
271 75 96
483 397 35
507 286 84
443 505 45
458 475 76
248 369 82
152 466 11
328 209 59
331 164 37
322 369 81
352 223 77
522 115 89
388 49 71
70 539 64
17 203 46
453 48 57
111 329 11
312 9 100
92 22 23
524 447 68
183 511 30
518 343 32
250 529 15
189 337 28
194 491 72
223 48 85
354 29 42
255 205 89
432 125 75
503 245 46
304 9 19
235 456 24
77 310 45
162 447 56
200 513 12
347 361 90
16 94 92
66 475 28
66 11 53
107 66 97
58 467 22
65 365 81
442 529 58
459 242 97
243 31 60
412 283 13
171 431 65
91 35 40
403 26 18
109 527 28
174 94 79
199 157 58
182 113 53
384 411 16
438 36 80
279 399 32
324 13 15
259 392 64
505 310 24
412 87 62
94 365 58
401 60 35
495 97 64
200 206 61
360 529 46
446 186 62
392 216 39
157 112 33
326 24 40
135 398 66
34 523 66
287 514 83
196 407 22
489 539 95
85 2 30
362 410 66
316 415 84
244 375 96
0 285 18
332 416 44
275 283 22
407 535 12
191 27 89
77 313 22
56 452 26
460 271 33
504 6 41
411 486 78
483 33 47
359 127 54
404 438 66
415 309 98
502 453 28
119 129 85
22 163 23
427 127 55
177 41 80
230 188 98
247 274 31
249 349 26
455 353 81
469 45 35
80 232 67
460 392 22
327 319 26
385 208 55
485 40 98
405 129 87
238 108 10
323 462 72
134 480 100
424 127 43
165 238 59
5 501 66
366 378 77
350 12 57
0 352 16
522 526 91
113 385 63
206 45 61
285 124 66
376 217 22
36 80 97
416 359 97
523 250 12
202 414 45
148 234 92
91 207 17
86 389 22
475 250 28
335 300 64
404 2 12
367 408 76
492 330 16
493 231 97
519 503 13
178 292 91
189 500 65
335 421 73
393 215 44
47 337 11
467 453 15
31 503 68
256 139 34
355 171 80
32 436 37
387 31 24
403 202 45
146 299 49
52 482 52
399 338 19
336 265 91
454 347 72
535 248 56
521 143 43
417 396 36
280 229 48
65 310 44
60 199 43
526 317 48
71 155 62
464 517 91
135 205 19
101 465 70
280 492 47
354 463 75
339 472 60
443 36 83
478 336 15
399 358 71
56 71 59
212 48 12
13 199 69
464 77 50
206 180 23
11 89 57
335 189 40
121 299 75
122 396 88
190 425 44
196 366 34
236 188 15
215 367 95
81 194 56
210 289 53
464 27 42
131 115 36
316 167 23
509 47 72
326 287 26
514 186 86
19 503 26
88 82 75
243 324 98
496 297 97
256 420 34
99 206 43
20 369 99
335 146 38
45 348 38
25 472 29
323 211 71
470 414 65
409 486 80
356 7 95
230 173 89
328 86 47
96 172 96
355 309 29
404 363 24
397 307 25
145 510 18
533 249 51
447 254 93
118 240 47
290 69 49
356 17 69
504 366 16
75 363 23
29 461 34
154 107 83
140 232 53
80 460 29
431 201 56
23 0 90
91 294 70
98 322 37
265 240 100
157 226 89
375 350 60
540 439 65
361 215 90
467 56 65
318 262 54
12 162 57
58 178 28
346 140 61
201 206 66
45 95 65
462 26 91
244 525 55
109 290 19
153 313 60
206 110 38
340 405 88
439 402 40
482 161 53
349 133 54
82 31 49
97 109 97
218 9 67
166 349 60
21 536 86
64 260 59
499 534 19
224 262 28
416 449 15
499 245 70
495 384 82
177 234 26
21 25 18
319 256 79
360 150 42
291 432 35
59 171 80
200 428 53
274 372 12
220 503 11
339 122 68
374 324 23
227 232 23
97 540 34
416 178 70
251 423 77
158 383 70
196 423 49
127 378 31
316 449 94
205 345 58
386 480 36
175 331 43
251 29 79
509 536 28
410 351 64
331 138 30
81 450 74
34 510 94
230 227 14
233 316 27
44 249 91
459 5 95
332 233 56
199 295 82
357 72 100
506 281 11
184 439 16
104 219 15
53 32 63
456 407 90
92 1 30
499 240 13
486 348 33
126 418 59
122 116 66
361 66 40
122 21 49
237 18 40
1 523 75
288 496 33
384 449 24
256 261 70
468 28 14
367 310 70
250 378 57
37 202 41
68 4 87
63 268 64
510 397 71
383 287 100
113 70 31
531 417 68
470 536 63
463 366 90
341 126 49
423 169 38
453 376 72
396 86 14
519 15 71
319 227 91
250 31 27
105 367 51
373 480 62
486 32 33
334 213 51
461 474 28
306 402 55
412 19 83
467 191 18
345 167 63
137 306 40
275 264 24
221 451 89
505 398 78
271 82 56
504 256 22
459 491 78
428 298 13
443 49 21
50 142 76
180 280 61
13 283 98
49 404 53
258 342 63
471 269 11
104 343 18
350 102 42
256 126 91
332 5 68
216 29 91
433 242 66
65 15 95
185 432 47
487 111 17
181 436 76
123 507 70
334 489 99
100 466 91
259 363 28
342 122 90
233 302 28
464 190 77
230 535 96
516 526 55
26 79 94
315 176 52
280 484 54
77 330 11
288 468 77
277 166 81
69 312 29
116 93 16
90 241 28
343 142 82
178 62 70
101 372 13
536 312 96
131 394 72
397 319 80
67 73 73
360 469 96
317 539 57
442 18 13
458 497 59
226 202 51
132 364 67
272 207 90
325 532 10
79 450 61
453 286 38
49 473 69
305 114 90
502 181 20
231 91 40
95 303 55
131 35 96
151 316 61
322 168 92
390 245 26
38 222 43
517 116 75
143 531 71
46 272 44
30 490 73
329 85 42
256 414 41
513 85 27
43 278 92
374 99 10
81 508 35
213 460 44
140 458 11
437 516 62
352 309 44
295 182 61
233 384 81
487 155 29
266 259 52
240 72 83
121 462 40
486 341 48
268 10 23
151 119 95
367 13 44
101 54 21
520 493 44
27 245 24
47 116 66
96 506 96
342 363 27
401 218 39
27 296 95
355 13 11
473 42 80
64 123 92
232 101 48
256 421 90
101 321 73
479 385 66
47 17 74
368 334 10
397 313 18
526 219 22
9 284 48
136 393 68
398 462 35
221 415 97
0 276 73
484 534 10
249 201 35
13 8 39
125 263 15
89 107 59
466 350 54
207 138 86
465 249 11
507 167 95
65 266 98
286 426 26
449 452 17
242 222 64
35 79 97
525 430 65
143 271 17
473 154 71
29 174 20
324 414 28
529 72 60
71 193 11
123 285 54
297 495 90
286 536 99
113 129 86
483 239 36
269 109 14
474 6 42
296 88 69
465 26 42
56 133 30
38 94 74
222 339 35
466 251 77
268 360 93
467 448 18
24 39 70
182 210 84
3 522 36
199 167 44
203 155 72
302 339 94
491 171 52
327 409 22
436 457 74
512 147 49
532 463 82
285 38 47
129 126 10
211 41 78
146 409 10
353 385 82
333 235 100
510 440 35
482 13 35
68 213 40
3 396 68
221 398 73
314 63 45
361 294 83
347 112 91
312 422 83
140 387 18
534 3 31
427 374 90
364 263 29
93 377 48
520 149 85
230 502 50
430 504 35
278 10 17
209 529 60
503 188 81
483 438 90
375 264 95
177 39 98
79 272 48
206 413 60
101 347 100
269 240 48
262 330 32
119 383 71
32 524 64
294 404 23
378 457 44
122 432 63
390 57 19
39 490 20
2 221 81
445 84 22
353 246 95
139 109 75
185 30 16
307 455 87
540 106 89
66 472 87
208 252 70
205 242 17
8 250 42
125 386 40
388 315 54
37 151 69
333 365 57
222 105 74
67 362 77
49 300 43
402 273 87
153 394 45
152 171 42
290 432 17
87 388 52
416 430 46
470 26 22
31 271 84
265 95 32
100 178 31
47 40 57
415 242 23
381 94 43
156 155 60
65 131 53
225 407 48
476 52 39
126 381 47
416 203 47
48 253 49
247 296 93
210 353 65
82 258 20
23 135 75
26 321 74
495 256 17
414 58 15
234 280 29
409 475 82
161 387 69
448 243 49
40 406 46
3 293 70
492 220 58
195 507 25
298 75 79
166 426 68
439 527 91
273 371 45
280 233 61
519 23 27
279 105 100
422 497 46
258 510 74
440 518 18
403 188 66
397 200 38
34 233 12
371 321 10
453 72 22
179 477 99
403 415 92
270 508 45
158 2 50
56 470 56
412 4 56
144 277 100
138 36 100
391 142 25
438 402 37
151 284 88
466 316 75
394 380 68
335 309 27
56 418 99
327 27 16
521 72 70
151 30 58
330 244 98
205 478 89
424 56 42
164 375 60
343 319 91
447 158 79
241 7 54
319 419 19
255 90 77
140 537 47
167 219 73
48 297 99
197 183 17
273 504 99
366 359 68
180 108 71
219 453 83
451 242 30
306 194 86
288 8 15
358 269 88
17 93 66
424 338 40
525 455 24
61 167 39
162 125 50
515 87 13
432 335 12
180 142 73
441 423 53
99 470 32
515 266 72
319 111 17
419 200 55
179 275 91
422 41 58
484 95 12
80 66 78
303 93 48
523 435 100
283 242 23
415 1 43
378 9 36
488 353 79
222 479 100
200 166 49
421 357 11
490 383 49
508 118 66
16 323 20
430 57 91
380 275 75
145 299 87
439 98 73
211 512 11
354 287 42
328 288 18
432 380 19
348 431 15
163 64 58
318 458 35
79 40 89
522 463 88
191 455 43
209 535 79
44 389 22
301 71 48
496 531 39
111 238 89
397 200 60
299 259 46
138 283 49
451 348 90
524 161 58
503 21 56
72 53 24
286 387 37
514 276 93
158 364 85
381 308 62
275 88 92
41 430 43
492 316 20
138 384 16
61 433 83
49 98 67
214 380 70
44 418 65
441 333 92
193 66 30
262 519 85
384 450 76
167 480 20
252 213 56
80 264 13
495 131 94
115 299 22
344 65 97
67 138 18
219 500 72
186 104 41
156 217 100
126 163 52
192 425 95
155 417 70
291 357 36
80 64 32
236 15 68
36 209 100
61 291 47
240 399 38
222 18 27
322 332 40
29 313 91
255 148 67
136 399 73
309 265 80
52 230 43
383 420 82
428 63 40
446 187 65
367 329 91
246 345 18
347 72 26
92 503 51
120 384 39
521 16 70
513 110 74
517 266 98
161 310 29
223 477 65
32 83 88
504 69 95
526 90 42
71 138 94
458 182 53
170 41 91
173 107 78
232 443 53
328 382 65
167 491 62
179 103 67
159 131 92
92 252 62
144 317 42
298 474 99
47 496 69
117 105 46
357 73 99
287 176 33
361 63 59
251 507 43
274 514 35
429 57 70
350 66 84
516 281 16
406 170 60
85 317 26
70 481 13
38 296 89
511 97 12
182 193 95
489 120 31
101 187 96
130 64 85
467 402 74
205 100 59
448 386 89
242 3 97
262 168 99
264 404 100
305 21 63
281 220 32
266 194 87
342 533 59
398 528 80
419 353 88
511 276 30
138 126 63
319 24 97
275 358 51
87 235 56
77 135 17
259 432 15
514 112 18
460 421 22
10 109 59
116 79 16
377 540 61
68 280 21
216 142 62
40 252 26
194 369 81
9 448 50
201 222 58
455 186 15
274 116 38
8 278 75
513 487 83
485 450 60
308 418 39
200 202 94
283 24 27
243 348 79
188 116 23
224 423 94
241 107 50
529 191 21
447 104 10
215 410 31
507 45 84
329 194 70
417 265 65
232 458 39
499 415 44
408 1 81
374 76 26
183 4 49
491 357 91
289 338 48
453 506 82
68 246 62
65 467 26
536 171 72
3 476 36
63 373 37
368 247 37
78 462 54
378 389 75
339 471 70
331 396 21
81 37 60
494 450 12
535 115 92
248 374 11
95 44 91
190 297 29
394 165 84
8 52 20
391 208 34
296 372 95
218 539 52
40 373 35
87 131 79
178 383 32
129 429 98
294 384 100
149 124 30
493 249 90
308 81 32
62 287 19
136 435 85
412 80 93
99 296 57
48 426 75
495 11 12
296 172 39
51 302 17
17 11 73
154 209 43
535 247 24
403 447 24
398 378 12
166 365 96
400 534 88
402 193 72
263 194 30
149 461 27
447 329 45
68 283 59
157 383 68
160 228 33
389 29 51
438 156 100
383 528 17
17 221 98
380 439 48
409 262 10
406 327 70
20 465 97
462 420 32
2 52 64
183 30 20
253 516 49
398 383 78
210 528 68
275 248 46
319 170 38
82 167 48
487 84 62
246 301 45
187 312 61
379 143 31
207 87 44
332 191 81
104 278 71
506 208 19
398 9 81
344 477 95
412 534 11
401 32 17
406 213 77
402 419 19
192 476 43
418 147 54
372 166 21
466 171 82
316 465 60
98 440 99
528 506 75
326 246 87
489 96 45
390 111 21
193 93 32
122 281 71
202 389 71
378 320 67
250 475 20
262 533 14
484 317 69
10 186 16
44 384 29
411 254 58
385 19 86
230 379 85
340 449 97
220 328 39
511 491 35
60 10 55
378 124 53
222 412 64
459 167 28
161 477 96
499 278 68
96 456 78
324 183 43
467 118 69
148 491 62
496 372 96
15 529 64
123 64 24
41 441 21
534 33 29
143 405 88
38 531 12
292 158 89
195 23 52
310 75 12
202 26 57
7 427 50
51 472 34
6 60 95
380 62 54
377 105 67
180 503 62
111 199 27
54 396 72
365 350 71
525 186 14
419 96 44
263 381 71
363 361 85
66 482 19
48 455 68
334 115 62
138 386 38
334 36 96
20 92 17
100 161 22
232 150 36
499 395 11
279 446 30
145 509 94
205 268 50
68 514 36
173 107 97
251 74 67
129 414 65
60 220 68
418 129 19
260 38 79
219 431 95
323 436 72
178 143 34
286 208 62
147 261 75
14 295 68
527 110 11
428 491 67
51 427 88
181 456 87
95 267 92
97 371 71
222 95 76
307 389 15
254 299 55
199 301 55
463 132 91
493 347 84
96 226 96
348 223 24
332 69 19
61 12 39
222 513 86
419 328 95
190 29 31
396 397 72
305 501 28
439 533 36
400 446 99
17 296 77
266 461 27
226 478 82
271 381 55
490 528 60
86 258 29
295 99 17
259 509 20
147 275 88
50 516 19
242 38 93
84 337 100
203 488 64
274 294 45
537 396 34
285 371 15
368 102 54
282 440 25
269 305 22
515 374 73
404 240 59
332 121 92
133 504 70
491 87 46
340 222 40
5 456 12
86 456 16
64 141 82
161 454 77
455 26 39
381 145 47
175 294 70
320 165 72
518 175 85
455 40 55
26 442 82
1 517 28
309 476 66
401 289 15
503 257 89
460 241 47
114 202 86
411 33 20
12 400 33
174 187 84
21 70 50
366 62 100
214 225 77
90 200 19
236 162 13
525 396 37
208 462 90
478 52 18
239 393 34
246 454 17
510 181 50
293 201 39
534 129 41
12 508 33
288 169 74
412 42 24
520 309 35
77 26 21
36 465 24
382 434 28
534 380 88
538 81 43
351 112 57
85 349 76
191 335 43
202 364 91
132 69 14
406 246 94
53 489 59
540 170 98
391 332 42
221 488 41
10 466 95
13 246 54
271 132 13
19 281 40
220 358 63
121 117 63
451 64 74
37 39 84
354 335 66
111 425 59
251 538 64
267 521 73
361 490 61
377 256 93
108 211 44
228 207 31
244 540 25
266 418 81
268 311 94
273 81 64
520 395 28
358 14 82
101 275 66
423 470 28
370 383 12
303 435 98
399 243 64
60 347 43
478 288 42
93 90 36
442 207 83
460 519 50
532 249 46
398 309 49
262 137 66
64 226 79
199 188 81
387 348 33
216 200 90
191 403 46
398 361 73
50 336 95
13 539 39
331 503 50
10 378 18
66 171 97
350 316 87
285 244 16
164 519 46
37 412 70
42 364 62
320 365 54
538 210 78
524 142 60
21 533 69
107 194 69
403 385 80
50 298 24
158 326 77
19 347 89
104 183 74
133 451 61
390 329 62
307 480 37
425 510 21
279 150 60
277 502 48
535 400 77
206 324 33
373 504 12
381 72 95
384 244 23
189 387 47
3 119 55
44 494 12
415 102 10
49 209 68
122 486 23
526 12 100
6 267 72
240 523 55
525 200 49
349 223 47
352 377 86
478 145 88
374 332 79
16 446 61
184 469 77
393 98 12
218 351 74
28 465 47
370 78 45
113 243 19
213 438 76
456 482 52
236 189 81
43 88 57
185 204 70
456 79 47
303 439 36
321 372 16
189 181 96
309 22 99
24 339 15
348 74 95
192 482 98
28 495 95
163 469 79
468 143 47
134 253 19
392 361 59
216 267 91
211 119 18
102 50 80
299 394 58
347 11 14
467 155 70
287 343 33
421 274 26
199 523 22
316 183 71
82 440 89
425 496 41
86 112 71
387 38 32
382 357 28
37 525 46
530 362 71
331 317 39
461 176 16
501 445 53
371 98 80
464 348 54
340 206 28
220 3 90
223 242 20
168 468 58
496 270 32
459 25 21
421 450 30
510 445 44
470 208 54
247 177 15
414 123 71
243 3 78
376 126 37
477 279 79
286 308 43
15 14 45
257 106 88
436 165 82
171 110 30
321 93 31
252 417 21
204 161 71
512 35 75
516 295 28
286 264 81
298 407 52
426 159 60
98 450 20
18 42 93
370 124 93
295 104 75
175 325 66
46 338 97
521 143 21
228 12 19
485 99 98
274 507 96
213 525 23
453 252 56
82 376 19
29 449 62
66 394 37
469 180 56
479 92 78
228 436 91
475 337 71
174 183 62
307 281 42
187 307 86
219 246 26
81 7 13
294 120 57
389 470 41
324 209 28
89 333 58
96 534 79
362 446 28
306 351 20
475 438 88
265 475 67
220 1 60
510 315 50
343 473 61
208 246 30
423 379 100
281 158 14
299 339 60
354 486 44
348 21 64
163 270 78
186 392 33
152 428 82
287 460 40
238 60 10
169 22 82
293 422 12
263 389 68
389 339 48
180 212 10
46 416 80
178 103 76
529 516 36
521 263 55
348 82 36
131 496 73
50 302 50
523 291 33
114 283 28
174 218 100
34 174 13
108 242 40
474 488 84
328 431 29
236 331 22
118 390 42
322 287 54
218 332 41
11 317 95
241 249 65
237 294 30
294 502 86
124 177 16
246 31 24
195 311 25
474 53 76
216 524 61
177 504 72
334 508 58
284 254 55
234 384 14
243 315 26
432 431 79
528 72 49
197 293 69
99 450 61
78 331 44
39 339 31
510 116 60
183 352 28
385 289 32
409 505 86
530 515 65
192 357 24
288 371 54
531 238 75
34 419 59
229 152 79
89 405 77
350 267 74
132 358 18
13 136 91
518 161 55
120 60 46
449 436 22
472 429 57
24 190 33
452 496 88
133 499 85
290 195 21
170 9 97
204 130 28
74 288 44
449 162 82
179 394 26
168 179 58
270 50 50
384 355 89
271 441 50
347 221 25
196 179 28
252 284 20
506 103 24
181 141 53
515 336 71
362 39 83
326 475 85
91 309 71
330 525 57
411 470 23
156 125 32
297 56 93
20 522 81
207 218 33
411 70 27
273 223 26
400 346 24
390 327 59
21 105 90
75 291 70
50 133 56
404 66 42
398 235 86
471 438 44
70 161 53
56 85 86
333 395 42
263 167 58
314 433 83
413 132 47
71 249 28
225 121 20
409 4 26
539 391 22
491 310 53
0 511 73
376 428 52
265 216 82
42 326 76
272 111 26
504 485 69
488 34 78
528 527 85
432 445 54
138 175 45
272 354 32
370 17 93
93 128 81
95 293 63
10 126 49
25 90 74
196 3 25
218 114 24
306 204 51
451 288 67
461 181 77
169 112 60
113 276 89
408 26 60
32 268 35
415 44 71
99 37 24
445 218 45
194 488 10
495 72 11
83 431 57
44 396 59
424 168 97
311 342 10
20 466 66
299 229 36
478 246 94
7 485 42
0 275 55
119 425 31
257 414 44
538 121 28
69 5 64
67 7 52
367 486 94
47 319 91
512 367 65
192 3 58
164 272 24
453 319 100
375 276 33
134 389 83
334 367 46
130 281 68
226 318 58
434 230 57
8 164 85
369 516 31
437 540 62
345 413 75
501 188 43
201 28 60
196 121 90
501 212 97
467 223 94
296 438 93
246 72 56
153 419 21
486 217 43
139 140 81
291 191 22
133 43 23
420 531 34
499 269 62
479 151 47
373 250 65
184 27 33
156 347 70
237 474 27
177 373 33
461 18 59
239 204 78
517 518 76
86 333 35
279 430 89
18 436 14
386 535 35
164 114 88
490 390 29
242 506 93
122 501 75
191 473 59
19 149 78
271 290 78
17 260 20
320 536 10
527 99 33
105 191 75
77 66 56
286 231 86
46 153 20
39 9 53
177 404 11
497 117 68
42 484 39
531 251 29
303 525 85
30 201 41
202 162 42
471 299 57
139 277 52
135 249 86
502 48 88
430 257 56
183 251 85
185 509 14
66 466 95
376 262 48
403 143 29
413 78 82
234 300 32
227 509 30
107 164 31
283 206 12
445 293 99
199 256 87
445 147 47
533 113 50
199 430 16
394 202 87
532 522 81
525 227 99
85 497 95
107 89 92
460 537 22
386 22 43
413 392 92
11 147 64
217 224 97
168 77 99
222 285 100
148 252 67
52 288 42
528 400 21
207 471 51
335 101 26
448 491 92
28 121 85
263 474 45
267 253 33
291 203 11
198 457 82
31 47 94
305 477 85
467 322 64
297 91 78
157 11 42
232 354 76
538 103 10
89 319 83
266 158 35
96 24 20
236 24 18
438 403 57
471 132 38
432 222 83
133 357 18
412 127 48
492 237 17
475 311 67
271 228 85
276 69 20
253 252 37
405 48 36
518 113 30
453 274 34
148 107 90
288 477 12
86 467 46
475 349 100
470 207 36
246 52 54
103 460 98
282 246 51
516 429 22
181 297 78
109 237 47
47 237 23
349 87 33
532 39 48
183 449 12
60 194 38
135 300 64
143 87 89
238 189 31
306 428 55
79 214 47
71 21 90
444 456 77
352 418 84
392 480 65
326 240 84
322 370 19
329 477 16
264 439 23
320 243 95
34 151 52
21 457 33
171 205 56
367 197 19
51 12 75
136 493 65
451 47 23
503 198 46
166 104 18
142 434 37
147 144 98
257 503 72
365 329 97
308 287 95
499 50 30
524 443 20
43 178 19
172 516 69
310 334 93
192 20 27
147 343 72
27 445 68
354 270 95
136 100 25
15 320 48
324 3 37
515 373 44
175 211 57
454 64 48
332 74 57
344 205 31
184 77 37
297 80 17
388 42 100
538 194 24
209 10 82
206 512 11
506 31 84
241 203 13
84 410 15
233 158 40
150 16 96
247 105 45
127 213 52
141 228 64
458 534 94
217 389 12
63 9 27
518 533 69
368 16 13
35 15 20
315 378 63
505 120 62
223 22 60
174 171 14
54 515 66
198 255 60
153 499 88
68 202 83
516 121 79
271 14 100
274 43 16
305 374 30
34 236 74
476 522 61
215 32 35
458 67 44
436 247 49
192 216 35
177 361 13
271 510 68
425 243 96
174 63 72
425 331 65
209 467 76
280 538 35
496 334 49
246 398 15
106 134 38
129 443 46
326 200 72
158 266 51
196 194 14
363 168 55
470 501 23
50 95 10
230 154 48
408 12 50
126 11 57
25 198 49
315 42 19
356 292 79
234 495 17
155 199 12
79 177 73
434 2 27
460 301 81
387 242 46
224 401 76
454 79 99
162 345 19
26 81 70
446 485 14
345 35 70
94 89 28
247 155 60
217 6 58
477 159 13
474 188 43
194 488 24
495 475 67
243 480 88
394 87 44
321 370 36
87 524 31
266 117 66
161 402 98
26 247 27
333 383 83
222 519 23
169 400 80
440 165 95
12 447 65
390 114 89
73 216 11
129 61 63
257 459 24
204 120 65
245 108 20
138 482 81
302 352 100
49 374 70
183 389 76
164 113 29
222 333 99
294 175 90
192 261 75
2 306 83
504 376 32
537 533 33
402 1 65
138 60 99
80 171 84
447 309 27
324 29 68
89 8 85
144 425 77
199 154 96
424 487 63
39 363 55
105 460 59
443 307 56
282 33 65
332 520 86
280 312 30
420 73 20
43 353 84
302 281 28
34 339 57
349 274 12
458 51 53
193 381 39
496 283 38
223 279 63
26 202 41
415 118 59
432 490 75
227 161 20
416 31 61
266 4 91
383 506 28
357 363 56
353 290 77
316 416 53
120 402 25
335 279 47
45 384 94
221 388 12
70 377 62
281 96 56
132 184 73
176 127 35
506 359 52
121 484 21
275 457 55
319 154 42
135 35 63
487 4 80
534 15 44
143 412 73
275 274 68
375 246 10
413 144 15
105 300 56
531 435 30
201 313 48
223 396 50
290 1 28
274 241 16
402 355 84
244 537 40
445 126 42
343 270 88
283 128 89
157 376 83
390 272 23
241 8 73
153 418 95
247 177 57
173 195 40
346 381 61
521 155 63
351 515 58
89 54 96
450 520 86
420 5 84
262 403 61
482 208 92
443 135 74
521 219 57
498 157 59
185 531 84
11 242 26
129 15 67
245 62 100
229 98 77
138 438 11
533 183 38
67 162 72
31 135 26
452 119 97
14 236 52
83 434 83
434 438 55
513 44 61
283 107 16
397 492 43
208 424 99
245 2 26
340 164 53
340 218 25
155 403 18
345 508 70
496 443 15
184 314 85
486 98 54
256 255 81
20 403 96
334 208 80
230 497 56
80 238 55
280 154 73
186 282 58
115 346 30
171 503 35
458 449 35
103 21 79
526 78 66
208 136 41
158 353 94
58 245 98
340 390 54
534 193 90
95 206 38
276 31 61
47 276 16
175 30 82
338 540 93
346 455 68
468 397 86
14 297 76
528 253 33
17 212 79
109 535 100
284 307 90
173 534 24
318 494 10
5 64 79
239 411 27
160 208 49
222 306 24
392 484 79
226 386 56
243 299 43
308 512 14
130 241 77
64 133 16
508 173 16
277 417 85
177 23 21
375 466 31
276 58 17
527 454 30
236 245 49
447 199 26
441 175 49
272 528 12
425 381 24
500 412 11
220 57 30
171 14 94
78 3 36
384 12 20
507 504 78
423 48 29
516 514 97
366 465 21
117 517 86
485 151 93
514 488 58
319 497 12
34 292 77
58 79 40
327 372 11
271 316 25
232 188 57
224 276 22
513 357 33
87 361 48
464 103 48
465 91 40
128 503 47
191 3 25
481 346 52
403 537 100
388 189 48
277 364 65
230 496 17
40 478 82
416 359 77
253 417 94
376 244 72
497 523 85
113 431 67
89 483 88
207 261 48
185 27 79
23 263 79
512 188 47
438 115 82
166 280 58
195 44 92
435 238 100
176 90 38
213 282 96
134 338 61
447 199 97
280 170 22
177 53 36
84 420 31
131 117 27
514 249 43
187 125 63
409 90 18
34 104 40
405 169 86
322 129 70
249 314 48
355 80 25
462 499 80
86 512 16
139 429 29
239 363 63
460 428 56
141 62 95
84 354 30
167 445 15
348 80 71
418 508 67
253 358 55
201 274 24
95 261 76
355 16 67
471 499 33
116 22 12
144 158 70
113 368 17
532 58 12
501 168 92
148 376 18
61 314 94
453 490 10
122 0 45
54 334 63
500 116 42
153 243 99
33 195 50
323 250 80
261 236 33
332 245 50
93 184 75
137 10 47
525 193 40
107 4 25
83 131 41
107 57 41
127 108 85
256 319 28
113 191 58
47 503 12
425 373 87
69 364 55
357 516 59
284 532 26
18 114 71
506 83 50
68 482 48
423 533 89
142 523 14
432 212 90
57 284 46
164 170 33
501 133 13
326 108 10
477 188 73
198 42 17
219 402 78
513 208 36
509 421 67
139 211 54
538 0 75
194 106 86
123 60 92
415 317 14
151 150 47
388 210 90
160 88 66
128 492 27
18 458 78
239 375 40
29 116 60
184 293 66
150 273 81
226 502 23
433 366 80
201 396 11
258 420 47
295 467 13
482 369 94
500 166 49
518 168 18
502 279 21
66 305 86
231 361 42
260 233 54
195 165 38
189 394 52
478 208 49
467 225 82
169 464 66
227 11 42
32 248 50
364 510 23
524 288 81
109 191 60
528 223 77
302 309 77
203 441 47
527 208 90
512 382 30
325 462 96
4 472 79
472 510 38
257 249 28
471 149 42
13 27 49
509 293 68
220 36 86
373 135 31
32 363 37
263 158 100
251 340 54
8 249 84
484 530 94
528 65 41
264 494 63
170 72 14
353 82 87
470 136 55
366 242 68
533 346 90
266 117 41
375 401 96
507 5 60
411 281 93
512 18 48
245 285 14
194 255 10
21 200 70
481 319 91
24 184 16
385 464 58
426 136 15
81 417 38
73 324 16
351 210 66
128 289 84
220 20 81
263 421 60
101 454 30
97 192 49
345 43 24
346 118 97
41 75 56
331 435 52
496 360 70
427 33 84
135 470 24
95 183 36
84 415 36
15 351 37
328 443 15
441 174 79
52 199 36
18 507 52
497 313 66
443 156 82
234 99 87
91 35 28
342 63 21
8 286 49
192 481 29
483 129 59
509 538 70
444 382 55
350 117 67
377 168 95
58 332 33
118 225 91
1 285 27
309 328 91
301 279 80
446 148 51
423 527 87
306 420 92
178 105 40
331 147 71
418 499 92
17 99 91
94 167 83
519 12 30
449 67 33
309 466 44
34 477 37
128 442 65
276 159 46
434 273 16
365 250 27
425 252 33
167 175 47
22 333 64
329 461 31
295 496 100
239 465 28
355 366 65
363 396 12
92 287 64
12 299 95
403 391 46
394 374 71
510 417 58
321 345 54
465 84 43
513 30 42
253 488 86
355 269 55
246 421 25
234 411 22
177 235 17
233 260 89
114 111 47
474 523 74
465 415 23
37 277 86
443 477 85
94 271 37
461 441 13
311 300 22
49 482 40
106 28 28
102 435 51
200 540 94
393 242 60
8 71 13
181 59 57
102 492 16
414 78 66
436 406 13
520 68 84
326 111 28
415 351 67
30 339 30
182 206 74
442 116 54
215 76 51
288 44 87
285 143 74
468 60 94
29 367 71
189 119 54
135 102 43
282 77 18
494 370 45
181 449 30
323 517 94
152 138 58
37 387 96
31 208 76
334 319 67
440 132 16
199 70 61
178 123 66
48 464 80
523 105 89
233 416 41
187 1 52
104 433 41
92 192 33
125 133 16
228 354 57
138 394 28
239 171 47
10 511 81
82 526 42
6 66 89
445 178 70
439 105 32
83 461 70
237 22 26
524 159 89
277 219 67
367 465 48
178 63 21
112 427 76
10 90 79
8 248 74
452 311 44
36 26 79
482 52 40
2 538 40
22 214 94
357 225 65
144 419 62
444 179 42
438 99 88
248 34 50
463 26 89
42 222 51
40 500 75
466 414 39
300 4 93
322 112 33
373 160 57
31 177 33
504 261 52
344 446 65
41 177 58
41 2 88
462 478 53
270 489 55
173 300 32
140 505 61
12 406 15
341 113 35
279 201 56
306 40 90
246 193 78
339 46 36
96 324 45
507 66 69
219 114 15
46 44 51
32 223 60
398 142 89
257 66 48
287 47 79
43 383 67
435 300 74
279 230 10
270 185 35
437 428 90
364 512 28
158 439 54
393 36 83
153 483 79
134 286 89
494 295 99
252 81 70
60 59 13
498 108 90
269 479 27
309 218 21
302 137 73
4 258 78
444 451 18
448 39 50
349 109 73
152 339 44
127 22 50
215 286 14
146 153 56
337 191 51
307 321 34
220 199 88
474 349 30
168 462 56
526 284 77
464 114 52
78 411 36
525 9 59
308 11 79
13 273 60
426 400 20
482 190 90
63 441 58
88 351 69
267 277 10
440 129 25
422 282 96
427 479 81
250 525 43
148 491 57
364 393 39
365 256 35
11 354 97
397 405 20
478 247 19
449 330 90
111 220 86
406 296 40
444 218 46
320 436 75
523 293 80
18 211 43
333 446 46
95 453 27
310 152 21
236 245 76
514 113 77
232 459 82
122 239 85
155 505 51
25 26 78
387 529 79
526 163 78
152 162 59
358 320 83
497 121 84
412 433 26
186 372 57
481 338 39
395 484 91
430 531 20
421 322 23
404 157 80
279 446 78
271 59 59
34 181 17
529 165 16
527 68 17
336 465 59
157 335 69
264 540 14
172 86 17
110 175 26
47 440 73
401 207 51
446 539 14
534 205 44
466 368 85
163 354 96
487 339 79
393 310 16
223 53 55
52 117 13
365 474 53
505 256 63
327 188 90
514 515 40
387 32 16
148 19 51
126 376 98
55 327 95
196 260 58
319 186 66
165 482 72
467 164 18
18 523 31
529 164 12
113 514 29
496 350 49
449 41 32
397 174 97
313 43 45
271 192 22
12 355 51
237 155 34
385 24 19
227 446 15
132 179 24
246 175 39
209 402 18
43 58 46
446 388 40
318 535 63
79 288 61
488 135 36
196 433 37
8 12 67
316 26 97
326 196 10
131 395 53
305 504 50
520 404 70
477 121 71
409 362 26
11 390 46
0 375 100
35 296 14
5 422 24
315 361 37
297 39 28
423 505 24
327 116 37
131 238 15
79 307 97
478 487 68
345 84 36
359 208 71
348 50 76
329 79 84
72 342 14
454 211 36
290 536 42
131 59 30
388 121 73
212 257 69
409 370 48
198 410 64
483 456 33
473 433 42
39 67 37
473 212 14
480 503 89
456 243 25
200 165 50
107 109 70
425 2 79
78 199 25
33 297 72
250 112 92
197 400 54
450 363 94
290 17 20
320 167 12
163 71 52
308 169 31
160 290 97
454 262 91
170 446 19
495 102 34
378 442 43
455 445 20
228 154 36
397 214 57
44 443 12
244 135 84
299 481 59
521 414 83
324 235 40
404 106 10
268 473 36
392 115 43
167 24 61
401 197 44
176 432 17
326 308 23
299 131 73
288 93 24
389 268 25
197 159 64
266 72 59
153 82 79
209 222 93
250 125 72
414 208 67
422 32 75
207 489 19
409 310 86
239 187 97
416 37 91
85 133 21
84 52 15
170 317 100
410 9 52
202 128 40
380 441 21
117 15 42
198 93 22
281 520 45
268 335 55
135 351 86
105 93 61
365 441 15
104 301 54
462 461 16
386 399 90
247 213 82
469 61 75
304 521 64
53 207 37
234 413 75
40 347 51
370 535 27
359 275 47
96 211 21
146 357 73
526 29 37
277 465 70
89 71 33
221 108 43
261 234 47
376 272 72
475 480 71
207 473 35
466 475 25
304 392 61
50 286 93
307 197 42
181 283 66
55 32 55
6 248 84
106 530 53
108 48 33
126 277 54
117 516 37
181 168 53
82 256 40
391 332 32
216 492 48
380 318 33
292 52 19
157 236 72
212 416 27
87 461 81
97 232 71
236 496 80
188 342 83
150 236 54
319 457 58
352 422 61
155 454 43
292 419 13
515 382 16
142 20 42
270 103 87
280 341 97
525 456 82
485 263 34
430 85 70
167 248 85
354 148 44
278 485 72
66 445 94
71 529 89
307 186 10
7 213 27
136 313 18
390 33 94
460 183 76
513 390 40
263 305 91
431 392 55
374 339 14
313 108 31
447 401 91
255 488 53
344 322 75
413 182 42
232 223 15
103 264 72
106 301 55
117 17 71
376 506 63
369 98 67
26 469 43
124 167 41
74 139 32
328 82 83
490 259 25
119 424 84
276 296 76
106 463 63
318 262 97
270 94 80
518 41 28
411 252 44
273 168 92
43 253 100
285 338 85
377 254 99
296 56 92
540 110 32
397 2 100
527 369 50
335 80 76
196 216 100
513 432 79
54 400 73
10 6 41
77 453 55
437 121 40
125 124 85
315 372 33
344 196 57
503 398 61
171 8 10
37 419 67
484 223 12
29 65 10
386 378 36
405 120 54
171 208 16
375 251 73
293 535 35
528 185 58
280 450 47
316 144 78
69 38 31
390 265 91
337 165 17
158 471 90
471 202 74
211 524 57
225 409 75
493 207 97
533 215 50
520 515 35
188 20 25
31 520 97
35 243 22
271 275 25
240 177 95
114 178 14
212 423 62
248 282 33
255 144 52
506 251 77
21 436 56
18 277 51
417 362 27
199 103 37
301 231 73
242 321 67
308 336 90
246 108 42
348 439 74
446 251 67
345 175 47
229 60 81
12 350 10
338 3 13
502 96 13
520 291 47
179 82 62
186 17 29
142 250 43
538 67 71
467 374 50
247 382 75
104 520 80
1 520 54
476 377 55
30 405 21
68 50 82
228 80 45
154 199 87
166 81 90
411 67 60
481 122 24
201 390 21
533 20 24
307 497 41
101 161 30
392 216 67
113 417 70
460 185 41
61 290 76
394 513 28
346 208 57
202 63 82
539 113 23
486 293 30
108 220 24
379 0 22
12 253 82
222 368 80
514 479 42
522 506 56
327 6 49
25 51 97
262 263 29
315 114 62
136 352 45
295 51 71
457 350 15
133 409 31
410 197 90
411 243 59
224 223 14
527 256 85
329 117 57
304 496 39
238 27 21
23 403 18
169 1 64
217 399 13
38 120 17
346 37 38
181 472 49
467 266 96
332 131 16
14 129 33
183 99 38
26 105 98
101 160 72
374 103 71
293 40 34
45 256 41
351 132 66
132 354 20
213 315 74
46 81 63
101 201 55
93 482 10
487 97 23
115 131 43
111 375 51
340 505 39
240 143 91
502 225 50
282 42 50
483 421 59
304 489 16
446 353 42
271 302 83
530 8 79
313 387 47
44 306 92
336 518 58
413 111 68
374 12 98
403 213 77
376 66 91
456 28 20
520 104 97
346 298 18
169 14 85
538 333 37
57 201 93
333 442 57
333 378 41
535 273 99
124 78 71
58 492 57
533 326 10
471 396 32
220 165 98
536 268 58
176 88 62
77 280 73
360 208 85
516 234 85
512 65 40
470 398 97
26 362 73
526 471 31
224 473 80
14 248 17
298 50 16
44 5 89
439 182 61
253 86 59
496 45 19
410 11 97
272 259 99
475 361 15
426 363 68
64 345 89
345 21 100
514 73 56
24 325 74
20 310 95
189 174 85
68 10 75
19 373 62
32 67 69
0 12 52
532 264 55
195 246 69
6 101 74
385 285 19
445 526 99
116 167 63
453 402 55
187 314 61
241 488 68
111 146 54
47 507 28
381 432 30
459 302 77
459 9 83
187 29 54
370 58 61
216 62 51
200 38 34
344 529 54
192 116 36
187 115 11
184 133 99
241 15 88
453 97 25
278 285 95
234 118 15
418 102 99
92 259 14
339 67 17
61 398 14
341 446 11
122 464 71
256 379 52
257 8 81
292 54 64
420 406 87
65 455 32
3 33 72
364 15 64
184 428 45
341 333 98
307 332 29
43 284 67
402 13 33
33 208 28
84 200 27
466 427 47
335 432 60
71 3 75
277 140 60
277 361 94
465 218 14
495 193 59
145 536 98
364 239 40
339 532 27
291 387 20
369 107 78
87 192 47
222 332 40
98 252 95
521 259 97
51 175 40
481 284 26
443 88 25
425 157 23
322 252 26
445 332 27
89 224 91
188 443 38
168 121 38
424 203 99
477 228 91
396 47 44
47 262 93
187 471 93
289 257 90
52 377 75
271 284 39
174 45 90
88 308 44
128 336 49
101 208 45
263 498 38
241 126 34
235 83 28
285 276 61
330 195 59
51 360 89
324 339 100
234 412 33
59 433 68
234 56 60
261 206 36
455 346 86
90 201 58
310 113 87
357 509 70
87 304 71
498 313 55
171 490 72
58 387 100
10 72 94
41 477 54
503 254 19
353 493 40
251 100 31
207 481 56
498 99 92
290 198 59
133 452 97
87 172 10
68 81 27
376 197 69
503 13 92
69 215 18
100 127 58
443 117 100
295 389 13
192 19 82
342 517 100
151 5 24
282 486 12
359 435 11
459 356 32
540 75 53
397 442 32
434 163 82
225 4 85
466 458 78
512 6 14
236 356 12
515 134 57
106 340 87
333 502 99
451 21 99
125 301 23
324 434 37
147 511 22
376 289 32
361 29 75
256 265 31
312 72 32
462 468 91
218 187 30
41 353 44
465 109 63
185 289 53
399 65 21
154 246 46
464 154 31
112 261 99
383 114 39
291 274 43
529 375 18
225 489 91
40 54 43
268 14 52
533 472 52
229 18 71
437 305 70
488 244 42
168 412 18
462 92 21
146 128 46
322 239 76
140 153 47
335 497 95
326 457 50
253 513 19
452 265 26
458 16 48
346 273 41
22 399 14
79 154 30
244 427 49
136 378 25
534 89 58
520 51 25
257 338 72
206 532 78
13 386 12
336 410 16
419 250 63
498 161 82
494 182 34
435 437 61
143 286 53
93 277 69
71 84 51
298 446 82
434 352 60
308 274 80
390 316 14
460 443 78
185 435 88
266 204 10
396 384 47
453 80 85
216 437 60
146 140 51
132 201 81
267 13 98
227 181 59
163 45 65
454 371 44
424 338 89
425 361 67
40 451 91
213 229 14
476 355 90
464 146 82
516 52 72
146 102 15
363 98 83
194 141 56
106 400 89
400 60 95
525 265 62
373 198 69
156 151 80
78 82 58
432 494 71
389 110 65
101 203 32
284 254 96
455 407 49
399 398 30
184 169 37
23 113 45
511 206 71
27 365 22
434 446 36
154 500 79
188 318 81
159 323 69
108 129 96
335 414 89
275 313 90
438 472 52
275 155 39
340 363 57
19 156 90
390 125 39
155 378 31
14 427 90
117 357 88
329 157 64
229 205 90
333 8 35
273 26 32
229 438 64
317 101 27
414 53 17
220 51 83
130 363 59
41 96 89
2 303 23
194 39 27
508 431 72
29 67 85
192 284 19
68 398 89
447 98 70
60 452 36
132 145 64
109 201 94
164 104 58
90 113 93
43 23 63
139 431 43
29 58 92
515 499 52
261 52 64
244 149 31
72 227 80
357 200 64
533 389 39
296 333 98
515 64 44
330 361 86
235 32 39
44 295 91
514 34 12
383 363 23
305 464 81
538 304 44
59 381 46
328 376 28
90 481 63
69 4 14
36 125 30
378 400 74
43 190 29
29 119 22
230 264 22
237 453 81
422 349 31
287 153 27
434 508 61
83 46 21
438 472 22
67 70 14
124 142 49
441 341 12
294 170 23
181 44 99
303 343 57
229 506 85
466 354 41
488 129 46
193 250 13
167 130 59
71 167 81
157 492 93
24 269 76
391 191 65
473 251 18
334 358 59
189 105 39
150 194 55
460 36 55
448 143 64
519 490 28
377 495 23
409 22 18
48 395 94
267 489 48
153 288 30
423 495 11
338 250 90
194 153 79
540 166 45
473 407 11
12 503 21
418 18 19
497 490 56
71 212 91
453 5 87
183 507 51
10 421 85
106 296 87
70 125 39
306 339 14
314 318 75
362 409 83
44 432 45
392 92 75
374 249 59
304 415 67
43 117 86
315 293 35
354 99 83
284 205 15
189 473 60
69 153 71
93 119 84
532 536 62
197 347 73
141 84 61
21 329 41
428 285 72
483 400 41
456 149 77
383 21 47
395 525 38
142 536 53
400 72 22
53 9 75
247 504 97
531 12 56
45 530 74
260 148 10
107 383 76
219 189 25
359 96 39
47 389 33
398 304 42
226 136 59
149 155 97
111 175 39
531 97 70
495 34 10
313 409 79
413 25 27
327 289 41
315 283 57
450 200 76
168 219 58
123 237 28
406 203 12
168 360 86
300 209 40
456 336 56
126 304 85
11 503 92
414 360 52
417 304 20
22 220 73
495 152 12
476 189 25
221 53 49
475 341 23
278 188 26
131 75 88
460 237 13
357 498 77
119 372 36
465 352 94
379 151 70
104 539 56
522 182 26
86 342 19
525 139 28
96 155 19
318 446 92
402 456 36
288 335 91
311 421 46
25 506 14
16 359 15
320 224 37
81 455 10
78 41 15
115 483 89
375 316 93
185 21 18
94 457 87
97 42 90
238 499 39
515 361 90
52 2 97
295 191 55
460 492 64
317 179 46
424 96 65
279 154 71
509 495 56
301 266 66
142 218 78
474 397 26
97 217 86
20 30 20
124 461 62
435 378 70
64 45 35
218 516 41
446 513 40
245 480 27
203 485 83
338 49 59
226 155 14
300 528 10
419 166 25
202 499 31
121 42 31
178 296 20
366 121 41
170 143 19
110 170 12
398 470 38
288 258 53
117 484 37
205 44 87
469 293 25
339 34 45
100 499 88
35 432 19
141 381 36
366 183 42
525 61 60
498 260 90
121 27 96
349 230 12
175 491 11
520 246 60
219 528 14
106 103 26
216 205 81
455 345 65
292 265 82
111 220 97
498 374 25
14 331 94
236 524 89
269 475 61
130 304 98
540 416 76
202 371 13
22 326 68
95 315 80
97 231 23
328 14 29
315 145 46
67 535 17
500 7 76
296 383 24
496 281 15
367 523 24
390 4 19
242 140 71
170 348 47
395 154 68
2 248 10
359 343 14
244 501 18
507 505 16
201 233 18
486 360 94
242 423 89
418 413 46
174 78 33
409 252 36
148 179 53
294 475 79
452 431 34
184 172 75
51 214 77
144 158 20
423 130 71
490 152 64
446 319 94
379 535 50
80 118 15
403 237 85
462 122 94
264 122 21
122 190 15
277 111 81
524 137 42
278 340 58
338 281 68
332 530 72
249 243 32
410 127 85
412 209 70
147 245 60
221 19 66
32 288 48
395 205 93
85 265 37
74 107 31
6 361 88
327 328 95
462 179 60
44 237 69
52 205 85
297 59 32
323 432 95
166 279 75
38 25 71
188 199 94
455 6 24
487 311 21
467 219 35
436 21 30
192 533 32
48 185 87
239 256 98
188 70 15
172 280 39
207 497 92
68 142 85
475 111 92
106 438 69
172 266 52
304 124 89
352 317 21
116 126 71
97 35 88
379 279 48
489 376 41
301 363 37
417 527 10
106 33 35
380 263 70
2 130 57
236 539 76
323 114 25
515 72 63
10 94 30
115 90 51
468 17 12
413 304 92
338 126 93
26 378 25
313 418 36
286 35 81
71 247 85
202 118 62
487 129 35
263 304 95
382 436 86
378 437 79
381 369 48
153 452 70
413 61 11
422 209 57
128 301 34
225 102 95
523 391 74
379 213 66
139 40 54
36 505 99
182 131 98
309 24 43
32 64 92
514 506 57
223 431 15
61 257 61
332 339 52
410 162 98
145 440 90
475 115 35
264 94 25
344 375 98
15 154 98
236 231 24
206 342 76
463 64 89
260 78 80
468 515 69
111 301 94
46 356 78
149 306 97
109 175 86
268 300 53
262 168 16
14 86 73
306 474 51
120 390 19
29 424 23
529 171 54
184 390 69
334 279 99
0 320 34
140 47 30
493 190 95
214 525 81
192 359 66
29 266 58
1 493 36
242 290 91
135 25 45
335 361 37
285 540 47
49 394 58
3 315 14
529 213 80
0 427 38
366 443 98
458 19 78
72 468 74
343 247 70
340 427 46
359 369 95
329 497 88
81 451 29
217 5 46
325 524 92
136 523 95
340 7 54
409 328 80
430 514 80
479 385 52
433 485 14
100 428 67
475 536 45
210 221 25
500 95 82
533 331 66
207 276 46
487 29 70
83 307 16
469 507 21
5 426 72
347 473 66
77 197 86
522 145 41
240 101 65
424 131 32
223 436 16
241 287 100
310 193 19
155 197 19
85 296 76
177 103 96
503 124 56
110 133 68
13 195 84
341 464 84
491 493 26
240 325 56
261 439 51
211 36 35
534 278 56
304 282 38
279 315 87
91 202 57
233 195 36
457 337 10
142 103 50
377 39 13
19 462 18
201 164 35
431 75 62
212 383 13
521 165 58
317 328 72
104 528 40
198 440 59
322 395 37
113 58 74
431 382 45
389 289 92
323 296 46
100 452 60
75 294 25
217 408 59
152 477 74
307 249 68
261 172 98
513 440 95
55 271 10
132 304 67
8 188 90
436 252 100
95 358 76
391 447 94
178 386 21
33 448 100
486 502 91
371 211 88
387 125 40
432 502 95
356 47 47
206 165 83
268 147 47
223 111 49
380 516 40
112 244 35
97 536 98
400 97 60
406 182 58
289 360 13
58 132 36
55 340 19
371 238 34
15 238 30
314 135 10
97 183 97
431 509 54
273 428 21
351 58 89
523 513 11
345 298 66
100 495 58
1 128 80
98 354 29
481 270 34
309 46 30
242 52 91
1 410 38
141 498 40
249 242 56
63 428 14
239 207 57
357 246 25
214 82 11
28 67 67
39 77 83
277 476 81
361 460 81
6 409 92
400 124 55
448 488 91
364 314 48
27 373 37
253 400 68
381 66 51
419 175 34
416 512 69
323 211 67
67 185 63
532 505 93
61 201 41
460 231 13
448 13 29
356 486 65
176 23 45
150 117 35
500 35 39
153 93 54
363 269 27
78 330 53
413 85 29
485 220 17
525 505 25
243 54 50
136 515 20
483 401 68
121 124 99
101 303 70
212 306 39
319 521 22
485 132 32
475 461 15
1 473 83
257 136 80
145 225 57
272 326 34
456 288 13
175 398 35
449 467 65
394 442 11
297 100 31
49 50 40
511 421 96
133 105 78
394 55 29
195 481 84
109 85 13
302 115 51
23 529 97
508 207 16
344 245 55
416 524 62
493 83 11
197 243 87
259 64 75
101 51 19
45 41 59
463 250 28
344 335 76
341 197 74
42 100 77
484 201 82
95 58 39
406 363 39
29 477 52
44 188 44
208 470 51
176 79 68
344 7 25
470 419 68
424 244 32
483 477 54
303 1 56
86 381 40
287 424 61
125 128 46
366 195 25
345 512 71
150 22 19
233 221 16
33 300 40
392 146 37
425 215 92
14 119 17
526 16 34
296 361 17
222 34 27
349 360 31
13 516 63
119 482 14
318 232 61
234 266 59
30 470 61
360 235 48
31 425 66
154 26 75
127 238 78
466 101 90
214 454 33
81 196 66
383 32 29
444 483 26
149 247 64
176 345 73
109 411 38
158 142 27
453 115 17
431 530 48
445 451 79
486 497 67
281 266 23
122 243 24
513 304 66
234 70 70
326 221 92
482 497 36
231 432 89
222 214 15
325 333 66
493 474 38
328 218 12
225 222 59
422 529 14
385 130 91
223 292 78
93 285 44
389 169 32
444 303 12
295 408 54
69 240 77
166 288 36
278 389 34
286 91 97
24 526 84
423 54 83
37 391 26
222 368 71
99 86 32
124 138 37
266 5 16
463 335 66
66 109 98
172 306 100
135 474 94
464 272 64
189 139 28
391 390 18
410 105 75
61 463 98
539 16 56
103 351 26
470 336 92
437 333 42
232 81 80
290 143 65
192 363 34
408 60 47
484 458 75
177 217 74
86 361 22
174 461 49
515 227 95
492 443 55
463 508 74
132 128 51
383 222 11
523 377 71
342 105 100
403 59 57
240 105 85
369 263 83
277 354 60
375 348 50
355 300 47
192 475 22
151 62 74
98 204 31
434 125 67
414 91 81
276 82 72
219 157 28
522 279 96
525 42 78
130 446 99
269 345 58
489 131 55
119 439 10
248 278 35
35 477 86
417 332 77
167 444 78
98 388 72
231 229 56
371 400 30
129 315 17
464 485 83
20 207 37
222 500 33
199 295 25
452 88 20
145 160 96
373 53 97
439 401 22
308 462 53
265 525 76
58 483 86
289 57 71
14 266 49
182 344 63
93 195 39
446 303 79
299 66 73
234 529 14
445 226 70
174 305 14
210 122 81
227 52 34
457 220 59
221 70 78
371 486 67
144 166 88
390 494 72
85 128 31
338 9 50
4 187 17
271 461 64
122 299 98
451 514 99
28 537 98
450 106 95
537 316 84
410 236 59
169 29 68
105 361 41
214 463 56
193 173 38
309 398 96
15 16 100
15 80 71
304 319 49
444 373 77
60 339 32
228 125 53
104 482 40
71 170 94
293 388 98
463 387 18
444 206 14
463 467 61
121 78 97
249 170 48
281 420 40
333 234 54
281 187 68
178 166 32
122 78 39
179 367 89
282 225 79
