4570 5618
2220 3260 72
1459 4435 30
4458 1492 91
1284 3736 27
620 4180 83
2863 1472 48
4101 1682 11
1902 3684 86
1715 1146 26
497 4402 39
4123 108 61
1513 4103 28
4027 1549 44
2406 3324 11
1476 1239 90
861 1886 97
3566 3426 68
1738 2546 52
1980 74 82
974 2842 30
664 2700 84
4288 454 72
3898 1830 90
4562 1848 33
2277 2171 69
2093 2697 53
1174 3590 100
1416 3873 93
2244 4555 83
1284 1761 93
4463 3720 82
114 1666 60
992 2272 76
4312 3618 66
305 122 37
844 4231 24
1345 3349 42
3810 343 44
2974 618 89
342 172 49
497 1075 33
2062 2299 57
2208 4006 50
914 3663 89
1620 656 90
2630 2044 44
2605 3222 94
1828 121 73
1323 2748 85
3813 451 96
1420 4534 57
1717 1891 10
1870 4350 89
4324 3620 69
3470 1640 84
4038 906 92
1339 508 39
2577 1854 16
1300 2051 66
4395 16 47
933 1014 88
1178 3065 87
90 354 67
3449 3277 61
2807 782 64
2965 4555 87
4197 2335 60
2569 347 93
415 2695 22
1474 3129 84
987 1404 51
3545 3414 52
3129 3418 34
4355 3383 58
3528 4022 53
1066 1000 43
2640 2448 70
252 3688 35
4336 3962 69
2989 1934 97
1075 999 14
3557 406 22
4534 652 56
4023 3326 78
993 2772 76
283 1606 74
4551 4056 58
2765 4508 83
4256 2384 99
3315 3973 68
3488 2172 64
1810 3766 60
1854 3755 47
1074 1409 91
4388 1788 56
324 3504 13
119 312 22
3612 637 43
2273 1752 46
2673 853 24
3483 3168 12
147 428 32
31 213 59
2823 3230 12
4385 3571 30
1844 4485 72
1782 1921 92
1385 3656 21
2262 680 33
3194 4295 94
1515 4300 60
3507 2304 46
2190 4489 63
3643 1802 29
1363 764 83
4158 3735 40
836 1985 16
41 236 80
1190 566 52
3896 3454 44
3093 3246 72
83 1961 60
4239 271 46
1915 3641 88
1112 2845 43
370 1605 10
2547 548 28
3343 1358 18
3218 4312 32
1170 1147 43
1568 3234 25
3326 1606 47
3186 2160 46
4258 532 76
1464 4500 15
3921 1525 94
1531 3222 79
810 1526 24
2111 537 88
3950 191 67
3090 3109 56
3904 352 57
2064 2407 57
1009 2355 38
1477 2294 77
3962 1889 86
810 2620 17
3796 1084 12
888 1184 98
1252 1082 37
4453 3639 53
2015 2685 20
773 1790 52
3315 4476 31
1745 1528 19
1111 1089 96
3633 2180 23
2355 3079 60
725 3677 52
3749 4069 42
2684 2498 34
3522 3745 55
2696 188 76
4220 3024 35
3484 4091 86
1849 2216 11
677 1719 44
4184 4543 88
2335 1165 30
4554 1746 40
1554 4076 86
2105 387 69
2834 1293 74
4490 2508 12
1272 941 89
1154 1514 70
3614 2107 56
3868 2313 72
2512 2989 37
2962 2454 29
2285 3339 35
1532 3377 52
3049 3600 94
1027 1340 54
1264 2772 57
910 4382 90
65 2275 80
2946 1032 36
3594 1177 92
1862 2643 60
2471 2348 30
4083 2948 41
108 345 91
4427 1854 85
3118 2894 91
2036 1563 43
3292 411 21
4417 3374 84
2736 2573 52
748 1021 67
41 3852 97
4150 1281 34
2964 37 10
1830 140 61
675 1793 98
1857 1416 37
2145 3681 98
4209 3224 96
1414 3176 33
4058 1211 43
4544 4253 20
1044 2855 12
158 3979 14
933 4209 71
1007 3809 86
4329 1458 55
2270 35 25
3464 1276 16
3389 496 38
2488 2302 91
809 287 83
4525 2999 38
2982 3059 14
2768 733 35
170 3873 26
1436 2785 51
2990 3265 69
3921 3699 65
2786 930 67
3478 184 63
1250 2319 68
1978 2389 23
837 1928 78
2972 3526 92
896 3675 42
3097 1758 30
3416 2948 26
773 3445 94
157 1986 100
3134 2078 69
128 25 63
923 58 71
4479 662 57
3846 3548 33
258 2621 35
4566 4308 52
1677 1757 54
2392 3148 56
195 35 56
4413 3381 22
4126 3145 65
3016 867 94
473 3730 66
2003 2978 65
1107 2165 34
4351 3469 20
2676 1488 89
1927 690 28
2622 1687 98
2938 4055 85
756 181 15
3923 958 71
3572 3138 20
2835 2734 55
1945 417 15
3213 936 24
4329 362 20
1487 791 94
519 1786 76
2566 4559 43
3224 3885 81
2925 2061 74
1241 3584 19
501 1610 73
4290 4252 29
3587 225 50
127 4247 60
3809 591 51
3142 2044 53
1894 37 58
2658 2743 40
4091 3897 25
2688 585 53
3118 4499 32
3628 1798 96
3344 3139 69
1065 2507 89
2342 370 38
2125 4307 69
1495 3293 86
3471 1796 79
4091 2381 35
682 1114 92
4413 685 52
2614 2665 35
1487 2724 54
4387 1906 64
223 10 67
2977 297 51
1753 1097 96
4373 1830 85
3962 3991 46
1669 2485 66
4093 3949 91
3594 1226 78
856 946 42
432 149 13
55 4212 27
1293 3010 47
3354 3775 56
1033 1002 68
1043 2780 51
125 3305 73
2801 4322 55
1608 3026 26
496 573 41
1461 1136 10
2586 4167 70
3276 3682 92
2863 2029 78
3123 546 54
3381 3341 58
764 1204 93
3402 4164 52
3282 1717 82
1414 3468 85
2476 1740 21
3895 1170 27
438 2485 54
1363 336 79
1455 1208 10
3770 1242 37
2902 4135 57
647 2525 57
1298 4326 74
189 2406 81
578 3008 29
3417 550 84
3258 3107 85
3124 586 86
1627 4339 11
875 1132 50
2264 3459 34
1154 1279 26
886 3291 11
1779 4515 36
3707 4158 23
3211 2657 70
3831 672 24
2738 4505 39
3904 3147 88
941 1903 23
3152 3516 87
1125 1923 24
2008 3783 94
3625 444 14
2018 979 39
1590 3239 11
2938 3566 89
3512 4362 51
2248 824 27
3850 2150 64
1613 3507 28
2846 961 20
3392 4030 56
1935 1107 66
1165 3307 30
4386 2523 50
2097 831 88
3598 2155 63
1450 2070 59
1387 3517 86
694 2575 53
1944 2044 27
3381 549 89
3135 427 19
3753 4203 91
582 1009 65
2152 1972 43
135 4542 85
928 2780 57
62 908 84
4449 2473 94
2412 957 37
3691 3331 24
2972 2719 43
1540 1210 47
1787 4376 23
3793 1449 100
2529 3941 17
3854 2016 20
1146 1351 13
4495 1716 11
250 4029 54
290 3441 33
413 602 86
4055 3568 44
4227 676 78
2002 2535 51
2817 568 100
411 831 54
496 958 30
1961 2593 65
4516 192 67
176 2296 66
3439 1516 48
257 3959 87
3436 2014 88
3796 3847 52
1401 4268 78
3416 171 92
440 1990 17
2219 626 31
431 476 40
4304 3261 69
398 323 45
1205 3580 78
4106 636 69
2849 4459 11
3963 2290 20
896 107 95
583 2818 52
648 95 59
3292 1764 26
2890 4141 77
212 4320 33
2818 3814 58
2145 3074 87
4359 4421 75
1305 877 95
1409 2909 66
1182 1039 79
3328 2112 71
3664 1593 56
2717 2992 40
977 4474 31
1420 4308 97
3792 284 48
4495 337 51
4245 3153 77
2171 4544 88
3309 1893 76
1962 865 21
3419 571 97
2732 1974 27
2240 268 22
3606 2923 16
3401 4443 58
1912 4514 97
3284 292 56
1026 754 76
2020 722 35
845 3250 11
1673 412 89
3550 1408 54
995 3710 24
2748 3763 53
4311 2098 20
1430 55 61
245 3721 36
3256 1805 80
553 2150 91
3841 902 37
3158 3935 42
3326 836 90
4381 628 29
4016 3167 82
3191 4417 37
2137 3589 94
2168 1549 53
3397 2062 88
3667 2683 42
663 2796 59
2232 2583 43
593 3599 44
3426 4398 99
1399 2702 58
4191 2682 70
1331 4176 71
3310 4245 18
3672 3602 99
3862 1000 57
2650 663 75
940 2840 98
4122 2029 41
2213 3972 34
2485 3417 93
1256 2570 96
3557 3752 85
2318 2569 16
4554 1659 21
4484 744 92
1275 1913 67
3635 1417 90
3408 1188 92
1274 660 31
4181 1292 72
1955 3330 54
2715 2718 17
2034 2219 84
2499 3120 47
2353 2751 63
1669 2783 62
2073 3412 96
1262 424 68
587 794 74
1271 2153 18
4293 2009 62
4209 1098 20
302 812 18
4378 1059 25
2232 397 35
4300 3954 32
539 767 51
982 776 75
645 264 60
1546 4481 70
3533 2980 84
2110 269 35
3610 1569 40
1033 3003 93
1996 3245 63
213 3009 11
3047 283 90
3747 2622 79
3663 1967 17
4563 1180 18
2280 529 44
339 1075 22
2937 938 90
2282 703 63
3008 3338 19
2692 221 41
529 32 65
1655 4301 61
3584 3565 95
1532 3394 42
248 1712 58
466 4023 100
3430 1457 51
2445 4460 74
4124 3919 24
4255 2254 93
4010 828 65
2493 2102 60
740 4077 17
146 2856 14
4351 4210 97
3012 2707 42
2447 3023 58
3965 4469 85
2309 2608 57
1256 1332 85
3902 3570 14
369 1822 52
3652 1635 12
4335 4183 69
2876 2034 50
925 3881 61
3412 717 35
4191 4162 68
3935 3612 13
1289 4415 49
2303 3760 57
1205 2494 81
599 2423 91
3482 1859 47
3186 1880 65
1020 3892 50
1595 1552 75
225 2232 95
2974 2419 11
2608 3588 92
3181 639 56
2282 3743 29
1072 3705 31
3541 4085 60
949 3471 15
4234 1009 97
3546 3270 23
4327 1597 43
3764 39 69
3913 1658 16
63 2967 61
2499 3733 47
2144 357 81
1579 1126 39
3989 3603 93
949 755 81
2792 3330 94
3048 2656 68
745 3653 60
4201 1381 38
1219 1187 21
4027 1800 37
3638 2691 97
927 2310 24
3545 2916 77
4104 609 93
714 813 23
3457 347 78
1288 2679 75
4490 3008 72
4075 2115 83
2804 4274 18
4429 4389 79
2137 1879 94
1723 3283 44
86 2379 97
91 265 72
573 2949 37
815 200 49
81 2905 95
292 3040 22
1166 4081 22
1209 415 63
443 223 86
4037 2119 40
4482 678 18
1780 2021 42
397 3850 80
1151 2850 79
3903 1042 34
1603 3585 78
991 3782 29
3893 748 30
3315 3740 84
2407 155 73
2756 4004 55
1727 3504 33
2324 3720 92
3369 763 23
3789 3827 16
2591 412 39
369 3374 49
3231 781 23
847 3120 48
1522 446 71
4028 798 77
1312 4055 31
2887 2544 73
1755 1721 95
1939 1744 86
377 2050 38
1974 606 25
1963 2502 72
717 119 76
2960 4432 17
1496 1998 95
1139 4189 62
805 3644 65
553 1699 10
3699 185 62
4399 3435 73
3151 3033 63
2668 1601 99
30 3231 42
2652 3819 59
340 3323 12
2438 1022 75
1251 3111 63
1565 494 94
1496 3751 100
2183 2529 55
3704 132 38
3517 4163 74
1873 2973 83
4223 2235 16
1501 4001 63
1584 3598 34
2284 342 30
2241 1008 42
3826 4209 30
2974 96 98
3575 4002 56
878 2222 41
3579 153 26
3345 1679 91
1612 4439 19
4333 511 53
3212 3398 96
3676 296 13
2621 1416 73
1625 535 83
2992 3525 90
294 4229 22
1592 4026 89
1484 624 14
1698 584 85
1040 1676 95
2463 2563 50
4136 336 30
2169 4122 71
2101 4052 59
403 3157 12
1229 1736 55
444 236 88
410 2130 54
2094 4052 76
2751 43 84
3484 497 29
3137 1831 62
1411 2853 91
949 2098 33
2371 1712 43
707 4157 79
356 1095 65
1596 1022 45
367 1865 30
3162 3420 59
992 1797 54
647 1631 47
2776 4262 92
4006 3272 40
1120 3762 40
952 3191 69
705 1222 11
894 1718 80
1994 1771 35
2771 3872 78
1107 2214 34
3737 706 77
323 3021 52
229 3690 75
3584 1349 66
4355 2384 67
1313 1745 55
4436 2799 16
2912 3374 94
847 3128 32
1819 1646 56
3764 2067 86
54 3300 39
3472 3381 70
2372 2400 12
3539 2152 16
2063 2103 91
1230 3272 54
3418 2838 56
1275 1306 97
3550 2685 61
207 3638 55
2991 1086 80
1234 621 33
4347 2828 41
316 1197 55
4418 2371 36
1296 3097 20
3289 3654 60
680 498 62
41 1006 23
1135 1941 23
1176 3532 94
1449 3838 22
615 4221 97
2549 1725 60
3692 4071 26
2285 3694 19
4038 2427 65
3192 2737 50
4235 4218 37
989 1766 23
2143 3301 38
1604 3339 66
1432 4491 76
3345 1325 38
3481 3477 64
2837 4532 49
4551 258 90
2248 2962 80
52 3857 77
3163 276 30
1185 3931 92
2299 910 98
3475 4199 17
3368 4157 16
3229 690 17
1562 4215 76
342 909 62
1098 3641 19
2581 4002 40
514 2380 53
2839 1081 99
182 1583 33
3472 43 39
4214 138 90
1589 3963 74
1127 1809 18
4184 754 97
3344 3047 41
1292 3422 92
4044 1487 63
2057 502 50
4001 1772 54
2799 1968 62
1767 1405 70
2744 2181 68
4564 1127 27
3517 471 42
1178 1433 89
817 1423 44
4381 0 85
1792 3030 44
2093 4249 24
2326 1084 90
3442 2844 67
550 958 99
3604 2046 94
1604 2819 49
1008 2729 48
1340 1061 82
3256 4314 74
4111 3634 72
2508 3551 21
3622 568 88
2512 4168 44
1000 4395 96
4207 3073 71
172 1871 55
1469 843 26
2067 3615 14
4190 1040 78
3115 2247 93
2355 598 31
4386 1187 84
1238 2830 92
3694 545 11
1861 3767 80
4121 2434 82
4429 1327 49
2854 2717 99
4005 3385 99
4221 2315 64
3301 3006 85
2355 2773 77
2773 119 35
3442 20 43
503 3845 45
1124 3444 10
2145 1551 78
866 1989 15
2442 2802 14
1880 730 56
119 543 78
3613 508 76
3633 4467 16
850 2426 82
1717 3455 54
1677 1478 71
4290 2405 44
3158 4351 93
4491 1297 76
621 1481 43
2231 3177 54
775 1073 71
868 4129 89
1647 1639 81
1962 2503 26
3985 904 13
226 588 12
100 2417 71
1802 2543 82
2719 2052 17
2186 1901 31
2319 405 54
3076 2442 63
3090 3894 90
2099 2713 68
4182 126 77
3823 4160 80
807 1525 55
2752 367 13
2662 3244 66
72 3005 88
3559 3321 58
275 692 19
3011 3488 67
1138 132 58
1660 1051 79
4419 2316 48
3475 1402 84
348 4221 48
2180 3204 76
3056 1812 37
4002 3818 88
2749 324 88
2312 2711 79
1403 2394 32
2461 3146 86
1284 156 95
1237 3677 30
2239 3573 100
3413 2789 27
4136 3057 89
3192 3267 15
2352 2970 92
1730 3375 88
1976 2701 22
1182 268 40
1222 2318 42
1952 1697 99
1714 64 66
1709 2525 95
3758 2989 14
1445 538 55
1477 838 76
1971 2841 20
1258 1160 77
1070 552 82
4139 3803 40
3545 2094 66
2132 1399 85
1226 2636 59
3142 4536 72
1820 2550 92
2948 2412 86
4271 3622 49
2676 3010 53
1062 2179 32
2736 4569 27
13 867 92
2161 1778 11
3991 2351 80
3292 822 66
1266 1557 11
3081 2255 53
3417 1146 93
2672 3559 65
207 135 67
2610 4560 61
152 2039 36
1596 1320 70
2402 1861 80
2113 414 87
4058 276 57
1477 26 10
1367 1598 82
4251 263 50
3307 2452 19
3307 1274 80
3559 4380 31
2929 811 13
1299 1560 52
3708 1683 80
3056 1297 43
3139 2932 61
1883 2564 78
1529 3272 67
3303 719 95
261 2201 60
3559 2822 79
2641 3891 60
2640 4338 46
2102 2985 65
3284 392 32
724 1886 79
2038 3216 52
4433 3416 24
2242 4056 46
2198 2887 85
3874 3915 77
2000 3782 70
3801 3061 27
245 338 85
3419 2270 65
3111 171 25
1566 396 93
2742 3903 67
156 1580 83
1019 4302 47
2235 4533 44
1533 584 49
141 2992 90
966 4354 47
1519 3449 60
1718 1822 52
777 2478 36
3238 772 72
3465 983 15
3088 4390 23
1153 2831 15
3762 3869 70
521 4439 32
1067 3250 55
311 695 63
4076 1793 23
1601 2942 10
2137 1697 33
778 1912 28
2856 1018 51
1316 3151 21
633 229 28
1979 3777 12
2121 219 29
3584 2618 23
3402 341 51
1778 1014 72
3358 1194 79
403 2852 51
774 1791 62
4299 1120 43
4532 2243 91
2968 18 44
623 2249 61
4310 1262 59
1936 276 99
3919 2212 16
2565 965 48
928 3423 55
4328 1916 71
4295 1936 89
49 748 98
1981 1437 91
111 879 37
4426 1049 51
252 1749 31
592 2375 50
3447 2795 99
2457 297 22
1593 2715 45
4083 75 87
124 1535 67
185 4483 99
652 90 78
1259 4554 22
2784 2379 24
2341 3850 53
1361 433 18
4329 2525 15
2912 1552 67
2949 2042 81
355 57 14
2802 1785 47
3245 1590 59
1858 4055 38
3590 3173 90
168 3310 66
806 2481 87
3932 3259 97
621 1902 70
611 854 92
2223 1864 14
2247 2616 25
752 1700 53
3987 2370 84
554 140 49
4198 1411 20
3572 1995 65
2686 2438 73
80 1320 97
2571 2911 100
3169 2835 82
3117 3490 53
3251 1590 11
2994 970 36
387 1249 84
487 4303 36
1283 4483 48
4283 1514 39
4518 2982 79
2665 1137 41
3081 2778 14
1927 2349 63
1512 3258 56
149 1665 51
2627 3368 52
2114 3870 35
2407 822 11
2033 2528 77
3804 1416 55
2518 1075 92
4547 4044 49
1850 1417 47
450 3937 17
144 3627 95
466 868 74
3062 4017 31
3915 2708 14
2836 1470 19
508 4554 30
1033 2344 91
4494 1326 82
2402 595 32
1093 641 61
250 2781 41
1196 2241 85
1314 2205 92
2907 153 49
99 1511 38
1323 366 85
3088 2260 28
3824 3816 84
1872 1166 10
309 778 33
2575 2154 59
3166 4073 59
3508 2524 66
1060 3165 93
155 3466 89
3061 2170 91
2601 1028 77
3789 1790 45
2624 3568 94
1881 3705 21
1066 963 30
2896 2714 47
4063 60 78
1135 2504 79
1853 3090 62
1721 2593 22
1978 4316 45
2297 2939 77
1055 3377 36
3538 780 42
1712 3078 30
1713 4166 57
2827 830 27
2525 572 57
4161 272 89
715 3924 92
1077 4032 89
1766 166 60
4565 797 51
121 1801 62
3153 274 40
4315 3827 23
118 1988 60
1129 1589 91
359 1695 34
1669 1696 47
3596 3133 31
2185 4168 55
396 4180 19
3627 55 88
2470 191 31
1538 2407 30
610 3825 82
4133 1201 18
2751 3461 96
4126 2959 29
906 3799 80
2020 1410 67
982 4202 38
4490 2069 70
784 213 74
3300 2182 81
2338 127 20
3610 1486 92
2071 4227 15
3965 1431 17
1345 2772 46
692 1643 22
3302 4365 46
401 3066 52
2770 3719 39
2857 2877 45
4087 416 43
793 1031 24
3738 3778 40
1177 3441 46
3710 3884 100
2120 4511 57
3145 77 73
1735 522 38
3088 1364 51
2559 2672 89
2484 3830 31
3086 3877 50
558 3421 48
3709 2615 47
1044 4440 85
1470 3400 93
1884 3036 58
3783 962 35
4029 3545 31
4396 225 29
966 2192 97
1619 1407 52
4050 4233 74
1927 701 92
3961 4306 73
28 3382 54
4372 862 69
3072 1260 93
1291 2761 46
853 1045 28
4500 4062 15
1030 4490 30
3615 4115 63
1652 1744 72
806 958 15
4003 1505 53
3937 4093 97
3893 3711 82
2902 981 51
4406 1071 81
306 748 99
2971 2380 85
4178 4430 16
1468 159 93
3488 1493 12
1407 2941 89
4086 3628 53
1182 1544 25
528 177 78
2727 1141 74
1100 1334 60
288 3803 18
2900 721 27
2952 24 89
4126 3253 25
221 3872 71
4197 21 91
4025 3950 91
4149 1821 95
588 2754 59
2014 3997 80
558 3884 43
1624 1711 17
3791 3657 46
1224 3347 27
2517 2050 46
2867 2830 28
3616 1485 76
1315 40 60
226 139 67
190 4539 63
2470 662 66
3951 4564 13
3722 1742 96
4012 2188 61
1759 663 56
3658 3914 99
2061 1266 74
4401 1536 94
4361 906 28
2471 43 18
38 1498 32
4546 238 45
1345 1828 29
3582 3315 39
2845 4474 24
2609 4462 53
3492 2128 49
4090 1542 50
1375 2147 77
3299 782 90
406 1926 91
2372 3506 29
2866 3819 89
530 3124 46
4073 3624 79
3516 1205 13
2731 435 70
568 990 43
4170 3316 14
1626 1387 69
3328 1035 77
4166 958 91
4549 1529 75
2741 3494 43
2730 1597 51
321 1055 83
4190 4528 51
3390 3632 79
732 3607 43
3618 3898 77
2889 1058 44
578 2407 26
3418 3167 27
813 1304 46
3642 3588 76
1123 4544 48
2372 873 10
929 1445 67
1398 3234 42
4358 3830 50
4440 2096 87
2472 4264 38
4212 174 48
4316 2377 24
1034 1078 12
4115 417 71
3780 3377 79
1191 2668 14
1810 2255 21
200 4247 22
1464 1976 22
1050 3714 81
2785 3472 66
125 3747 57
3837 3767 72
2582 1009 97
1071 240 24
3898 4465 34
1372 1008 89
3694 932 55
3640 872 71
4023 3236 91
247 375 68
3630 3858 59
1968 818 88
4332 610 62
3068 1601 10
704 3888 96
1480 2965 13
653 29 36
2322 689 19
2372 2342 95
2696 3367 63
887 4479 71
4093 2823 26
1576 2220 28
546 1029 64
1293 3083 73
1795 1660 91
3825 3980 35
822 4449 59
3358 2172 46
2928 4001 36
2324 913 82
3689 4185 38
3025 3206 94
1728 1000 69
1939 3327 30
2615 2913 95
4045 168 62
480 2146 71
1849 2442 21
1327 2134 20
3822 1753 46
1591 3341 96
1061 1833 90
557 1119 22
2734 4351 82
228 2321 34
1831 367 100
318 1788 55
276 4407 48
1070 2312 31
2503 2941 83
2425 4450 23
2511 4506 49
703 615 18
454 2266 43
3945 1664 16
1281 3668 85
1730 1646 30
1042 1930 85
3328 928 91
3894 2585 34
1291 805 87
616 2198 84
3183 4134 89
3635 89 27
1832 1570 37
459 2829 58
4513 2262 62
3918 465 74
1265 3725 31
3282 2607 85
3127 3100 78
1519 346 69
4014 2236 100
2407 3841 80
2689 2397 81
2258 1136 99
572 3488 96
1678 1848 73
3656 4540 86
2655 3538 57
3257 591 72
3867 650 42
2842 3586 28
831 3779 89
6 2094 84
4360 3425 79
3994 3739 58
2153 675 54
1745 37 54
4093 1781 54
2266 107 35
2983 1184 60
428 1621 53
4172 3845 77
91 2392 10
2234 1464 97
1665 3213 82
1517 700 47
1024 2044 66
3631 1551 58
3347 1616 34
724 4517 45
1012 744 85
2795 1023 29
1040 3790 38
4154 3259 10
2568 2731 89
3913 123 63
2183 3871 65
4504 1510 92
335 1866 83
1227 2659 12
2563 597 55
1172 3112 48
1856 4309 52
1980 557 41
3679 3934 50
4032 4247 15
2607 3788 61
2944 1390 89
2403 622 33
588 2282 32
1002 2233 73
110 2990 93
1860 3295 30
1337 3554 79
1670 2824 97
1074 3182 85
1392 223 67
4247 1364 79
556 2912 56
3855 4280 70
3731 2048 47
373 3482 58
3904 1581 15
2116 3592 56
3678 160 24
3633 4092 60
4569 25 45
2394 3746 74
1169 3182 63
1206 1693 78
1851 293 34
2612 3588 21
4086 3361 32
2651 1490 11
313 2967 40
1678 3267 14
961 116 12
1245 940 61
2763 2581 65
2707 1107 61
2138 3352 84
1909 969 95
1339 4263 95
966 462 96
3022 2376 25
3961 2727 95
3291 2620 65
4062 4063 56
2545 621 54
559 3346 52
4099 3784 85
4529 221 19
3173 3569 86
1861 1776 60
3504 2512 66
3401 1084 17
175 2177 24
2120 1487 31
2602 2001 76
2581 576 43
579 2151 65
4516 2033 54
3537 3772 72
825 2474 78
3217 2572 34
8 3640 100
2204 1153 46
3656 393 33
561 504 54
3818 2146 76
3813 793 76
804 963 46
895 1780 90
1615 4223 97
2360 3990 73
64 1023 84
4293 99 45
4234 3990 97
3508 599 66
697 4270 43
3113 1259 66
3489 2566 83
2642 2813 72
517 596 65
104 4218 16
4060 1771 41
4345 182 79
1223 2403 51
137 2014 38
403 3749 82
2492 747 83
583 1258 59
1323 2404 61
440 567 74
3186 2158 79
860 1541 24
1230 4319 44
2347 4365 19
1333 2989 79
3917 2022 60
4376 1439 54
2149 3037 98
2483 0 85
2875 2903 51
1242 3873 86
555 2768 34
143 3317 92
3596 433 44
2302 3741 53
684 2397 68
464 4210 37
1259 4388 99
168 1072 19
690 3615 11
3087 1678 32
2671 1193 15
3272 4425 32
2229 2337 12
3646 2013 45
3481 2466 95
3194 1012 96
619 1936 100
197 961 51
2081 3900 82
2154 713 22
1760 504 73
2656 3803 40
609 2901 38
932 1708 95
699 1599 92
3388 1501 22
1334 4080 17
1541 1806 75
272 3517 29
1839 2678 70
2814 675 91
1789 565 68
3324 4361 20
2398 2139 64
4397 2936 58
4492 2327 81
143 3636 25
2753 4097 17
4518 3356 13
1837 1359 29
1776 642 37
4124 3450 72
4127 970 36
920 968 77
1365 2248 90
1467 1765 68
1853 989 100
1498 3720 27
2237 1159 31
2295 4091 44
3547 4467 72
4508 1347 83
2404 2310 46
525 4373 66
1240 2893 67
1500 3554 61
2085 3793 47
1046 4196 91
3660 2353 35
3865 1182 65
1267 3292 92
2862 3586 22
3371 3991 19
3940 3887 16
4242 4025 85
1154 513 46
283 709 41
3272 1493 36
1564 1035 30
230 2451 86
2750 3347 96
3042 1644 74
2640 2542 77
3718 83 23
4254 2561 49
1116 3122 23
1165 1088 92
2282 1281 64
3442 2666 24
2259 1813 94
1682 4272 93
3997 2400 31
2818 2044 24
2106 1378 88
4512 726 57
2606 2192 39
1879 3872 45
74 2782 62
1857 3359 80
1315 2744 66
3840 630 48
2023 161 90
2210 1130 82
129 3235 23
2407 3168 53
3745 4194 22
1188 1129 78
2481 1040 17
1042 2977 30
2935 1686 36
2466 2420 63
1210 509 58
2991 1506 44
2349 1810 12
2982 2750 72
2024 2549 28
2821 3244 97
231 2341 70
2025 3557 73
2111 597 87
108 2988 80
3781 3591 11
3889 3154 79
3912 4203 97
2118 3645 89
3794 4183 100
3630 3669 95
1376 2960 16
3989 4366 97
963 2287 16
1280 498 10
3740 883 84
2486 314 23
3782 572 73
3600 4175 46
2202 1437 81
3356 3978 98
1654 1549 95
3287 912 28
775 2951 76
3778 1585 96
1826 2308 66
1909 3510 96
1009 3271 24
3320 4237 66
124 2696 14
3331 1261 51
4170 3576 12
616 747 99
2607 2612 67
1157 3711 41
29 3461 24
3077 4278 28
3318 699 60
2384 781 37
1576 966 14
3898 326 61
983 2549 89
4505 4109 58
457 751 79
2468 2845 18
822 1902 64
1176 3676 13
3440 1807 12
2337 279 46
2606 2813 94
1401 3445 32
2247 1871 49
1916 4165 10
1941 2863 16
3195 1766 12
697 2903 38
667 3065 74
106 2605 11
1801 1055 90
3877 3572 100
59 2380 77
2206 3587 88
1416 1568 38
3294 3011 10
1291 1530 84
2527 972 51
4205 986 10
3155 1061 62
2963 278 20
1970 126 66
3531 246 67
3831 4065 60
4162 804 79
1518 1515 12
1733 2213 82
1996 2047 69
858 552 19
427 731 84
3020 2540 82
2481 2067 48
3654 2010 96
1352 2592 34
51 2692 16
3419 4200 99
1277 496 62
200 3720 12
3611 1107 56
3168 456 71
998 57 97
2932 4445 64
3766 2790 35
1529 3107 29
3886 2626 33
1768 2018 20
4099 417 73
1959 412 90
3061 3525 60
64 2019 72
3901 494 27
2166 1237 72
132 3234 14
269 897 25
3905 3170 46
2440 1266 39
1938 784 86
2854 468 59
2569 4271 37
2278 3433 47
787 4469 34
2544 1725 41
787 2630 63
381 2682 18
1439 2844 39
22 4519 95
3025 1164 86
2421 3821 84
2376 3386 63
3569 1621 78
2612 2176 61
3418 3536 33
987 312 93
1124 4141 45
2670 4008 59
1944 1484 50
1223 1524 26
2276 2736 74
3543 103 11
2023 3129 55
2716 4183 41
4001 1561 37
4282 2759 32
3766 2967 52
1359 1763 78
3784 2853 27
4387 3436 72
951 918 52
3843 174 60
2800 784 80
1829 700 63
53 2211 52
593 3362 37
4391 2033 47
931 1991 74
418 2953 28
4512 3893 82
2291 3110 43
2729 149 70
163 825 93
1291 507 67
1271 1597 71
19 1885 30
4075 326 91
571 2510 89
4011 3253 53
718 2551 14
2252 2522 37
2239 102 59
1340 4198 16
2619 1078 16
1369 1605 66
45 50 87
317 185 78
875 2986 23
17 3073 19
3126 1385 60
4272 40 48
3586 4261 35
3647 3073 30
2449 2904 65
321 3762 11
2575 2854 36
2741 3029 93
2099 1220 85
2656 512 95
2803 2398 29
2277 2834 79
112 2694 70
993 118 12
2547 3356 69
1390 952 72
2532 377 95
1296 2517 11
1080 2934 62
2306 1622 72
443 4178 23
3592 2159 48
407 2806 80
3714 3010 30
698 4370 93
1457 3134 76
2860 1457 92
1930 100 93
2555 1573 71
1071 3761 93
4287 455 24
4493 899 47
3988 1612 85
2603 425 90
3459 1010 11
366 3007 64
4101 3309 22
3596 3550 51
3787 1890 49
4217 2820 29
601 3082 58
570 3039 17
2408 2888 47
3526 3863 98
4123 1013 85
3309 2759 61
3096 1139 81
1235 2902 37
761 641 99
825 270 41
1727 3858 20
3317 1035 47
1339 895 32
488 4207 75
738 146 20
129 3271 46
3810 3658 87
3050 1661 83
3172 182 26
2660 2612 28
1262 2611 73
3298 1427 48
1006 3015 25
3386 3469 64
2138 2549 48
2642 2791 62
3398 344 64
4310 2955 51
1925 4172 34
0 3314 65
3047 886 53
4496 2783 77
795 522 58
3234 1924 63
1559 4096 47
1381 3266 18
3652 3888 22
535 2451 47
1391 3889 54
2112 2656 28
4146 2415 28
3064 1722 96
4109 4419 68
2593 3001 99
3524 3183 54
3307 221 74
2833 1745 26
2809 2120 48
2803 507 33
3491 1658 99
3180 572 55
3087 2013 71
3063 782 63
152 2193 85
3776 819 83
1606 3089 15
3287 2641 40
501 2611 39
2422 2932 25
4438 4299 48
1889 2574 95
928 2343 17
3484 1724 47
2198 1561 38
771 4546 41
2020 4364 26
210 3073 41
416 3950 73
1580 863 97
3273 598 46
2813 3943 94
4556 523 57
4490 3439 61
1966 2158 21
3112 3380 65
3652 4248 32
3238 2841 86
2724 630 94
3410 1401 49
3616 1113 99
265 3476 95
1733 4362 87
4113 4075 20
2885 168 80
3860 3308 18
2596 911 59
3823 1289 79
1130 1397 55
501 2132 31
3429 4170 100
2592 3021 33
1392 2445 61
2713 4043 63
916 4488 47
4219 522 27
1262 1274 52
1941 925 71
4225 3480 56
4052 3960 34
3251 2982 42
4475 4114 70
3876 3100 22
1970 2289 55
1687 646 13
2228 1455 48
3513 177 50
1478 560 26
3328 966 49
2573 709 56
3403 4185 78
1505 2750 98
4161 648 49
2022 3197 46
991 1058 73
3729 3688 59
3115 3344 88
471 4074 29
312 4561 100
3778 868 76
2427 4411 90
3329 2954 14
1260 4417 73
4402 2322 33
1055 1827 35
4530 4265 98
3905 3771 26
2056 4458 70
4373 4365 37
4119 3943 69
2252 565 37
856 1829 58
668 2933 82
1584 3609 52
14 3462 12
3285 3972 24
1029 4098 49
2480 1177 91
3340 1824 24
3595 1598 32
64 2119 91
3324 4116 92
3451 4412 10
3901 2742 26
613 1274 94
3002 336 22
2135 1462 14
2971 511 45
2777 996 17
2480 1989 66
4095 3040 85
780 3569 86
687 4115 23
631 1336 35
449 3504 82
37 3230 11
970 2580 73
1240 1731 63
1817 3129 96
4325 4462 19
3813 4299 74
3434 582 22
317 704 54
2822 3297 45
1492 1953 90
1197 3919 20
2717 3898 52
4238 2757 65
2334 2381 41
3939 441 30
4040 2760 24
4464 796 47
45 3998 100
3434 3714 90
211 1954 57
2411 4263 54
2202 4064 45
418 204 53
4254 1255 91
3548 1461 36
2787 662 99
3475 901 75
3898 1968 70
2162 2508 75
1502 575 15
853 4282 14
84 1984 59
4549 3132 69
2700 2282 51
642 4420 87
3185 464 89
2946 94 43
1600 3644 28
1624 1539 47
4247 1392 30
3799 3000 60
3449 2386 24
2290 4275 74
3794 2424 44
60 3766 46
578 3231 89
3773 1371 20
1797 3923 19
1354 2986 41
869 3616 66
3651 3468 42
346 2922 30
1580 2497 44
1495 1035 39
3102 2043 58
2190 1242 18
1600 1887 25
3595 2682 37
2263 2241 61
2837 219 85
3844 3933 17
1767 489 56
2879 3628 44
1625 2550 90
3589 1003 30
1888 2811 62
835 301 32
2309 2521 54
1011 4104 12
2751 13 52
3479 2173 60
3138 3116 96
3966 4297 92
4495 754 74
2378 3761 26
2314 2800 48
1569 4115 80
1749 4401 34
177 3839 82
2615 3554 17
2308 3021 59
1692 3429 32
4014 687 100
3105 3410 49
1420 185 80
1920 2410 86
3936 4491 62
2315 3446 97
3314 320 12
1093 4 69
802 2294 53
2915 381 71
1304 2190 18
3029 2854 25
1490 1879 61
1990 3494 92
1606 1235 85
1867 3396 44
4028 1002 35
4486 3212 75
3479 317 71
791 1325 34
2343 492 18
4312 3312 94
2287 2791 67
2527 3979 19
770 1469 22
1749 310 60
3763 1406 12
3896 463 75
1331 4465 40
3040 2015 85
3948 1668 93
769 1969 66
2134 209 12
394 3077 32
2175 3116 35
3807 1479 37
623 2124 86
154 1322 77
323 289 64
3797 2497 99
385 3612 30
576 496 50
1490 2725 22
4485 4381 18
390 1408 78
4485 1760 13
1034 651 25
1595 3835 98
2483 1443 13
1624 3696 86
2420 1693 34
3262 27 90
4512 100 56
1679 259 50
141 1593 49
433 1482 99
4362 2061 100
1717 4352 74
3873 4247 43
2044 373 92
718 3413 21
3144 774 78
43 3870 42
226 2022 12
2968 2441 56
525 3446 86
4281 1722 25
3664 2522 39
2655 592 97
4395 2478 80
4321 1231 28
3370 2632 13
3403 3401 57
2756 2127 96
211 1074 68
1003 4526 98
1392 2123 40
3708 931 57
2077 3073 78
4486 3057 17
677 3973 27
570 2926 75
931 3293 100
4010 1401 49
1525 210 40
1008 2474 34
1369 2145 17
4335 4164 17
2625 2577 59
3941 3430 49
4555 1113 69
4073 2515 16
1197 3479 70
2513 2409 25
748 2682 83
2556 2562 11
2945 2693 57
485 3773 91
2941 4310 90
3431 1010 66
1711 1641 35
2777 785 15
3937 3155 56
1528 2458 40
4229 2776 77
324 2120 100
2075 749 19
2891 3564 16
3328 3394 79
3935 2373 28
369 2146 96
856 2302 84
929 315 26
3728 2060 39
96 1961 28
3412 491 51
832 198 63
3135 4031 96
2547 2004 16
4329 2708 28
676 1503 57
4131 2069 79
893 261 26
1663 1694 27
4232 2802 51
113 4284 34
2747 1611 94
1847 1482 60
2438 2387 50
2786 4464 19
4113 2781 81
2676 2571 53
162 2179 25
3718 2620 45
1524 1364 39
1579 4345 64
3956 3094 42
1009 683 26
2310 823 24
3202 3663 52
928 3384 50
1126 821 28
3048 2780 12
1089 1982 47
710 1185 59
1515 3134 66
2497 2076 93
873 3980 92
25 585 73
1263 3869 69
2294 1631 24
2781 944 81
632 2544 100
1447 3029 79
3283 2259 12
4166 2427 37
961 2230 64
1225 1420 22
3021 3618 84
3761 3498 78
3405 2684 19
1284 3507 92
3365 2259 89
2447 2411 22
3748 2188 100
3456 2276 39
4188 3589 13
3443 465 78
3188 2469 90
1654 864 89
537 1233 31
3097 576 58
4499 3605 49
3233 4248 63
3272 1480 47
567 3863 53
809 3761 53
3942 1887 70
1841 4086 85
1118 2614 43
2372 4401 14
3558 155 39
1297 3939 29
1287 1476 24
4000 3853 56
4248 3218 63
3004 1706 28
2278 2359 97
3001 3659 41
1296 849 75
3695 2947 48
4177 123 18
2427 2775 87
4376 1410 94
808 1701 100
474 366 96
419 224 75
1037 2360 49
2368 3514 20
823 3494 15
3302 56 74
3610 2937 81
954 415 64
3278 3126 76
4484 764 96
1615 934 76
3210 2157 24
2762 1167 99
2815 3930 74
4406 2267 89
1420 1234 71
3567 3483 28
3329 2198 79
1756 3868 15
3795 483 81
1290 2878 19
1553 2176 20
10 1303 56
3726 3835 94
905 3154 51
1722 3310 41
224 3310 26
608 360 71
1637 1231 36
3305 71 78
2138 1796 26
68 4527 62
455 237 90
3420 165 80
1587 3798 82
3687 1236 74
2302 1008 21
2587 1472 12
410 4380 70
1923 534 30
1763 240 17
2275 2129 80
3368 1338 66
764 2136 67
1531 2129 86
3013 743 64
3302 1035 93
166 1639 49
2386 4181 97
1521 2441 82
3314 1459 14
414 3320 10
2094 3041 46
2289 1697 19
1140 3382 14
2213 1516 43
1786 2091 36
2130 2434 41
2662 744 30
2652 2934 21
3560 218 85
768 104 96
4037 3675 86
2929 1871 27
409 4335 29
3099 3135 41
4414 3077 74
3110 2493 62
2156 1852 13
382 1201 36
3049 526 33
806 1682 35
53 2445 90
3241 4124 79
4417 2384 78
3604 1618 45
164 1554 25
855 2844 84
637 3909 100
1513 2041 86
2088 381 10
4038 329 51
1878 4319 28
315 4351 50
245 1330 78
807 4359 11
372 1143 48
322 2488 39
2385 2237 85
867 2615 22
673 2959 17
4053 2759 13
4221 1561 77
2497 2608 55
2789 2591 69
37 2927 82
402 2659 15
1944 4197 68
1049 928 32
202 128 46
584 2111 14
1138 4141 10
20 3807 75
242 3442 90
3145 1333 62
2397 934 24
918 330 53
435 3778 56
2605 2900 38
1690 1366 76
1568 1223 80
1177 147 25
4358 1192 56
3992 3772 77
4555 4033 48
3573 1487 96
761 4478 36
1554 2725 45
4465 292 90
1543 1613 52
1085 674 55
2969 1899 89
3501 1922 63
2563 2010 27
260 985 86
2052 2341 98
1094 290 39
1535 397 32
4023 1775 21
2125 673 40
2116 2386 92
2963 2135 26
1566 965 41
505 4173 12
1138 3287 73
1052 2628 70
2199 2270 47
4445 128 13
3469 3519 43
958 3935 22
2001 4481 89
623 1078 16
2493 1119 65
1099 2636 94
3953 1433 71
2669 3332 30
3763 2891 83
974 1371 52
375 2205 76
2671 252 46
1757 3647 35
1088 2630 84
1553 1319 71
2950 2464 86
3975 1291 20
3321 2017 28
2253 855 93
3598 2409 98
4191 1139 64
3861 2027 78
1945 462 30
3390 2583 25
3690 1348 54
1069 2029 53
1678 1572 94
928 1622 79
732 280 44
4033 1993 45
2036 2267 70
860 1416 75
1847 848 30
819 3258 57
2512 595 95
2968 4298 35
2075 336 16
374 2260 54
539 2824 59
2741 3412 92
3952 942 10
391 4022 100
3072 927 43
3269 4520 11
1545 4354 51
3570 4171 61
3691 273 23
555 2759 83
2143 662 67
4149 1663 59
112 2930 98
2809 1702 24
2670 702 34
3467 1351 91
230 2909 40
1809 594 60
991 280 92
2903 3728 36
799 492 88
600 2040 55
2007 3496 49
1277 3817 40
3397 929 52
2038 4310 61
1344 2289 77
3951 3136 89
3076 170 69
3230 1822 76
1736 763 63
2262 2089 52
3024 514 13
4211 3908 63
2766 2491 39
2897 3951 10
4278 2408 34
4454 19 27
1310 3997 62
795 3533 18
4112 3930 13
2248 1189 99
175 1758 13
4283 1870 100
4160 1247 61
4419 2025 15
4319 510 30
3210 1759 97
4262 2234 39
1514 4405 51
3613 1199 86
380 1751 63
1132 631 63
4240 3861 79
3833 2624 86
1626 1472 91
444 3939 81
3876 3219 92
482 13 10
2385 1949 70
1233 1889 93
4279 1285 29
3177 1368 79
1541 1857 29
1481 488 45
2217 3647 32
2312 803 15
878 2797 70
2040 1786 97
2047 4280 90
2177 2573 48
717 544 63
4347 2299 26
3965 2062 36
3985 3964 46
3446 655 19
2516 2387 14
3190 896 56
4503 1532 79
4094 1427 91
756 3000 89
2758 632 64
3343 1251 20
4537 2214 49
3817 1658 99
3135 310 73
357 2702 28
2116 1808 41
1571 3338 31
1716 1827 83
3775 1075 80
3822 1364 48
3627 1734 84
823 3842 75
1612 4347 16
201 200 79
2991 624 26
3197 967 40
2518 3167 92
3091 2107 12
2128 1734 19
2141 864 84
2031 4244 66
4483 910 84
934 1551 87
3384 3252 71
3570 2806 100
2703 4133 46
1844 1367 19
300 674 23
1509 1945 38
4118 4151 48
2915 834 52
565 2533 97
3629 216 90
1942 342 89
1070 3601 41
571 2906 40
2693 4442 72
1264 2945 33
2205 1342 99
3660 1667 54
4490 4044 53
4166 4223 35
4118 1774 51
2369 2897 56
4184 2930 73
3252 4445 51
2858 701 98
2507 3804 14
4399 3373 61
917 2103 31
3932 2219 29
4549 4041 37
2217 3834 37
3847 171 55
2231 3593 12
917 570 28
1934 3517 61
1669 2839 87
1014 3926 62
3106 1662 72
1642 298 50
2918 665 61
1304 1998 52
3711 2885 26
1648 2514 98
3748 3122 61
2728 4510 48
285 2016 75
2720 4472 39
425 2635 51
2071 364 43
1303 3495 29
3174 3167 10
850 2939 50
2277 587 28
738 185 82
4165 1913 85
297 3373 97
18 844 79
1799 4459 93
1192 338 62
752 82 27
3623 2545 87
1872 328 69
3446 1377 62
2927 3703 69
3543 2065 10
1353 540 16
1548 496 79
3520 1276 37
4110 349 77
1430 964 52
4349 1779 36
2694 1355 87
2877 295 12
1521 3546 68
1475 1777 84
1152 1965 76
1553 722 18
612 464 92
2494 1170 32
1056 768 32
1157 1933 57
4049 4499 35
4359 4315 40
1153 3983 39
1018 2507 21
3538 4441 26
1256 2781 42
3940 3352 46
4102 3650 50
3741 2592 74
543 2373 23
4091 2256 78
4083 3058 94
335 4159 22
3022 1743 39
1162 4228 40
755 3994 49
1818 2014 35
680 1444 58
3837 2195 90
745 2269 66
1276 94 68
2104 773 50
1693 3861 30
2914 202 69
2232 3964 62
1728 2748 97
3386 1332 61
585 3793 89
2647 1280 90
196 4063 63
2559 3582 29
4548 1175 39
2220 856 98
211 4482 82
2269 1277 81
3475 4174 47
890 3177 61
3891 1104 76
849 2647 60
2023 2597 34
65 4436 57
1878 3043 41
2525 588 39
2405 1564 72
2848 996 32
3637 2863 34
362 190 64
2449 1991 37
2030 392 69
1857 322 40
3383 3221 68
3044 2391 23
440 1251 33
2660 1396 39
3952 776 50
602 1167 86
646 2882 17
2069 1695 100
4231 3152 34
3809 2791 17
1015 1145 95
1533 1677 30
596 3005 78
649 2688 35
2898 315 44
179 4225 100
2213 3466 49
2503 860 18
4351 1715 50
4043 3122 70
2221 2653 92
4015 103 19
2382 2666 98
1205 1841 93
1236 2998 80
3902 3123 66
3736 2403 50
2330 1027 44
869 3147 39
2123 4086 10
399 852 66
1335 1467 39
134 2319 83
2301 818 72
623 1046 30
3769 2534 23
189 3756 47
2366 2641 41
4122 1797 48
4124 537 95
1260 3182 36
2480 3639 76
3080 278 93
2822 1974 90
421 1009 74
3376 1189 25
1285 1886 46
924 2909 77
518 2894 99
4538 1856 13
2748 4048 27
2107 255 80
1368 3496 51
2301 3214 35
904 1742 65
2089 293 53
405 417 47
3322 2670 86
3166 2034 85
2545 4497 31
4254 4002 96
2516 146 76
2795 4378 83
1765 1919 40
2833 4306 74
834 1408 12
1617 320 27
3724 177 78
4388 2394 52
2708 595 39
1576 2135 43
1203 1617 77
594 2320 11
1484 2251 35
2865 2868 50
2174 1670 25
4464 188 99
3273 1370 54
3875 2621 89
2744 4517 34
2589 2775 61
2050 3097 75
4396 3475 100
3794 2713 37
2331 4067 62
1974 3729 93
1287 1790 32
1151 1520 60
557 694 84
3409 4339 26
4154 3187 77
596 3347 55
3911 3543 79
285 2543 12
1042 2336 48
3701 615 31
1689 1572 19
3916 4047 13
3601 1787 60
1424 3558 38
4537 3480 67
3066 2584 21
2829 92 30
4532 2510 96
309 293 65
709 2987 57
3377 2435 56
2568 2875 86
3864 629 16
2551 3473 35
854 3745 28
3301 976 24
2786 4106 31
572 593 51
2958 1898 42
3127 2665 75
3710 2786 79
2290 1598 60
1172 2934 87
4022 1091 36
1406 1020 60
4281 4002 66
404 647 75
3880 4381 57
4082 1099 39
2103 1022 34
889 4211 40
341 2344 33
23 3702 55
2484 1820 92
646 923 68
1708 2935 15
1778 2611 98
2876 4489 94
4143 1883 43
2963 107 25
1926 2361 64
2265 722 87
1579 4405 44
4537 2386 83
3428 526 91
433 1376 90
4503 2750 95
3459 2608 94
257 1970 58
2265 2478 73
108 406 17
1427 4439 56
857 3053 21
1349 4359 54
343 883 77
3321 105 76
2983 272 100
2961 1522 10
2999 4521 98
2575 1106 62
2009 3246 36
1586 974 90
2146 1974 55
1621 4325 98
4511 3310 84
108 3197 39
3511 4359 37
2032 474 74
3143 113 34
2924 1676 32
45 830 76
1522 4106 100
2722 3107 96
3985 772 19
3000 1369 72
2776 655 21
987 1400 28
355 3411 86
506 1182 79
2451 2562 26
1449 3368 60
265 2242 97
4271 481 24
619 4479 23
43 1372 38
2400 1047 85
4469 332 62
84 2347 75
3415 2071 73
4147 285 58
693 2496 49
2908 1094 65
1878 4335 72
160 908 86
1349 2256 45
4056 623 99
3981 3765 97
4032 4287 36
3605 4246 48
3905 3121 29
726 1998 60
164 4155 38
2390 1786 26
1379 142 74
2173 4411 32
3374 1479 72
3331 2889 72
4102 235 43
2111 473 76
2606 1232 91
3989 1524 84
2261 2803 69
1975 1303 22
3900 373 26
3183 3193 80
2698 1783 29
3360 3017 72
1940 901 11
3522 1797 49
4519 2397 77
1851 992 12
959 2770 68
2103 3036 16
684 421 76
1994 2712 34
2926 1385 41
244 662 38
4122 2393 31
2050 3083 11
2515 1730 25
2087 2246 76
3018 4022 23
410 2440 87
2483 545 15
1826 3075 41
2139 236 43
2197 1606 15
1312 4308 57
1819 2592 82
3404 3697 41
3882 1836 46
1731 367 51
3213 3901 61
1112 3422 56
122 936 49
1573 892 42
76 2174 32
1313 3311 51
3446 1858 46
2041 2285 53
3442 3872 48
1804 876 51
4542 2546 15
3243 1327 34
2358 4511 84
1952 1063 37
4122 1028 40
4125 1975 14
3591 829 52
3094 431 58
791 513 35
4143 3532 30
89 3937 78
1962 4086 95
1429 3489 72
2733 1319 25
209 29 83
2299 4172 66
2057 1180 94
2012 1509 56
2568 3885 62
4277 2480 89
1998 1297 41
2568 998 35
1732 3427 53
2 3960 77
3679 3672 11
3571 971 79
360 1282 47
1648 4552 53
1847 707 18
866 664 12
1453 1775 25
1370 4388 91
4078 4178 77
3153 2050 81
380 524 25
1002 1106 66
2080 2304 35
1713 2252 39
187 3989 15
3222 2718 42
1443 4029 100
1612 3319 15
206 1503 55
448 4072 61
718 3075 70
1085 56 88
2036 4247 33
2565 2011 93
2701 3050 47
1192 3332 97
2193 3908 65
521 1759 60
2794 613 70
3541 1223 81
4501 1316 33
2680 3650 34
2980 1474 38
2346 441 37
4203 1035 50
1140 430 82
3771 2804 83
1155 4493 71
4258 3953 38
2631 2565 60
3387 183 96
3909 789 16
3656 3997 78
2148 11 79
3084 1394 100
2018 921 99
1764 2866 32
2339 1533 69
409 3744 80
3507 1131 61
1571 184 52
2813 726 55
281 524 100
4434 1000 49
2744 995 42
586 811 13
4549 3792 74
800 704 39
2645 12 20
1373 1132 78
2527 933 84
3617 2958 17
218 1483 29
3414 3086 22
2438 781 33
4296 30 81
1787 1309 86
4037 2617 38
651 51 54
4359 2607 14
1217 4333 37
2346 3901 89
3756 1996 25
1472 920 26
3766 3569 53
3629 1958 56
2116 3962 39
1556 1624 84
384 1171 25
733 2322 59
4457 4440 63
4262 3505 39
3082 3700 65
2796 357 67
3766 4282 55
552 216 18
4563 1454 75
3946 1338 72
4371 4131 37
2823 3769 24
3900 2093 64
3653 3876 77
1654 2283 37
3707 2583 58
4030 4326 85
4282 1691 52
3648 3493 94
1872 1226 80
4311 2868 41
1358 3257 99
1966 1168 83
1093 135 13
3967 1243 96
3825 1298 36
2732 2782 40
3184 820 54
1458 1041 87
306 1995 54
3240 194 73
3409 1009 95
2731 3745 69
4296 2345 92
2966 692 93
4058 3704 24
2374 3000 21
1470 4230 80
3534 3989 39
1870 1305 32
3762 4007 26
3550 3063 28
781 600 89
3425 3653 82
2593 2058 41
3550 775 47
4417 2971 56
1673 3703 21
34 1377 17
770 3814 29
4378 971 24
4440 2322 25
1884 3772 24
1291 2824 16
1963 1043 57
159 2791 60
1338 3023 71
409 4327 64
2954 4064 81
763 4566 79
2025 2297 35
2820 1070 57
3563 3553 39
4301 302 48
1657 2002 87
476 3413 53
33 4133 94
2530 4506 72
43 717 57
1480 563 54
4081 83 44
4125 1309 53
1582 1308 57
2306 761 69
501 444 60
4165 1406 59
320 2990 62
536 3203 18
2182 3805 84
291 1894 37
3052 329 15
2664 4283 93
3987 2553 52
3926 3780 17
1434 364 100
1897 4100 69
2372 1786 90
2654 3294 89
1146 4530 16
482 4356 75
2235 1326 39
462 666 28
3674 3406 74
1950 3381 68
1058 20 81
811 2762 88
562 1212 52
1471 1110 79
1688 1522 16
1022 3823 90
3725 1195 17
2215 1479 70
4455 3538 35
453 2285 72
2683 1983 68
341 1466 40
3160 3864 39
959 1787 36
2251 653 10
1722 4123 76
2705 2383 61
1122 0 10
4099 1393 78
398 1832 59
1640 2032 60
1635 4252 26
165 3348 12
2474 790 35
2249 2879 33
1892 1328 63
286 2049 47
2716 4206 34
2519 2783 51
1103 2020 70
1911 3078 66
3790 516 85
3024 1084 85
2136 966 93
4143 3636 75
3457 401 100
436 72 13
56 4345 34
3269 376 43
3508 3801 68
664 1715 63
1978 1236 31
4324 1416 17
1135 306 72
4203 1329 17
1157 868 66
179 2809 82
1031 2766 10
3937 4228 86
3163 1412 32
724 653 18
2060 3270 78
941 68 72
3038 3268 85
1974 2419 34
281 1044 27
3400 1900 36
2509 2766 38
3214 748 92
4413 2806 97
3208 3048 67
4006 2424 15
2555 1408 95
2426 212 94
2859 734 90
2102 3849 40
4250 4404 85
4400 27 40
2710 1420 92
1748 3584 44
104 4039 93
2094 1079 74
2638 666 26
2967 4273 60
3851 1562 21
2810 1958 84
2776 3886 30
3950 3667 34
2379 3995 42
3772 1966 83
2218 3049 14
1121 3123 31
527 555 52
216 3345 26
1597 4482 36
1091 1799 88
3353 78 23
658 3030 50
1226 4028 86
3070 2893 73
2388 4485 23
3625 1808 77
1105 60 10
2541 574 32
7 3072 28
597 3171 33
1479 2300 88
1015 3541 94
3775 3128 91
4292 4258 30
1926 3447 55
1667 963 24
3876 2359 64
3576 255 53
3114 3016 20
2269 378 66
2207 2950 88
1902 3144 31
4158 4118 73
3358 1441 29
4377 3164 97
3917 1108 25
4180 1444 100
2654 3803 64
3706 2180 45
966 2254 60
1829 2782 74
892 2269 90
4443 507 11
728 1586 95
3650 273 11
752 1331 39
628 4430 41
3344 2315 37
1183 1545 11
474 737 67
718 1061 37
2468 1653 53
892 1944 11
2877 2411 67
3435 2525 74
1187 2701 11
4071 1201 43
1516 456 85
287 725 29
1408 817 23
2451 3829 26
1314 3396 72
485 1436 30
2751 3188 83
4079 2572 37
238 3536 65
762 3246 25
286 2620 88
392 709 80
4342 4187 84
2084 4170 65
1830 1968 54
2247 130 63
3759 436 70
3993 2684 68
1888 1990 92
2739 1874 92
182 2391 18
464 536 95
2972 961 57
4135 4514 18
3883 1067 25
2767 680 48
526 1648 22
3711 2330 21
1098 3964 46
3489 2816 14
3098 557 83
2026 295 37
4271 222 16
2849 625 72
3371 3845 23
510 238 46
664 3387 84
1662 2614 33
403 875 55
2934 4038 28
2255 3414 37
433 1626 67
1016 1809 58
1410 792 12
2508 3730 51
224 1226 85
840 1473 72
1460 4271 46
2579 3169 45
4091 3162 56
3817 1311 24
2573 4448 89
4412 3132 48
1504 426 13
37 2314 95
434 113 80
525 2853 94
1877 2691 30
491 3804 97
3571 3629 35
2858 3080 20
2253 447 32
3216 3715 92
735 2943 24
2008 375 92
103 4073 89
547 1344 89
1430 2461 31
308 2294 63
1746 3939 27
1352 3483 64
4058 2085 23
3515 3798 27
3763 3894 89
336 4197 22
2856 2784 96
3167 151 57
2972 3465 53
4483 2834 25
1103 873 70
2973 820 55
3370 3320 70
1054 2143 78
1482 371 65
2128 23 61
1582 854 83
1325 2988 57
102 3963 10
4418 2827 43
4292 4121 78
894 3614 13
4331 2563 54
2012 4336 58
4284 3508 48
353 4252 14
2891 1896 72
3674 655 98
188 338 69
1097 3650 52
838 2532 49
4043 116 39
3916 2685 39
1692 1927 14
2685 2971 58
504 2450 83
1241 2553 48
1576 2141 92
396 4235 48
1172 2815 65
2507 1946 81
1901 2689 58
3072 1620 98
3047 3257 48
4548 2950 42
1990 158 88
3106 296 23
2167 152 13
2801 940 34
3360 1919 85
1862 3855 20
3178 2331 90
1635 1726 68
2022 1580 62
2291 1997 30
1469 4547 10
324 12 65
3128 2799 42
259 173 77
1189 3479 73
720 261 27
2677 931 10
1361 945 57
1130 3103 71
3322 1436 75
217 2085 52
98 763 73
4296 1962 52
3296 2084 69
3824 1326 76
125 140 90
2737 162 95
2519 2428 89
1467 1782 58
3662 3571 98
3529 3062 79
343 1691 49
392 4534 11
1072 4514 70
2930 4386 10
4045 3517 37
3954 398 54
4043 2672 37
428 2657 67
3369 3280 50
3920 3296 18
4401 3537 78
1451 3399 80
449 837 30
1214 37 69
3196 2624 67
3867 4482 74
4555 448 19
2010 2705 87
2646 640 85
391 3609 45
1354 3093 74
3081 114 59
1974 3 68
4160 1575 38
3322 2713 32
3323 536 66
1888 4165 17
2488 4236 27
2205 2192 59
2569 4274 44
2058 851 82
1274 236 27
669 3624 26
3260 3099 26
182 1009 27
218 1318 28
54 3034 46
4509 4467 78
4397 1771 97
396 2345 61
4311 862 11
3452 3776 18
3233 818 17
3058 3543 74
1230 1600 69
2847 2458 36
284 324 82
4196 4091 62
281 2746 91
2029 2057 90
4257 4292 81
1902 1226 47
1398 3663 75
3283 465 16
3672 4262 25
311 2907 58
524 2633 19
3714 2999 35
380 3865 73
4136 442 54
2251 4533 56
2346 1156 56
2345 1154 79
1605 478 33
3562 375 83
3517 3158 48
1856 3811 91
2829 760 33
2341 3411 30
4419 1657 83
2217 456 54
746 1095 13
4210 1507 69
632 1862 50
3587 1984 13
2969 3676 14
2725 3821 37
158 1581 50
4032 4249 62
3284 1513 33
2097 1109 30
4451 3455 23
3562 3244 67
182 3014 20
3048 3176 33
49 4120 61
601 3902 83
3211 2538 61
1887 3190 43
2064 3160 77
549 126 90
3603 1341 68
1644 362 59
1152 1900 35
779 3660 55
790 2588 91
2817 918 34
4221 3813 21
85 3296 26
4091 1779 58
283 3938 10
1631 3601 59
2140 3491 99
1459 575 39
3990 1116 17
3517 1288 74
2236 1147 65
3449 1764 49
1087 704 71
2473 377 64
227 1801 59
2045 3759 63
3644 4035 89
1373 1712 65
698 523 67
2918 1765 45
2565 192 12
2188 558 23
1901 3074 69
3402 2332 48
2680 2940 45
105 4295 30
1709 4168 65
392 3258 84
1569 10 69
3506 4511 44
1685 4146 100
4439 1288 39
4544 2840 95
3975 2827 75
3227 4168 29
3958 270 55
1772 939 31
1885 1660 43
2908 4071 41
1006 3686 68
2828 3925 66
4384 3817 13
75 1397 26
2429 2552 17
2623 82 29
3688 663 96
2357 2289 59
1319 248 21
1574 2980 78
3764 255 71
455 1450 52
4465 2645 41
937 1084 80
3272 4018 93
2560 2630 88
3863 3016 35
1400 2354 72
1340 726 41
1726 193 67
976 2196 68
3752 2775 14
3111 2508 93
3952 4550 37
2082 1048 51
2504 1166 43
4257 3053 54
1378 4503 64
4363 3719 28
99 1247 30
936 4521 27
1774 2716 79
3283 123 58
753 1358 96
2082 1785 33
2528 1470 84
4189 111 36
4106 2606 65
2929 4246 87
4149 3582 22
1390 4145 49
3317 634 79
197 3881 18
807 2023 54
2529 3788 51
2788 1112 69
196 4029 75
3835 389 26
1728 1067 15
945 1019 65
2825 3151 41
1917 3181 55
903 357 82
3355 3930 59
391 1508 47
276 2110 62
1958 3490 13
1562 2148 67
4176 2432 26
457 3779 63
1986 833 100
1394 1179 32
1906 3018 94
227 668 21
3180 909 31
1608 2932 72
3850 1196 49
1839 1976 19
2407 3383 89
1969 974 53
4278 3438 83
2307 2253 45
2744 3725 91
3782 1295 69
2747 2465 39
1435 3808 88
1388 276 16
3172 1435 11
2328 148 76
2213 4322 56
1011 118 54
4548 2349 44
3857 3560 100
983 1498 35
764 3896 82
1109 2499 14
1456 4184 55
4000 3173 30
1550 3386 52
2089 1495 25
3924 608 47
4044 311 53
4049 421 71
180 1613 10
80 560 93
2021 3246 88
1196 1737 67
3730 2482 79
1153 2139 89
3188 2705 24
3782 2613 96
3598 312 18
983 2392 23
4430 2359 16
3593 929 62
3275 1695 62
29 347 21
2753 3517 89
1040 4373 32
2253 3945 66
3461 4378 30
4535 2476 100
2853 1631 89
3947 3581 17
1854 4189 33
3843 3810 92
2545 706 89
626 1744 71
514 739 29
4291 4047 86
1724 811 35
1218 4118 51
1898 668 24
353 3242 26
4030 123 25
2751 2275 65
1158 2048 57
2669 1774 76
1490 1069 93
2293 1031 29
1710 1099 33
2865 1695 15
4297 2602 98
1380 3795 18
2482 861 54
2267 3231 56
779 3218 50
3499 2602 24
294 606 55
4245 680 55
314 4207 18
3300 2572 54
2566 2226 30
2292 1858 91
1747 935 80
4164 2180 29
2753 4340 34
4359 3513 86
423 2547 32
4482 808 95
3 391 42
371 389 16
3278 232 35
981 3755 54
4370 2970 18
631 1000 86
830 3218 79
1292 3748 42
4064 3465 75
2508 3715 76
504 4513 96
1028 1999 93
3069 846 76
1611 766 52
3168 3085 50
539 2819 89
443 3021 34
2065 4430 74
2619 1847 33
13 2130 76
3319 3496 20
3400 3337 92
577 2240 45
4173 3422 32
2975 992 30
3342 1689 37
893 1261 87
845 3158 100
4181 1932 61
755 323 17
3878 3708 81
2951 472 88
209 793 67
4501 4287 64
4291 1229 63
3725 986 59
2607 2509 50
2342 2738 10
945 1135 38
398 3366 79
3010 556 31
4490 1465 54
3508 3861 98
1679 3420 87
0 4231 90
2002 4408 58
227 4324 28
4207 1685 71
718 4105 45
51 1745 30
3031 1103 17
4497 3076 29
768 4501 59
2134 1305 49
560 4199 50
3390 725 28
1920 375 97
1641 1468 68
113 3079 30
1658 1922 95
3935 1747 65
2007 1684 55
3549 416 85
4081 3438 87
630 2060 59
156 2313 25
4160 1412 83
2849 2046 82
4156 1466 66
1626 172 44
2780 1141 54
1807 1463 91
72 2287 13
430 3292 17
1177 2078 20
2358 2177 46
3446 4250 35
4450 1553 22
2603 1200 98
326 1863 67
3685 647 27
333 107 74
4153 990 100
2388 1488 33
2525 1027 29
3965 3368 42
1398 3362 100
3301 3020 61
2277 2922 15
4150 407 32
2400 3739 86
1448 16 99
2430 3283 99
541 273 52
4273 3013 29
3260 3466 94
175 4441 97
742 1610 27
2917 2497 60
3406 1188 59
2472 2195 33
3421 1923 84
1227 2422 34
615 3925 76
4298 3489 97
3077 1961 27
4403 4031 38
2993 1743 45
1391 337 53
466 2039 44
4251 2280 54
1999 313 75
2644 1160 29
3190 3121 38
1698 1072 86
2847 1051 97
1791 3527 98
2296 3813 69
3985 2627 43
2096 3132 72
4568 679 35
3217 645 35
2417 3667 23
1945 3619 18
2785 3005 90
3006 118 41
2074 3289 51
2550 2477 80
1641 1769 73
1220 366 90
736 2859 73
4353 616 89
2876 2897 74
3639 1481 11
375 3626 61
3468 2148 43
1162 2687 44
1456 720 49
874 2181 91
4024 3078 71
1524 2525 82
2064 3047 76
3650 1778 79
920 3914 77
1079 2696 23
3802 502 35
2681 324 50
4381 1960 69
1730 4267 14
1795 1335 22
1159 659 56
5 3442 35
959 1203 83
120 2324 64
3248 1233 18
4464 1528 18
539 3392 28
1859 4380 56
3807 495 79
1732 4479 14
1580 2328 60
1897 3737 46
1133 3574 28
3918 3383 11
4171 1383 52
531 2763 95
3661 3057 55
498 2675 70
3324 296 19
4365 2455 39
1423 416 68
892 1192 94
4523 730 51
3974 3727 79
842 1751 51
2378 1914 83
3221 3914 14
3198 1894 40
4200 2022 68
4449 1911 54
3989 2714 26
3954 190 23
2130 1165 18
2508 1770 56
268 2830 53
3655 1957 86
4031 1868 65
2418 1668 85
3977 1236 28
1905 277 93
846 1273 94
3046 2336 62
1973 767 27
3518 2154 68
4265 948 16
3912 791 40
1474 1535 61
4308 2861 20
2059 2202 67
1330 1067 56
3900 1099 85
2086 4481 52
4519 2548 93
405 2152 64
1167 4405 22
4355 76 49
405 3551 81
782 3302 91
3050 627 21
2971 3162 46
2179 1191 83
1450 4282 51
1753 2761 54
2636 3612 67
1937 4022 42
212 1529 30
612 168 74
781 3576 28
1655 3335 71
2385 2838 33
2938 1286 59
2078 2120 10
3471 1291 22
1592 4153 49
2734 3877 45
1179 3756 85
1267 952 48
106 3017 89
1474 3791 24
1158 881 60
3208 2609 54
2952 2565 64
4309 2627 77
635 1739 91
3628 2619 70
1862 287 99
2282 175 40
411 4187 56
1706 2351 78
4279 457 62
2393 781 99
4257 3396 88
2300 2569 87
3653 2600 34
340 2121 30
2015 1245 68
4083 2472 29
4189 4155 83
1716 3799 94
2345 3114 77
3756 3198 63
3144 3561 38
4079 2404 57
3548 327 94
191 2123 31
4341 3429 84
3528 1177 32
1966 2254 18
3187 168 59
1625 1192 72
210 3627 12
1385 3897 70
3728 2502 28
3598 200 73
2588 334 31
1151 434 48
1956 3856 35
3906 3029 78
2083 291 12
4510 1414 79
3264 497 39
612 4226 83
519 1955 55
585 3225 69
286 3096 83
1410 1778 43
961 3814 67
4347 4166 71
951 3295 29
3863 2926 38
2400 1435 82
3628 3619 42
2606 1206 94
3256 3190 22
429 3760 50
11 311 25
3027 475 31
4014 604 71
839 4264 20
4378 4461 72
249 3092 54
1770 1350 42
2142 4369 74
327 3911 50
3935 456 49
1916 4524 45
495 1279 56
1308 3275 37
2231 3601 19
4277 4153 65
3703 3768 51
565 2636 17
4019 2757 23
3579 1882 50
806 3672 90
1938 3801 55
1170 2034 81
1388 4092 76
1674 1067 60
2076 3932 23
2573 4461 72
1521 2625 84
185 2797 60
250 2716 31
2154 2704 85
3898 4030 66
2830 631 44
566 779 95
4258 374 83
1533 132 93
1078 3552 85
761 3589 71
4293 3528 96
1421 3539 48
4147 4084 38
2961 519 90
4454 738 45
3405 4309 56
3301 1199 27
572 1550 59
3862 2794 53
34 1770 87
2155 714 15
1732 510 45
1395 2967 78
3221 1936 77
2615 2931 20
2887 3449 45
4304 145 95
3634 4277 72
1674 4032 44
3525 3018 63
2031 1781 31
3773 1371 69
3988 2629 80
1864 329 26
1408 115 97
2963 4271 94
2538 1435 73
1576 4395 78
3252 3956 97
3317 2666 96
329 3170 77
205 1388 14
3990 1863 27
4331 2278 73
2287 2822 27
715 3723 91
1460 1889 11
3485 1258 39
1569 410 51
1006 4224 89
2812 1398 63
2091 1288 29
3512 3606 35
3643 2784 27
1654 4304 59
690 1096 14
141 1213 61
1186 3418 10
2826 1722 29
4108 4194 12
1128 1434 24
3025 4175 40
3149 1133 11
637 932 64
1799 2416 70
3821 1023 38
1362 2609 90
1248 3259 63
1010 3103 11
3376 113 68
4175 3091 48
750 2350 13
3472 2088 13
4214 4451 92
1793 2547 100
761 494 74
1271 1243 95
3337 4277 51
382 918 83
3336 2373 68
4559 2094 40
389 3885 31
3163 97 81
2830 341 66
2483 2446 59
4547 2322 53
1064 3531 70
2646 62 58
3254 2884 51
2760 1667 15
819 1354 51
905 2457 47
2909 3484 14
4109 1897 72
1895 518 81
1391 2556 26
3731 253 30
2779 1247 17
262 3904 86
872 1643 17
1144 3078 48
4362 4565 100
3199 840 37
2911 386 97
4401 1708 46
692 1506 13
3824 318 70
2384 2715 15
253 1807 38
2022 1869 47
2970 2159 44
1398 4548 36
1012 2504 64
1800 398 70
3011 3333 49
3255 776 55
1741 3628 93
3496 3734 97
4155 1403 87
1730 418 72
874 2709 81
3812 2487 48
674 2165 46
3319 1720 23
2168 2156 97
4233 4236 16
4351 1028 27
4419 1922 47
2538 4563 72
3969 1018 81
3532 2588 93
3749 1845 16
4145 2847 44
470 2469 92
3600 1528 73
1934 1349 40
2732 1054 70
3531 35 10
96 4105 72
1081 4428 69
2500 4467 97
1306 3961 82
2976 3480 40
4175 3218 97
186 1330 48
2042 3246 23
2411 1669 54
4046 4054 51
3107 3994 61
2182 2594 99
738 3274 58
1700 3208 98
4053 3241 12
3086 2375 73
2607 25 81
2757 4148 95
2583 1429 33
3682 1418 82
2944 3518 79
1689 3778 57
1566 555 77
1454 3153 48
3490 3386 38
618 2452 32
2230 4083 95
3412 3109 10
2558 3207 29
1720 516 77
135 3258 19
835 2759 89
631 3262 10
643 2527 70
1882 3253 100
1239 3098 36
2090 4244 100
2364 4532 64
4363 2295 55
1119 671 67
76 3601 98
100 1241 51
3694 254 31
680 2982 98
2868 1606 26
751 4490 89
2731 2319 65
3513 1366 21
4442 1640 52
857 966 26
1928 971 37
3915 4254 48
3924 1715 43
4055 4181 96
1061 3315 21
305 631 31
1163 4071 97
1730 4217 34
1013 2086 81
1523 637 91
3436 3006 13
1652 3727 45
3808 273 61
2872 374 55
3685 4194 57
3390 1709 16
4046 2841 92
1401 1596 72
3458 3367 76
1158 3132 58
2671 4078 73
1117 1070 50
2500 3165 16
3447 2932 14
949 4305 40
4554 2056 30
3782 382 53
2650 2176 96
1234 2028 19
4338 1435 96
2503 2120 94
1129 716 48
4084 487 89
2674 4319 45
2776 2883 15
4024 2525 86
681 1108 13
2636 3683 71
3189 3990 43
370 1584 28
216 2391 76
1411 3551 33
1926 792 41
3506 22 30
1631 4491 85
2750 2061 44
2563 4497 96
4043 2493 45
4450 3069 23
671 3158 15
4552 3973 54
953 4104 100
296 1202 91
4257 1017 10
3555 1554 51
4468 1954 46
2887 2287 94
2296 1630 43
614 3158 18
4113 2761 30
400 1961 84
2829 777 26
2371 996 27
3210 841 47
1315 2722 28
1865 1067 58
29 4277 34
714 2346 32
4136 4297 53
3561 904 92
186 149 73
2808 960 53
3794 3408 80
4302 4555 60
4413 3426 60
1730 2892 91
1962 4453 87
11 3597 92
1999 1659 79
1519 1799 81
121 2719 28
1749 3522 96
1753 2370 75
258 3328 67
3814 4109 59
119 2686 66
3705 3982 49
3810 771 93
2256 1538 26
3906 1938 57
4516 194 56
3962 3487 79
483 3589 73
4015 4023 12
3585 3452 95
1040 127 16
2239 1283 20
4254 4089 23
4461 4374 22
2683 1741 73
4436 603 82
4176 259 12
4405 329 69
713 2865 11
2133 4135 78
3519 584 66
3608 1612 55
1735 767 98
2287 3788 99
215 3817 83
1424 3726 54
191 159 93
4460 2022 45
3747 231 54
3431 1667 55
3356 4051 98
69 1370 83
1577 3608 76
2563 2731 75
2820 1015 12
375 855 72
1469 4375 41
2710 4366 90
3212 3254 98
2633 2788 13
99 2110 41
2861 1321 63
2664 1151 10
2653 2242 39
1785 3455 40
1903 1873 68
4201 4554 78
1579 1303 25
4389 2184 72
2228 1171 45
3007 1703 95
1915 1494 20
1808 3011 27
1065 3621 31
3042 404 32
144 1086 64
3126 525 74
2256 3342 62
682 1758 66
988 1353 63
1934 3117 49
1835 2745 91
3023 3896 100
2297 3375 53
631 2876 12
1972 1825 99
209 3607 19
696 3919 40
4095 4345 58
2475 3910 97
3605 3649 58
129 459 12
699 560 69
835 3743 98
4404 660 36
2517 492 55
2733 1801 90
170 3022 32
958 4100 80
4203 750 49
3151 146 50
91 839 88
3456 867 11
877 4558 20
2661 2046 83
3336 3362 28
1287 2376 73
2184 1766 95
3430 3503 42
4431 3542 11
3456 435 75
1898 4168 94
2720 413 11
1808 3013 41
3362 1969 39
306 260 33
3026 2287 73
3596 3597 92
2075 4422 61
3442 2426 13
4006 3199 49
1800 3150 77
2349 3125 95
1618 563 84
4380 2020 78
158 2152 68
4450 510 32
4040 2871 30
3810 49 52
1612 3962 19
3279 3290 28
4518 3730 44
677 3261 91
3541 234 76
3140 1212 13
1598 3275 96
304 1166 60
3186 35 42
2961 2830 75
685 4306 21
2441 248 96
1706 1863 11
2430 4200 71
1043 2190 45
3477 2302 78
1110 675 94
128 3590 42
1252 1323 95
1525 2052 12
1147 2727 91
155 3922 69
4115 3615 90
3749 903 89
3740 1212 86
6 4376 62
1546 766 31
2511 2338 76
850 1017 59
2097 519 95
4462 2429 82
1849 1354 14
3681 402 32
3146 3447 45
4306 2956 41
2037 3624 17
3369 1977 96
1832 2225 45
2388 755 93
1670 695 54
104 3847 74
3676 1657 83
1374 3798 71
1544 2807 93
2530 1917 43
2673 1226 75
1900 3797 55
4424 3774 83
2306 1242 64
3589 3264 73
3801 927 14
1027 2742 62
1776 3271 54
1914 552 20
4402 3910 61
1494 3454 32
9 3168 91
2634 4044 78
856 2257 48
4003 305 60
1921 4565 49
1519 576 76
479 2828 55
1892 3552 41
466 4542 55
3893 1616 59
3615 93 26
3512 4181 46
2874 3949 76
3864 2532 76
1000 1974 71
3724 2576 31
113 3115 45
1297 872 92
899 3310 81
4221 2840 62
2769 3971 45
484 2836 17
1077 2328 20
506 875 47
1512 699 40
2507 3282 85
1799 1852 61
142 2766 82
1203 2986 79
2417 736 46
1928 4313 16
4031 1890 30
1637 692 59
769 3089 64
630 4456 22
3638 1453 59
1938 1687 11
3599 2462 13
100 1592 88
3533 3578 75
4317 3693 60
2290 2516 93
3247 1457 89
1234 939 39
1207 3610 44
3237 1075 85
3586 4466 97
3741 2795 84
3637 1611 67
748 2176 52
931 2144 42
3180 1265 75
1565 2782 43
3904 2464 51
1323 1065 15
770 2261 33
2222 3380 89
4088 4311 56
3106 1924 69
4397 3049 17
748 3538 19
89 1583 96
3948 786 83
735 1417 11
4478 3390 35
3999 1396 33
3658 387 21
4460 3765 39
806 844 57
1569 4329 52
4321 2550 30
2185 1940 98
1093 238 50
573 2175 60
234 2656 96
392 1176 20
2448 2868 31
57 1960 27
4377 1236 10
305 173 13
92 2620 55
276 4350 70
3910 3219 60
4450 1967 50
2489 3399 28
2130 2239 64
1494 487 26
1516 1786 67
1896 4234 41
2800 1296 89
249 3471 55
729 1708 79
728 30 75
2368 3174 24
3057 740 13
2986 467 37
2008 708 18
2821 1036 59
2419 490 32
1077 2706 27
491 4247 47
2476 676 65
542 2540 57
342 2316 32
1015 3385 90
925 887 19
3375 3445 89
2715 573 22
1467 4498 81
1030 3135 48
3806 573 80
1506 1222 89
2245 4321 52
3312 1045 85
3331 4325 33
1234 1415 99
2257 1176 57
4478 3643 97
3039 2771 25
4497 1716 13
1464 274 66
2774 4050 26
3862 1681 83
874 16 54
872 2182 66
685 1263 39
2812 1773 73
3686 2079 78
1061 2648 48
1733 1453 38
2419 2959 100
2606 1007 82
1191 1011 98
737 1179 62
3482 4404 24
1070 2559 17
2945 757 85
1542 352 46
2786 4330 53
758 3786 59
2958 2844 17
1245 2932 39
3844 355 95
48 3868 78
699 2728 58
2892 3645 64
4263 1281 22
2504 2232 82
1540 3079 12
833 2540 11
1846 3334 28
685 2993 38
1070 1040 73
4442 3959 33
4372 3481 97
343 3416 43
430 1892 45
1717 2097 99
802 3717 60
2936 957 34
2344 2385 85
3895 1377 48
2583 1177 80
2073 250 15
2219 2747 23
2538 2121 57
4442 1362 35
1861 1497 96
2554 4209 85
2542 3444 72
3774 1386 85
1472 820 56
177 962 65
768 3666 58
4501 3069 95
4160 2721 52
3136 2580 39
4170 1515 49
392 1184 78
3427 4406 83
460 1650 52
3170 3591 14
468 341 42
537 1621 64
1165 4515 39
1940 1708 37
2252 553 98
3661 2798 71
4336 90 57
2235 3698 52
4314 1474 71
1188 4038 44
3371 1846 99
4250 2771 55
2833 3116 33
3514 2263 64
2905 4104 12
162 3849 25
3879 2114 38
1016 3165 52
2914 193 49
973 333 29
2456 2022 15
2451 2968 47
3705 1115 44
2292 149 62
3278 1683 98
291 4475 48
184 1650 84
1707 2403 23
2238 3067 55
2848 1206 16
295 624 39
645 3927 52
4267 1590 69
2393 694 91
3306 1876 76
2472 2535 33
178 2210 30
298 1091 41
3095 3560 57
3868 3366 50
1519 320 65
3744 4374 48
2745 2947 70
3728 101 78
1679 3405 27
2260 959 73
988 4029 62
2204 3673 50
1158 2061 96
2243 3641 62
4032 4412 81
3353 273 100
2360 730 88
4439 1821 94
3686 2215 67
4383 3740 81
1310 2372 53
452 3052 37
3757 2719 78
135 2287 92
477 3317 46
832 2286 22
1662 2570 43
1291 3425 21
3534 552 71
3533 3287 26
1402 619 38
1362 3460 85
1237 1001 43
3257 2561 88
1782 1919 50
2970 4338 34
2778 2626 62
4253 1044 12
3031 1901 23
3767 1211 22
779 545 21
2002 4213 89
895 3425 72
729 1856 30
3403 4399 68
3392 1515 30
2505 3233 52
1085 2135 41
2619 1273 74
1047 3254 65
1094 3830 42
1770 1044 34
1400 4400 74
683 2632 41
963 3295 20
2102 3628 60
1615 3134 59
1174 4007 90
3856 2007 44
3378 357 61
3271 49 29
3482 1990 74
3687 2667 10
953 251 25
2698 3469 40
1321 2451 11
2785 4513 88
1646 809 65
2836 2861 64
959 18 94
2491 3070 73
2433 4431 13
3123 3843 99
2833 2629 18
4362 1261 10
2256 3958 84
3785 1032 28
1444 4449 70
2117 344 63
4075 497 28
4520 3419 63
2569 2512 27
618 44 52
3826 4193 60
1198 972 91
2276 909 89
2390 13 98
4006 1555 33
1640 3481 56
4554 1867 68
4519 3333 17
2167 3543 40
465 513 73
2114 4386 84
4015 2307 74
837 4389 96
3287 613 25
404 411 45
1350 2641 18
3012 601 51
1586 893 80
2310 1655 53
1512 1491 11
1164 3921 47
1119 104 82
4420 1781 73
3713 1462 90
2665 439 27
1286 958 32
4487 4044 62
870 2600 29
3761 2877 99
1187 1486 76
4537 4210 95
419 3701 54
2369 2572 81
1126 3387 44
3279 1471 51
2085 3494 86
367 654 48
1732 137 51
890 2333 29
4303 2353 57
3290 1488 60
4459 3902 80
1545 1291 77
1674 1402 14
2806 4263 64
1956 1344 80
4303 2010 69
2228 1303 68
1644 935 87
1525 2919 73
2525 1869 17
778 2741 82
1332 4391 20
3272 4566 65
2771 3518 80
2704 4290 44
907 2267 55
4087 1885 36
1741 188 91
4359 728 55
621 986 89
312 2996 29
4557 3642 75
751 3502 49
3854 2529 78
3827 304 80
2972 1081 18
2337 772 96
3933 885 17
4278 883 92
915 541 15
1531 824 10
2969 2863 14
2396 3114 11
655 3174 24
1553 2094 74
3514 4177 76
2679 3948 34
3017 985 44
1961 2033 88
1078 2324 92
2925 16 57
4486 2042 43
4527 3539 45
3003 2738 79
3614 3048 70
2610 1185 80
586 3477 15
2096 1100 76
2504 4500 54
4077 2860 85
3549 3211 27
2699 2680 29
1139 3091 84
2618 4091 19
3670 56 54
3646 4372 25
1192 3312 27
4294 1507 16
1872 3228 77
4428 4253 69
187 4548 87
1293 2381 49
511 3824 53
1567 2948 46
3611 54 15
3277 2491 40
2699 2835 44
4015 3980 84
2572 3860 51
4371 797 16
1419 638 24
2922 2034 18
469 4568 34
4189 1106 32
2315 4159 89
3137 2868 41
572 2627 65
3858 399 12
365 538 78
3604 166 41
368 999 100
3115 2597 55
2714 1307 12
2495 3963 27
3538 3354 15
1335 1955 13
835 3905 96
880 1433 61
292 4049 42
1568 4438 60
2188 721 12
3889 3836 42
2915 1224 82
1474 3532 31
217 2761 79
2972 1462 30
1193 2706 74
3121 3490 74
3543 1261 86
4120 964 76
1195 3415 91
2735 95 40
1783 1930 64
2811 1138 38
4549 1298 20
2534 706 54
2042 1300 27
805 2479 81
908 2404 46
847 824 15
1675 1523 39
859 3848 25
4407 977 84
3967 667 33
711 2630 86
1366 1257 32
1162 3471 66
1211 1139 57
2668 1377 75
1347 602 42
2976 3196 89
99 3042 98
1344 1467 83
3878 1252 69
2811 3378 45
1206 1119 84
1202 3985 52
3059 1650 86
1909 2256 19
2583 4144 30
3938 1345 60
4263 671 85
3282 2347 56
3306 884 18
1180 2709 66
3919 982 74
527 4267 81
3939 1418 89
3498 3869 66
155 1489 13
1168 1102 69
3019 2783 86
58 1593 50
1857 51 15
3750 1271 96
846 4549 74
3413 3564 79
1710 1460 31
2600 15 65
158 1507 90
3631 1942 73
3718 4341 61
1274 2245 40
1831 1110 31
1087 4089 87
2883 476 61
3546 3831 54
2190 3917 98
2499 700 31
1996 1374 36
3360 2600 62
104 1775 52
3658 3583 80
2994 190 92
792 138 95
3471 1291 82
270 3279 29
1727 2922 88
3840 837 14
4055 2435 23
302 4202 44
4033 949 60
1609 2461 81
3886 4208 15
1174 4468 59
3181 3014 14
4131 152 82
1774 2064 83
304 3074 74
4075 3934 99
3424 1125 85
1741 3858 96
3795 256 75
4338 671 27
1758 2444 30
1460 3586 10
956 2744 35
3335 2925 40
1954 972 89
2651 135 49
1594 3957 26
2250 4180 21
2225 1514 31
3238 1798 100
1319 3075 22
1991 2499 65
2990 1469 95
3732 931 33
4147 3091 42
518 2516 92
3780 4474 77
3021 4104 82
1503 4438 12
1042 2666 76
3391 220 96
1801 786 37
2911 616 76
4327 2069 89
21 2835 74
4109 130 42
2294 2232 18
2855 26 68
2583 2848 56
1967 2194 77
2121 696 56
1959 29 56
4385 1157 11
3450 3411 46
667 1870 85
1877 1971 99
1596 3264 32
3974 3846 77
989 1786 68
370 1907 100
8 627 51
3299 373 34
2269 4538 82
446 4483 97
1610 3710 85
2418 975 64
4099 1581 20
2100 3566 80
4073 2938 83
363 193 40
4370 1928 70
3612 2448 23
733 4408 31
4331 967 23
3744 2171 45
362 680 11
2911 146 13
2327 825 71
3776 3056 27
616 3442 62
3368 615 56
2818 684 36
3935 4206 84
2286 984 54
1852 1162 75
1408 3266 18
3422 3386 90
53 2054 38
3664 445 57
175 2229 45
1721 3394 88
3448 2068 83
3540 3157 12
3128 1440 56
681 3621 63
3701 1819 66
2059 2176 99
2171 698 64
3537 2157 28
3174 910 18
2394 3525 88
1491 1661 10
1745 1421 29
2059 1606 64
1316 3960 52
749 1364 45
1125 4143 65
3995 4231 30
3658 2018 65
4111 3089 76
1083 1489 43
551 4104 64
1965 1832 37
2883 3492 82
1079 4250 70
1280 2318 44
320 4386 29
3609 3539 73
3216 1611 54
3802 435 15
818 856 63
3959 1184 88
2508 187 16
2065 1267 52
4481 1702 11
673 1887 40
3082 1017 65
1049 3856 96
1745 750 30
3328 3885 28
1902 3556 71
2678 2289 87
792 1598 21
1265 3003 40
2410 2643 18
4547 4394 89
4348 1645 67
4231 584 52
958 2357 50
2681 1415 69
3983 4451 55
4123 668 52
1581 3738 97
3396 1693 55
495 3614 13
801 4045 32
4498 2549 72
3647 2435 55
4127 1499 54
1632 200 77
4326 4253 84
72 30 62
1516 4429 82
51 2297 85
3890 3215 10
4234 4352 98
2396 950 98
3080 771 93
1081 1393 100
4222 4251 65
2941 3238 67
4040 2242 10
1332 616 26
946 3082 23
1700 4081 88
3209 1493 56
627 3098 21
3120 3630 96
1610 3850 89
1792 2790 88
3404 2606 76
1669 2351 82
311 2871 55
1457 413 51
4011 670 18
977 3323 30
4278 240 60
3446 82 69
1644 489 82
3964 3267 18
3818 4381 98
4403 1565 92
3398 2189 24
156 281 16
996 676 49
1745 21 89
4528 2715 38
1542 2828 38
1293 859 58
4050 2872 21
2844 3755 89
426 3481 17
3313 2397 73
272 2078 37
3047 3935 83
3800 1333 58
3835 1492 94
4012 3525 39
1505 1045 76
4002 3249 79
1099 416 35
3535 2699 29
4341 690 87
3761 3936 56
4041 2227 76
258 5 76
733 2132 36
2130 1316 65
780 2193 27
27 4528 90
2152 2397 30
822 2477 63
2257 2070 55
4276 2526 74
4199 3098 48
1966 2515 93
4154 477 40
1772 2320 47
3461 1435 60
1336 2862 22
1397 83 18
3971 2537 32
777 923 10
3596 3444 47
2700 2116 30
953 3241 75
2220 3992 12
1842 1242 38
2444 715 14
445 2291 21
587 950 10
4175 903 75
273 2993 65
94 4314 28
4171 1761 64
454 4458 69
466 3973 22
4234 2170 47
539 1676 79
1371 2429 52
4552 4334 16
1795 3268 96
154 1917 63
3196 3150 10
3403 940 22
1305 55 78
1205 630 100
3609 2961 25
3500 260 39
3295 2971 89
1015 1341 90
2408 38 64
3110 1711 61
4393 4428 10
129 258 55
3365 1744 72
2718 2166 44
3323 4236 100
2378 1533 21
1593 3783 64
4346 4145 49
3663 3901 42
3400 4441 33
3108 985 33
3566 1296 35
3288 1384 75
1264 2855 20
2251 2931 13
3997 2044 23
3965 2011 80
4559 3595 40
3022 2781 88
4244 1739 24
4348 1341 93
1768 4565 36
2241 469 39
2604 142 67
207 2002 35
3098 4554 65
2778 4339 26
584 4508 76
3428 200 56
3742 2989 76
3061 3223 62
2597 3429 85
1728 741 10
2315 2283 92
2617 3537 82
3377 1906 62
509 723 81
3275 476 76
1533 2864 28
4031 2914 58
3522 2471 70
417 836 78
221 1907 41
559 3362 54
2190 3130 59
2376 4398 79
997 1273 46
571 3349 80
1386 1217 92
2267 583 17
1332 1482 61
861 2785 77
1601 3288 81
2189 1634 96
2188 1762 24
897 1742 12
566 2601 77
1258 4041 35
1041 1879 74
3672 1843 26
3488 1354 94
2041 2308 43
3416 2050 15
3410 3213 92
1481 2172 92
1054 3425 55
4239 1297 71
1653 4083 28
2221 2989 78
4207 4538 85
3377 2301 65
2934 2346 12
1606 3653 94
2672 3812 13
2480 2719 60
1399 1661 60
2148 3187 88
3493 2447 63
1191 1536 16
3447 17 72
1093 450 59
199 4319 21
3777 860 56
47 167 38
3427 2784 50
52 4555 85
3902 439 52
1819 848 77
386 2272 44
545 2502 28
3530 4036 82
2984 2070 22
396 4157 93
152 1970 73
176 1801 94
4336 1951 15
1157 822 42
4432 3801 29
3955 1020 87
3912 3188 85
2510 3264 74
3654 4265 24
1452 2005 95
2039 415 75
2217 2418 31
801 1044 99
1616 1076 21
4272 3482 29
2089 1988 61
1379 46 31
407 3838 71
2185 1511 33
1076 311 62
43 3108 77
2651 2086 34
2056 1476 14
2718 1198 85
1077 811 57
3303 3022 54
1439 90 80
1784 380 16
4467 1918 66
3352 3572 14
354 2016 72
3124 2012 94
1988 1169 53
1850 3353 94
3770 1883 91
1397 3679 67
1467 3297 79
2351 940 67
3496 1093 19
4201 13 71
167 3889 96
2499 2811 63
1575 1551 17
3770 2795 51
1082 4339 26
1160 4529 35
1824 3516 76
2818 980 79
1995 1970 29
1422 1970 54
1212 1893 41
768 1898 74
1265 2266 86
2359 875 26
2510 1583 60
2403 4162 91
4146 2987 51
3774 4293 26
108 2174 68
2362 2454 44
2728 761 39
1084 1854 88
2742 3447 38
461 274 79
48 3120 87
107 476 80
761 1720 70
1915 1172 43
3418 2186 54
1569 4188 17
3901 3393 13
2410 3094 22
887 4178 61
2649 3141 12
3618 3890 87
2978 286 40
4150 2891 14
2270 206 42
1429 3408 61
2897 3155 72
2146 3559 91
3737 4488 73
1600 3364 44
2505 4165 61
1949 701 46
286 3109 96
2863 392 80
1285 3773 67
480 4236 77
2774 148 19
4055 1530 27
1474 4234 65
242 331 30
1514 1331 98
3064 3552 84
4104 1256 95
2650 2877 43
810 3754 71
2716 1778 50
2068 532 57
2658 1849 46
4120 4398 25
3029 1407 52
1635 1854 55
1492 4429 91
3964 1563 45
3277 1914 69
3294 202 89
3224 2351 53
2833 1797 19
3104 3813 71
2437 4152 22
2627 4317 53
1323 1773 34
2430 2366 17
17 381 65
1786 3589 32
3396 1334 13
4481 4266 58
2533 3757 87
1431 2603 18
1838 2194 17
3733 929 16
4444 263 69
667 875 66
2195 2626 85
155 2614 83
2179 4049 39
1962 3948 70
3949 1267 65
910 3621 24
1643 3587 57
2939 404 47
4316 3820 73
2842 2729 45
3014 2604 48
3588 382 14
2831 1034 18
3230 3182 61
3916 1345 66
3901 3820 80
1763 2503 14
1603 3970 97
2655 3643 33
4213 1166 58
4259 3780 74
1900 1411 85
1683 2908 99
4246 88 46
586 1495 24
3771 2566 88
3849 2591 52
1675 1242 86
2309 586 32
4063 511 69
1019 93 87
3734 3962 43
365 1078 76
2921 4466 41
3707 1458 57
3440 795 42
4539 1463 44
2210 3127 78
2902 2969 85
639 2862 19
3197 3657 35
30 2934 67
1801 407 69
3532 3447 72
2273 3651 31
4094 1528 51
988 2369 76
1887 3954 29
2628 4326 34
4381 718 35
4427 1269 20
1017 1418 75
2365 3807 90
3581 2957 38
3775 1643 57
700 4105 48
108 4280 35
3625 993 62
4518 3481 77
1091 307 65
3785 2444 10
2080 3346 22
464 3864 81
1837 3671 19
2261 4270 52
31 461 33
3381 4498 68
629 3597 66
621 1974 55
3346 1872 33
3223 4036 30
4211 2154 71
2395 1167 48
1617 3666 15
2175 3166 34
4044 39 76
693 593 29
1057 3542 80
1832 3075 20
3704 418 84
3719 3815 76
612 81 41
4302 1074 37
4051 247 60
842 921 18
1500 3032 27
4491 822 62
1339 2363 82
3980 1097 89
1876 1672 85
1837 3938 41
3170 335 75
2245 3122 58
2286 396 43
1694 2089 27
1495 3997 43
293 1361 100
1588 2746 13
2397 3882 25
559 3883 95
2261 1401 20
951 638 43
1026 2910 29
1972 1132 36
2244 128 51
3302 1947 99
1131 611 91
1312 1990 96
1406 1640 96
1816 2869 93
2788 2653 11
2688 413 25
1390 542 41
2109 3772 71
3463 11 71
2268 1201 75
3431 3235 29
4512 3233 99
440 3917 14
907 2809 63
3933 931 43
4240 2016 38
812 1396 73
3324 893 26
3144 3705 18
340 3031 49
559 4568 61
3163 1024 40
4314 1996 32
2790 3318 87
1312 4519 67
1224 3837 62
3648 3921 21
1157 1848 13
2153 4189 88
3445 389 28
4551 1603 33
3783 2546 73
518 1218 73
2839 2428 83
3656 4316 90
30 2025 55
2453 1506 74
599 875 70
3896 3631 89
4526 794 34
1875 2498 97
962 269 45
1199 4467 29
3676 1538 73
2512 160 14
852 1145 11
945 3265 35
73 473 14
2880 792 92
3745 1831 19
3421 3452 70
358 2266 43
2399 4258 15
2801 1898 44
2767 582 17
112 3805 44
141 378 60
420 3075 32
1150 3600 85
975 3038 58
1295 1023 76
4276 4212 60
3516 373 20
1087 4442 45
4284 1046 17
342 3730 31
2876 3818 12
3738 3177 77
1624 1472 57
2821 3255 42
1738 3527 34
491 1555 20
815 3423 22
45 4084 22
1685 2687 98
1519 769 64
1005 3311 72
3811 4154 21
2281 3805 98
4236 1100 98
3838 1624 85
852 2208 19
1931 3358 37
1991 3709 26
796 2999 48
1347 2788 96
3894 1215 31
661 3970 26
1729 2636 63
1657 497 84
697 980 79
2181 2370 65
4035 2558 29
2091 2931 56
1743 3045 66
2492 3381 12
2250 1493 89
3933 2658 100
807 1729 43
1981 2440 30
3763 2653 67
1673 4550 38
3587 2923 64
3216 1800 89
3817 4401 59
136 4447 13
4263 4356 33
2584 930 18
165 4027 51
2693 4363 76
1958 3287 63
1391 4070 60
118 203 61
2181 1093 61
444 2687 53
4525 3644 24
1293 2263 84
580 3897 88
