2680 6066
148 1532 100
1325 225 91
2422 2067 21
888 2570 65
2326 843 17
2536 1116 96
1876 1663 48
2487 2230 15
985 894 99
887 267 14
33 2537 27
1872 214 10
1237 2045 94
420 1347 26
2546 1921 96
2100 2264 78
1648 1505 56
1216 1787 14
437 1687 99
1395 1147 77
1644 2181 18
481 2664 61
1160 176 16
2071 2242 55
2574 1801 48
1778 996 24
2152 1273 38
1061 2526 69
2565 1868 80
2573 1221 39
107 1594 54
2380 2287 97
484 1610 69
2275 1927 87
1234 1097 31
1183 591 26
1757 1556 25
340 2510 46
615 1767 74
1893 2315 56
2604 6 24
49 171 43
1271 1583 71
728 1615 100
84 658 32
622 737 71
1396 1394 31
1379 1989 76
41 1242 26
1557 2092 55
2482 1696 30
1245 234 24
1274 499 75
1413 1215 52
1171 1824 51
1427 229 24
1441 1029 85
1441 1719 75
1193 97 69
842 2660 72
2209 96 44
2237 1496 11
1528 1992 86
994 765 72
1572 569 39
155 1483 84
2470 1089 66
807 806 24
1960 2139 48
1555 585 14
2465 2531 79
586 2626 84
293 1425 64
816 1608 25
1403 1171 11
533 1265 49
2004 1936 59
1119 584 21
2268 2666 76
1460 635 41
2614 1650 81
2106 33 89
692 2210 65
1015 753 60
104 1877 38
2475 868 20
1475 1795 83
2212 711 74
1039 2035 13
2620 1140 86
359 1971 14
2362 2410 96
1949 275 50
1314 944 57
954 2300 53
1681 1858 91
1631 1902 60
929 1648 53
1150 1920 27
1566 2468 54
1864 220 27
1610 848 99
1670 583 52
826 55 29
1135 2373 46
1697 1901 37
2650 680 24
779 785 48
2506 2355 40
1106 2330 34
1782 477 92
1363 2325 48
2309 1917 65
132 14 65
80 160 69
1621 276 16
2322 72 97
1558 1053 59
588 1540 54
1343 573 15
2125 1879 66
2309 2400 95
2502 1006 92
1529 2202 98
2107 130 68
247 1451 98
2116 2465 71
1116 2393 49
2160 1203 50
97 1178 26
53 1041 21
518 1523 23
371 1475 23
348 2289 94
2330 2591 34
818 621 41
1296 2468 60
1814 2294 32
207 219 71
2181 2553 96
2593 912 34
220 812 69
2550 2423 43
1204 1464 85
640 2015 87
445 1293 87
369 983 81
290 183 23
477 471 95
842 460 81
1970 2454 53
2646 867 51
1543 756 17
1089 614 33
1857 972 31
834 1290 43
2602 2352 89
985 492 54
2410 827 36
183 1919 85
2149 500 96
1167 1518 73
2208 1481 33
1660 1753 25
1325 1453 39
2366 942 81
1593 1751 75
613 2425 82
354 2234 24
2204 120 61
2136 2423 39
1209 647 53
2397 1114 36
2209 2586 69
441 868 11
452 672 18
2061 780 51
123 2301 30
1764 1379 71
1396 1054 10
2404 2606 34
204 2022 32
2594 1183 48
2664 1836 26
273 2575 74
292 1362 65
1229 401 30
1026 1380 14
2011 953 98
2459 422 73
1984 1422 100
366 1271 72
872 2447 67
479 456 63
2 1811 43
2075 241 43
513 2277 69
1235 908 86
2256 1291 65
2231 1231 89
931 461 47
63 2478 69
1774 1089 10
1545 310 60
1499 1173 35
2292 2032 17
305 64 10
1270 2304 13
1758 2095 12
112 2583 49
2557 2503 76
1901 829 69
1691 1906 55
616 464 35
2182 2409 39
366 61 55
2647 1484 70
1171 329 30
2014 1554 25
1685 318 94
1372 2601 49
850 2214 62
122 1270 30
2558 775 34
366 494 61
5 2130 57
945 2100 25
1169 1799 57
1211 303 30
2448 128 67
1833 975 94
573 1506 57
405 447 88
2652 20 29
1648 260 78
409 1193 79
1590 1214 92
1618 1577 96
116 1415 59
478 1805 13
2560 2045 43
1730 385 86
256 2199 23
138 1001 90
327 1766 34
1441 2308 26
1004 234 63
166 1025 72
2389 1439 74
2368 366 65
1671 1691 100
2215 1243 24
681 2149 17
1033 1657 87
324 1191 40
1202 1064 73
59 1126 23
2365 963 23
886 2471 82
312 743 100
112 1319 95
144 1796 78
2082 1711 32
570 935 41
381 1709 52
13 2231 26
1536 901 25
343 1095 74
1155 2632 90
2374 987 46
317 2477 98
841 2611 27
103 1170 58
779 2047 65
2120 392 73
2614 2525 82
980 2062 35
1307 2583 62
711 453 87
2027 726 18
158 147 59
1153 78 73
1909 607 94
99 1783 73
117 2024 46
653 1593 46
491 1397 84
2022 513 75
2147 1171 100
35 476 92
2504 1649 21
2509 2558 44
2147 1202 47
1440 2301 74
918 800 12
794 417 97
1751 2059 27
1856 2490 22
1083 2431 25
1421 2033 39
1805 135 70
2276 2345 50
1264 1422 61
682 1918 19
1055 18 33
2673 1635 25
562 1790 13
1039 1157 67
2652 1502 57
1268 1669 24
1067 1758 10
377 2030 80
2072 478 74
1344 2124 90
548 2250 76
431 1759 73
180 2247 47
1809 963 85
57 2069 44
2006 988 39
1794 200 44
1155 2523 27
1761 1293 79
1556 1974 58
1960 2507 49
1156 575 66
481 844 90
2249 1294 23
503 2061 90
2007 2442 96
980 1327 23
2505 932 12
1977 2048 57
1522 750 50
841 430 95
2613 1033 14
292 2448 82
1878 396 82
1049 1268 32
135 93 47
2438 2163 67
1733 2042 74
1620 352 36
1445 1837 30
1837 778 16
179 1436 15
375 2554 43
773 2205 12
347 2012 48
1434 2347 49
764 265 67
2423 550 69
2044 1227 64
2265 2628 17
2278 2416 89
1129 941 15
2668 38 80
2383 1805 20
1199 560 53
972 2312 93
1721 750 78
1592 986 86
1632 496 57
2029 2461 63
1225 2389 22
585 160 100
197 2065 90
238 1480 74
1634 473 52
640 2435 77
202 1838 46
1707 161 31
2619 8 78
565 1089 17
398 1729 52
369 864 80
499 1508 77
276 1059 94
195 2448 39
2106 687 96
1429 2085 23
1244 2588 86
471 1350 97
2500 979 35
1917 2198 31
1105 721 46
794 2661 59
2551 1982 36
1970 1160 93
2045 877 78
5 657 82
1998 2091 98
1953 1067 97
61 263 51
667 2671 94
277 1311 58
1684 2093 53
1312 1321 42
1614 2036 88
2026 785 73
644 202 45
1122 286 72
2641 1898 81
1623 2526 54
1865 441 40
525 2672 92
582 2044 98
1644 659 97
1188 1367 93
2169 700 89
1324 330 52
2441 1776 85
2366 837 97
330 1708 84
1342 304 11
961 2510 19
1176 262 40
631 1569 11
810 121 74
1132 325 27
2151 412 67
1291 666 34
781 1625 56
787 1252 18
275 1192 80
796 1084 41
2600 2232 89
7 1798 13
299 2377 78
120 478 85
538 465 90
1484 670 33
760 1892 44
575 321 26
1994 1441 100
247 230 92
2004 26 81
756 1282 50
2342 285 71
1791 882 94
1853 2049 99
412 76 21
717 396 36
792 892 77
2131 2249 87
2673 2230 82
1197 531 31
1995 220 56
643 935 14
1471 261 76
2194 1184 44
1313 366 13
694 2270 68
1181 2647 30
269 1581 64
1664 2079 70
650 601 46
71 2309 72
1684 2518 92
157 838 82
1652 646 55
1504 1699 69
700 181 89
312 835 77
224 870 68
2597 950 95
224 1330 10
534 583 54
999 1984 55
1132 2570 57
412 2536 38
2328 1736 46
1434 1564 96
1459 1766 58
603 1129 70
241 1015 53
1287 907 100
2284 565 19
1425 1012 50
1709 2320 65
552 1460 95
758 1475 90
2182 293 14
2037 13 82
1676 890 49
1062 554 80
1712 1962 40
1248 1568 16
1516 2394 14
1884 1799 23
1299 469 36
2156 203 77
819 153 86
2338 556 85
824 372 31
1195 630 90
794 2562 59
1575 2212 80
1215 2270 79
1601 1620 59
2214 886 96
1929 1453 75
1659 2513 43
1610 2498 91
2527 2341 73
2368 439 38
305 230 57
281 1701 57
2167 1114 42
1111 55 19
1092 2541 54
675 2135 24
36 1570 13
134 1655 83
1961 1260 20
2675 70 98
868 309 80
2138 1997 71
1770 354 10
159 1962 11
1835 2054 68
766 1525 89
2440 1058 94
1840 1969 92
1619 38 45
2410 1029 64
1266 1027 70
1943 265 50
1136 1982 34
89 2268 97
1341 372 84
2100 2577 64
781 1129 56
1216 48 94
71 324 30
665 51 19
1264 1184 85
161 713 74
2244 215 36
1868 2347 99
1230 2615 57
2679 686 21
2396 155 97
2458 1549 56
1068 1133 91
1948 2140 76
1799 1746 65
2590 2238 22
1418 1642 42
951 165 49
1519 499 12
585 1218 92
2285 2042 26
2448 508 41
761 2081 46
949 597 69
472 2519 55
1845 242 68
2398 844 65
403 2456 45
575 1803 77
1886 828 48
1820 1174 56
963 1306 98
577 1083 62
868 453 76
1660 533 81
1177 2633 78
129 2120 91
2641 1931 33
1536 270 17
2229 683 56
1345 1903 64
400 1376 31
412 3 32
1628 46 81
122 1433 21
653 1574 91
702 2643 34
187 344 84
1971 1261 63
254 1910 37
651 1031 93
1939 1011 16
332 826 70
2640 1847 82
1567 837 91
2046 2273 92
2255 466 51
2382 143 31
217 1061 38
1408 1049 96
227 1656 58
372 2392 80
577 2256 40
2321 1091 22
46 1282 86
2354 1473 44
711 208 55
591 2326 77
2062 394 28
532 1894 11
1761 1834 24
1337 2275 62
795 1751 20
2125 1287 66
752 471 49
159 1301 90
35 674 73
1315 1850 23
1744 90 47
38 1448 60
66 259 73
1205 764 39
739 828 87
784 1171 47
1045 1818 63
129 1946 36
1985 2355 97
1088 1259 53
843 1442 10
562 2175 71
1278 1824 43
1076 2573 82
1432 1888 46
574 1507 82
879 1231 35
796 1161 83
1647 857 64
2182 1640 97
1914 209 75
534 2534 68
210 338 67
885 1657 56
578 1477 84
677 206 18
2640 2522 25
155 2560 100
788 2341 71
2287 742 93
1539 2563 74
691 587 35
1202 2124 18
251 1602 48
412 1687 28
112 1691 60
1793 660 98
140 931 45
1412 1757 26
159 2010 25
1089 2238 50
1639 2606 16
2377 107 33
709 904 21
2264 1666 64
1922 2363 27
1578 550 19
1352 1289 98
531 1086 80
2198 1606 27
2360 525 28
667 2574 23
1835 396 33
2131 198 33
2003 28 30
930 2125 34
240 1819 25
546 2448 16
2213 317 97
1037 1791 85
621 2167 15
2638 463 52
2646 1633 17
1122 2157 67
1415 1780 88
1805 1146 11
2403 325 82
2034 1975 18
123 149 51
2244 1074 83
1461 1545 72
429 2434 60
2163 754 91
2399 2230 70
1084 1770 20
1546 1316 14
525 1872 92
166 2261 18
1325 2319 29
2206 2175 100
177 578 44
1403 744 76
2590 1433 94
1133 455 48
1373 1645 14
2640 58 55
2035 2620 25
1046 88 79
646 89 85
1519 1349 55
1381 2435 60
960 408 87
245 2563 49
18 306 74
776 400 78
522 1357 54
1380 1279 24
458 1948 12
1966 1833 20
2624 1212 95
2196 122 66
1667 2514 98
2292 1664 96
1585 1278 84
620 2133 26
180 1584 84
2264 705 95
2261 1161 97
2672 1380 14
2028 1648 44
1749 1735 23
2484 2496 80
196 871 86
1001 2090 87
1132 49 77
1129 1598 97
756 2504 30
859 2421 27
432 533 64
1765 2157 63
1217 1691 98
1751 953 30
2572 24 45
2607 199 50
1506 1187 97
990 716 74
1324 12 69
2017 214 80
5 1488 36
1180 2437 27
1767 1568 56
2486 1926 24
1224 2462 77
1173 64 76
725 1647 25
462 1516 57
856 864 33
2441 1822 82
1434 1807 47
2236 1401 62
1590 540 52
785 1936 68
2653 306 50
1206 2152 32
1553 1880 49
2267 512 66
1774 921 59
523 1241 36
220 681 72
1440 2109 38
2452 285 77
2027 961 82
1037 700 49
909 1329 27
2415 1064 45
1295 2575 69
1743 1157 17
1095 384 66
1040 1161 19
721 341 46
1701 2052 96
847 2568 30
1266 1877 29
902 1688 33
2619 2671 12
2326 719 58
1044 2401 20
1192 1837 86
1419 130 48
755 1822 21
1885 2493 91
2160 1033 48
2073 2027 29
2144 864 99
1739 123 39
1848 1460 51
380 761 96
2292 2335 79
33 790 72
558 1179 97
2113 2220 93
681 1235 56
1092 1190 69
2332 1063 96
2454 2504 70
2502 664 73
1738 935 27
1364 2086 33
2240 651 58
719 299 10
62 1682 26
1456 701 28
2345 2478 35
1857 2497 64
1203 1972 83
159 1120 24
1450 2544 34
507 652 68
1916 1779 87
891 1031 67
368 933 89
2638 1435 48
1021 1521 53
1151 1965 83
1127 228 10
717 349 44
2625 591 97
1662 847 31
264 271 17
1665 1905 27
1904 2347 81
1735 903 85
144 670 14
724 1230 13
948 2452 49
620 2124 82
2015 2300 40
1870 1906 74
23 762 66
2201 2639 74
1601 1123 67
1636 1673 77
2660 332 29
1752 970 35
637 571 91
2596 1388 99
1183 1946 83
1787 928 98
1999 1540 31
239 1891 35
59 1130 97
323 1293 84
1812 77 30
1814 1688 94
519 998 46
1669 1993 86
1162 1013 29
2269 2155 29
2429 226 75
2308 870 57
1354 1782 79
1653 508 73
256 620 100
1393 442 36
2348 1457 45
2532 1352 55
1304 1917 33
519 1602 13
1725 1996 57
2272 1979 89
1573 1428 18
2178 2365 46
2302 2176 66
1162 1525 47
1636 419 96
2271 1001 79
1740 1974 44
2197 1133 37
2170 2210 47
982 429 29
184 1425 15
1982 1319 14
1587 2192 40
2548 1204 35
1379 2383 10
2678 268 80
2615 1568 61
1333 169 83
1272 2105 13
2499 821 48
2161 728 77
1014 1236 76
1590 481 45
1086 362 10
1780 1333 93
2113 1953 96
2624 2154 33
613 1974 75
316 2547 30
2169 968 40
83 459 86
210 1623 12
405 1434 51
996 1765 79
900 941 26
1547 908 11
1083 931 12
216 870 21
275 964 91
2528 1328 43
1591 2488 59
1941 916 17
1656 666 78
2116 254 29
113 2281 60
1922 2231 92
16 2166 10
1820 1368 45
2279 411 93
1644 2257 28
316 2435 90
1723 744 64
986 2156 61
2129 2206 47
631 421 15
222 2313 80
729 819 57
354 1846 58
1018 246 96
1252 1883 55
732 1963 60
1246 344 14
1118 2358 89
1302 1194 16
637 742 94
2235 172 62
1997 488 56
1757 1338 85
1013 487 72
2390 627 26
1854 2401 53
2457 706 100
2450 2080 12
2100 1191 29
1003 1619 80
1990 225 13
1242 1827 74
145 1162 30
112 399 62
890 1721 24
230 388 15
1485 2469 26
1283 1017 89
1970 1871 35
1092 2356 29
1647 2103 26
1322 1565 25
1994 2588 47
2642 369 96
153 2622 33
69 2343 41
1924 700 51
459 425 46
1530 1182 12
1442 1048 95
609 1361 26
1984 2622 69
1130 1308 78
847 2476 48
1227 250 68
166 780 44
247 423 21
904 2016 12
508 53 76
375 2359 21
2222 419 45
373 2248 55
2007 2071 59
1896 1936 51
2157 586 60
111 1934 38
2196 1988 90
2157 910 37
1957 128 71
1799 1726 87
1122 1159 28
2563 1018 73
1661 19 40
2211 406 12
2046 1288 72
219 1467 46
2265 781 63
1318 1242 26
1481 1381 81
751 1185 88
1889 1598 86
658 1142 72
630 342 82
1139 1446 65
1821 2242 57
1485 2645 46
1113 57 11
1738 910 37
1742 539 97
638 389 64
2052 167 27
971 952 93
1688 2316 15
267 2605 18
2099 2082 29
1728 781 92
154 210 16
224 2414 89
1728 107 18
1978 1446 85
647 1576 45
1565 1406 24
641 2004 83
611 387 95
2223 2399 31
437 1371 44
750 983 86
2081 622 36
2503 1695 85
1431 340 24
2488 1401 79
2266 2622 38
895 2277 64
1923 2427 36
2355 839 81
1289 2616 16
1417 314 25
1171 1086 27
1364 2123 80
1957 577 57
1903 1589 87
1787 1709 28
758 2131 67
1138 2183 24
2141 1965 37
55 2478 25
1991 1830 86
2574 1942 28
2261 31 53
2336 811 80
1576 2332 74
1737 1478 83
480 1559 93
810 1372 95
2155 2050 97
1720 1290 57
2041 2222 26
2541 2521 23
2261 1886 23
55 1325 90
1198 2247 50
694 175 95
1091 2085 90
346 2646 51
1600 31 73
1369 268 90
2530 2567 39
207 738 87
1986 2432 59
2541 1029 58
639 1075 64
2667 2153 53
405 1456 42
621 1012 50
198 165 44
1967 2280 32
1833 2188 51
1855 535 34
782 1873 39
1630 2671 18
1648 1692 29
482 458 33
954 626 84
2612 348 15
452 1571 65
1913 1318 24
2114 2156 90
1678 389 60
2336 860 90
1622 1619 89
1281 530 49
1481 2060 14
771 923 69
1589 1233 28
640 2309 92
1945 1075 47
728 2430 65
2031 36 37
1288 2586 94
16 143 27
2331 856 51
2432 125 87
878 2342 36
480 441 76
390 921 23
1285 1549 43
1239 921 62
2390 1208 77
2281 756 63
278 1284 21
2604 2277 12
2643 1235 77
1736 173 19
851 1703 58
2519 1745 43
1130 804 59
238 1174 20
214 751 44
1340 1510 71
2120 2294 83
1118 422 45
509 830 51
1980 526 56
2452 519 45
538 1542 96
1202 1948 57
139 332 45
660 1241 59
1932 1753 76
1754 1760 81
345 1052 20
401 1483 81
1265 2621 59
998 2546 22
534 2072 90
991 1854 18
2661 2299 66
482 2308 87
2311 860 44
2612 122 90
1529 2016 82
575 1385 28
1782 646 39
2419 1535 99
249 199 20
2391 1117 11
1118 326 43
484 1360 85
306 749 77
1269 1379 13
1420 990 57
2148 2370 10
1705 1032 88
926 197 76
378 1662 19
1868 1019 46
494 1643 17
1568 1334 57
2222 255 44
79 694 42
278 313 37
102 1835 17
401 2554 47
580 1907 55
2183 2469 67
1909 1792 18
1762 860 23
1390 2444 88
374 1603 96
2110 1127 69
640 2552 90
1692 491 86
212 206 87
521 2674 22
294 570 12
209 687 86
2551 46 62
2634 2009 72
1850 1675 47
1112 982 25
2637 508 79
1546 1518 37
1191 702 43
2084 973 78
1283 52 23
1637 37 20
2137 942 90
1283 1523 57
1635 184 12
92 1466 60
551 2402 76
718 1988 13
603 1748 76
118 2474 61
403 1158 15
2080 658 82
282 2562 43
456 2363 35
214 247 75
2567 767 77
2053 652 40
726 815 48
1143 1627 92
962 2021 22
863 2192 72
2437 2427 74
1930 2107 69
1664 1383 34
607 988 14
727 1790 78
382 1486 40
314 2369 69
179 1535 99
226 1812 68
1080 1827 44
2478 147 48
697 1609 32
541 1994 74
1955 2634 45
1503 2627 13
2206 2575 75
1864 483 87
337 2496 83
445 241 63
1736 789 95
2159 1969 11
1940 1734 29
1014 1044 88
1125 1242 71
1667 1775 55
2542 2053 64
1263 570 88
2334 2554 29
1254 2403 17
272 1704 79
1107 1550 78
1822 2443 10
824 1240 17
2278 1021 80
686 315 41
899 231 64
19 2641 12
1071 714 81
245 413 41
1751 498 35
1727 785 91
1331 744 59
1628 735 18
1272 1600 42
875 599 78
365 1687 44
1316 1296 23
2259 1805 28
546 615 11
2209 646 33
2504 2406 42
343 489 38
1101 2139 88
2016 2269 13
2668 910 13
2037 1847 64
1514 936 71
407 713 45
779 1698 47
2477 2450 31
89 2500 36
2470 2651 22
554 2513 84
1307 460 93
2167 413 68
396 1782 47
2445 1294 67
489 2491 36
2409 2061 18
2601 2067 54
1549 1775 26
1885 1193 100
2591 513 72
2028 2402 83
2675 142 63
626 1639 47
978 1000 13
187 2600 34
2149 2117 97
973 702 68
340 1568 54
586 712 90
131 258 34
2533 1060 45
2419 684 61
2107 199 34
1062 2323 57
541 2486 84
2074 314 47
1676 600 39
1013 1827 16
262 983 39
1484 1985 63
2494 2024 51
444 771 79
2029 1533 56
2221 2006 10
1890 23 87
1242 1269 42
875 1875 53
1414 2631 84
695 53 29
2542 1770 48
2059 2407 12
2653 2616 72
1439 797 42
2079 1932 65
437 1081 64
2352 394 60
1097 2216 17
2526 1182 76
801 398 25
1524 340 17
2104 937 99
90 1184 51
2127 1568 29
1878 2561 97
592 1128 50
2383 103 84
1170 1219 99
1557 1345 70
1913 1517 47
306 113 26
877 1182 77
1522 2019 50
2317 1772 33
1028 2591 32
1126 1851 73
1686 1784 88
2051 223 61
673 1388 97
1670 43 42
1486 522 69
1663 2636 100
2014 1122 32
410 1210 21
1629 1538 29
601 1052 71
1764 901 72
492 1059 95
1550 2041 70
2555 69 51
204 1727 68
1554 673 42
1461 2486 86
783 1902 58
1008 1611 63
735 1675 12
794 2294 28
333 1204 97
851 2614 36
1648 1026 28
241 753 28
1202 1982 28
1782 1360 22
6 778 79
2368 241 32
660 2457 50
1830 929 61
250 594 15
1150 1045 55
36 2128 97
2302 1463 44
135 1160 14
1340 635 45
1875 2301 30
1374 764 51
1968 1684 62
1803 307 19
1645 1412 58
462 156 81
1090 1280 77
2563 536 19
268 1066 73
50 1557 97
2020 283 17
1915 1938 12
1667 1650 19
2027 1960 15
795 2041 82
850 2094 50
1812 1720 32
1558 1781 42
2618 63 54
1297 1318 76
2028 236 18
956 387 21
117 1151 93
954 461 50
690 1965 66
1279 1437 34
1414 1869 25
849 138 41
1151 2015 65
1317 1857 77
2600 29 41
2486 1309 28
1984 2354 21
1116 738 68
1449 1923 31
1620 304 16
2136 2593 70
2385 1206 84
1757 5 47
897 1428 68
817 2012 45
1885 1291 25
621 2320 39
1314 844 81
1209 803 11
1653 195 81
557 2524 54
1979 1134 19
1274 399 81
1238 2654 50
1540 894 89
1777 1317 31
1218 142 80
2458 1407 75
1062 2402 70
1227 2283 66
1970 1403 29
2211 976 100
398 1466 58
2195 2251 59
178 2336 34
906 903 46
367 2598 54
2357 1005 27
1962 1385 45
1979 2194 99
1936 1273 58
2578 2515 68
2260 2222 20
2336 1367 48
2583 1677 28
2037 448 62
118 1981 23
2104 2453 92
206 660 73
2191 2119 25
44 1122 53
2243 1647 19
2587 955 84
664 25 20
1146 1860 47
844 1856 33
1251 1627 55
293 2520 23
1872 478 55
739 2144 38
814 1510 25
1489 504 45
911 679 97
980 908 39
1685 1748 49
1993 1429 43
825 726 51
1241 1989 50
2126 1424 89
232 1439 25
476 933 92
2400 1136 53
74 1571 72
1811 2049 93
1479 1969 69
1553 995 40
1534 2340 33
186 1393 36
1918 915 99
1711 503 88
478 570 10
53 2313 37
2561 1510 26
2225 2650 25
2423 1543 95
1895 2412 41
146 2093 70
1598 388 53
1067 2562 62
2401 820 28
107 2249 30
2026 914 35
71 2152 56
1821 2295 32
2078 5 83
2048 2168 74
2399 1974 84
550 2442 42
1054 726 26
2037 1095 57
1379 1343 54
1577 446 64
1188 306 40
318 2614 36
507 1342 13
1698 550 49
1317 1379 35
2038 1606 78
797 767 90
693 1522 11
623 1328 72
1687 1062 10
2583 1432 45
2239 765 12
891 1985 50
2124 102 88
1471 2566 67
1138 1018 40
676 358 66
2087 872 12
1983 1238 58
2049 773 65
1366 2003 66
1309 393 36
1686 2563 94
2342 221 20
2298 1793 83
2499 2237 80
17 766 35
501 2176 94
2423 99 48
948 1137 85
1297 670 86
1748 2038 27
2076 2620 58
1417 938 53
2189 548 31
2211 95 80
1288 675 50
1853 2179 81
0 202 14
1138 16 40
1467 2114 35
2299 1109 91
1117 2056 17
2467 1255 39
1702 2552 65
1926 2488 55
54 1380 24
2109 1008 20
837 1665 10
348 2199 66
1051 2429 31
794 776 50
2453 1039 25
2398 912 32
503 283 24
670 2182 56
2417 71 24
2656 2329 90
1319 2198 65
636 2593 66
583 2627 26
384 46 20
1163 601 61
2047 324 62
513 1567 31
1894 839 100
63 2049 21
1826 1454 69
190 402 34
568 1943 64
1858 2247 21
1645 46 60
2343 332 93
40 361 35
1221 415 60
2004 819 15
2574 1663 98
1179 964 59
943 2332 68
1397 785 88
2049 1483 93
2288 1941 66
69 2073 77
1671 1455 65
2645 1337 53
1554 108 91
663 2453 48
2146 189 40
1301 2100 56
2227 535 71
1300 259 86
599 2139 71
1987 239 29
1567 243 28
983 540 18
892 1708 35
2590 1904 47
233 2410 81
691 1331 45
1331 1464 91
1810 951 76
2156 70 62
2009 1956 14
89 2449 61
1766 818 27
361 604 55
362 2569 14
2399 1941 36
727 1553 13
1153 2397 79
1800 458 92
2030 1794 50
851 2001 35
2224 351 60
2302 263 47
1124 71 26
2096 1511 69
437 1777 40
256 444 100
1277 1431 84
1763 2531 85
401 747 61
1549 1777 29
376 96 29
885 1614 71
587 372 99
2504 188 44
848 1761 42
2065 282 40
2188 470 55
229 1141 36
1475 2098 55
257 548 89
1165 12 60
1288 1429 22
1722 2324 73
926 705 94
1939 1292 52
929 827 23
2174 1193 69
6 2243 12
1467 1473 14
1468 1587 86
1236 2126 33
1680 2494 61
1430 1392 84
2309 1924 75
93 1149 39
204 2107 86
540 1738 88
1687 261 55
2516 1415 19
575 1112 68
717 2194 30
1125 2180 66
1436 2526 60
507 922 61
2449 173 10
1041 1093 62
1350 1512 63
804 1640 41
477 815 29
1754 2411 35
1805 2422 91
245 590 55
2439 2437 45
571 2117 26
1214 300 12
849 2491 81
1528 661 29
206 247 73
1327 1819 18
2326 1920 79
1685 914 59
407 1578 66
2570 1290 16
1909 2358 95
1273 2452 47
2011 1546 77
1382 1691 52
1645 1138 90
2040 965 27
1513 1195 92
2603 777 24
1957 519 35
2268 2414 49
1649 2408 46
672 879 83
1865 2352 10
797 1097 14
736 2345 18
1923 1468 91
1804 2496 18
2056 1601 93
1118 2600 43
2308 1698 56
1708 9 29
926 2236 34
926 696 32
2087 1133 66
1340 1678 95
1103 2473 90
1140 2385 43
1748 1143 23
1468 1853 98
58 117 57
1716 1403 23
181 1834 68
1731 2365 18
211 1687 42
759 2022 19
1363 671 74
2549 2207 40
2200 1644 81
1896 1474 11
1733 1555 84
2113 1820 96
2225 1726 62
132 2561 56
2559 2625 38
2329 1923 29
1931 869 98
2552 2295 11
195 1761 66
1749 1966 80
896 840 40
1524 2482 43
398 1440 52
521 352 66
1446 1990 11
429 378 92
49 2145 48
1587 1677 42
2009 2278 45
1415 1975 44
643 2057 36
2234 902 100
968 93 80
233 1395 96
1760 2449 36
993 2287 62
88 462 41
218 260 71
1665 2563 64
930 2631 77
2343 1164 30
1898 1679 93
767 1694 11
1406 2347 96
2400 2579 56
1027 1019 51
2197 1822 57
1041 601 60
759 789 82
685 2088 45
2025 1685 63
1210 2180 53
1249 1057 53
640 2291 47
982 2542 14
2361 2232 59
875 375 57
1652 1673 88
338 679 50
2050 468 23
492 1079 20
772 1292 53
2151 2445 30
1270 623 35
49 2352 45
993 445 12
2408 139 11
1394 2536 37
4 1412 57
171 2375 57
2578 869 18
2479 1494 58
1817 137 22
713 310 64
1869 2113 86
1121 2137 55
550 1667 48
1481 266 71
2294 300 67
60 2203 80
1173 2189 89
2499 642 76
1042 2313 29
913 1599 35
376 2183 65
1151 2232 92
305 1006 10
1055 357 84
2033 979 100
2063 1678 54
492 257 25
332 1639 63
1124 1336 81
951 2620 50
604 432 30
1771 187 57
866 1808 52
1296 2582 84
1625 2197 19
777 2093 89
2148 2525 20
828 525 23
2132 671 77
753 2368 28
193 1926 26
1131 657 73
2170 2189 10
142 433 80
2278 1881 11
331 345 11
2574 1294 90
2470 656 62
1624 2369 62
510 1377 47
689 484 12
1396 2052 26
592 1063 16
261 526 48
1985 2510 59
247 2226 47
1491 2341 42
106 823 42
2219 572 44
2086 202 72
572 1686 59
2091 1186 87
2295 1116 73
222 974 82
2151 2 30
1218 1697 61
2103 1547 57
3 664 14
772 462 66
273 1105 85
650 1367 24
1458 2536 80
549 472 46
818 1654 11
1939 41 83
1824 623 94
197 97 20
684 1702 68
1418 1144 51
1572 2386 64
2414 1124 79
1762 575 38
1732 1368 26
2496 550 38
1950 635 45
2069 327 28
1116 1088 70
261 2180 65
1887 2610 61
977 1703 78
605 1779 92
156 698 38
1544 356 56
501 1620 82
114 2398 53
2234 414 47
156 434 47
787 803 53
1293 688 83
628 167 36
262 178 18
1111 2598 38
2016 240 47
2448 650 19
1031 172 32
1316 2001 10
1116 423 88
2029 1423 68
486 879 58
2593 1715 26
2572 1557 75
1945 2518 63
1026 2315 32
75 2539 44
1733 2233 88
2272 1681 29
1173 1609 81
1428 224 100
1260 1122 14
422 62 17
831 2638 60
560 203 43
1564 2194 37
1482 1465 76
317 2174 16
1992 956 69
1243 1538 18
1099 13 77
1205 2195 89
1487 343 23
671 904 25
1903 989 89
2608 2549 73
2649 1946 64
1883 629 14
247 2532 50
2101 2611 45
67 2157 77
200 259 69
663 93 65
1333 1136 27
606 2245 94
1938 2363 94
65 2495 48
1919 1906 78
2653 766 72
1952 1084 48
2034 2649 18
2249 1349 44
469 21 35
215 63 85
1061 1470 35
1160 981 35
1923 1934 36
1052 2478 55
588 1893 87
350 136 99
1745 2071 28
1917 269 40
1173 2288 74
62 1466 12
1762 297 32
1363 1361 66
2418 2014 39
542 2467 98
236 2535 56
789 2588 68
2145 680 77
2057 1812 19
861 150 27
1284 1402 29
2155 2637 55
935 2183 43
2158 289 34
1567 1645 46
41 42 23
186 2637 29
132 822 34
2314 36 83
2200 434 66
1551 209 44
1133 1953 73
1552 2114 98
246 757 44
1654 1442 29
2150 2181 14
2539 1243 46
1749 1441 45
679 1471 59
1747 513 43
84 673 92
21 1986 77
2635 972 44
584 822 16
1731 1332 41
2599 1847 71
1363 401 14
748 10 16
140 2568 30
1084 738 13
2392 2386 28
2653 489 27
172 2639 74
1348 2452 18
39 801 54
61 1497 67
919 487 25
1595 2499 87
400 360 10
84 2247 39
2519 2118 65
1799 2000 22
1746 987 71
455 2642 11
284 2673 38
2677 1994 57
1621 1099 94
2070 2098 13
1451 1804 63
90 2313 27
949 54 22
611 1190 42
564 1379 53
934 912 37
2504 1338 80
1085 1521 64
2204 2663 93
1355 978 50
2491 2498 34
724 1432 83
1083 2044 43
523 2208 37
1918 992 43
2494 593 91
867 391 55
1560 932 79
482 144 37
1944 514 65
662 1349 56
325 1501 40
1499 1310 27
361 492 59
323 2102 86
1635 1264 76
727 1926 16
1568 155 88
157 687 62
1375 447 89
2033 530 33
205 2308 42
1040 2670 67
2535 2281 43
2172 2417 43
444 418 83
1737 1304 17
860 2238 35
376 2259 73
2085 1150 20
857 334 79
1265 1205 65
731 1642 70
2449 891 93
1270 350 40
1962 716 70
2343 243 58
2454 834 75
414 598 33
1273 131 40
595 570 28
35 1664 77
1216 1171 36
1595 573 98
224 108 84
15 2425 59
481 2079 89
1991 1069 52
2425 463 43
1363 2391 16
848 184 21
1015 2585 10
2118 1652 38
2016 1853 35
1855 228 37
1704 821 49
2470 1165 71
1827 2481 74
343 2650 84
1155 1751 74
569 1418 36
2028 1042 61
1727 620 52
359 1899 58
1502 2062 92
366 1664 43
1857 177 85
1902 2442 92
1215 1551 73
2000 705 53
680 1071 59
2276 1828 24
710 1923 40
577 1879 27
1362 2309 58
2063 55 97
2059 334 96
842 1843 40
966 2581 71
1329 2627 71
2076 1816 41
853 1204 63
490 1632 82
225 899 81
1248 1308 52
2427 2273 85
484 915 95
1576 410 15
1737 1493 91
1523 847 77
307 727 66
2136 1120 46
1333 1106 33
1670 1761 27
1970 2542 84
343 432 53
2121 2392 68
1487 531 14
392 1241 16
1450 2552 44
1810 455 72
2416 970 69
1999 2174 30
1245 1499 46
2504 1813 11
1063 146 13
1038 2606 95
2559 590 91
2264 1543 38
2622 709 15
1486 2581 24
235 1038 72
1061 95 20
2346 2004 42
254 170 78
450 2403 69
587 1456 40
75 2508 90
1755 1998 97
1812 963 94
81 1317 65
305 2072 46
176 1793 33
502 1525 28
1625 1536 88
1688 446 61
1333 760 36
718 960 34
1279 1206 71
1545 1495 12
575 1746 55
2170 816 33
2563 1800 46
1554 2015 83
333 1585 31
1360 1396 48
380 1982 99
2488 2631 28
1394 1677 84
1631 1823 89
1786 85 87
136 2667 51
1268 1131 15
2066 818 52
2255 495 67
2165 348 56
720 340 45
493 2498 73
1642 570 96
922 1675 68
1063 34 22
1544 75 40
881 953 85
113 2095 63
530 574 88
178 113 20
2290 1760 98
1716 1069 75
845 2053 80
2496 911 19
140 2252 81
416 1122 41
1275 2544 66
2587 1766 71
1472 1631 45
1458 1991 84
1846 1297 54
248 2444 72
479 1473 74
1017 224 52
2529 1555 95
1817 758 86
2575 2482 46
322 1794 82
1445 194 80
1354 1179 49
119 1317 76
234 2016 89
788 433 49
142 1807 54
1683 807 44
917 1906 80
2653 1371 28
1456 1160 24
2629 542 79
2150 1058 50
293 1312 81
2606 1177 23
1186 981 72
1647 1394 38
126 473 100
1617 73 14
1701 2172 87
303 1159 26
303 1743 70
1312 416 57
203 789 46
1531 2075 39
799 1668 89
2538 2549 44
620 2274 27
2189 1923 74
679 1557 29
2531 2598 10
1794 1483 37
1721 253 32
1140 727 65
1062 830 26
2080 156 100
1254 2628 37
14 1813 19
1113 524 40
1296 1179 56
1953 299 64
553 2284 85
160 2478 79
1090 711 84
1380 1259 43
1453 685 87
312 2649 28
222 2389 41
757 1106 58
619 569 70
1772 651 16
358 1844 85
1451 2577 65
1703 539 84
261 1311 67
1954 537 20
2603 1089 91
20 662 35
562 2509 86
2175 990 67
1273 2410 83
1857 1263 80
2624 1284 33
142 220 44
1881 593 95
1054 2413 56
259 949 85
2614 2360 100
1989 2284 88
2435 2668 22
779 326 52
911 66 95
232 1892 92
1174 2185 87
283 1047 84
2387 864 35
1208 2384 37
6 1344 10
2243 1756 44
2242 2570 73
715 2369 22
2305 1120 63
2254 88 94
1057 2168 67
487 2430 35
1199 280 89
2582 586 45
407 958 57
269 701 33
985 1002 81
404 1191 80
2341 2288 29
1184 1027 23
577 29 89
68 364 17
688 2496 89
831 9 99
1455 1521 23
1541 2078 66
1318 1197 23
2522 340 50
1805 82 78
567 2080 46
1066 527 18
824 1489 97
1233 783 86
1518 1792 19
2341 1902 96
1278 2363 17
2445 1636 45
388 1879 71
1898 2073 78
2331 233 37
268 2395 20
2043 388 59
860 2602 78
696 896 87
2307 1794 48
1144 499 63
879 143 42
2045 321 46
929 1229 26
723 1127 74
1553 1596 33
367 2264 18
301 1947 61
132 1233 97
1069 1813 31
1141 154 83
2659 2566 87
2624 2076 60
691 2248 88
2001 736 42
2466 875 77
1785 1439 62
1526 479 18
1587 2101 12
1973 674 78
565 934 100
1475 580 43
2369 865 78
964 1855 37
1605 1478 73
1297 1469 33
1322 185 42
1895 582 50
1199 187 64
2139 2136 78
98 76 64
1863 389 44
2502 2487 46
2166 1529 85
2479 764 89
2585 2210 33
1901 1273 58
1456 1350 34
809 1214 55
1071 2525 86
67 256 77
1727 837 41
2353 502 59
2245 2569 83
1976 1747 99
866 1100 12
2623 2036 78
2157 211 82
38 759 67
2439 1398 96
2367 628 53
503 1845 28
316 1844 62
105 350 93
2526 1790 94
2425 196 57
868 1140 39
93 940 66
2501 2330 83
2463 1300 32
301 2481 92
312 1101 58
1176 62 47
1912 2445 70
1228 1114 38
1832 216 56
479 2455 99
2388 942 15
116 178 25
1445 2203 57
1963 2657 25
797 631 60
2677 1357 59
755 1621 15
949 500 47
1177 2165 63
960 111 31
1414 2237 96
2408 75 100
442 214 95
2393 707 27
1737 616 83
1614 835 42
867 1124 69
406 278 52
676 2280 55
480 414 70
1223 1374 35
2229 1446 53
192 2496 91
462 2282 60
1032 1450 51
1499 1642 51
1954 1469 93
2446 1642 13
1376 1782 32
1846 1871 17
993 639 39
2185 288 15
2383 509 59
1949 772 77
221 2254 80
1617 141 87
1466 1606 74
2310 459 35
2661 1360 12
638 2397 94
2573 519 62
126 1781 40
2291 1951 90
1007 2611 63
189 89 44
1262 2488 39
1352 1656 30
790 901 60
525 1380 74
1528 2640 20
679 327 43
187 1269 85
1610 2043 87
874 1327 12
2264 350 53
1907 1293 31
253 2347 31
2027 1331 25
642 1717 25
385 2332 13
1749 252 43
441 603 64
869 1452 30
34 2075 89
950 345 55
147 397 61
2467 2348 18
294 1397 19
2203 2052 33
1843 423 69
2585 1644 20
1169 864 54
259 1226 43
2452 1855 68
494 2647 39
2561 998 74
2283 934 14
1137 962 35
712 2371 25
986 799 51
600 489 86
1535 1982 93
1431 1814 94
1141 502 33
2551 2614 43
2329 917 20
2327 722 57
1622 1054 47
1851 859 21
2034 54 53
2655 1808 54
700 2072 62
114 1723 83
1176 529 53
2648 1953 31
1548 970 51
1381 1121 23
804 2264 93
1355 1607 14
694 2247 91
74 502 43
679 1076 79
35 179 82
2105 1222 70
2296 2587 50
158 1683 38
2011 752 82
481 705 52
1998 258 13
2391 1644 95
2652 1549 31
557 2084 26
1120 1342 25
1292 437 38
1367 1425 23
2351 2223 99
704 2027 72
2037 1938 33
739 1584 62
1509 2393 62
1173 1952 96
1843 1913 84
1874 418 79
1389 2250 63
1331 991 83
176 2671 44
1013 2315 42
52 500 19
959 2535 51
1330 1081 14
2346 253 26
430 990 77
1373 1321 51
2670 2528 33
2390 666 25
1001 2101 20
351 414 24
770 868 19
924 1799 51
1812 2441 32
2028 265 52
491 1451 87
2522 2218 23
2469 1768 96
2539 272 72
1414 319 71
1243 1981 94
1560 2139 68
2211 2414 15
1035 1786 39
894 923 67
1107 626 38
1537 2107 23
2452 2327 22
1073 2631 60
645 990 83
908 1445 44
2339 1926 70
2290 1941 30
2014 1506 21
1568 1279 97
946 1756 18
315 49 49
890 2053 81
2206 543 36
197 1845 66
1568 1197 47
1263 1840 25
1757 1302 43
218 1950 28
2647 150 85
1141 2048 11
2480 2671 25
105 91 36
1964 1262 40
2125 1672 42
1555 1114 53
1751 1250 20
2600 2124 85
1346 741 27
1059 1363 26
1117 394 35
293 1408 52
1059 2647 63
704 2202 22
471 4 20
687 2036 37
2522 1799 28
514 2479 95
375 2605 80
1 93 52
1534 1370 70
590 542 14
544 2381 55
2146 1880 92
2493 386 31
2275 1070 100
2502 2311 87
2172 1719 80
2541 1196 46
2198 1335 95
1539 1837 53
1552 2331 71
233 1251 75
1814 1001 83
1038 23 33
400 68 41
1345 2407 99
477 1329 40
156 1137 40
1913 612 11
449 571 45
2068 573 98
905 430 71
2428 1043 18
1555 1385 88
1385 1977 14
1465 1597 68
529 932 11
1664 1835 30
727 74 27
2063 2654 61
712 629 97
2369 8 29
427 1752 40
1415 1416 92
460 820 22
619 2287 96
1143 264 48
344 811 70
2557 1806 12
465 108 75
2317 1622 51
1913 782 60
538 1249 32
1468 918 33
146 177 68
1733 1172 89
1736 705 22
2612 1554 81
2220 944 81
2617 712 11
291 1649 80
170 1215 41
658 410 18
667 2010 73
2271 2368 57
1085 1278 55
2470 1812 67
934 1460 57
98 1771 24
978 1212 25
553 83 78
136 374 39
2137 122 12
2393 214 99
2140 1800 30
1125 1450 25
1900 755 71
306 1321 25
1814 1274 94
2044 1053 12
448 1756 62
1286 2325 70
935 2311 68
2584 1275 50
1785 1005 87
168 301 70
1144 164 43
2 854 22
2297 1065 50
772 2564 82
1981 556 48
498 1915 98
329 709 57
1064 1454 35
1737 557 21
2541 1681 28
2386 2154 43
2527 2241 99
2164 909 54
1257 1151 23
1814 246 38
1269 1247 61
51 1580 63
404 1992 42
97 472 62
2267 1123 69
1060 2202 13
2348 206 31
1767 337 68
1995 2364 65
757 2609 99
856 617 61
410 2262 97
1135 1122 70
2272 1709 46
1795 1642 81
2490 65 84
116 2075 13
2541 271 68
1657 1424 37
2591 1904 83
2100 706 23
308 2608 31
1603 2630 20
1863 1246 80
1240 2524 23
869 2082 40
1117 2352 85
2152 487 79
1756 1703 35
1319 811 62
863 72 34
506 1936 86
740 328 66
2609 754 45
1033 2209 93
284 2347 71
92 2352 30
432 2084 57
1073 624 39
2136 2360 99
268 1516 37
2150 143 79
1031 458 41
1149 911 90
802 2007 83
1051 957 40
1863 990 62
1768 2531 79
362 1702 70
1316 92 87
623 2487 29
294 1426 49
1544 1526 69
12 2513 85
2543 1430 24
610 1728 53
542 1389 51
259 1502 83
294 1042 84
615 1057 100
312 1275 58
1794 2496 40
2221 1877 87
2482 2245 81
2004 2484 20
2631 1538 10
2203 2637 28
2022 494 88
1870 1491 46
2428 63 30
1463 148 65
444 1958 69
1377 1453 22
39 682 83
2565 1637 65
1758 2141 80
978 2321 74
589 970 69
2080 483 53
2039 1735 16
438 1345 17
328 305 57
383 2583 10
2418 1626 28
1092 2607 94
634 2299 70
2019 1485 82
373 1565 53
1325 1349 94
2253 707 91
332 2388 56
297 1445 81
1438 2353 48
666 776 26
660 273 47
1512 1458 27
2024 1925 31
1290 2270 10
1620 1368 78
243 2678 88
831 1568 86
1107 705 28
1476 1062 44
1310 2374 73
510 835 31
435 2173 97
2126 2493 68
1457 2370 33
2491 1267 29
1562 1552 37
1666 2357 90
2252 807 50
1205 287 21
223 1936 74
493 595 62
639 1261 30
1684 494 28
1650 1265 37
747 721 67
421 2203 54
1857 2152 52
2257 1774 36
1172 34 87
1796 62 30
2452 1918 59
330 1680 94
203 2593 41
1051 785 39
773 535 76
1060 532 99
178 2597 76
927 2679 56
2521 2186 49
210 1446 78
1674 1442 74
1938 1165 41
357 1314 86
389 499 73
679 2023 52
1842 579 53
57 1330 85
557 821 34
545 1168 77
1531 225 94
1867 29 69
388 2455 75
445 2416 57
1785 1279 96
356 425 24
1823 1831 12
1963 1165 47
29 157 15
2471 1026 29
2042 283 85
1113 2456 46
2018 1338 62
1453 1870 82
975 2012 13
981 2503 28
828 320 64
1214 768 46
467 102 81
88 1680 79
1861 469 49
1842 2277 45
1165 1081 56
1878 2365 83
1461 2141 79
2109 22 35
1876 1858 33
1411 1023 64
525 2124 27
2239 977 80
2187 882 16
1560 857 89
862 1664 38
1939 1120 65
1268 840 40
52 1370 40
1372 2587 22
344 660 10
238 2194 92
1470 2565 20
474 879 95
2283 150 20
1029 2094 64
911 1145 40
1608 2235 18
1773 1075 16
1909 2623 84
181 1065 27
1481 475 87
1280 379 21
2450 898 43
1739 1455 37
1187 1628 84
1196 2030 50
1823 511 64
1820 522 54
2186 68 57
2552 578 66
2449 1341 65
2231 472 66
2653 241 78
1211 1244 31
432 1486 10
1772 762 18
1108 2169 52
1226 1754 95
433 393 27
1317 2116 91
35 1695 65
1460 690 99
1595 1358 62
329 2510 84
502 2294 26
1056 578 45
2252 275 39
2315 1146 85
2051 350 64
16 1171 68
63 1837 25
1624 1401 47
1981 1940 70
294 2636 95
2557 835 78
1069 468 70
1931 1807 81
1453 568 26
1933 2332 75
351 1397 86
246 2606 65
2178 2028 41
1961 1591 66
2469 936 18
2520 2277 97
1584 1848 90
1399 2331 69
217 1257 22
886 542 93
1987 2432 68
297 1413 39
549 691 47
1804 749 27
1668 495 35
2097 2398 23
1592 1194 16
816 2189 65
163 1184 77
252 2071 24
728 1558 36
1453 1399 97
962 706 99
1930 2635 76
2258 797 45
1477 529 11
149 1702 24
2048 1052 49
828 1188 77
1315 2195 78
2079 1335 23
875 218 36
2125 2122 41
932 101 72
2616 1150 91
2137 134 24
419 2368 32
1808 397 88
2562 1864 89
1213 1309 56
1515 2233 46
1994 2093 85
939 606 30
1406 2471 81
1422 122 37
881 154 29
508 256 33
829 31 87
2391 1271 34
617 592 60
2271 1773 59
922 2620 27
2226 1442 53
2507 2233 22
551 83 20
26 1045 10
1878 2672 23
1628 429 85
2305 2119 71
2367 219 100
1124 1194 70
1789 2556 78
2648 2592 61
292 2000 54
952 1877 63
1288 1759 99
957 2533 82
756 557 60
2396 2127 42
123 765 90
101 1225 88
1014 1409 86
1453 334 91
2356 58 52
797 2592 50
1102 29 46
582 1646 38
351 578 41
1728 2400 51
683 548 21
2505 1407 60
495 203 89
2657 982 51
641 679 47
349 1818 68
1424 1810 77
523 1970 93
2147 422 13
1762 2566 50
2495 2092 12
1517 193 98
2463 1291 29
255 1531 78
702 1854 80
1738 1247 54
2021 832 49
1389 1434 84
1207 759 71
1974 550 39
1061 2520 74
1197 15 97
2123 369 22
77 854 80
2477 362 55
1500 1892 70
670 1639 19
150 866 42
116 866 94
1960 963 93
2042 1424 85
1900 2115 13
1342 1585 72
1732 1576 42
2166 107 98
252 661 89
757 940 66
2070 2449 88
2314 516 81
1506 1204 86
1656 387 84
992 852 42
1737 147 70
429 409 15
106 719 84
939 1563 69
1427 572 67
1867 1126 78
1114 2286 10
1840 2174 93
460 177 95
2055 1819 81
1594 2435 39
1273 1804 25
2437 748 11
2302 1995 19
1519 381 56
2261 120 42
510 1602 49
977 567 64
1837 1049 38
1225 2269 28
1158 2498 13
252 718 16
1147 876 40
1386 2053 35
2281 235 50
1805 1191 55
602 312 65
2112 2628 89
892 1220 18
1528 1476 36
2541 143 43
2221 1364 18
1822 1365 12
998 2491 88
2478 837 70
715 2245 41
1270 2227 57
1934 2643 67
742 2223 85
2268 1931 82
2308 1994 80
691 2577 67
2031 258 89
2228 396 27
2069 116 29
421 1933 35
2639 286 78
601 164 13
232 2454 57
211 2293 46
1107 2272 63
4 2487 33
2639 1210 20
2093 933 19
2438 2134 20
1728 531 78
372 1167 68
2543 1432 81
2516 2541 24
951 1399 94
1457 1005 44
1673 431 39
1312 791 75
316 1924 54
2571 1166 40
1132 2044 35
2038 112 57
92 70 26
852 2471 25
1135 418 77
1894 2087 14
1150 1471 52
1418 973 69
2583 116 84
870 1440 91
1882 89 40
960 2131 76
2652 1168 22
75 1440 73
295 2574 16
2367 1295 23
1191 2503 30
883 354 17
901 1806 83
113 1021 61
1841 338 14
1090 1558 63
2329 1916 34
2484 988 46
2615 1380 56
904 2209 74
1839 2269 83
607 5 29
593 976 53
515 582 32
259 822 96
2547 2675 32
810 637 15
22 1140 77
232 66 36
1200 1292 59
329 1790 95
198 1161 38
1658 2133 17
154 2566 31
1950 736 13
877 523 33
536 792 11
383 2229 83
144 2326 61
2652 31 43
1425 1329 93
223 1114 70
850 0 68
2346 1883 29
184 1981 39
696 2022 87
1341 2628 90
1540 1989 57
827 717 33
2340 37 70
952 2559 50
2408 2422 41
2213 1851 89
2368 134 60
1037 315 51
403 945 84
220 912 74
1867 591 26
1997 2461 100
450 1516 61
1029 924 95
1712 1046 40
1338 1315 100
1417 857 29
2428 1489 78
1353 2106 79
2668 2672 66
1926 2198 59
113 1436 41
1049 1464 16
1597 1637 46
2313 1552 77
492 1217 33
397 522 47
879 2189 31
939 2087 71
762 761 91
960 995 57
1990 1500 46
840 1066 86
1032 2131 21
1217 1662 53
223 532 54
858 1450 37
236 693 94
426 1541 15
2607 2517 31
1131 1715 77
20 1589 55
2078 494 86
1600 2223 90
623 198 91
1414 1161 22
1775 2056 10
2069 2598 42
1332 1476 97
1160 559 83
1882 1907 70
1071 2474 28
903 813 44
2041 1690 84
2561 2198 33
2447 561 36
1084 2511 41
1444 1050 87
2324 2227 94
475 2075 97
994 505 44
413 1854 70
356 542 41
550 424 22
1505 2239 100
1941 2529 52
558 1187 50
2472 2305 41
1169 1359 35
2144 854 65
1999 870 79
556 409 57
1864 153 81
431 722 91
1744 2532 18
15 1575 71
15 765 90
1680 957 73
2552 615 59
2406 194 45
1210 494 52
2265 1268 62
994 1872 65
1832 824 22
579 2356 19
2340 1302 27
2395 2405 53
74 2213 81
618 2031 17
1997 2424 51
2673 298 32
2426 2492 62
2011 1311 51
584 928 11
786 1468 29
962 1435 17
812 832 11
1462 1531 43
1135 1985 30
822 2624 18
697 1459 76
2198 1419 23
1948 284 85
1560 827 62
1318 1174 67
1625 1257 10
174 1646 22
1312 1280 40
1792 2533 62
350 1475 38
1633 2255 59
1001 2084 76
88 1514 49
1588 378 12
1556 626 64
1589 88 55
230 1984 87
1311 2043 71
2090 1783 65
1907 525 68
2646 1205 15
1251 264 24
1767 482 29
2671 2341 13
1058 1212 35
1148 1962 30
2580 2257 17
143 2650 25
1548 666 46
366 413 90
1889 2059 57
445 199 46
1494 128 16
249 2328 19
1997 1389 81
2000 432 37
352 47 62
157 1896 38
1995 983 65
4 2576 74
1533 1050 60
884 568 47
2236 116 45
2610 2335 57
66 1901 42
2189 1311 80
900 702 14
498 652 25
28 1563 44
277 1142 95
828 2040 15
1044 2574 80
2046 2148 73
1569 452 55
1851 343 18
1814 434 98
884 580 79
583 457 28
32 2312 72
2335 224 43
1814 1760 46
1771 1915 35
383 2373 14
2026 104 75
1316 76 27
2285 1704 41
1758 2491 27
302 436 58
1563 2264 99
608 2593 88
828 2491 51
2218 1625 11
2578 424 33
2078 2391 64
1102 881 22
1093 1047 23
756 1442 90
920 430 67
1351 1273 38
1771 1770 39
1978 818 77
1642 226 34
523 1646 31
2 2523 93
2379 2361 27
652 1626 35
1239 1045 44
812 623 38
1147 1459 47
2140 2080 37
2384 1663 86
1528 2194 82
294 1687 50
335 2314 20
549 364 19
521 2368 76
1568 1818 37
1743 2072 89
2011 307 98
1407 810 23
1259 1908 45
2206 194 54
2164 1606 42
1628 1561 82
747 1035 30
625 694 55
1308 2411 23
2518 1913 40
681 1470 61
1273 35 93
1 2527 70
2610 276 31
722 905 97
171 1669 46
1828 1739 22
2194 2216 31
716 135 47
2480 2645 92
1266 2017 18
1125 55 16
1781 1509 37
1439 972 45
145 392 65
1868 147 69
392 1355 56
1695 2165 17
1176 187 49
1501 515 92
1469 2477 77
289 2652 36
872 1425 79
1344 542 21
2419 2207 22
459 2006 42
2280 1293 44
2622 266 69
1877 1759 51
920 1623 87
1648 1102 10
513 424 86
310 1596 100
1107 2378 89
2116 850 48
1414 1983 50
1434 780 78
1267 2169 45
1012 2212 10
1446 1010 12
419 1059 51
2096 1081 61
717 1302 23
1172 2480 18
1949 2606 83
1509 2097 88
2559 1736 27
1001 879 87
1199 1943 66
1702 431 16
996 2222 19
1091 2669 40
495 1435 15
1337 271 93
592 688 18
1091 2412 78
144 1214 57
1642 298 52
1426 1755 74
2061 2593 80
2666 1072 36
2191 1934 33
15 2566 80
2010 345 45
1886 169 85
723 768 64
2294 312 87
1025 1903 55
421 2399 98
1214 538 49
1429 205 57
2172 796 55
1957 1432 84
2586 1603 58
878 2072 38
1342 1629 70
1903 2411 66
712 2330 17
1990 2427 63
681 1699 67
592 776 61
770 1358 58
2356 1137 55
1054 706 19
10 2199 49
2259 2590 88
481 2557 52
342 185 29
1701 693 51
2433 1200 96
2457 973 86
1388 554 45
1880 2003 66
1834 1008 37
2333 1807 23
877 1423 59
2286 168 48
2677 991 58
963 1900 55
1943 1400 99
1559 2431 56
2672 830 98
2324 914 54
54 163 61
461 1475 37
1096 349 74
2585 1763 15
726 2345 80
1279 1294 83
927 572 53
370 1644 82
834 1458 51
2158 1681 65
1789 1341 14
36 2137 83
306 678 97
1178 1445 49
1857 77 73
1157 996 38
2219 1073 43
1224 2495 95
2074 1917 22
1414 1365 52
760 1793 59
1090 2074 40
542 2049 45
1469 1772 39
2214 70 38
946 1118 69
973 1389 87
1246 1722 41
901 941 97
2076 2326 91
446 806 71
1517 2038 32
1642 2258 28
2208 1103 35
1207 1133 93
1537 2532 57
1625 369 10
2266 2036 84
243 1867 46
431 112 74
367 793 33
2366 382 41
412 537 78
2080 561 21
1549 229 28
2363 1784 23
1753 375 85
2266 577 92
2120 79 99
347 1345 11
1130 1174 41
1295 561 10
541 426 61
364 1634 91
574 2237 57
1773 482 48
2441 779 17
1654 2583 32
438 429 63
2387 2159 66
1399 164 55
2521 33 52
2587 2425 30
948 1127 77
1698 2342 52
2426 1649 17
331 861 45
2562 110 78
986 1978 13
1386 2033 65
914 1874 68
2368 1723 77
1947 1979 34
2380 1380 19
379 2292 12
2557 53 37
464 1755 67
1609 1902 50
2286 1881 56
586 1256 16
207 335 35
578 654 13
396 2118 95
912 636 46
2086 1169 73
1282 1887 20
463 1543 44
1808 2429 74
1290 929 85
1557 2206 92
2277 1507 14
415 734 26
264 2664 34
2160 69 88
1171 537 11
1284 1519 29
1300 1034 18
1918 869 48
639 1427 100
409 1941 45
686 1926 90
397 1121 68
2175 1110 58
1539 2625 69
1748 2300 36
603 687 53
1390 1772 96
2199 1770 26
1602 2523 62
2073 402 73
1781 1150 67
2554 812 50
2334 1886 16
2250 1331 63
14 89 29
2132 2083 46
871 1073 33
2488 2629 92
2539 2476 78
1761 1585 41
1534 2357 92
1756 111 83
1670 2371 17
661 1035 85
276 164 90
375 1492 66
419 2483 70
2067 1554 47
690 1122 23
882 1446 69
601 1050 13
1065 1790 38
1712 762 50
1710 2129 21
1190 1867 33
1250 326 61
1773 433 29
2537 1890 34
600 275 56
2409 130 38
1093 939 89
2366 440 53
2456 1371 64
718 946 29
1031 783 16
1431 435 27
714 2475 26
1887 1656 76
1485 0 70
1866 1465 33
600 2391 55
2486 105 96
1903 1242 93
238 1527 45
1141 2289 72
921 82 55
2280 70 66
2241 155 12
902 1651 44
1987 1494 34
642 1723 28
2055 792 93
163 2343 54
998 2036 95
1813 394 63
2409 1299 59
99 1116 82
707 2253 73
1009 2405 64
1775 1458 31
718 2199 60
1455 396 45
2333 989 37
844 2676 11
2293 1204 71
850 1070 20
2616 2542 95
1893 1755 35
1101 0 12
934 2322 32
1332 16 32
1485 901 25
2401 1909 52
2409 1539 86
2002 1156 19
1824 1922 67
213 689 32
2552 2616 14
784 1288 19
1818 95 64
896 1172 68
1674 1741 90
1151 824 50
28 1816 56
2274 260 82
2349 2243 23
1872 1506 67
82 708 28
2075 1502 91
1568 379 16
2614 1997 30
740 1795 23
2676 91 16
1333 609 26
1183 2654 75
2591 986 52
935 413 52
866 900 97
932 488 51
1055 470 80
883 853 29
60 2522 17
1911 455 61
1596 1630 76
835 2378 51
47 1641 30
59 72 33
1630 1115 82
756 1336 26
598 192 17
1223 1095 70
30 1106 55
653 411 71
1602 20 49
1652 1382 19
747 1466 40
1465 526 66
1201 2551 98
1510 1806 80
2117 49 95
1001 2021 85
1654 2636 13
1327 1620 77
2626 31 91
1654 251 47
32 23 27
2150 2491 95
2043 982 29
2483 1593 76
586 1816 52
102 1752 96
1706 1393 29
1895 2004 71
2325 93 62
315 2279 66
2627 1145 48
104 2578 12
589 2288 46
695 2561 49
1267 1526 38
1252 857 39
445 1102 48
2138 2463 44
329 1258 51
2514 619 81
1808 1295 67
1255 840 37
736 1649 99
1070 26 26
519 1765 64
1923 346 54
1743 252 48
1066 724 20
2473 1620 17
104 655 37
1966 757 62
2167 1452 89
2156 1152 88
495 1750 49
684 1444 18
28 1541 31
1662 101 36
1276 1651 11
729 575 41
1110 1635 84
2398 1600 88
1939 421 32
2294 1384 51
1519 2392 95
221 147 34
232 1380 63
1324 1264 78
2026 512 59
252 711 46
1692 589 35
1136 1601 100
50 1457 42
2089 898 22
1899 1690 27
1041 746 18
363 1835 40
2442 952 93
2602 1265 92
626 2482 33
848 176 83
2054 1007 14
1701 8 38
363 2015 34
45 2560 49
276 1011 64
1462 1828 85
1087 1240 64
1502 2484 44
337 1936 71
73 788 12
2202 1901 53
980 1373 58
1387 534 11
92 2565 64
2465 1065 79
481 1065 99
276 1128 18
2116 2084 24
757 1181 50
449 121 78
1868 1126 75
1266 1338 93
1117 157 28
353 1305 60
1103 1137 72
2436 665 25
1744 2216 42
541 1669 19
2047 468 16
1207 1113 85
900 2400 47
1393 1869 31
758 344 23
2242 1070 38
2078 1505 53
114 1157 98
1308 1145 57
1614 2457 10
1887 2022 48
317 1315 89
2185 1709 17
2193 152 95
2134 79 53
1885 2102 90
1078 2060 45
1289 1979 37
640 910 16
1355 2208 40
1797 625 36
989 29 48
2609 1056 51
1487 288 17
2427 2527 51
1015 357 86
54 361 57
1788 79 83
839 975 100
1213 160 34
601 1255 74
2200 580 78
1153 2574 57
719 2524 63
1000 2504 43
1353 2334 29
1992 172 29
2483 714 47
299 1720 25
2187 2294 38
337 1496 92
531 1112 25
2536 1082 64
2342 1934 93
2088 1760 77
1351 2121 64
52 456 53
2469 2554 69
2102 541 82
2559 1971 55
1904 1605 26
2274 1834 45
798 131 66
480 132 68
765 1358 35
1358 1377 37
2220 1030 25
2384 641 19
1390 960 44
2206 1886 26
1589 2329 37
1492 1540 100
1322 2085 97
2535 2252 67
1452 1681 14
62 2600 12
290 2184 96
1442 1416 22
223 927 78
2300 1794 48
109 1224 19
2019 1463 56
2006 931 50
706 2503 81
2006 1696 80
484 1993 67
1659 1292 78
1393 406 52
1542 2476 45
2600 2486 24
2364 1989 18
1465 2433 44
603 56 54
2041 627 83
538 850 22
490 1980 32
885 194 52
2051 633 60
708 1576 41
608 82 67
217 2352 23
1907 2483 28
796 1779 32
540 1776 37
1405 1587 14
2672 162 52
197 2337 97
1671 2063 94
1927 698 54
1114 814 48
495 28 70
665 1626 24
2449 28 79
1336 2180 12
783 846 84
1687 1065 48
1909 660 45
2227 2399 19
79 1542 100
1298 1064 81
321 712 60
681 1572 58
1878 568 17
2564 2113 33
1695 93 35
1533 1702 85
941 2433 70
1397 2314 53
2340 145 29
1010 2483 44
1430 536 42
740 2323 61
1156 916 31
1383 2529 98
1394 1440 53
1945 96 39
134 472 57
1445 40 100
399 2426 47
1478 1462 35
1657 932 98
100 902 68
219 593 27
1990 45 74
1923 2320 29
100 2065 72
537 1558 24
2101 121 18
537 83 95
200 1453 49
2334 2122 57
1870 1006 53
704 1024 67
5 778 61
607 1426 61
1788 2606 13
2503 462 69
745 880 92
2002 1437 10
135 1377 84
2559 2030 27
167 1595 46
1015 1050 61
679 2378 84
1361 1847 73
359 1477 86
106 1654 38
1103 1985 75
1938 1870 99
2347 1452 20
2503 777 37
281 97 23
1662 2097 77
1836 2186 29
913 2248 51
2351 1407 62
606 2129 16
396 843 19
1807 134 77
721 533 54
1335 103 51
405 1998 93
1453 1412 45
1553 601 30
2456 967 22
848 1067 42
1428 2240 85
1531 1494 34
879 2057 75
625 101 79
1822 746 99
851 1518 42
1162 2006 48
1789 1693 27
2466 2035 63
1814 1265 35
1022 799 49
1630 2099 72
1943 1191 41
258 2086 67
189 1073 48
373 785 25
1608 249 13
201 396 12
1016 188 59
1375 470 72
1811 2166 70
2248 1669 97
1783 1803 86
164 604 21
1022 1186 49
2590 1671 40
297 1413 18
337 607 64
984 1960 76
1095 439 20
517 2545 19
1117 987 11
888 2325 91
1128 2355 68
812 1537 75
2609 2064 35
238 1580 94
788 1484 47
192 205 64
1177 2037 24
1555 589 42
205 638 30
2613 2071 92
1608 302 15
999 1288 21
2510 2468 16
1931 1558 83
1065 2299 59
518 1094 68
2021 915 89
2101 107 27
0 2391 26
2342 2671 65
1437 2410 50
1626 2001 89
1655 1194 27
1481 1814 58
1265 1716 29
1205 130 53
845 1556 70
963 33 45
2484 875 100
707 988 100
937 1262 53
2296 2622 14
613 531 61
2256 2065 63
381 2350 42
2436 2031 94
1696 2647 17
622 1277 40
2559 767 88
1855 1295 35
799 1739 54
124 819 21
961 747 82
1316 60 69
2159 2318 90
2511 80 95
1121 2134 61
2598 653 26
2054 498 83
2024 1393 45
595 2273 30
446 990 82
1186 2330 25
650 1520 40
2410 200 17
469 367 20
2093 480 91
2662 2128 55
2303 1192 31
2122 1972 99
1220 962 49
93 2481 11
977 2544 62
1015 733 29
182 2056 54
2169 431 87
1850 771 17
1373 2654 93
1594 1396 68
96 957 49
459 2024 30
2033 1114 47
2312 213 23
1678 191 82
550 1886 72
2651 1601 57
553 2480 99
2550 172 36
2618 2383 56
1475 1809 93
1675 1565 16
1261 1121 11
588 800 80
1024 2233 89
1219 450 74
1828 707 47
1794 1954 13
1317 1848 40
655 1335 87
272 1308 19
601 1048 84
1792 1005 75
2339 2423 36
1175 1639 69
1463 2486 42
1049 2016 78
2008 1127 52
1554 374 94
2307 2026 18
1997 319 45
157 1006 11
1969 1119 25
696 570 67
1070 1628 48
2677 0 26
1791 1222 18
322 1930 23
2192 1353 57
864 2647 76
2180 558 26
712 448 63
2609 1958 22
165 1575 59
2105 1385 64
2464 599 82
1038 186 36
1485 2526 62
2243 1879 48
632 116 92
325 1310 30
834 1077 30
607 1091 100
522 2064 64
1851 1520 68
77 39 75
263 1887 40
519 1834 68
1859 1251 51
1759 2596 26
1919 1241 33
1693 184 79
1912 44 24
2087 1073 28
1822 2471 25
1988 811 64
913 1392 27
1034 856 13
916 510 89
289 1964 15
1855 137 38
2408 2318 80
1860 273 10
582 2543 60
1997 968 24
1059 1110 80
206 1068 91
194 1251 84
340 102 87
1426 1296 80
2509 1551 79
2315 858 97
962 2035 65
2155 1526 54
880 2519 13
163 755 44
2077 2040 44
614 2253 15
135 2224 68
1583 266 46
1440 744 72
2078 803 44
60 1430 35
2170 2113 30
2074 2617 49
2499 1282 22
2051 2546 11
745 398 11
1174 466 69
1882 2065 31
927 1762 30
160 1424 56
732 2629 61
2317 2106 52
2259 2393 50
2074 911 42
2099 1292 85
2375 964 54
634 870 67
1511 687 99
1144 1832 57
1047 151 43
1116 760 11
710 1009 49
1159 1557 87
1221 2646 24
1277 758 60
218 62 73
900 1890 11
1691 805 11
1771 1987 21
809 321 63
957 2053 50
2370 1680 73
325 352 45
1216 1032 91
1079 2652 45
2109 1277 46
2523 1284 26
1763 1247 36
146 1070 92
1538 590 12
502 774 36
2322 306 60
2483 2177 65
2116 766 37
556 1603 42
878 500 79
494 1461 57
2317 215 96
8 747 38
2329 1240 14
1541 1534 73
1457 2228 35
1540 2325 66
1348 812 91
2528 335 17
997 1185 28
1764 738 39
2010 917 37
2290 130 68
2390 2612 50
1041 287 95
1618 2131 96
733 1757 88
2502 839 41
2142 2139 89
427 226 11
2346 1911 23
1896 412 41
907 1768 81
192 2010 30
2040 1025 49
437 549 32
1844 1990 73
2059 589 37
1680 1344 35
1615 262 12
972 67 68
727 2594 13
522 711 71
1706 1489 48
1892 2207 54
886 426 47
735 826 56
922 549 59
898 1027 91
2634 1614 70
2258 1822 80
759 2210 71
88 785 83
1111 2563 79
1484 2532 40
1956 301 66
1971 2374 20
1054 540 44
2316 2188 34
2495 1684 30
724 955 10
309 1899 42
2001 1839 78
490 2358 60
518 715 78
1410 2012 41
1557 2214 54
992 1041 37
2141 2638 56
2344 69 41
2231 2495 61
259 1551 86
279 2268 21
793 1998 46
1636 2351 92
2050 1831 93
1162 2238 64
2329 1753 56
649 1385 55
991 661 32
314 2061 29
516 437 67
241 916 15
1438 1191 82
1269 1669 28
1670 2005 73
2166 364 42
785 1397 47
709 772 40
736 1089 98
983 2583 57
1808 1498 27
1122 2668 66
1348 982 83
934 1128 42
782 1380 93
2234 832 80
415 1799 78
1476 1953 46
1326 1365 59
2221 330 41
1403 2192 58
1707 754 11
2004 709 93
1857 851 95
2135 490 43
311 535 35
1976 2061 21
358 563 35
2087 600 49
1056 1415 64
2197 1569 23
1280 168 35
2261 2413 13
2199 1815 91
2494 762 49
1847 2052 28
922 95 64
1972 309 91
1658 2439 32
1229 1662 67
702 1924 85
745 1097 88
326 1127 56
1659 1114 54
579 2344 50
1871 422 12
1776 2396 34
2024 2644 44
521 217 14
1730 2007 98
1636 894 77
288 1535 57
74 95 64
2610 37 81
1415 2226 70
1485 1443 80
646 2380 34
503 1549 17
1784 2215 96
21 2052 39
730 707 85
1369 1807 20
1782 1276 77
2639 440 24
2274 408 37
2154 346 55
644 721 47
907 1296 66
1263 2580 40
10 884 62
1153 2287 80
2069 1327 64
2322 2619 86
1255 94 57
1836 1037 39
734 2225 37
1478 2181 94
2326 2533 27
1860 1969 32
2391 834 99
884 2333 19
2305 2539 54
933 1305 21
2371 967 99
1177 1841 25
1094 708 62
1854 2116 71
624 1665 40
1370 2559 24
2505 1693 33
1351 321 84
273 1564 85
2488 160 32
118 1919 55
1048 187 99
2676 1856 42
448 27 74
1302 1626 38
420 1614 25
1315 95 29
329 2129 20
2316 229 91
499 1402 64
1073 524 21
1585 1057 54
1988 1779 85
2207 26 18
1060 1477 84
330 1064 57
2264 1952 70
278 1880 95
777 1311 91
2038 1743 95
912 2153 18
1622 568 100
144 2191 70
1170 1072 74
524 370 81
438 1719 83
525 2000 52
695 806 25
1696 2137 83
305 887 40
2488 416 15
613 1913 72
1804 1785 49
1669 129 45
986 2388 36
880 939 78
1006 146 64
217 318 29
357 2404 48
949 2066 100
1086 1748 67
2085 891 70
1567 1289 55
2391 1714 57
684 1387 93
578 2176 83
2586 594 46
714 1206 25
529 628 37
794 1620 49
2467 1886 78
1897 747 56
384 1630 59
642 2216 65
1717 1531 32
1203 2257 58
512 1044 13
428 1902 74
2257 2445 99
2265 1968 20
2513 2615 100
433 1604 96
53 2034 82
2243 235 90
1399 938 40
1403 666 48
1638 1537 63
1945 299 88
1670 1678 35
1384 1541 70
1116 26 95
22 1834 96
2628 908 35
713 1775 74
1113 1601 52
879 370 17
460 1042 72
122 852 87
189 2260 79
2282 1514 49
2157 2237 17
1212 2586 90
2424 2420 80
1746 382 65
56 132 99
1710 989 44
309 2039 77
1831 1032 37
63 214 72
1666 1165 79
2152 1403 18
979 1118 18
1191 1811 13
916 2542 40
812 2279 92
848 2625 99
203 1118 57
284 915 90
2364 1939 96
2046 2231 89
1819 1898 26
1892 927 91
1692 607 79
1360 1462 37
1369 1835 88
1725 985 39
2099 2537 57
1199 1302 61
1944 1572 64
1635 74 50
999 855 64
951 362 77
224 854 97
2576 861 52
1062 236 24
717 1738 18
2089 1257 78
2486 2163 82
2524 2632 84
347 1984 88
1947 2228 30
2518 1777 52
1070 1935 86
1202 869 65
1646 1975 43
797 319 64
1305 2675 61
1071 2608 100
548 1712 95
2614 2383 82
2608 1205 95
106 2355 14
1784 547 26
81 1088 99
649 126 15
688 1322 63
1315 2443 92
699 493 62
2011 580 90
1465 536 86
1890 1942 76
16 2070 24
1582 2607 26
819 2208 33
1790 2349 81
2114 793 63
1294 2091 18
598 341 24
937 401 69
725 1670 19
2558 280 89
1609 2398 14
1704 793 47
586 213 40
1398 788 27
2002 1890 58
1323 1705 20
1968 2581 72
857 2658 19
389 1404 14
1886 853 64
1851 1587 83
69 2028 69
1602 731 26
1186 2492 63
613 2268 86
679 1403 60
449 585 70
2180 544 15
961 968 11
2570 1870 60
2553 2510 69
2352 2170 94
1165 2516 63
685 2353 93
204 968 82
659 1596 33
2263 163 62
951 892 99
1464 418 58
2139 1998 81
183 1033 62
272 1996 25
1303 390 44
508 1586 84
492 1358 21
868 1783 36
2495 2496 66
377 2172 47
67 1434 53
1814 1472 69
1948 1208 47
900 1369 11
169 122 49
528 307 51
1266 1844 92
2076 2569 20
1361 894 13
291 2146 75
1295 2320 64
249 2632 14
217 1085 81
1175 389 25
2597 243 48
2638 471 91
1215 191 62
2240 919 19
1174 535 17
1786 320 44
2377 1718 74
523 1132 15
1928 2549 37
1964 1166 68
97 1290 34
1444 88 49
2161 1595 28
50 1067 31
1454 710 83
1478 1396 84
1725 1995 73
861 1380 97
920 1459 75
2454 873 89
82 521 89
1044 1168 66
1035 1480 33
300 1206 78
1733 1528 78
730 1751 96
444 1908 40
2255 1366 51
1590 930 56
1094 1517 70
2225 481 58
1900 1842 18
424 2531 20
1607 854 58
418 573 54
2099 558 53
179 2377 79
2657 4 68
1517 959 92
2263 1383 99
1634 842 78
1399 140 70
711 2243 27
1528 1849 90
2609 1226 18
1966 1104 67
542 1780 24
1254 1238 56
591 1543 82
1306 2582 93
83 2028 92
644 1754 56
954 795 78
2329 254 58
1613 146 33
950 187 30
1449 221 37
2025 2649 54
400 2438 66
1141 1674 74
845 2583 19
1429 1521 96
2079 687 95
340 1009 28
890 1142 90
1205 1785 60
273 2137 36
1018 2586 66
2570 2421 50
2214 1821 81
777 369 49
2088 1781 73
1941 1318 57
53 2135 65
1442 1014 10
2481 958 82
574 1021 96
757 2266 24
1914 2398 70
2185 1062 49
1904 2261 83
1053 956 76
1329 1837 52
1437 1531 67
593 829 97
214 907 99
2075 140 23
571 1230 35
686 186 71
1019 2283 23
2208 327 20
1642 2481 71
1114 638 50
1810 1586 23
787 1407 66
1548 1882 50
2060 1293 28
1271 704 13
2366 463 15
1304 599 44
61 1976 38
2040 1222 43
936 1314 13
1523 1574 76
2074 730 27
2332 690 76
1521 994 78
1958 128 38
236 743 26
1509 428 78
1108 220 81
10 2347 39
1266 1036 23
405 704 85
1886 1031 34
759 843 67
936 946 49
2637 353 82
1912 277 66
885 1292 92
1175 1916 91
809 1903 36
766 2024 28
2017 1293 92
1464 1767 25
1072 373 42
834 766 34
2241 1555 76
2102 752 53
1840 2281 39
90 1576 40
882 1072 80
967 129 20
2007 584 35
2633 661 15
1677 1799 15
2014 117 93
733 1077 59
1541 1428 94
1362 1070 52
2664 1610 79
733 2327 48
478 207 69
2021 240 90
114 854 18
842 1740 53
2375 795 32
397 2461 39
836 802 100
567 1334 69
1956 884 98
667 2567 45
140 851 67
112 1329 63
255 2655 16
2014 203 32
1537 1159 25
2069 494 48
2471 2167 76
868 2433 81
1714 835 82
2613 1903 17
1223 1330 51
2413 1145 10
1587 611 77
831 911 68
944 580 96
538 116 41
460 2067 85
2404 725 95
2051 1177 41
1339 571 73
398 10 13
2553 1429 25
237 1474 94
485 1911 57
2066 78 88
1929 812 38
952 173 95
1969 757 42
768 113 56
2104 1126 64
915 2631 19
745 2140 98
57 963 17
2203 990 74
367 814 47
1141 398 63
2346 121 10
2187 1113 34
1103 279 14
284 928 62
1942 1483 59
841 1807 66
1026 471 88
38 415 14
1374 1139 60
2500 1663 51
1231 1733 15
2477 1520 85
1920 608 68
1413 2326 30
773 645 15
979 2283 42
1209 2290 68
1917 1108 23
2061 793 29
495 149 65
2312 2000 59
1773 2203 35
1173 2144 84
721 2663 11
1561 1284 37
2188 2181 63
2050 705 17
196 231 56
1635 960 18
1086 1121 15
914 113 54
2226 2026 65
350 1490 82
327 434 46
1341 1297 16
667 1644 86
2309 1274 12
1224 1412 87
871 1340 84
2399 1477 89
196 68 32
777 572 11
1164 2620 72
2563 1337 14
2310 1160 62
1909 675 83
1456 204 73
1632 1163 35
406 991 61
876 247 21
1728 280 98
2502 2350 52
1623 2295 15
706 1166 64
433 1594 85
1031 936 78
2611 2039 74
1550 1712 33
413 1742 25
2351 2357 64
732 2310 76
381 1967 53
2548 118 94
953 2100 54
1091 1109 70
845 1438 22
1662 17 20
733 1273 99
995 2229 30
2102 548 52
2578 1364 86
462 528 60
160 1739 76
379 1043 20
2051 2291 83
2367 1730 97
474 135 52
23 1137 36
1215 1065 70
2404 2366 33
1904 1460 40
1187 1026 74
2373 2244 15
990 2374 43
139 1089 68
893 1065 79
114 2189 96
1849 396 99
873 1989 54
1355 1937 37
2174 915 56
2199 439 32
2330 2041 56
709 364 20
1929 751 59
1239 1416 67
1330 1143 95
1649 871 96
53 1275 78
1007 147 31
964 2488 34
1784 1929 84
559 533 51
1029 1115 59
1183 2059 28
38 318 61
2351 1184 77
1814 818 82
889 847 17
2364 2018 43
114 1687 52
2337 2148 60
1357 1319 41
673 632 37
2144 942 43
1504 22 20
2145 2654 17
1303 1953 81
846 352 58
2598 2383 20
2011 237 54
894 2140 12
1219 931 43
2652 164 10
2653 2534 39
2564 1509 93
1594 497 97
65 447 66
1972 1893 44
1307 2357 23
2148 1877 45
2262 210 12
2168 1140 52
159 2277 87
169 292 74
2219 1098 57
417 2551 55
827 50 33
1006 1957 86
1610 856 64
1667 2099 73
1111 2580 32
97 1215 56
1751 114 26
376 1940 69
1089 1553 13
2144 1078 55
562 1743 80
147 1659 73
557 715 74
184 1050 71
1874 1775 95
68 1466 43
2146 1490 66
1098 1924 72
1927 1561 44
2151 1653 89
362 2307 92
2168 541 54
1395 959 73
55 2661 35
1445 1359 97
2086 565 83
77 365 34
2183 2387 59
1715 768 69
1933 1109 11
2227 1263 52
225 1646 88
1861 1423 37
1121 873 55
2658 1848 40
351 1419 34
1295 681 21
515 902 28
1524 1943 79
1206 735 91
1244 567 39
2256 2581 91
567 2565 34
2075 706 18
1326 1659 59
641 145 16
2013 346 51
933 2123 60
2161 2344 61
1501 1170 67
1316 1359 77
481 1300 35
851 690 96
16 1326 20
1178 77 26
196 2481 64
737 172 65
616 2241 19
1390 746 59
443 193 74
1833 2345 34
2349 1010 29
1983 1588 53
814 1497 45
192 2297 36
1190 1985 44
683 1230 22
1474 1160 66
1640 533 35
971 137 75
2253 704 30
1309 1699 79
2016 1326 95
1845 1174 90
922 2292 46
692 1015 13
1448 2302 68
2083 1131 36
154 692 75
1049 1966 86
1951 1554 41
1006 299 77
166 1272 98
768 1863 25
2122 1383 79
2373 2641 15
1876 19 91
640 773 67
316 200 81
251 1310 46
779 1470 24
1038 467 84
1477 1322 53
468 2615 72
396 237 52
2220 778 31
152 2038 58
2200 105 31
799 2517 15
184 2264 25
2509 61 40
679 738 13
1605 736 56
537 2502 94
992 2330 96
730 1190 59
2144 1920 55
268 1229 56
2004 536 20
243 1746 28
773 1655 60
205 2413 97
2168 1484 23
2211 1041 21
2091 1568 68
288 1307 43
1861 1597 28
306 1225 54
2226 2463 77
1095 13 47
888 703 12
2557 1512 15
1521 780 41
285 228 67
2298 1695 84
1632 952 84
2301 750 57
264 1550 91
1898 1961 69
571 1372 29
298 2042 85
766 1566 88
1347 2140 87
1249 703 48
1481 1667 58
2238 2626 12
1120 2383 23
2612 1920 23
1022 2532 14
2230 648 85
873 372 100
284 1292 49
1187 1897 36
2100 1261 82
728 562 80
472 1904 81
181 805 30
926 2483 16
693 1937 45
2372 1977 90
2490 2245 78
940 2485 51
2651 1437 21
1169 1642 37
485 225 98
2549 2305 52
1477 1253 72
2475 2130 76
831 2283 44
1502 1514 55
2520 197 50
1035 1199 76
1178 569 33
1262 1183 19
1590 983 59
630 979 68
2132 1038 59
950 757 38
940 977 50
37 386 66
902 2021 84
662 2165 96
121 1375 56
1124 724 42
1999 1918 74
955 1706 52
68 784 75
471 1653 62
881 225 48
276 2555 80
345 1630 65
1031 1951 92
2015 895 99
331 1641 21
55 2206 97
1035 1513 80
641 2306 83
1624 2317 90
97 2560 71
322 1503 85
2300 521 63
753 40 84
384 272 21
581 838 46
530 982 83
662 2099 59
2098 359 77
2410 1770 37
843 2664 68
2665 734 82
276 2301 93
245 1731 76
799 1254 91
1111 2016 89
1084 146 76
2534 90 25
624 611 63
2097 904 71
2570 2638 90
2492 106 76
1793 1014 97
1392 1085 45
2601 2576 95
982 2009 95
203 2004 38
2189 486 26
230 290 19
2449 2518 17
985 2248 13
804 2500 46
2099 1579 76
101 814 61
3 800 63
101 106 16
997 1800 18
188 615 67
2508 2673 47
2264 13 93
2016 2167 74
2528 2099 80
1096 801 64
2123 1519 56
2244 1337 12
1312 1190 32
1870 2517 76
963 1790 24
944 1690 33
519 2154 37
2485 359 14
1484 562 42
1197 583 24
2273 2215 71
1441 1294 89
2086 2396 15
197 1179 83
915 336 24
580 2337 96
28 474 25
1993 1191 88
302 1856 60
2546 2513 12
1395 1983 42
1146 61 19
1983 2611 61
2150 355 60
421 2104 49
79 193 36
806 552 48
969 2375 92
768 618 38
1814 212 18
2250 396 42
2097 680 73
39 1432 30
1229 597 96
1269 946 50
998 1840 80
500 1073 74
1455 1981 82
297 1742 47
1168 1008 13
2391 767 51
59 38 33
1647 968 75
909 569 87
391 1506 42
1383 257 85
632 1989 40
407 634 75
1204 19 86
1372 2282 22
2347 361 48
739 1174 31
469 1782 28
1434 2609 66
2321 1665 40
1804 592 79
1579 2543 73
1332 895 22
2504 2676 94
231 655 60
379 1333 56
1623 914 38
1426 2537 51
1272 2633 77
1545 2157 56
1035 310 89
2601 2027 71
1418 725 75
134 230 16
1531 609 33
946 281 49
2541 1065 61
2528 674 74
689 361 18
947 1818 54
208 452 90
1705 901 72
1298 1998 28
1123 1157 80
1023 1818 46
2327 1814 87
1801 215 28
2348 1374 78
1022 594 84
1167 363 82
1023 2275 68
1271 2220 71
379 293 26
853 1586 65
967 1526 15
2245 2583 89
2187 877 84
2403 1187 10
2135 364 12
1406 62 37
1547 2671 98
2229 2634 36
1354 7 25
2112 1870 90
807 2087 81
1486 1384 96
1059 1768 39
1805 111 84
2017 1695 34
986 153 44
155 2012 21
1993 1504 59
423 2436 11
2624 552 25
2659 2405 67
1286 2434 19
216 181 94
2330 1263 27
2181 1947 23
2567 754 74
512 857 90
836 1676 37
436 983 51
1934 736 29
1287 836 23
1438 1631 27
908 1507 14
250 2212 40
952 869 73
1623 2319 93
1988 632 95
1104 1431 11
2502 1095 20
1831 866 39
1919 52 49
1517 2391 23
1657 154 87
1303 19 18
2289 407 31
446 1308 66
1959 2006 91
2481 302 35
1246 1186 36
900 967 72
2294 1692 13
255 336 40
1782 1060 61
231 2010 64
2078 1561 64
2002 2226 85
1996 2241 50
566 1186 67
1517 1959 83
280 645 67
886 1744 11
1808 1409 33
1586 1753 10
2505 1832 10
623 441 76
1626 1064 87
2420 1580 52
2160 981 10
2407 1393 100
86 1160 73
731 1181 49
18 2450 27
2596 1226 19
1413 2169 16
52 2187 43
774 1067 83
1169 1226 55
89 1348 20
219 961 60
616 1238 46
1692 183 91
273 2387 11
57 112 45
1658 1559 94
1854 2589 55
57 1752 96
1606 840 71
1553 1971 27
3 1142 38
253 314 99
584 881 43
1688 2144 91
984 2364 25
635 2539 35
2034 1154 88
1668 570 10
812 1252 26
1011 2030 89
281 2116 85
1924 1505 19
1543 906 20
1924 221 41
1776 1940 71
2572 510 34
1742 1620 22
2483 1289 75
316 1580 29
1494 2189 80
232 1789 15
138 275 92
1601 1030 78
853 429 21
1675 880 96
1323 1950 50
956 1244 63
1510 1499 37
383 1262 96
105 2559 87
827 2558 85
2620 733 24
1060 2061 73
418 2340 42
1127 9 85
1695 467 40
783 94 15
322 1945 64
2410 2273 72
2609 1937 66
1343 601 97
2663 1266 65
2660 1323 79
423 2064 60
1413 2016 67
308 1978 97
1048 1833 48
2311 1418 11
161 1391 69
100 1010 22
724 2259 47
2019 2028 13
1258 372 24
1878 1373 44
102 2510 54
1002 854 82
2357 2648 14
0 887 19
946 1972 99
878 2344 63
2406 737 83
217 1845 91
593 232 39
607 869 74
452 1730 51
863 1487 26
852 1133 50
1554 1714 73
134 809 83
521 601 48
1846 290 29
1694 2304 91
1516 1052 20
2618 154 30
1249 412 22
892 365 74
1296 1888 38
419 1484 89
2207 640 21
1457 209 49
290 382 33
2676 857 22
865 2275 63
2162 1189 42
2498 651 48
2647 1046 58
2269 2280 47
2468 2015 44
2672 2220 26
2185 2072 41
744 1637 89
2535 176 71
967 155 56
910 676 92
484 1242 48
2197 783 41
2096 50 91
8 2661 54
444 280 90
660 1527 86
2050 1346 38
1668 487 16
1651 1642 63
1181 2140 42
15 152 32
937 23 81
851 491 77
1879 972 82
561 1084 77
198 957 48
1018 724 47
204 2625 41
2027 2334 90
231 985 56
151 136 62
1375 2170 33
1557 574 75
1091 2138 18
114 782 83
1999 1466 26
1454 2575 75
29 2677 47
346 914 55
1332 985 92
1901 849 80
2461 162 42
1177 1200 17
1756 943 49
970 1528 76
1483 802 77
1371 638 65
905 1240 88
799 1454 84
1344 93 79
1628 1317 82
147 801 27
1980 1617 100
344 1352 83
1663 444 84
413 1657 54
215 553 48
2216 490 81
1212 1586 47
1909 932 52
1834 2513 75
1296 2591 47
1273 1462 39
2628 537 58
366 2193 24
117 2629 63
1930 2636 50
159 644 38
1213 5 72
1614 1036 82
1948 2622 27
1897 2254 68
869 557 42
2249 2570 79
115 2261 77
735 17 58
359 993 51
1674 1316 20
2580 1635 86
1726 1936 58
2639 1815 47
1127 232 89
869 335 98
2076 491 20
2487 43 20
963 1934 91
137 1836 43
2193 2465 49
1972 1931 16
2453 1399 49
569 2062 25
1624 1247 73
2089 1046 19
356 982 43
1565 617 87
15 2197 43
2417 319 54
1545 1923 59
2640 536 86
952 2457 37
1871 1019 83
1457 1518 91
1841 319 55
563 35 70
1170 1067 45
38 200 14
1910 1790 24
505 2256 29
1572 1448 93
161 1716 56
1484 955 97
1183 243 51
545 802 41
2335 372 86
1923 2435 50
2404 1374 49
2268 1827 26
1341 1288 67
1893 1901 32
2247 927 71
2084 2110 45
361 1584 92
2509 2227 55
1041 1957 81
2413 1071 17
1414 2219 34
157 2166 53
2516 891 97
100 886 71
1419 1272 64
2392 2404 87
2502 1388 67
802 340 52
881 2665 60
2567 2384 68
1109 2077 74
728 329 65
672 2423 93
335 1415 36
1872 817 96
2291 1257 61
1693 1320 81
328 2195 39
702 486 48
2023 987 28
1667 973 63
944 2006 95
1695 357 57
111 149 97
1202 160 79
1023 1877 77
2444 543 49
2524 1278 89
640 506 10
2205 1310 90
1644 1988 89
2171 1360 20
1875 1665 71
110 1087 61
1502 2446 78
1472 2400 14
992 2112 82
2070 1645 43
1381 210 22
1944 2013 47
1596 1249 28
1832 1582 12
2428 351 38
965 2290 98
939 125 67
1 539 19
1990 1320 85
2330 1969 55
490 356 69
193 398 48
1969 2116 19
1885 1766 43
1830 2415 28
1122 27 76
744 2117 17
716 1324 22
200 2666 97
82 599 30
1443 54 80
1400 1622 17
1678 471 61
1804 1234 51
149 1990 76
2069 1621 30
2423 429 98
868 2034 66
2129 1770 38
1940 1962 44
1586 1783 64
783 2294 85
2585 1287 88
2655 193 100
907 2433 85
984 987 73
2651 773 59
698 1546 80
2412 37 56
1240 2207 68
432 256 96
2635 2115 43
1572 1235 37
1102 1303 51
1628 1881 53
1920 1742 56
151 2102 24
1013 320 11
933 146 73
15 76 49
369 139 66
2676 1327 18
2041 2039 34
2139 2020 41
880 1596 97
662 1733 65
1784 1456 45
2489 1907 45
493 499 30
218 2218 12
1634 547 63
721 57 47
2575 346 61
1430 1500 70
357 95 28
1554 2476 26
1397 2286 73
2597 61 77
1998 2444 90
518 388 66
1198 291 97
1824 390 39
331 1799 90
1468 1852 47
942 306 87
1169 636 10
1602 265 43
1604 2521 98
1031 1343 41
1627 1998 59
472 304 18
1380 1169 77
554 2239 16
2439 1081 65
1457 2310 15
281 738 23
2385 62 62
1856 304 53
1936 670 37
1610 253 19
1002 246 17
1037 1563 11
980 518 60
446 287 60
450 2667 54
2111 1947 97
1263 2062 89
2372 83 11
2412 2619 58
97 1190 71
298 2487 63
83 2422 21
2668 107 79
1870 1070 41
689 1175 39
480 479 60
2013 524 68
2640 273 59
879 441 44
1364 898 34
1043 1660 47
74 876 39
2455 778 41
1336 464 65
1598 2673 16
1463 1673 88
1560 2231 50
1951 2654 55
772 991 79
1388 394 16
2075 2043 80
1339 288 92
786 434 57
1794 2505 14
2203 646 10
1892 905 66
1511 2479 76
2383 1070 61
753 151 41
931 529 22
1365 1077 41
2210 636 18
562 626 82
2429 354 80
2108 2537 46
1325 2025 84
1399 85 72
842 9 44
2309 150 93
1525 1096 15
1640 2612 91
2141 2060 58
768 1218 12
541 604 86
252 94 57
445 2533 73
258 709 53
218 2331 24
761 1615 62
1665 1834 31
2135 1685 52
97 2485 53
1723 349 91
1266 2615 52
2152 580 63
442 2648 43
1724 2247 29
970 395 60
2082 283 82
1688 2314 98
576 2079 67
58 251 52
2595 2127 46
2474 1570 21
955 721 37
705 1293 94
137 209 41
2049 1979 46
2105 1245 94
1376 772 72
409 1091 45
1332 926 90
232 1942 68
282 2644 23
2441 926 77
2521 1659 15
1733 1158 26
976 1651 55
866 880 60
2666 1676 26
1192 89 70
426 227 72
614 762 100
1280 2062 68
2350 2166 99
1114 319 94
1553 2080 78
1332 53 53
2298 2629 91
1010 1129 39
1239 2161 11
2217 363 52
1472 1626 63
1573 1660 90
979 2166 82
2549 2420 67
1424 129 46
1034 1012 72
488 2367 19
503 265 84
938 482 78
2453 1727 12
598 960 55
1443 2352 70
2155 772 30
1095 1919 90
2058 1474 52
665 284 91
1620 1047 66
2454 1462 95
1745 990 97
1276 1671 98
450 833 80
295 1718 73
1259 372 18
495 2376 80
574 659 86
2294 1747 60
169 2393 42
2499 907 33
2450 2541 84
1064 1118 25
2371 2582 18
1739 1812 98
2574 852 47
1608 2096 20
2449 2373 64
553 1247 18
485 1549 15
1365 1425 78
1651 2247 25
2025 1855 19
1560 1193 10
2100 347 45
1503 1744 22
1884 2433 94
238 1433 93
802 1583 89
287 1667 34
457 117 69
2198 1516 96
1473 699 90
2061 2034 36
780 2520 52
1082 1916 72
2075 2653 98
123 1717 22
1977 1921 46
1816 303 13
828 2271 22
763 436 41
1130 2093 28
2079 1858 90
929 2464 70
1336 303 38
676 1058 93
1836 1937 76
431 2036 38
1200 2097 59
2640 381 41
607 1057 36
1790 2569 32
1768 2181 26
686 2057 61
1662 1878 33
347 2446 90
9 1840 81
1380 1757 43
1725 793 19
812 481 49
716 2222 26
1933 1039 64
1271 1571 17
478 1493 73
983 2201 52
2222 1163 16
2316 1557 54
1483 1109 25
307 1987 28
1346 1986 33
1688 2440 72
1855 1736 53
2332 1148 44
1214 2241 31
1494 608 32
1985 1129 52
764 1990 75
982 152 36
1767 980 11
1366 2548 85
1285 1582 64
191 516 16
9 113 67
1032 1760 26
281 1317 86
47 1050 27
495 2437 25
285 260 34
1792 1668 69
1703 24 43
2042 809 35
1564 1697 100
677 757 70
490 2345 86
747 1390 76
1554 2016 23
1486 1278 88
149 2508 81
653 2632 77
2322 729 26
38 2008 89
1494 434 52
1930 1144 46
2667 849 46
760 2413 49
1483 1067 30
1730 2204 36
2483 671 64
1850 1969 65
288 1092 48
2354 1994 81
448 562 26
2444 1655 62
1482 63 35
1592 306 78
151 249 18
2252 27 61
346 551 16
1481 1818 51
2486 1712 12
1568 823 93
233 614 14
1635 1827 85
35 595 46
431 1086 19
2354 2453 97
45 442 17
351 209 55
468 430 51
2303 2239 79
2313 2193 24
1205 2119 96
360 1202 78
1250 2515 41
2266 860 88
2124 951 69
2018 133 39
212 1453 93
623 217 85
1483 1796 37
1774 2362 85
915 1304 49
75 343 38
1075 2660 87
2248 984 100
533 746 39
1023 1903 69
2216 2610 69
1596 1067 77
922 2323 26
894 456 31
90 2638 62
364 989 83
2141 59 53
1988 2317 93
1528 2243 96
1756 2403 85
2276 376 98
739 2082 48
91 1515 10
2541 1876 10
454 2609 45
2371 885 22
2111 314 61
2261 1012 86
1633 338 93
436 1960 10
597 1485 41
1175 334 23
2246 396 44
402 931 84
2382 1422 15
1269 1183 66
2517 1768 83
901 2590 68
2250 1478 48
2118 662 46
307 1681 43
483 1788 84
1135 766 45
1821 1817 49
1355 2355 84
2603 1405 100
325 1227 57
897 1307 62
1321 1388 49
1264 1299 26
989 668 71
2546 98 51
1265 1429 99
48 2404 85
1576 1107 67
1607 2237 59
1614 1213 34
439 1895 23
381 557 48
1129 209 21
832 2 27
1148 1864 82
908 847 90
2075 2388 68
2542 2149 83
2206 1230 16
1048 1831 32
313 2410 16
361 849 35
379 1557 62
1810 891 14
602 1485 19
2353 2152 98
998 2462 26
239 2512 32
668 2601 47
721 283 67
1532 1579 33
570 58 79
826 1749 80
1671 1219 85
1867 1487 56
174 1388 84
836 2222 84
1935 2057 29
359 514 67
2564 1356 13
1676 532 77
1085 407 74
521 1027 76
987 230 37
2104 1359 97
1193 376 11
341 687 49
140 1354 29
1497 908 77
1413 2171 11
567 287 48
1892 1828 13
1872 1977 83
931 1247 56
1347 2238 83
45 1063 37
1167 1656 79
1147 1131 43
1975 120 47
2325 614 50
2443 2352 62
1617 38 45
1918 1726 83
871 1279 12
2556 86 39
1067 598 83
1186 903 36
856 486 71
902 730 68
1713 1184 24
54 1673 19
649 1819 55
1104 2310 34
709 291 13
94 1854 55
523 1639 52
1087 977 48
850 568 50
517 1714 20
369 449 48
1998 2545 71
1098 1106 36
2338 1425 63
2119 1025 49
1212 1399 56
1224 766 52
1391 2366 53
1872 2087 71
1762 371 35
2213 135 65
807 230 33
2508 842 62
2088 336 90
526 705 20
2530 804 53
1879 943 96
1235 1306 93
2291 296 44
2080 838 65
1486 821 42
2349 564 59
603 2101 70
431 2229 11
2477 1971 21
1833 1398 87
1836 477 52
666 195 13
452 2606 40
1529 299 78
1094 2350 91
1238 1237 50
2503 137 43
438 2648 10
800 582 72
507 1872 31
388 794 59
2379 479 36
27 425 69
2220 1553 44
639 2542 97
511 1475 67
659 847 94
2237 2661 28
1265 745 100
2510 2366 19
2069 608 31
2023 1383 26
534 1518 94
1074 2567 16
521 525 82
1762 1800 54
1717 2494 27
923 462 26
274 2173 57
1199 2522 35
1627 224 86
2064 393 72
603 1369 50
791 2070 57
2112 2669 35
1106 2208 76
10 1565 71
1022 20 55
1762 1597 88
1668 2212 30
418 2643 21
1805 193 78
1296 1003 75
1704 2423 12
184 2317 34
1615 1322 40
1030 1272 47
449 1556 87
624 1071 90
1202 63 58
1527 1480 27
753 559 12
616 2462 55
720 876 52
1848 710 94
1910 1526 69
1259 714 71
2395 2066 75
1633 822 94
886 518 88
336 1420 25
1562 1315 66
2670 2311 51
2316 2274 34
113 124 21
1828 1179 70
2235 489 95
1910 1350 21
1505 2345 10
1335 882 39
758 673 12
573 2178 23
2333 885 95
1868 1622 46
1038 2159 30
1503 426 68
1452 685 65
2490 1703 14
1465 850 76
1349 1529 62
