1157 2547
396 58 77
957 428 60
1138 931 67
1017 997 96
306 73 65
805 627 64
1114 440 49
705 624 38
983 1050 67
497 260 100
598 827 15
176 392 31
125 59 41
778 695 64
1012 400 26
1149 3 87
1152 435 15
386 48 83
297 967 92
267 957 51
655 681 87
641 1140 60
671 183 22
266 1126 45
963 418 23
1030 417 28
661 836 64
773 1112 34
310 128 71
855 917 22
597 1107 42
563 636 56
1118 466 69
675 768 82
520 674 100
80 882 33
361 665 61
13 1011 81
284 801 46
77 787 21
852 660 75
968 956 91
249 520 99
686 228 53
406 756 98
599 391 42
1013 834 75
143 977 80
839 1051 78
639 52 91
238 448 88
369 266 70
849 609 52
987 157 37
200 1113 50
919 389 11
982 716 10
113 214 29
1076 134 37
718 74 47
53 292 74
119 712 98
636 186 57
907 941 40
873 648 92
1145 898 25
347 1014 45
13 264 60
888 72 71
1122 519 83
597 871 23
712 921 63
785 266 61
451 485 28
844 648 72
461 347 30
309 424 45
525 631 30
40 1154 92
167 148 29
17 187 60
1127 1079 19
786 728 82
497 1006 40
328 1045 48
704 913 76
717 101 31
27 182 95
241 852 54
1146 2 33
1077 671 90
29 893 88
499 92 57
867 193 45
998 39 97
899 674 13
600 792 95
1091 1000 51
710 47 72
1061 362 19
251 1087 97
812 231 54
743 762 10
1118 606 72
165 1074 88
838 372 38
691 381 12
169 650 98
888 890 43
969 860 47
853 987 43
157 340 84
522 876 97
225 1142 37
1100 633 70
1027 600 26
22 892 69
424 346 20
718 614 48
458 935 50
801 433 40
408 845 87
665 288 51
1113 763 26
198 314 77
38 501 15
610 603 34
537 1103 25
664 290 65
989 689 48
821 707 80
98 253 61
407 529 57
776 1050 90
678 834 46
264 1103 81
634 133 62
1104 923 91
526 245 64
1097 205 21
990 560 14
1123 889 70
288 830 46
414 768 57
757 776 54
1148 752 62
150 888 35
1091 626 85
443 692 66
891 1061 80
464 699 73
33 427 81
952 35 42
1082 62 18
749 416 99
455 1149 11
354 206 83
293 364 98
31 156 90
612 548 90
973 446 52
857 196 43
828 451 18
892 296 67
1021 166 92
996 332 66
1019 1018 50
802 190 95
1062 318 49
546 622 39
966 616 14
602 123 35
727 845 36
815 485 77
681 431 19
792 646 62
127 611 58
710 216 34
838 799 84
790 562 56
631 235 28
389 231 89
668 555 30
741 13 19
596 740 71
570 200 31
1123 710 66
268 231 59
845 556 27
1100 937 34
954 1044 37
639 1134 60
1109 1032 64
1007 590 41
286 447 25
1126 452 77
78 198 45
530 76 57
160 475 44
337 806 89
760 66 82
99 391 12
903 226 76
613 260 32
640 339 87
552 594 14
867 450 50
133 1135 25
120 140 22
352 644 47
412 111 39
847 301 24
335 992 48
148 1047 32
675 646 35
543 215 52
797 571 93
76 698 58
1014 276 31
50 1150 26
553 752 32
824 266 45
620 642 66
738 611 72
486 1028 24
1039 155 65
514 45 22
231 679 32
5 242 68
459 399 19
641 481 63
322 687 88
752 49 41
799 651 10
959 460 33
797 335 55
298 849 89
534 252 70
672 314 30
287 22 69
1072 885 20
771 608 34
290 605 83
458 143 35
1069 580 87
506 1002 32
1108 486 16
971 767 11
1122 536 44
901 107 86
1094 324 65
348 347 69
641 940 61
1148 1133 83
313 830 22
490 867 64
409 766 31
825 64 12
959 632 66
105 70 64
1103 217 92
810 114 63
262 945 52
904 928 50
863 50 67
333 682 72
726 523 67
234 178 57
10 800 55
782 1092 50
585 613 96
335 330 97
827 416 31
796 199 78
113 1088 76
333 674 50
0 327 48
480 1058 45
644 25 12
468 650 86
1141 587 23
378 488 43
213 756 61
839 1068 66
769 968 25
996 489 91
59 812 85
1072 772 54
380 775 62
48 755 81
765 256 98
587 1084 61
594 579 15
89 103 37
308 997 12
805 765 40
593 80 37
478 530 51
513 471 53
1002 34 12
331 805 34
196 900 48
168 220 35
240 266 25
234 210 94
737 269 63
296 933 13
1125 556 23
87 1012 63
1069 555 42
863 386 43
21 1065 54
1111 610 95
164 75 46
611 1093 23
345 156 57
679 653 63
229 440 18
1149 664 34
833 910 32
927 560 23
457 1079 65
317 125 55
549 1 45
688 268 11
890 1088 14
170 156 56
77 824 78
612 1069 52
42 766 49
33 116 82
557 456 28
158 567 10
293 920 73
788 652 22
158 340 37
94 987 29
919 1149 42
560 791 34
1029 839 79
970 765 50
92 1124 47
150 919 50
352 551 70
485 889 81
491 1083 88
832 209 83
952 186 15
759 118 48
202 503 76
819 39 34
424 741 53
930 53 71
698 447 94
870 172 14
372 428 12
142 565 45
29 201 57
730 822 33
828 1052 45
803 387 100
332 655 30
1056 297 31
306 1032 37
5 696 44
394 21 17
821 762 68
712 397 13
833 546 71
248 1117 77
155 1018 20
752 418 89
143 988 28
559 475 51
13 829 13
567 333 49
1036 243 77
599 554 77
347 232 14
978 917 36
1088 477 17
633 580 58
1020 221 41
697 220 82
975 1056 95
580 642 67
15 844 29
180 652 49
923 1027 62
234 1134 99
407 1013 92
1030 522 14
207 691 50
130 198 58
855 822 79
728 944 68
280 798 79
489 893 60
468 57 49
590 1093 38
926 498 92
969 190 79
626 187 93
112 816 18
364 479 87
763 802 24
1116 982 10
500 1035 15
364 928 90
1091 1089 42
51 231 97
884 1046 79
981 275 68
655 493 54
1156 500 96
906 1028 32
966 282 88
96 1082 88
27 874 24
306 841 56
450 15 40
626 302 47
585 522 45
532 1131 10
130 1092 80
115 837 100
152 967 60
724 66 18
761 98 73
774 320 96
440 46 11
20 832 79
43 530 42
866 200 84
655 884 68
370 1024 46
570 949 91
967 606 30
766 465 69
722 730 85
377 939 59
1031 1147 30
992 463 74
1123 459 68
132 793 71
854 663 37
487 198 12
22 944 53
848 826 28
202 559 80
406 448 14
565 335 67
201 604 23
407 112 44
842 436 89
827 871 17
600 301 89
1095 959 29
148 108 53
703 619 68
756 1090 19
149 610 80
831 930 85
598 613 55
175 346 43
596 620 49
819 63 35
359 192 55
1086 910 45
705 399 25
92 1007 35
950 617 78
184 378 48
722 312 83
151 857 40
1077 507 89
669 348 52
115 1070 56
908 1108 81
61 483 57
1059 448 44
1045 768 18
579 954 49
421 1083 74
829 750 90
477 736 59
450 372 84
1133 363 41
938 862 39
1095 702 61
590 307 100
286 794 53
819 694 33
1093 657 21
485 991 41
39 869 24
506 341 71
1029 978 51
1086 986 49
870 64 81
1142 1133 12
655 779 17
437 1026 70
23 142 62
554 748 93
1009 1033 76
638 372 68
376 10 81
586 820 69
406 195 37
145 121 53
648 247 92
495 836 20
484 426 50
238 11 54
144 1052 31
482 921 15
527 796 33
20 254 78
965 669 40
18 889 94
397 246 31
942 1050 37
700 44 10
590 565 79
764 174 61
508 428 12
996 671 26
432 1128 10
426 114 89
681 779 39
1115 177 54
938 447 98
143 869 85
1034 528 20
789 77 52
769 192 96
522 931 40
427 451 44
1033 1042 50
867 52 70
512 695 57
722 1137 68
290 738 26
105 201 87
395 801 29
347 392 17
437 552 31
266 1086 80
149 287 33
543 21 27
591 316 67
573 884 84
908 876 62
702 806 61
1010 569 57
923 1012 32
97 867 38
675 261 92
490 258 87
542 259 98
213 1046 47
487 907 34
648 273 50
677 398 26
376 1129 15
273 636 65
851 329 76
395 945 48
827 18 77
884 1151 28
808 1074 97
948 197 28
1001 165 41
715 915 53
382 728 57
234 518 96
197 973 46
569 386 40
182 642 22
508 643 48
60 357 100
685 19 24
792 1052 83
113 259 18
150 197 60
1102 558 50
619 678 97
491 680 35
170 1048 50
1061 690 56
115 633 27
230 309 92
1019 991 12
88 874 39
127 1019 100
221 1135 24
426 434 18
141 1040 66
892 335 67
149 985 75
693 625 82
444 792 92
642 1101 31
996 849 52
214 298 35
808 1132 86
463 728 80
365 472 48
654 554 68
883 982 92
881 527 36
623 12 25
505 161 68
238 971 53
94 1072 82
863 355 75
1148 1034 33
7 193 47
488 1073 56
223 240 66
861 265 31
424 493 45
738 1112 39
85 619 16
858 330 36
828 609 38
280 442 42
770 292 51
485 564 97
536 495 35
251 794 97
506 873 20
1066 322 25
971 778 38
303 798 93
1043 930 82
75 543 34
705 855 92
901 1049 22
1122 69 40
247 239 42
121 1080 85
750 362 74
851 856 59
400 849 90
370 76 94
545 452 12
1117 249 89
913 403 57
61 1012 60
1113 179 22
879 78 64
412 555 59
519 508 10
20 654 37
490 93 40
23 511 74
813 66 87
83 974 99
244 743 89
971 905 98
488 1078 57
896 157 73
368 404 26
806 415 39
923 1032 27
841 408 13
349 515 47
621 1082 85
868 45 98
90 256 38
473 149 94
616 305 89
877 186 37
1111 1155 52
248 1133 64
1023 602 64
470 247 24
497 809 44
781 987 98
1036 639 84
1140 182 15
561 594 18
1071 363 45
686 968 33
847 177 57
317 252 18
184 410 48
260 1087 80
438 141 80
874 809 50
1074 622 22
120 410 59
883 893 26
398 273 73
779 456 54
754 170 94
202 662 100
560 559 95
525 1141 37
699 286 85
739 657 71
447 783 38
646 583 21
914 671 83
1050 56 82
432 291 42
743 837 93
199 832 10
677 937 28
1114 419 52
105 432 85
1074 1148 73
1005 456 27
57 279 64
858 831 75
854 937 95
743 235 28
322 861 63
726 861 89
428 447 37
855 389 34
908 448 78
443 107 69
61 445 39
555 624 83
812 695 21
4 431 73
199 1048 41
830 862 60
104 949 28
1141 501 74
465 103 23
1017 740 36
323 443 39
1074 872 28
69 965 64
108 597 36
289 212 58
195 382 61
476 616 78
653 30 81
121 1155 49
268 213 28
657 3 15
839 305 100
1078 975 73
982 85 47
127 223 27
937 547 64
278 827 71
72 730 96
1053 668 71
938 127 75
1030 557 98
681 152 24
827 220 65
420 497 32
1119 734 31
342 967 32
351 129 91
870 26 86
393 872 63
241 41 21
439 302 67
33 136 39
853 1069 12
678 38 94
1121 819 74
860 743 16
18 0 93
600 229 59
140 416 95
497 951 70
1 547 30
310 916 83
839 402 35
46 126 72
284 226 17
958 768 33
361 1009 17
503 546 26
714 721 54
95 233 70
741 707 70
1091 643 28
726 276 32
745 764 75
104 1010 54
542 609 62
1015 424 31
282 704 54
386 633 81
783 41 74
249 1156 87
397 217 16
53 237 77
949 712 99
131 204 96
776 622 77
136 598 15
563 361 13
672 846 20
1087 896 82
822 231 48
1125 867 78
964 40 53
290 532 58
627 317 78
743 422 66
362 598 17
686 899 57
107 461 50
196 550 10
274 670 86
903 59 59
572 673 18
318 769 21
835 1098 23
870 656 76
173 1028 47
123 77 27
1066 804 99
216 276 56
184 1154 77
236 586 35
788 761 16
523 162 58
463 192 68
442 278 55
137 589 71
460 97 34
27 1127 93
146 299 63
286 448 71
775 314 28
680 469 100
588 24 62
58 860 52
764 713 25
676 681 62
1097 959 47
299 969 71
1022 238 25
722 562 29
564 439 65
953 887 99
888 249 71
290 456 10
367 783 17
433 281 82
724 587 15
603 412 96
607 586 29
352 207 92
188 1096 28
966 325 21
285 858 16
273 641 74
792 1030 24
57 360 64
154 780 93
9 1053 38
594 443 14
999 33 39
428 542 62
693 809 62
293 269 99
660 183 10
764 618 70
995 556 60
353 368 36
664 550 89
170 1037 35
1000 696 40
262 237 47
989 121 15
568 972 34
538 967 72
302 1038 81
885 483 90
645 302 86
1104 562 26
3 1136 39
520 36 59
786 775 17
1109 220 35
433 219 42
841 797 15
438 171 69
656 61 86
935 369 77
80 451 24
476 355 100
783 396 88
1051 56 67
705 714 89
146 481 34
607 830 73
932 261 53
1006 9 39
655 201 86
1026 667 16
113 502 65
462 953 70
203 602 51
830 890 87
3 127 62
827 885 22
446 1140 12
695 1131 91
468 545 98
205 1038 82
1133 964 84
796 393 48
838 1000 63
1000 1128 30
705 999 17
545 936 51
408 193 33
71 1006 56
567 1004 63
188 560 100
1090 266 68
184 409 30
164 896 25
498 806 80
432 557 70
700 18 56
714 865 10
425 163 86
573 282 47
807 854 54
308 737 18
514 796 15
1085 886 82
942 313 93
248 1143 28
915 972 72
882 375 93
991 826 79
1079 522 19
899 1100 83
135 174 97
1100 175 46
435 234 81
640 161 94
196 749 44
709 224 45
178 257 31
984 170 79
409 719 18
234 852 47
672 831 89
106 158 14
851 378 94
1009 221 26
653 944 61
660 170 57
1020 1121 93
1113 750 98
351 571 11
973 399 18
554 680 57
883 321 51
664 514 76
948 905 13
835 117 39
203 58 16
1123 1036 48
622 441 97
578 130 70
905 125 39
1 781 47
606 88 21
159 696 21
1080 426 62
1107 606 98
228 999 49
46 148 99
627 574 93
436 1073 89
133 102 52
1036 213 70
1141 661 48
136 135 97
118 1009 96
259 955 30
660 1097 100
291 593 54
1052 731 13
18 106 99
691 597 43
929 597 40
1076 112 57
348 706 37
697 723 36
746 486 41
992 358 39
30 1029 52
1114 369 50
381 225 81
1006 474 43
798 221 40
652 729 24
880 1151 89
345 518 34
491 367 33
731 1136 87
260 302 75
143 642 95
540 842 56
736 748 35
396 872 17
938 165 19
480 494 73
975 1081 64
616 428 98
611 963 79
1125 5 15
619 366 60
349 92 14
844 32 86
324 813 47
53 918 60
339 667 73
741 86 53
589 744 82
802 179 88
766 90 99
1069 302 70
962 125 21
628 646 35
113 570 47
710 711 48
396 1118 22
279 219 57
596 1149 57
821 1147 59
794 438 84
822 5 84
98 274 94
443 382 63
411 1060 57
492 1033 52
557 446 98
730 1154 27
498 933 14
50 772 96
1062 384 25
454 449 55
853 93 63
762 665 84
148 229 24
1021 312 28
961 494 10
873 1026 46
131 42 61
924 1111 18
489 1078 41
767 316 73
992 207 46
990 637 19
822 1071 40
653 419 48
518 628 26
13 363 10
39 466 50
126 431 66
316 700 32
761 1111 68
1149 822 74
1056 492 88
23 693 43
1079 660 22
645 800 90
830 733 40
248 1035 98
299 661 45
595 818 25
460 932 86
750 534 84
326 1015 10
181 983 25
653 535 47
137 581 91
951 1146 28
1018 1100 37
169 866 41
1131 965 15
874 146 78
1121 871 92
877 978 48
926 221 17
333 418 22
1141 923 42
391 567 19
808 270 19
910 603 20
1037 886 34
160 714 46
935 916 80
198 24 17
986 254 53
982 282 79
639 461 82
368 397 88
787 580 100
566 146 32
424 252 50
263 852 19
763 396 10
1067 191 48
414 971 84
669 918 10
671 966 55
940 1079 62
962 317 89
19 604 69
44 709 84
381 97 24
1152 790 51
28 81 53
152 142 35
225 388 83
272 752 26
751 216 72
671 244 38
782 133 25
391 893 44
191 1044 76
989 35 95
811 151 10
106 922 37
189 214 54
218 1100 36
346 528 14
821 84 40
545 802 83
276 710 47
978 51 87
9 55 53
245 1055 63
480 974 75
521 1149 36
865 784 66
387 634 14
596 570 51
395 856 66
250 870 25
234 381 34
265 841 40
58 343 83
545 30 10
959 485 14
986 789 36
225 100 90
1128 982 51
500 859 59
35 390 68
1088 247 36
619 308 70
593 304 81
1119 933 49
458 621 94
1013 114 71
288 21 71
873 233 12
751 381 30
480 214 54
613 229 35
618 791 17
1119 381 20
514 827 99
182 544 58
1012 797 27
410 163 85
480 438 57
244 549 84
313 409 32
463 303 80
385 980 26
449 298 16
989 873 34
693 722 29
293 483 74
200 191 92
494 578 24
800 604 13
883 802 39
949 1151 73
974 263 78
571 1105 97
1147 588 14
1053 1071 53
701 715 37
1031 974 72
728 1078 33
984 1052 24
444 974 93
798 1006 82
114 321 38
341 348 95
65 157 41
773 413 13
545 1123 44
762 758 21
18 821 27
603 344 94
914 226 22
368 898 16
347 515 20
243 863 75
818 812 80
1045 876 84
754 586 73
30 23 29
1103 633 10
440 687 46
347 779 92
36 809 30
54 714 82
1100 533 56
680 1118 38
714 1055 50
527 460 92
12 498 32
1154 113 32
1032 219 28
396 768 82
972 718 94
43 29 12
263 64 56
1105 154 16
150 144 82
393 786 41
1018 957 22
987 753 63
62 361 77
76 147 100
164 548 46
837 854 59
9 886 28
100 915 71
911 419 28
1024 504 52
723 935 88
780 408 22
1078 401 29
844 209 81
73 1029 18
1028 129 87
834 243 47
619 778 82
800 926 90
309 846 85
241 178 11
107 1038 74
71 1120 29
880 900 44
431 341 18
972 200 78
546 965 89
630 668 53
682 1121 42
139 351 34
885 418 42
334 569 84
1038 507 24
1085 889 50
223 390 78
533 1082 75
431 1020 82
150 298 30
904 797 17
273 774 19
629 4 86
783 0 12
398 31 88
946 841 95
955 1122 94
897 1156 67
227 272 82
695 447 87
253 1096 10
1046 1016 14
865 123 87
808 839 35
353 826 33
776 66 17
17 998 33
510 711 27
959 708 63
205 249 41
433 468 22
1069 232 73
530 409 93
923 997 97
991 640 83
920 618 56
1027 343 33
219 253 24
397 361 72
970 8 62
641 1095 73
988 1010 59
1145 1011 24
306 62 93
317 1088 71
242 618 27
313 442 56
1036 569 77
515 365 77
1 219 14
153 75 56
1056 993 25
220 1061 23
865 200 25
8 596 11
199 960 100
1008 690 72
773 513 72
819 923 54
1139 191 59
567 102 90
758 404 82
1022 1085 55
1129 1065 59
460 266 24
2 206 79
580 205 76
122 436 20
774 409 42
690 511 88
1075 987 12
192 415 22
1009 394 44
81 669 82
336 75 86
407 95 20
568 310 64
980 955 18
408 216 36
473 378 93
915 708 46
311 1038 60
979 269 42
944 664 59
890 74 48
716 479 10
994 570 84
814 118 96
161 191 10
1129 882 64
731 1146 26
484 1145 38
555 680 51
452 41 47
756 238 89
522 235 63
636 1107 62
953 652 51
524 875 73
834 964 20
811 626 97
228 1001 40
953 476 61
1070 182 78
558 8 14
81 773 90
166 204 46
772 634 17
656 387 71
829 1121 91
429 388 36
332 1062 62
1102 816 68
951 840 14
418 502 88
556 1094 19
242 1084 12
810 1071 21
373 357 43
636 583 87
986 707 56
185 220 80
496 654 12
183 114 59
924 1052 46
1058 535 66
630 385 19
708 1100 19
935 622 75
229 860 33
413 162 27
1102 921 92
40 345 47
1119 390 11
619 609 91
338 776 52
203 343 22
417 958 56
278 443 80
771 355 44
442 174 72
456 987 15
306 28 65
1114 80 18
597 1032 36
417 1049 77
792 451 73
757 971 64
1129 1155 64
764 1151 73
1079 780 45
562 977 48
732 549 46
730 618 15
133 1153 82
732 258 36
779 1030 26
521 399 81
743 636 49
156 57 33
616 998 69
1094 381 76
781 761 77
330 349 27
1041 858 95
651 47 40
298 1025 55
566 691 61
644 977 10
425 155 85
311 1111 22
16 146 61
548 850 75
235 742 73
697 1016 73
416 480 45
437 105 10
986 709 45
38 806 38
312 101 65
140 165 16
100 815 12
586 178 23
1011 88 57
788 103 17
61 188 89
844 1052 96
1092 94 84
699 299 57
52 976 16
1123 514 29
248 984 38
920 704 78
365 36 18
245 757 37
1093 864 90
158 994 42
652 700 78
692 206 54
610 320 11
405 268 26
1007 571 78
478 888 94
974 665 24
411 457 86
4 155 96
1065 221 21
487 57 95
893 844 49
830 51 55
876 35 61
497 152 100
850 1058 95
1083 378 29
690 947 44
205 113 51
691 24 34
714 72 36
447 39 49
314 641 66
978 65 29
1059 626 49
323 66 80
1105 310 18
201 694 68
482 394 72
320 407 56
1084 376 40
610 406 80
72 679 58
1069 60 60
524 812 93
246 204 53
53 418 12
1016 135 39
250 266 65
958 595 95
791 568 57
721 971 15
1129 982 100
40 915 43
1055 281 34
545 746 13
450 839 63
279 763 91
1054 1068 38
785 815 52
47 153 13
1038 398 87
210 1094 67
992 210 13
543 37 44
567 871 65
444 909 27
859 721 93
796 371 47
854 603 77
687 66 78
886 573 56
681 46 10
957 389 78
208 365 65
728 751 14
52 800 13
853 796 39
630 627 47
209 323 64
1147 1070 19
773 621 45
836 903 13
495 408 58
419 963 89
1073 866 11
140 416 50
161 183 40
386 475 100
180 453 88
33 880 62
872 395 56
1091 284 99
827 728 87
560 1154 37
839 1074 20
361 1073 71
753 92 99
698 704 73
589 71 92
735 101 52
638 33 20
179 572 87
719 288 30
1010 182 34
665 683 15
442 838 27
522 125 42
480 1097 81
726 833 65
166 301 43
993 135 23
772 440 50
111 1151 95
905 732 87
567 466 74
868 1155 11
401 1062 86
547 30 37
720 506 58
1030 230 96
496 313 10
22 573 46
189 581 87
1080 931 44
153 898 66
379 668 74
488 680 38
939 50 54
293 285 52
227 287 55
586 661 98
894 742 73
855 980 60
886 189 19
656 220 89
1149 13 34
96 889 92
1037 110 54
461 729 55
22 82 87
702 391 13
787 119 33
951 780 29
660 1005 100
655 900 16
470 1128 44
568 883 34
429 907 16
558 194 85
562 861 48
586 100 78
981 29 62
328 123 55
168 418 96
893 519 83
1078 577 29
1059 225 42
914 343 46
371 679 82
459 1040 90
466 357 50
658 318 72
316 469 50
88 10 30
177 736 74
756 407 98
77 964 94
1027 723 55
315 606 95
942 899 20
458 346 82
1093 723 94
695 1100 55
44 450 26
156 54 26
1023 1147 32
207 27 50
1003 160 74
160 369 17
1147 1082 61
599 376 82
848 698 58
393 1067 90
122 726 33
83 1047 14
716 46 44
220 284 76
878 99 41
1078 1127 20
1074 536 55
944 929 23
328 499 66
601 189 11
98 70 18
440 332 50
759 690 63
1082 974 14
273 1043 77
658 89 81
1033 605 90
1002 394 56
1013 321 100
698 242 95
875 909 86
145 920 67
739 607 77
385 354 64
9 888 26
726 48 94
1049 299 12
239 447 23
942 380 90
1022 1062 46
976 14 24
583 483 19
644 1133 24
1027 496 73
33 644 24
1110 348 38
102 575 65
326 58 72
40 567 85
652 417 60
439 152 23
1141 442 88
832 762 71
353 525 96
878 381 49
481 180 60
462 432 11
205 902 92
87 177 56
526 186 26
1036 528 94
658 766 20
1030 528 38
539 939 96
74 529 46
906 707 81
1128 468 57
230 816 20
1144 899 99
964 1134 20
403 842 95
432 970 13
817 198 95
234 528 28
885 487 100
484 22 16
662 578 95
339 881 33
1060 344 80
931 649 26
565 346 98
24 519 27
920 471 63
857 188 74
216 803 65
226 420 53
559 100 93
799 875 37
389 156 100
639 152 22
826 820 91
762 1036 26
320 343 32
209 294 64
634 579 17
887 265 16
182 28 53
223 497 29
897 194 34
449 36 41
31 165 32
242 579 84
950 4 72
1004 97 93
982 355 56
16 498 70
685 749 86
492 324 53
344 446 41
174 293 45
264 93 90
281 165 92
685 308 46
238 980 44
194 973 91
664 176 21
704 528 71
907 329 78
66 197 34
506 537 28
134 1035 24
94 128 25
575 89 58
526 1071 10
816 1072 82
563 569 61
153 323 84
243 272 89
339 386 82
524 224 76
537 1088 46
316 254 33
294 400 72
42 103 77
166 854 43
75 1006 70
1050 205 44
1141 852 56
1089 461 46
191 550 64
423 683 36
404 837 15
208 500 13
1072 555 43
1028 436 69
802 677 95
125 421 36
801 584 92
579 73 83
1001 143 16
531 760 67
523 249 33
201 361 91
1068 560 53
50 356 38
170 257 77
766 18 53
596 719 36
542 478 32
609 660 33
277 1145 65
174 395 95
902 589 32
335 364 58
59 501 32
16 978 26
1079 975 28
785 309 66
559 185 65
711 352 27
313 813 70
16 637 54
861 491 73
240 127 48
348 399 21
348 0 85
353 817 72
789 435 69
352 378 85
1151 867 44
946 645 80
113 841 47
212 765 19
382 205 17
594 803 99
895 457 63
750 1154 70
20 420 15
624 64 28
176 490 25
994 253 81
1076 351 98
637 181 95
517 236 54
670 1052 35
632 369 96
855 332 100
292 808 62
234 475 64
911 226 21
480 607 98
350 619 23
1068 382 71
525 438 13
436 516 56
261 1110 61
517 688 45
1094 580 40
1143 134 39
589 426 24
866 497 75
819 370 68
929 877 37
36 45 59
757 826 86
153 642 100
739 876 42
1033 362 45
665 84 99
484 864 16
664 920 38
727 836 58
1141 843 72
169 4 29
575 24 92
197 341 39
843 323 15
147 412 86
770 935 90
712 167 27
482 882 77
510 303 17
376 1068 44
282 307 87
997 22 94
1154 235 23
514 878 93
668 631 96
998 196 84
466 594 91
29 1044 88
206 66 83
653 944 89
311 616 88
1140 485 30
791 613 54
1041 284 57
1113 841 27
58 248 61
1105 1122 29
416 213 56
925 498 40
869 903 98
1151 339 88
90 522 89
474 609 100
503 3 53
31 922 28
961 62 68
162 1106 69
960 166 50
585 985 32
740 135 65
873 1113 39
672 105 98
772 827 46
292 631 95
853 86 90
520 222 94
236 966 92
187 180 58
756 979 52
619 1128 83
22 108 48
89 944 58
770 1095 18
361 275 59
950 919 63
1009 523 25
894 442 50
260 877 62
354 339 94
995 336 47
640 250 40
742 1148 61
909 320 91
918 1002 86
279 1072 63
259 235 14
950 702 96
754 870 50
695 230 91
424 132 93
679 566 54
118 111 42
817 207 58
678 12 99
170 719 11
795 412 100
545 22 15
581 1020 73
709 379 86
356 771 77
809 593 17
382 854 86
965 1071 78
413 681 96
841 943 84
1098 819 54
280 2 45
147 129 69
13 715 34
84 1098 76
430 23 10
945 803 47
849 439 85
283 71 60
1028 535 99
401 825 28
1119 709 60
1083 392 63
777 883 33
209 926 84
671 692 67
13 969 78
669 999 49
937 637 49
10 83 31
321 300 30
799 298 70
342 1137 40
574 268 96
1059 50 50
939 857 21
462 932 39
956 1018 46
1099 1106 17
578 350 42
754 533 11
606 83 42
244 947 93
1094 234 33
733 111 60
445 113 24
1057 355 96
913 288 26
633 429 46
328 239 92
284 431 25
933 210 66
19 624 55
220 486 76
394 874 70
720 32 45
515 371 45
1023 369 16
162 38 82
403 1033 93
1077 363 39
750 107 92
121 1084 94
1033 425 92
324 822 71
1079 358 27
217 241 92
606 650 79
917 855 69
1026 1090 37
1154 1110 82
235 1047 10
1069 262 60
249 848 66
438 320 47
144 242 59
657 847 40
917 313 37
321 480 71
610 957 81
1055 188 25
584 940 28
151 559 24
392 77 18
362 113 31
426 406 18
677 1006 28
1074 822 24
1105 1026 32
834 229 33
634 112 11
594 237 17
148 1116 76
674 256 22
493 966 74
209 226 89
356 1137 68
515 1005 17
304 983 84
565 522 38
127 1027 11
576 32 79
802 377 22
831 989 55
317 221 64
985 409 56
566 798 89
677 345 35
150 435 53
611 808 85
629 367 46
953 1088 58
297 1122 22
212 407 14
21 804 81
208 870 39
936 666 66
334 26 27
268 381 92
1020 390 79
312 1 20
802 1063 18
969 997 47
1114 75 80
468 540 96
315 1137 44
97 924 58
765 329 68
346 468 20
407 800 49
203 76 15
772 597 18
21 1073 38
168 297 44
915 649 48
670 1135 66
1143 1060 97
642 241 33
1101 1154 23
174 432 18
218 309 57
578 771 69
599 419 69
1078 878 87
1006 857 85
769 510 57
470 526 57
51 123 62
411 615 23
636 652 97
849 756 55
815 577 24
716 916 64
299 442 23
1012 571 13
715 805 24
298 693 48
980 537 49
982 1014 62
1146 1020 28
289 290 54
987 1133 26
813 745 51
1118 739 100
191 312 46
471 688 93
685 1095 23
703 1103 90
614 82 50
215 991 16
826 162 28
661 985 29
321 926 85
938 550 66
595 874 36
86 925 76
318 464 72
101 358 11
735 773 14
93 541 80
441 443 41
221 15 12
829 310 42
927 991 74
500 737 81
950 861 29
364 318 79
813 843 51
537 312 64
851 57 92
128 509 54
692 132 49
945 459 42
501 470 70
1132 874 58
435 297 14
1121 414 12
1086 159 99
689 465 29
1120 643 49
750 1084 66
154 735 53
193 1057 31
947 786 80
35 580 40
488 12 17
582 409 10
982 461 40
836 748 88
902 1034 45
494 835 20
132 167 44
424 29 98
339 262 94
849 823 18
168 513 71
1072 635 73
653 935 26
846 444 44
658 231 79
552 358 58
464 745 11
1062 361 59
953 118 74
37 432 40
162 687 75
935 605 61
870 477 77
70 505 88
771 1004 92
33 693 15
977 521 77
761 997 35
1105 989 58
303 808 92
217 577 66
208 1093 20
508 4 69
380 1096 27
678 556 91
41 841 13
116 684 45
1131 414 69
835 701 87
717 12 16
527 12 80
1130 521 38
999 869 86
24 187 100
139 895 23
224 817 70
215 912 14
525 280 55
925 1135 83
1074 198 96
459 837 40
368 224 85
332 990 99
1096 840 52
186 770 89
840 648 43
819 154 14
24 480 87
199 761 15
1048 175 29
278 876 27
1054 364 88
1085 809 41
939 984 12
670 1138 97
845 913 92
414 581 26
27 221 84
843 768 86
396 18 35
270 179 88
248 1051 63
1127 707 57
568 195 45
793 913 68
779 971 80
759 808 19
361 500 78
511 564 39
132 871 66
75 657 71
158 18 11
129 857 57
595 377 39
273 431 91
1108 934 92
865 757 48
907 272 79
1117 687 69
1004 503 20
397 375 48
308 146 42
508 704 59
980 937 69
680 258 54
177 565 97
130 1007 17
1055 48 67
301 1144 18
1086 721 73
53 336 55
365 1108 77
466 863 59
769 1106 28
15 13 74
1102 667 66
271 413 20
883 655 62
391 566 90
642 445 16
140 1090 32
567 215 69
622 288 51
245 1118 17
1144 1091 36
622 646 51
1015 424 21
109 762 37
1144 598 37
201 340 91
323 715 73
1012 777 60
358 544 35
192 287 55
247 328 79
1022 750 87
688 1108 38
291 1044 89
391 185 23
743 39 11
330 358 37
1008 36 35
696 917 21
941 695 72
500 960 53
810 547 34
242 674 86
186 480 13
1107 705 62
941 898 68
1155 502 51
921 918 34
251 313 19
526 547 89
73 957 11
1052 268 67
71 154 89
167 620 59
894 139 14
1022 916 66
570 187 62
488 356 59
557 979 79
720 455 43
193 380 10
268 102 86
105 780 41
1156 925 16
486 281 62
360 858 100
699 733 23
210 338 52
867 297 22
391 933 27
273 1085 85
761 127 35
469 995 99
225 48 77
129 199 41
666 476 84
1051 590 51
302 283 51
321 1044 62
1089 1006 55
440 401 82
1008 657 36
392 288 42
1092 1020 40
184 1059 47
560 25 13
164 322 27
638 293 78
1024 299 71
667 808 39
674 156 52
741 580 38
163 599 73
110 796 99
1098 792 34
1130 970 95
461 941 74
254 706 87
995 830 44
113 790 11
520 196 29
262 743 78
528 354 39
550 962 80
143 773 94
62 279 99
490 1066 51
353 317 71
934 913 31
1010 631 55
760 133 33
1027 772 91
412 101 50
486 974 22
723 673 19
349 662 11
336 74 43
404 65 69
661 160 39
1152 34 35
1120 1105 76
804 264 53
1048 122 37
49 962 92
64 506 15
458 882 28
117 198 48
646 352 56
914 921 19
853 757 95
972 426 91
807 458 73
381 955 27
74 825 64
846 482 79
623 948 37
577 169 12
882 1021 71
694 348 55
223 356 18
348 737 53
531 348 51
215 323 14
328 974 50
202 47 46
312 454 97
1064 651 52
260 214 49
972 620 77
538 229 54
657 858 17
351 1061 70
451 741 10
919 109 36
287 12 46
577 262 52
717 260 69
674 880 45
761 231 88
534 681 39
789 902 16
767 328 32
1044 952 46
894 1010 79
715 634 54
454 209 43
463 890 32
167 668 40
485 956 18
931 913 72
543 341 84
579 465 65
281 552 47
52 74 100
1131 574 90
436 939 97
1116 357 24
585 1113 74
1076 897 47
312 187 36
556 247 85
975 273 43
1072 823 81
796 311 29
87 693 89
620 936 76
123 603 30
709 323 50
1155 667 66
69 174 72
619 208 91
214 1149 70
1122 1085 42
404 1094 42
90 22 91
621 368 90
109 1007 48
756 200 94
588 488 56
459 66 35
1108 668 57
56 297 20
727 35 76
1063 1154 24
901 373 71
1052 155 57
421 150 97
951 880 38
666 1049 12
552 883 100
1004 578 53
712 800 63
559 477 66
336 800 21
394 468 29
110 1021 23
246 503 54
497 358 36
602 169 30
110 765 55
144 678 31
517 780 27
1007 577 79
42 955 38
15 917 71
1048 188 21
850 966 36
420 54 15
370 11 94
833 1077 64
385 341 68
447 765 25
524 860 37
49 811 10
382 561 50
922 371 43
1021 537 70
19 271 64
907 220 35
888 67 29
308 96 50
496 77 85
601 49 26
1118 760 83
742 783 59
89 614 64
1119 1111 80
708 1044 48
454 341 53
424 911 82
271 446 97
422 534 10
295 674 62
532 987 41
643 732 48
842 445 46
655 120 97
1082 979 61
1127 1002 11
773 914 62
811 459 72
976 678 63
465 1105 87
142 210 19
150 844 22
1007 411 92
330 385 77
590 162 50
429 1078 45
335 931 83
629 475 54
619 1044 86
1107 255 20
666 1144 100
622 781 53
574 437 92
71 127 41
689 820 30
212 974 75
482 48 36
336 113 15
730 567 75
66 1025 59
830 421 54
1121 303 24
404 504 29
607 1131 28
413 841 34
33 912 86
425 762 15
502 812 94
278 733 25
19 10 72
402 286 22
971 1091 35
280 164 69
97 496 18
17 1147 27
887 771 13
750 287 72
809 383 37
738 682 23
698 77 30
394 609 95
511 497 39
480 611 37
1064 998 72
147 396 68
122 780 95
270 559 57
501 518 84
730 119 21
514 210 98
484 699 80
456 452 82
809 69 49
736 1125 40
64 243 79
588 1110 96
221 907 21
222 966 53
742 71 48
631 785 41
810 35 60
