622 1180 481283696
2174 44611 20549848048
1887 23172 13438342206
1969 26243 15267472418
391 340 119552942
1589 14926 8024198938
3419 115925 79933218118
4583 338830 192521646574
5472 442561 327693828096
2167 33243 20351982926
776 1615 934577152
144 9 5971968
4295 262204 158459944750
1088 4889 2575826944
3497 140038 85529688946
917 3103 1542190426
2643 61417 36925083414
553 611 338224754
287 91 47279806
89 0 1409938
5287 473405 295568349806
387 309 115921206
541 589 316680842
5395 463876 314054009750
1998 22395 15952047984
363 189 95664294
962 3003 1780554256
933 3261 1624332474
5589 507908 349166302938
1583 11270 7933644574
316 111 63108992
1157 5323 3097633786
256 62 33554432
1290 8201 4293378000
3526 152344 87675231152
4429 240864 173758891178
4570 267437 190887986000
188 16 13289344
6098 704343 453515626384
774 1737 927369648
350 112 85750000
1670 15689 9314926000
2655 55169 37430322750
6321 786931 505111628322
2090 26309 18258658000
3462 121739 82987214256
2232 32620 22238862336
890 4130 1409938000
3925 172327 120934156250
2689 78852 38886817538
7261 994112 765630641162
1117 5333 2787337226
150 15 6750000
4135 206931 141402320750
4499 241354 182128526998
4404 298259 170833062528
160 16 8192000
1002 3841 2012024016
219 48 21006918
508 489 262193024
3516 154408 86931384192
2031 33777 16755591582
792 1384 993586176
4860 370504 229582512000
2972 90217 52502068096
466 328 202389392
5113 441683 267335955794
987 2959 1923009606
1144 5248 2994387968
1394 10628 5417741968
4252 240496 153748102016
172 20 10176896
72 1 746496
1031 3333 2191825582
274 79 41141648
2769 58078 42461845218
3879 191558 116731840878
2823 82464 44994831534
174 19 10536048
1622 14852 8534587696
1390 8710 5371238000
1162 5518 3137967056
4159 206371 143878783358
162 13 8503056
2887 90008 48124956206
719 1366 743389918
2725 57711 40469656250
2461 51257 29810196362
3993 223236 127329175314
2680 67458 38497664000
4486 290390 180554286512
